162	2303
1	6
1	7
1	20
1	23
1	24
1	25
1	26
1	87
1	97
1	100
1	110
1	111
1	123
1	127
1	131
1	132
1	134
1	135
1	136
1	137
1	139
1	140
1	144
1	149
1	150
1	153
1	154
1	155
1	156
1	157
1	158
1	159
1	161
1	162
2	6
2	7
2	20
2	23
2	24
2	25
2	26
2	100
2	134
2	135
2	139
2	144
2	149
2	150
2	153
2	157
2	158
2	159
2	161
2	162
3	6
3	7
3	20
3	23
3	24
3	25
3	26
3	100
3	134
3	135
3	139
3	144
3	149
3	150
3	153
3	157
3	158
3	159
3	161
3	162
4	6
4	7
4	20
4	23
4	24
4	25
4	26
4	134
4	150
4	157
4	158
4	161
4	162
5	6
5	7
5	20
5	23
5	24
5	25
5	26
5	87
5	97
5	100
5	110
5	111
5	123
5	127
5	131
5	132
5	134
5	135
5	136
5	137
5	139
5	140
5	144
5	149
5	150
5	153
5	154
5	155
5	156
5	157
5	158
5	159
5	161
5	162
6	8
6	9
6	10
6	11
6	12
6	13
6	14
6	15
6	16
6	17
6	18
6	19
6	20
6	21
6	22
6	23
6	24
6	25
6	26
6	27
6	28
6	29
6	30
6	31
6	32
6	33
6	34
6	35
6	36
6	37
6	38
6	39
6	40
6	41
6	42
6	43
6	44
6	45
6	46
6	47
6	48
6	49
6	50
6	51
6	52
6	53
6	54
6	55
6	56
6	57
6	58
6	59
6	60
6	61
6	62
6	63
6	64
6	65
6	66
6	67
6	68
6	69
6	70
6	71
6	72
6	73
6	74
6	75
6	76
6	77
6	78
6	79
6	80
6	81
6	82
6	83
6	84
6	85
6	86
6	87
6	88
6	89
6	90
6	91
6	92
6	93
6	94
6	95
6	96
6	97
6	98
6	99
6	100
6	101
6	102
6	103
6	104
6	105
6	106
6	107
6	108
6	109
6	110
6	111
6	112
6	113
6	114
6	115
6	116
6	117
6	118
6	119
6	120
6	121
6	122
6	123
6	124
6	125
6	126
6	127
6	128
6	129
6	130
6	131
6	132
6	133
6	134
6	135
6	136
6	137
6	138
6	139
6	140
6	141
6	142
6	143
6	144
6	145
6	146
6	147
6	148
6	149
6	150
6	151
6	152
6	153
6	154
6	155
6	156
6	157
6	158
6	159
6	160
6	161
6	162
7	8
7	9
7	10
7	11
7	12
7	13
7	14
7	15
7	16
7	17
7	18
7	19
7	20
7	21
7	22
7	23
7	24
7	25
7	26
7	27
7	28
7	29
7	30
7	31
7	32
7	33
7	34
7	35
7	36
7	37
7	38
7	39
7	40
7	41
7	42
7	43
7	44
7	45
7	46
7	47
7	48
7	49
7	50
7	51
7	52
7	53
7	54
7	55
7	56
7	57
7	58
7	59
7	60
7	61
7	62
7	63
7	64
7	65
7	66
7	67
7	68
7	69
7	70
7	71
7	72
7	73
7	74
7	75
7	76
7	77
7	78
7	79
7	80
7	81
7	82
7	83
7	84
7	85
7	86
7	87
7	88
7	89
7	90
7	91
7	92
7	93
7	94
7	95
7	96
7	97
7	98
7	99
7	100
7	101
7	102
7	103
7	104
7	105
7	106
7	107
7	108
7	109
7	110
7	111
7	112
7	113
7	114
7	115
7	116
7	117
7	118
7	119
7	120
7	121
7	122
7	123
7	124
7	125
7	126
7	127
7	128
7	129
7	130
7	131
7	132
7	133
7	134
7	135
7	136
7	137
7	138
7	139
7	140
7	141
7	142
7	143
7	144
7	145
7	146
7	147
7	148
7	149
7	150
7	151
7	152
7	153
7	154
7	155
7	156
7	157
7	158
7	159
7	160
7	161
7	162
8	20
8	23
8	24
8	25
8	26
8	100
8	134
8	135
8	139
8	144
8	149
8	150
8	153
8	157
8	158
8	159
8	161
8	162
9	20
9	23
9	24
9	25
9	26
9	68
9	78
9	86
9	87
9	89
9	91
9	92
9	93
9	94
9	97
9	98
9	99
9	100
9	103
9	104
9	109
9	110
9	111
9	114
9	115
9	116
9	118
9	119
9	120
9	121
9	123
9	125
9	126
9	127
9	130
9	131
9	132
9	134
9	135
9	136
9	137
9	139
9	140
9	141
9	142
9	143
9	144
9	145
9	146
9	147
9	148
9	149
9	150
9	151
9	152
9	153
9	154
9	155
9	156
9	157
9	158
9	159
9	160
9	161
9	162
10	20
10	23
10	24
10	25
10	26
10	68
10	78
10	86
10	87
10	89
10	91
10	92
10	93
10	94
10	97
10	98
10	99
10	100
10	104
10	109
10	110
10	111
10	114
10	115
10	116
10	118
10	119
10	120
10	121
10	123
10	125
10	126
10	127
10	130
10	131
10	132
10	134
10	135
10	136
10	137
10	139
10	140
10	141
10	142
10	143
10	144
10	145
10	146
10	147
10	148
10	149
10	150
10	151
10	152
10	153
10	154
10	155
10	156
10	157
10	158
10	159
10	160
10	161
10	162
11	20
11	23
11	24
11	25
11	26
11	100
11	134
11	135
11	139
11	144
11	149
11	150
11	153
11	157
11	158
11	159
11	161
11	162
12	20
12	23
12	24
12	25
12	26
12	68
12	78
12	86
12	87
12	89
12	91
12	92
12	93
12	94
12	97
12	98
12	99
12	100
12	104
12	109
12	110
12	111
12	114
12	115
12	116
12	118
12	119
12	120
12	121
12	123
12	125
12	126
12	127
12	130
12	131
12	132
12	134
12	135
12	136
12	137
12	139
12	140
12	141
12	142
12	143
12	144
12	145
12	146
12	147
12	148
12	149
12	150
12	151
12	152
12	153
12	154
12	155
12	156
12	157
12	158
12	159
12	160
12	161
12	162
13	20
13	23
13	24
13	25
13	26
13	68
13	78
13	86
13	87
13	89
13	91
13	92
13	93
13	94
13	97
13	98
13	99
13	100
13	103
13	104
13	109
13	110
13	111
13	114
13	115
13	116
13	118
13	119
13	120
13	121
13	123
13	125
13	126
13	127
13	130
13	131
13	132
13	134
13	135
13	136
13	137
13	139
13	140
13	141
13	142
13	143
13	144
13	145
13	146
13	147
13	148
13	149
13	150
13	151
13	152
13	153
13	154
13	155
13	156
13	157
13	158
13	159
13	160
13	161
13	162
14	20
14	23
14	24
14	25
14	26
14	150
14	157
14	158
14	161
14	162
15	20
15	23
15	24
15	25
15	26
15	150
15	157
15	158
15	161
15	162
16	20
16	23
16	24
16	25
16	26
16	150
16	157
16	158
16	161
16	162
17	20
17	23
17	24
17	25
17	26
17	150
17	157
17	158
17	161
17	162
18	20
18	23
18	24
18	25
18	26
18	100
18	134
18	135
18	139
18	144
18	149
18	150
18	153
18	157
18	158
18	159
18	161
18	162
19	20
19	23
19	24
19	25
19	26
19	100
19	134
19	135
19	139
19	144
19	149
19	150
19	153
19	157
19	158
19	159
19	161
19	162
20	21
20	22
20	23
20	24
20	25
20	26
20	27
20	28
20	29
20	30
20	31
20	32
20	33
20	34
20	35
20	36
20	37
20	38
20	39
20	40
20	41
20	42
20	43
20	44
20	45
20	46
20	47
20	48
20	49
20	50
20	51
20	52
20	53
20	54
20	55
20	56
20	57
20	58
20	59
20	60
20	61
20	62
20	63
20	64
20	65
20	66
20	67
20	68
20	69
20	70
20	71
20	72
20	73
20	74
20	75
20	76
20	77
20	78
20	79
20	80
20	81
20	82
20	83
20	84
20	85
20	86
20	87
20	88
20	89
20	90
20	91
20	92
20	93
20	94
20	95
20	96
20	97
20	98
20	99
20	100
20	101
20	102
20	103
20	104
20	105
20	106
20	107
20	108
20	109
20	110
20	111
20	112
20	113
20	114
20	115
20	116
20	117
20	118
20	119
20	120
20	121
20	122
20	123
20	124
20	125
20	126
20	127
20	128
20	129
20	130
20	131
20	132
20	133
20	134
20	135
20	136
20	137
20	138
20	139
20	140
20	141
20	142
20	143
20	144
20	145
20	146
20	147
20	148
20	149
20	150
20	151
20	152
20	153
20	154
20	155
20	156
20	157
20	158
20	159
20	160
20	161
20	162
21	23
21	24
21	25
21	26
21	100
21	134
21	135
21	139
21	144
21	149
21	150
21	153
21	157
21	158
21	159
21	161
21	162
22	23
22	24
22	25
22	26
22	30
22	31
22	68
22	78
22	86
22	87
22	89
22	91
22	92
22	93
22	94
22	97
22	98
22	99
22	100
22	103
22	104
22	109
22	110
22	111
22	114
22	115
22	116
22	118
22	119
22	120
22	121
22	123
22	125
22	126
22	127
22	130
22	131
22	132
22	134
22	135
22	136
22	137
22	139
22	140
22	141
22	142
22	143
22	144
22	145
22	146
22	147
22	148
22	149
22	150
22	151
22	152
22	153
22	154
22	155
22	156
22	157
22	158
22	159
22	160
22	161
22	162
23	25
23	26
23	27
23	28
23	29
23	30
23	31
23	32
23	33
23	34
23	35
23	36
23	37
23	38
23	39
23	40
23	41
23	42
23	43
23	44
23	45
23	46
23	47
23	48
23	49
23	50
23	51
23	52
23	53
23	54
23	55
23	56
23	57
23	58
23	59
23	60
23	61
23	62
23	63
23	64
23	65
23	66
23	67
23	68
23	69
23	70
23	71
23	72
23	73
23	74
23	75
23	76
23	77
23	78
23	79
23	80
23	81
23	82
23	83
23	84
23	85
23	86
23	87
23	88
23	89
23	90
23	91
23	92
23	93
23	94
23	95
23	96
23	97
23	98
23	99
23	100
23	101
23	102
23	103
23	104
23	105
23	106
23	107
23	108
23	109
23	110
23	111
23	112
23	113
23	114
23	115
23	116
23	117
23	118
23	119
23	120
23	121
23	122
23	123
23	124
23	125
23	126
23	127
23	128
23	129
23	130
23	131
23	132
23	133
23	134
23	135
23	136
23	137
23	138
23	139
23	140
23	141
23	142
23	143
23	144
23	145
23	146
23	147
23	148
23	149
23	150
23	151
23	152
23	153
23	154
23	155
23	156
23	157
23	158
23	159
23	160
23	161
23	162
24	25
24	26
24	27
24	28
24	29
24	30
24	31
24	32
24	33
24	34
24	35
24	36
24	37
24	38
24	39
24	40
24	41
24	42
24	43
24	44
24	45
24	46
24	47
24	48
24	49
24	50
24	51
24	52
24	53
24	54
24	55
24	56
24	57
24	58
24	59
24	60
24	61
24	62
24	63
24	64
24	65
24	66
24	67
24	68
24	69
24	70
24	71
24	72
24	73
24	74
24	75
24	76
24	77
24	78
24	79
24	80
24	81
24	82
24	83
24	84
24	85
24	86
24	87
24	88
24	89
24	90
24	91
24	92
24	93
24	94
24	95
24	96
24	97
24	98
24	99
24	100
24	101
24	102
24	103
24	104
24	105
24	106
24	107
24	108
24	109
24	110
24	111
24	112
24	113
24	114
24	115
24	116
24	117
24	118
24	119
24	120
24	121
24	122
24	123
24	124
24	125
24	126
24	127
24	128
24	129
24	130
24	131
24	132
24	133
24	134
24	135
24	136
24	137
24	138
24	139
24	140
24	141
24	142
24	143
24	144
24	145
24	146
24	147
24	148
24	149
24	150
24	151
24	152
24	153
24	154
24	155
24	156
24	157
24	158
24	159
24	160
24	161
24	162
25	26
25	27
25	28
25	29
25	30
25	31
25	32
25	33
25	34
25	35
25	36
25	37
25	38
25	39
25	40
25	41
25	42
25	43
25	44
25	45
25	46
25	47
25	48
25	49
25	50
25	51
25	52
25	53
25	54
25	55
25	56
25	57
25	58
25	59
25	60
25	61
25	62
25	63
25	64
25	65
25	66
25	67
25	68
25	69
25	70
25	71
25	72
25	73
25	74
25	75
25	76
25	77
25	78
25	79
25	80
25	81
25	82
25	83
25	84
25	85
25	86
25	87
25	88
25	89
25	90
25	91
25	92
25	93
25	94
25	95
25	96
25	97
25	98
25	99
25	100
25	101
25	102
25	103
25	104
25	105
25	106
25	107
25	108
25	109
25	110
25	111
25	112
25	113
25	114
25	115
25	116
25	117
25	118
25	119
25	120
25	121
25	122
25	123
25	124
25	125
25	126
25	127
25	128
25	129
25	130
25	131
25	132
25	133
25	134
25	135
25	136
25	137
25	138
25	139
25	140
25	141
25	142
25	143
25	144
25	145
25	146
25	147
25	148
25	149
25	150
25	151
25	152
25	153
25	154
25	155
25	156
25	157
25	158
25	159
25	160
25	161
25	162
26	27
26	28
26	29
26	30
26	31
26	32
26	33
26	34
26	35
26	36
26	37
26	38
26	39
26	40
26	41
26	42
26	43
26	44
26	45
26	46
26	47
26	48
26	49
26	50
26	51
26	52
26	53
26	54
26	55
26	56
26	57
26	58
26	59
26	60
26	61
26	62
26	63
26	64
26	65
26	66
26	67
26	68
26	69
26	70
26	71
26	72
26	73
26	74
26	75
26	76
26	77
26	78
26	79
26	80
26	81
26	82
26	83
26	84
26	85
26	86
26	87
26	88
26	89
26	90
26	91
26	92
26	93
26	94
26	95
26	96
26	97
26	98
26	99
26	100
26	101
26	102
26	103
26	104
26	105
26	106
26	107
26	108
26	109
26	110
26	111
26	112
26	113
26	114
26	115
26	116
26	117
26	118
26	119
26	120
26	121
26	122
26	123
26	124
26	125
26	126
26	127
26	128
26	129
26	130
26	131
26	132
26	133
26	134
26	135
26	136
26	137
26	138
26	139
26	140
26	141
26	142
26	143
26	144
26	145
26	146
26	147
26	148
26	149
26	150
26	151
26	152
26	153
26	154
26	155
26	156
26	157
26	158
26	159
26	160
26	161
26	162
27	150
27	157
27	158
27	161
27	162
28	87
28	97
28	98
28	100
28	110
28	111
28	123
28	127
28	131
28	132
28	134
28	135
28	136
28	137
28	139
28	140
28	144
28	149
28	150
28	153
28	154
28	155
28	156
28	157
28	158
28	159
28	161
28	162
29	134
29	150
29	157
29	158
29	161
29	162
30	87
30	97
30	98
30	100
30	110
30	111
30	123
30	127
30	131
30	132
30	134
30	135
30	136
30	137
30	139
30	140
30	144
30	149
30	150
30	153
30	154
30	155
30	156
30	157
30	158
30	159
30	161
30	162
31	100
31	110
31	134
31	135
31	139
31	144
31	149
31	150
31	153
31	154
31	157
31	158
31	159
31	161
31	162
32	134
32	150
32	157
32	158
32	161
32	162
33	150
33	157
33	158
33	161
33	162
34	134
34	135
34	139
34	144
34	149
34	150
34	153
34	157
34	158
34	159
34	161
34	162
35	150
35	157
35	158
35	161
35	162
36	150
36	157
36	158
36	161
36	162
37	150
37	157
37	158
37	161
37	162
38	150
38	157
38	158
38	161
38	162
39	150
39	157
39	158
39	161
39	162
40	150
40	157
40	158
40	161
40	162
41	150
41	157
41	158
41	161
41	162
42	150
42	157
42	158
42	161
42	162
43	150
43	157
43	158
43	161
43	162
44	150
44	157
44	158
44	161
44	162
45	150
45	157
45	158
45	161
45	162
46	150
46	157
46	158
46	161
46	162
47	150
47	157
47	158
47	161
47	162
48	150
48	157
48	158
48	161
48	162
49	150
49	157
49	158
49	161
49	162
50	150
50	157
50	158
50	161
50	162
51	150
51	157
51	158
51	161
51	162
52	150
52	157
52	158
52	161
52	162
53	150
53	157
53	158
53	161
53	162
54	150
54	157
54	158
54	161
54	162
55	150
55	157
55	158
55	161
55	162
56	150
56	157
56	158
56	161
56	162
57	150
57	157
57	158
57	161
57	162
58	150
58	157
58	158
58	161
58	162
59	150
59	157
59	158
59	161
59	162
60	150
60	157
60	158
60	161
60	162
61	150
61	157
61	158
61	161
61	162
62	150
62	157
62	158
62	161
62	162
63	150
63	157
63	158
63	161
63	162
64	150
64	157
64	158
64	161
64	162
65	150
65	157
65	158
65	161
65	162
66	150
66	157
66	158
66	161
66	162
67	150
67	157
67	158
67	161
67	162
68	150
68	157
68	158
68	161
68	162
69	150
69	157
69	158
69	161
69	162
70	150
70	157
70	158
70	161
70	162
71	150
71	157
71	158
71	161
71	162
72	150
72	157
72	158
72	161
72	162
73	150
73	157
73	158
73	161
73	162
74	150
74	157
74	158
74	161
74	162
75	150
75	157
75	158
75	161
75	162
76	150
76	157
76	158
76	161
76	162
77	150
77	157
77	158
77	161
77	162
78	150
78	157
78	158
78	161
78	162
79	150
79	157
79	158
79	161
79	162
80	150
80	157
80	158
80	161
80	162
81	150
81	157
81	158
81	161
81	162
82	150
82	157
82	158
82	161
82	162
83	150
83	157
83	158
83	161
83	162
84	150
84	157
84	158
84	161
84	162
85	150
85	157
85	158
85	161
85	162
86	150
86	157
86	158
86	161
86	162
87	150
87	157
87	158
87	161
87	162
88	150
88	157
88	158
88	161
88	162
89	150
89	157
89	158
89	161
89	162
90	150
90	157
90	158
90	161
90	162
91	150
91	157
91	158
91	161
91	162
92	150
92	157
92	158
92	161
92	162
93	150
93	157
93	158
93	161
93	162
94	150
94	157
94	158
94	161
94	162
95	150
95	157
95	158
95	161
95	162
96	150
96	157
96	158
96	161
96	162
97	150
97	157
97	158
97	161
97	162
98	150
98	157
98	158
98	161
98	162
99	150
99	157
99	158
99	161
99	162
100	150
100	157
100	158
100	161
100	162
101	150
101	157
101	158
101	161
101	162
102	150
102	157
102	158
102	161
102	162
103	150
103	157
103	158
103	161
103	162
104	150
104	157
104	158
104	161
104	162
105	150
105	157
105	158
105	161
105	162
106	150
106	157
106	158
106	161
106	162
107	150
107	157
107	158
107	161
107	162
108	150
108	157
108	158
108	161
108	162
109	150
109	157
109	158
109	161
109	162
110	150
110	157
110	158
110	161
110	162
111	150
111	157
111	158
111	161
111	162
112	150
112	157
112	158
112	161
112	162
113	150
113	157
113	158
113	161
113	162
114	150
114	157
114	158
114	161
114	162
115	150
115	157
115	158
115	161
115	162
116	150
116	157
116	158
116	161
116	162
117	150
117	157
117	158
117	161
117	162
118	150
118	157
118	158
118	161
118	162
119	150
119	157
119	158
119	161
119	162
120	150
120	157
120	158
120	161
120	162
121	150
121	157
121	158
121	161
121	162
122	150
122	157
122	158
122	161
122	162
123	150
123	157
123	158
123	161
123	162
124	150
124	157
124	158
124	161
124	162
125	150
125	157
125	158
125	161
125	162
126	150
126	157
126	158
126	161
126	162
127	150
127	157
127	158
127	161
127	162
128	150
128	157
128	158
128	161
128	162
129	150
129	157
129	158
129	161
129	162
130	150
130	157
130	158
130	161
130	162
131	150
131	157
131	158
131	161
131	162
132	150
132	157
132	158
132	161
132	162
133	150
133	157
133	158
133	161
133	162
134	150
134	157
134	158
134	161
134	162
135	150
135	157
135	158
135	161
135	162
136	150
136	157
136	158
136	161
136	162
137	150
137	157
137	158
137	161
137	162
138	150
138	157
138	158
138	161
138	162
139	150
139	157
139	158
139	161
139	162
140	150
140	157
140	158
140	161
140	162
141	150
141	157
141	158
141	161
141	162
142	150
142	157
142	158
142	161
142	162
143	150
143	157
143	158
143	161
143	162
144	150
144	157
144	158
144	161
144	162
145	150
145	157
145	158
145	161
145	162
146	150
146	157
146	158
146	161
146	162
147	150
147	157
147	158
147	161
147	162
148	150
148	157
148	158
148	161
148	162
149	150
149	157
149	158
149	161
149	162
150	151
150	152
150	153
150	154
150	155
150	156
150	157
150	158
150	159
150	160
150	161
150	162
151	157
151	158
151	161
151	162
152	157
152	158
152	161
152	162
153	157
153	158
153	161
153	162
154	157
154	158
154	161
154	162
155	157
155	158
155	161
155	162
156	157
156	158
156	161
156	162
157	159
157	160
157	161
157	162
158	159
158	160
158	161
158	162
159	161
159	162
160	161
160	162