162	5895
1	6
1	7
1	20
1	23
1	24
1	25
1	26
1	33
1	34
1	35
1	36
1	37
1	38
1	41
1	42
1	44
1	45
1	46
1	47
1	48
1	49
1	50
1	51
1	52
1	53
1	54
1	55
1	56
1	57
1	58
1	59
1	60
1	62
1	63
1	64
1	65
1	66
1	67
1	68
1	69
1	70
1	71
1	73
1	74
1	75
1	76
1	77
1	78
1	79
1	80
1	81
1	82
1	83
1	84
1	85
1	86
1	87
1	88
1	89
1	90
1	91
1	92
1	93
1	94
1	95
1	96
1	97
1	98
1	99
1	100
1	101
1	102
1	103
1	104
1	105
1	106
1	107
1	108
1	109
1	110
1	111
1	112
1	113
1	114
1	115
1	116
1	117
1	118
1	119
1	120
1	121
1	122
1	123
1	124
1	125
1	126
1	127
1	128
1	129
1	130
1	131
1	132
1	133
1	134
1	135
1	136
1	137
1	138
1	139
1	140
1	141
1	142
1	143
1	144
1	145
1	146
1	147
1	148
1	149
1	150
1	151
1	152
1	153
1	154
1	155
1	156
1	157
1	158
1	159
1	160
1	161
1	162
2	6
2	7
2	20
2	23
2	24
2	25
2	26
2	32
2	33
2	34
2	35
2	36
2	37
2	42
2	44
2	45
2	47
2	50
2	51
2	52
2	53
2	57
2	58
2	60
2	62
2	63
2	65
2	66
2	67
2	68
2	69
2	71
2	72
2	73
2	75
2	76
2	77
2	78
2	79
2	80
2	81
2	82
2	83
2	84
2	85
2	86
2	87
2	88
2	89
2	90
2	91
2	92
2	93
2	94
2	95
2	96
2	97
2	98
2	99
2	100
2	101
2	102
2	103
2	104
2	105
2	106
2	107
2	108
2	109
2	110
2	111
2	112
2	113
2	114
2	115
2	116
2	117
2	118
2	119
2	120
2	121
2	122
2	123
2	124
2	125
2	126
2	127
2	128
2	129
2	130
2	131
2	132
2	133
2	134
2	135
2	136
2	137
2	138
2	139
2	140
2	141
2	142
2	143
2	144
2	145
2	146
2	147
2	148
2	149
2	150
2	151
2	152
2	153
2	154
2	155
2	156
2	157
2	158
2	159
2	160
2	161
2	162
3	6
3	7
3	20
3	23
3	24
3	25
3	26
3	33
3	34
3	35
3	36
3	37
3	42
3	44
3	45
3	47
3	50
3	51
3	52
3	53
3	57
3	58
3	60
3	62
3	63
3	65
3	66
3	67
3	68
3	69
3	71
3	73
3	75
3	76
3	77
3	78
3	79
3	80
3	81
3	82
3	83
3	84
3	85
3	86
3	87
3	88
3	89
3	90
3	91
3	92
3	93
3	94
3	95
3	96
3	97
3	98
3	99
3	100
3	101
3	102
3	103
3	104
3	105
3	106
3	107
3	108
3	109
3	110
3	111
3	112
3	113
3	114
3	115
3	116
3	117
3	118
3	119
3	120
3	121
3	122
3	123
3	124
3	125
3	126
3	127
3	128
3	129
3	130
3	131
3	132
3	133
3	134
3	135
3	136
3	137
3	138
3	139
3	140
3	141
3	142
3	143
3	144
3	145
3	146
3	147
3	148
3	149
3	150
3	151
3	152
3	153
3	154
3	155
3	156
3	157
3	158
3	159
3	160
3	161
3	162
4	6
4	7
4	20
4	22
4	23
4	24
4	25
4	26
4	34
4	36
4	37
4	42
4	50
4	53
4	57
4	58
4	65
4	66
4	68
4	69
4	73
4	77
4	78
4	82
4	83
4	84
4	85
4	86
4	87
4	88
4	89
4	90
4	91
4	92
4	93
4	94
4	95
4	96
4	97
4	98
4	99
4	100
4	102
4	104
4	106
4	108
4	109
4	110
4	111
4	112
4	114
4	115
4	116
4	117
4	118
4	119
4	120
4	121
4	122
4	123
4	124
4	125
4	126
4	127
4	128
4	129
4	130
4	131
4	132
4	133
4	134
4	135
4	136
4	137
4	138
4	139
4	140
4	141
4	142
4	143
4	144
4	145
4	146
4	147
4	148
4	149
4	150
4	151
4	152
4	153
4	154
4	155
4	156
4	157
4	158
4	159
4	160
4	161
4	162
5	6
5	7
5	20
5	22
5	23
5	24
5	25
5	26
5	34
5	35
5	36
5	37
5	38
5	41
5	42
5	44
5	45
5	46
5	47
5	48
5	49
5	50
5	51
5	52
5	53
5	54
5	55
5	56
5	57
5	58
5	59
5	60
5	62
5	63
5	64
5	65
5	66
5	67
5	68
5	69
5	70
5	71
5	73
5	74
5	75
5	76
5	77
5	78
5	79
5	80
5	81
5	82
5	83
5	84
5	85
5	86
5	87
5	88
5	89
5	90
5	91
5	92
5	93
5	94
5	95
5	96
5	97
5	98
5	99
5	100
5	101
5	102
5	103
5	104
5	105
5	106
5	107
5	108
5	109
5	110
5	111
5	112
5	113
5	114
5	115
5	116
5	117
5	118
5	119
5	120
5	121
5	122
5	123
5	124
5	125
5	126
5	127
5	128
5	129
5	130
5	131
5	132
5	133
5	134
5	135
5	136
5	137
5	138
5	139
5	140
5	141
5	142
5	143
5	144
5	145
5	146
5	147
5	148
5	149
5	150
5	151
5	152
5	153
5	154
5	155
5	156
5	157
5	158
5	159
5	160
5	161
5	162
6	8
6	9
6	10
6	11
6	12
6	13
6	14
6	15
6	16
6	17
6	18
6	19
6	20
6	21
6	22
6	23
6	24
6	25
6	26
6	27
6	28
6	29
6	30
6	31
6	32
6	33
6	34
6	35
6	36
6	37
6	38
6	39
6	40
6	41
6	42
6	43
6	44
6	45
6	46
6	47
6	48
6	49
6	50
6	51
6	52
6	53
6	54
6	55
6	56
6	57
6	58
6	59
6	60
6	61
6	62
6	63
6	64
6	65
6	66
6	67
6	68
6	69
6	70
6	71
6	72
6	73
6	74
6	75
6	76
6	77
6	78
6	79
6	80
6	81
6	82
6	83
6	84
6	85
6	86
6	87
6	88
6	89
6	90
6	91
6	92
6	93
6	94
6	95
6	96
6	97
6	98
6	99
6	100
6	101
6	102
6	103
6	104
6	105
6	106
6	107
6	108
6	109
6	110
6	111
6	112
6	113
6	114
6	115
6	116
6	117
6	118
6	119
6	120
6	121
6	122
6	123
6	124
6	125
6	126
6	127
6	128
6	129
6	130
6	131
6	132
6	133
6	134
6	135
6	136
6	137
6	138
6	139
6	140
6	141
6	142
6	143
6	144
6	145
6	146
6	147
6	148
6	149
6	150
6	151
6	152
6	153
6	154
6	155
6	156
6	157
6	158
6	159
6	160
6	161
6	162
7	8
7	9
7	10
7	11
7	12
7	13
7	14
7	15
7	16
7	17
7	18
7	19
7	20
7	21
7	22
7	23
7	24
7	25
7	26
7	27
7	28
7	29
7	30
7	31
7	32
7	33
7	34
7	35
7	36
7	37
7	38
7	39
7	40
7	41
7	42
7	43
7	44
7	45
7	46
7	47
7	48
7	49
7	50
7	51
7	52
7	53
7	54
7	55
7	56
7	57
7	58
7	59
7	60
7	61
7	62
7	63
7	64
7	65
7	66
7	67
7	68
7	69
7	70
7	71
7	72
7	73
7	74
7	75
7	76
7	77
7	78
7	79
7	80
7	81
7	82
7	83
7	84
7	85
7	86
7	87
7	88
7	89
7	90
7	91
7	92
7	93
7	94
7	95
7	96
7	97
7	98
7	99
7	100
7	101
7	102
7	103
7	104
7	105
7	106
7	107
7	108
7	109
7	110
7	111
7	112
7	113
7	114
7	115
7	116
7	117
7	118
7	119
7	120
7	121
7	122
7	123
7	124
7	125
7	126
7	127
7	128
7	129
7	130
7	131
7	132
7	133
7	134
7	135
7	136
7	137
7	138
7	139
7	140
7	141
7	142
7	143
7	144
7	145
7	146
7	147
7	148
7	149
7	150
7	151
7	152
7	153
7	154
7	155
7	156
7	157
7	158
7	159
7	160
7	161
7	162
8	20
8	23
8	24
8	25
8	26
8	30
8	31
8	32
8	33
8	34
8	35
8	36
8	37
8	42
8	44
8	45
8	47
8	50
8	51
8	52
8	53
8	57
8	58
8	60
8	62
8	63
8	65
8	66
8	67
8	68
8	69
8	71
8	72
8	73
8	75
8	76
8	77
8	78
8	79
8	80
8	81
8	82
8	83
8	84
8	85
8	86
8	87
8	88
8	89
8	90
8	91
8	92
8	93
8	94
8	95
8	96
8	97
8	98
8	99
8	100
8	101
8	102
8	103
8	104
8	105
8	106
8	107
8	108
8	109
8	110
8	111
8	112
8	113
8	114
8	115
8	116
8	117
8	118
8	119
8	120
8	121
8	122
8	123
8	124
8	125
8	126
8	127
8	128
8	129
8	130
8	131
8	132
8	133
8	134
8	135
8	136
8	137
8	138
8	139
8	140
8	141
8	142
8	143
8	144
8	145
8	146
8	147
8	148
8	149
8	150
8	151
8	152
8	153
8	154
8	155
8	156
8	157
8	158
8	159
8	160
8	161
8	162
9	17
9	19
9	20
9	23
9	24
9	25
9	26
9	27
9	28
9	29
9	30
9	31
9	32
9	33
9	34
9	35
9	36
9	37
9	38
9	39
9	40
9	41
9	42
9	43
9	44
9	45
9	46
9	47
9	48
9	49
9	50
9	51
9	52
9	53
9	54
9	55
9	56
9	57
9	58
9	59
9	60
9	61
9	62
9	63
9	64
9	65
9	66
9	67
9	68
9	69
9	70
9	71
9	72
9	73
9	74
9	75
9	76
9	77
9	78
9	79
9	80
9	81
9	82
9	83
9	84
9	85
9	86
9	87
9	88
9	89
9	90
9	91
9	92
9	93
9	94
9	95
9	96
9	97
9	98
9	99
9	100
9	101
9	102
9	103
9	104
9	105
9	106
9	107
9	108
9	109
9	110
9	111
9	112
9	113
9	114
9	115
9	116
9	117
9	118
9	119
9	120
9	121
9	122
9	123
9	124
9	125
9	126
9	127
9	128
9	129
9	130
9	131
9	132
9	133
9	134
9	135
9	136
9	137
9	138
9	139
9	140
9	141
9	142
9	143
9	144
9	145
9	146
9	147
9	148
9	149
9	150
9	151
9	152
9	153
9	154
9	155
9	156
9	157
9	158
9	159
9	160
9	161
9	162
10	20
10	23
10	24
10	25
10	26
10	32
10	33
10	34
10	35
10	36
10	37
10	38
10	40
10	41
10	42
10	43
10	44
10	45
10	46
10	47
10	48
10	49
10	50
10	51
10	52
10	53
10	54
10	55
10	56
10	57
10	58
10	59
10	60
10	61
10	62
10	63
10	64
10	65
10	66
10	67
10	68
10	69
10	70
10	71
10	72
10	73
10	74
10	75
10	76
10	77
10	78
10	79
10	80
10	81
10	82
10	83
10	84
10	85
10	86
10	87
10	88
10	89
10	90
10	91
10	92
10	93
10	94
10	95
10	96
10	97
10	98
10	99
10	100
10	101
10	102
10	103
10	104
10	105
10	106
10	107
10	108
10	109
10	110
10	111
10	112
10	113
10	114
10	115
10	116
10	117
10	118
10	119
10	120
10	121
10	122
10	123
10	124
10	125
10	126
10	127
10	128
10	129
10	130
10	131
10	132
10	133
10	134
10	135
10	136
10	137
10	138
10	139
10	140
10	141
10	142
10	143
10	144
10	145
10	146
10	147
10	148
10	149
10	150
10	151
10	152
10	153
10	154
10	155
10	156
10	157
10	158
10	159
10	160
10	161
10	162
11	20
11	22
11	23
11	24
11	25
11	26
11	29
11	30
11	31
11	32
11	33
11	34
11	35
11	36
11	37
11	42
11	44
11	45
11	47
11	50
11	51
11	52
11	53
11	57
11	58
11	60
11	62
11	63
11	65
11	66
11	67
11	68
11	69
11	71
11	72
11	73
11	75
11	76
11	77
11	78
11	79
11	80
11	81
11	82
11	83
11	84
11	85
11	86
11	87
11	88
11	89
11	90
11	91
11	92
11	93
11	94
11	95
11	96
11	97
11	98
11	99
11	100
11	101
11	102
11	103
11	104
11	105
11	106
11	107
11	108
11	109
11	110
11	111
11	112
11	113
11	114
11	115
11	116
11	117
11	118
11	119
11	120
11	121
11	122
11	123
11	124
11	125
11	126
11	127
11	128
11	129
11	130
11	131
11	132
11	133
11	134
11	135
11	136
11	137
11	138
11	139
11	140
11	141
11	142
11	143
11	144
11	145
11	146
11	147
11	148
11	149
11	150
11	151
11	152
11	153
11	154
11	155
11	156
11	157
11	158
11	159
11	160
11	161
11	162
12	20
12	23
12	24
12	25
12	26
12	30
12	31
12	32
12	33
12	34
12	35
12	36
12	37
12	38
12	40
12	41
12	42
12	43
12	44
12	45
12	46
12	47
12	48
12	49
12	50
12	51
12	52
12	53
12	54
12	55
12	56
12	57
12	58
12	59
12	60
12	61
12	62
12	63
12	64
12	65
12	66
12	67
12	68
12	69
12	70
12	71
12	72
12	73
12	74
12	75
12	76
12	77
12	78
12	79
12	80
12	81
12	82
12	83
12	84
12	85
12	86
12	87
12	88
12	89
12	90
12	91
12	92
12	93
12	94
12	95
12	96
12	97
12	98
12	99
12	100
12	101
12	102
12	103
12	104
12	105
12	106
12	107
12	108
12	109
12	110
12	111
12	112
12	113
12	114
12	115
12	116
12	117
12	118
12	119
12	120
12	121
12	122
12	123
12	124
12	125
12	126
12	127
12	128
12	129
12	130
12	131
12	132
12	133
12	134
12	135
12	136
12	137
12	138
12	139
12	140
12	141
12	142
12	143
12	144
12	145
12	146
12	147
12	148
12	149
12	150
12	151
12	152
12	153
12	154
12	155
12	156
12	157
12	158
12	159
12	160
12	161
12	162
13	20
13	23
13	24
13	25
13	26
13	27
13	29
13	30
13	31
13	32
13	33
13	34
13	35
13	36
13	37
13	38
13	39
13	40
13	41
13	42
13	43
13	44
13	45
13	46
13	47
13	48
13	49
13	50
13	51
13	52
13	53
13	54
13	55
13	56
13	57
13	58
13	59
13	60
13	61
13	62
13	63
13	64
13	65
13	66
13	67
13	68
13	69
13	70
13	71
13	72
13	73
13	74
13	75
13	76
13	77
13	78
13	79
13	80
13	81
13	82
13	83
13	84
13	85
13	86
13	87
13	88
13	89
13	90
13	91
13	92
13	93
13	94
13	95
13	96
13	97
13	98
13	99
13	100
13	101
13	102
13	103
13	104
13	105
13	106
13	107
13	108
13	109
13	110
13	111
13	112
13	113
13	114
13	115
13	116
13	117
13	118
13	119
13	120
13	121
13	122
13	123
13	124
13	125
13	126
13	127
13	128
13	129
13	130
13	131
13	132
13	133
13	134
13	135
13	136
13	137
13	138
13	139
13	140
13	141
13	142
13	143
13	144
13	145
13	146
13	147
13	148
13	149
13	150
13	151
13	152
13	153
13	154
13	155
13	156
13	157
13	158
13	159
13	160
13	161
13	162
14	20
14	23
14	24
14	25
14	26
14	100
14	134
14	135
14	139
14	144
14	149
14	150
14	153
14	157
14	158
14	159
14	161
14	162
15	20
15	23
15	24
15	25
15	26
15	30
15	31
15	68
15	78
15	86
15	87
15	89
15	91
15	92
15	93
15	94
15	97
15	98
15	99
15	100
15	103
15	104
15	109
15	110
15	111
15	114
15	115
15	116
15	118
15	119
15	120
15	121
15	123
15	125
15	126
15	127
15	130
15	131
15	132
15	134
15	135
15	136
15	137
15	139
15	140
15	141
15	142
15	143
15	144
15	145
15	146
15	147
15	148
15	149
15	150
15	151
15	152
15	153
15	154
15	155
15	156
15	157
15	158
15	159
15	160
15	161
15	162
16	20
16	23
16	24
16	25
16	26
16	28
16	30
16	31
16	68
16	78
16	86
16	87
16	89
16	91
16	92
16	93
16	94
16	97
16	98
16	99
16	100
16	103
16	104
16	109
16	110
16	111
16	114
16	115
16	116
16	118
16	119
16	120
16	121
16	123
16	125
16	126
16	127
16	130
16	131
16	132
16	134
16	135
16	136
16	137
16	139
16	140
16	141
16	142
16	143
16	144
16	145
16	146
16	147
16	148
16	149
16	150
16	151
16	152
16	153
16	154
16	155
16	156
16	157
16	158
16	159
16	160
16	161
16	162
17	20
17	22
17	23
17	24
17	25
17	26
17	68
17	78
17	86
17	87
17	89
17	91
17	92
17	93
17	94
17	97
17	98
17	99
17	100
17	103
17	104
17	109
17	110
17	111
17	114
17	115
17	116
17	118
17	119
17	120
17	121
17	123
17	125
17	126
17	127
17	130
17	131
17	132
17	134
17	135
17	136
17	137
17	139
17	140
17	141
17	142
17	143
17	144
17	145
17	146
17	147
17	148
17	149
17	150
17	151
17	152
17	153
17	154
17	155
17	156
17	157
17	158
17	159
17	160
17	161
17	162
18	20
18	22
18	23
18	24
18	25
18	26
18	34
18	35
18	36
18	37
18	42
18	44
18	45
18	47
18	50
18	51
18	52
18	53
18	57
18	58
18	60
18	62
18	63
18	65
18	66
18	67
18	68
18	69
18	71
18	72
18	73
18	75
18	76
18	77
18	78
18	79
18	80
18	81
18	82
18	83
18	84
18	85
18	86
18	87
18	88
18	89
18	90
18	91
18	92
18	93
18	94
18	95
18	96
18	97
18	98
18	99
18	100
18	101
18	102
18	103
18	104
18	105
18	106
18	107
18	108
18	109
18	110
18	111
18	112
18	113
18	114
18	115
18	116
18	117
18	118
18	119
18	120
18	121
18	122
18	123
18	124
18	125
18	126
18	127
18	128
18	129
18	130
18	131
18	132
18	133
18	134
18	135
18	136
18	137
18	138
18	139
18	140
18	141
18	142
18	143
18	144
18	145
18	146
18	147
18	148
18	149
18	150
18	151
18	152
18	153
18	154
18	155
18	156
18	157
18	158
18	159
18	160
18	161
18	162
19	20
19	21
19	22
19	23
19	24
19	25
19	26
19	32
19	33
19	34
19	35
19	36
19	37
19	42
19	44
19	45
19	47
19	50
19	51
19	52
19	53
19	57
19	58
19	60
19	62
19	63
19	65
19	66
19	67
19	68
19	69
19	71
19	72
19	73
19	75
19	76
19	77
19	78
19	79
19	80
19	81
19	82
19	83
19	84
19	85
19	86
19	87
19	88
19	89
19	90
19	91
19	92
19	93
19	94
19	95
19	96
19	97
19	98
19	99
19	100
19	101
19	102
19	103
19	104
19	105
19	106
19	107
19	108
19	109
19	110
19	111
19	112
19	113
19	114
19	115
19	116
19	117
19	118
19	119
19	120
19	121
19	122
19	123
19	124
19	125
19	126
19	127
19	128
19	129
19	130
19	131
19	132
19	133
19	134
19	135
19	136
19	137
19	138
19	139
19	140
19	141
19	142
19	143
19	144
19	145
19	146
19	147
19	148
19	149
19	150
19	151
19	152
19	153
19	154
19	155
19	156
19	157
19	158
19	159
19	160
19	161
19	162
20	21
20	22
20	23
20	24
20	25
20	26
20	27
20	28
20	29
20	30
20	31
20	32
20	33
20	34
20	35
20	36
20	37
20	38
20	39
20	40
20	41
20	42
20	43
20	44
20	45
20	46
20	47
20	48
20	49
20	50
20	51
20	52
20	53
20	54
20	55
20	56
20	57
20	58
20	59
20	60
20	61
20	62
20	63
20	64
20	65
20	66
20	67
20	68
20	69
20	70
20	71
20	72
20	73
20	74
20	75
20	76
20	77
20	78
20	79
20	80
20	81
20	82
20	83
20	84
20	85
20	86
20	87
20	88
20	89
20	90
20	91
20	92
20	93
20	94
20	95
20	96
20	97
20	98
20	99
20	100
20	101
20	102
20	103
20	104
20	105
20	106
20	107
20	108
20	109
20	110
20	111
20	112
20	113
20	114
20	115
20	116
20	117
20	118
20	119
20	120
20	121
20	122
20	123
20	124
20	125
20	126
20	127
20	128
20	129
20	130
20	131
20	132
20	133
20	134
20	135
20	136
20	137
20	138
20	139
20	140
20	141
20	142
20	143
20	144
20	145
20	146
20	147
20	148
20	149
20	150
20	151
20	152
20	153
20	154
20	155
20	156
20	157
20	158
20	159
20	160
20	161
20	162
21	23
21	24
21	25
21	26
21	28
21	29
21	30
21	31
21	32
21	33
21	34
21	35
21	36
21	37
21	42
21	44
21	45
21	47
21	50
21	51
21	52
21	53
21	57
21	58
21	60
21	62
21	63
21	65
21	66
21	67
21	68
21	69
21	71
21	72
21	73
21	75
21	76
21	77
21	78
21	79
21	80
21	81
21	82
21	83
21	84
21	85
21	86
21	87
21	88
21	89
21	90
21	91
21	92
21	93
21	94
21	95
21	96
21	97
21	98
21	99
21	100
21	101
21	102
21	103
21	104
21	105
21	106
21	107
21	108
21	109
21	110
21	111
21	112
21	113
21	114
21	115
21	116
21	117
21	118
21	119
21	120
21	121
21	122
21	123
21	124
21	125
21	126
21	127
21	128
21	129
21	130
21	131
21	132
21	133
21	134
21	135
21	136
21	137
21	138
21	139
21	140
21	141
21	142
21	143
21	144
21	145
21	146
21	147
21	148
21	149
21	150
21	151
21	152
21	153
21	154
21	155
21	156
21	157
21	158
21	159
21	160
21	161
21	162
22	23
22	24
22	25
22	26
22	27
22	28
22	29
22	30
22	31
22	32
22	33
22	34
22	35
22	36
22	37
22	38
22	39
22	40
22	41
22	42
22	43
22	44
22	45
22	46
22	47
22	48
22	49
22	50
22	51
22	52
22	53
22	54
22	55
22	56
22	57
22	58
22	59
22	60
22	61
22	62
22	63
22	64
22	65
22	66
22	67
22	68
22	69
22	70
22	71
22	72
22	73
22	74
22	75
22	76
22	77
22	78
22	79
22	80
22	81
22	82
22	83
22	84
22	85
22	86
22	87
22	88
22	89
22	90
22	91
22	92
22	93
22	94
22	95
22	96
22	97
22	98
22	99
22	100
22	101
22	102
22	103
22	104
22	105
22	106
22	107
22	108
22	109
22	110
22	111
22	112
22	113
22	114
22	115
22	116
22	117
22	118
22	119
22	120
22	121
22	122
22	123
22	124
22	125
22	126
22	127
22	128
22	129
22	130
22	131
22	132
22	133
22	134
22	135
22	136
22	137
22	138
22	139
22	140
22	141
22	142
22	143
22	144
22	145
22	146
22	147
22	148
22	149
22	150
22	151
22	152
22	153
22	154
22	155
22	156
22	157
22	158
22	159
22	160
22	161
22	162
23	25
23	26
23	27
23	28
23	29
23	30
23	31
23	32
23	33
23	34
23	35
23	36
23	37
23	38
23	39
23	40
23	41
23	42
23	43
23	44
23	45
23	46
23	47
23	48
23	49
23	50
23	51
23	52
23	53
23	54
23	55
23	56
23	57
23	58
23	59
23	60
23	61
23	62
23	63
23	64
23	65
23	66
23	67
23	68
23	69
23	70
23	71
23	72
23	73
23	74
23	75
23	76
23	77
23	78
23	79
23	80
23	81
23	82
23	83
23	84
23	85
23	86
23	87
23	88
23	89
23	90
23	91
23	92
23	93
23	94
23	95
23	96
23	97
23	98
23	99
23	100
23	101
23	102
23	103
23	104
23	105
23	106
23	107
23	108
23	109
23	110
23	111
23	112
23	113
23	114
23	115
23	116
23	117
23	118
23	119
23	120
23	121
23	122
23	123
23	124
23	125
23	126
23	127
23	128
23	129
23	130
23	131
23	132
23	133
23	134
23	135
23	136
23	137
23	138
23	139
23	140
23	141
23	142
23	143
23	144
23	145
23	146
23	147
23	148
23	149
23	150
23	151
23	152
23	153
23	154
23	155
23	156
23	157
23	158
23	159
23	160
23	161
23	162
24	25
24	26
24	27
24	28
24	29
24	30
24	31
24	32
24	33
24	34
24	35
24	36
24	37
24	38
24	39
24	40
24	41
24	42
24	43
24	44
24	45
24	46
24	47
24	48
24	49
24	50
24	51
24	52
24	53
24	54
24	55
24	56
24	57
24	58
24	59
24	60
24	61
24	62
24	63
24	64
24	65
24	66
24	67
24	68
24	69
24	70
24	71
24	72
24	73
24	74
24	75
24	76
24	77
24	78
24	79
24	80
24	81
24	82
24	83
24	84
24	85
24	86
24	87
24	88
24	89
24	90
24	91
24	92
24	93
24	94
24	95
24	96
24	97
24	98
24	99
24	100
24	101
24	102
24	103
24	104
24	105
24	106
24	107
24	108
24	109
24	110
24	111
24	112
24	113
24	114
24	115
24	116
24	117
24	118
24	119
24	120
24	121
24	122
24	123
24	124
24	125
24	126
24	127
24	128
24	129
24	130
24	131
24	132
24	133
24	134
24	135
24	136
24	137
24	138
24	139
24	140
24	141
24	142
24	143
24	144
24	145
24	146
24	147
24	148
24	149
24	150
24	151
24	152
24	153
24	154
24	155
24	156
24	157
24	158
24	159
24	160
24	161
24	162
25	26
25	27
25	28
25	29
25	30
25	31
25	32
25	33
25	34
25	35
25	36
25	37
25	38
25	39
25	40
25	41
25	42
25	43
25	44
25	45
25	46
25	47
25	48
25	49
25	50
25	51
25	52
25	53
25	54
25	55
25	56
25	57
25	58
25	59
25	60
25	61
25	62
25	63
25	64
25	65
25	66
25	67
25	68
25	69
25	70
25	71
25	72
25	73
25	74
25	75
25	76
25	77
25	78
25	79
25	80
25	81
25	82
25	83
25	84
25	85
25	86
25	87
25	88
25	89
25	90
25	91
25	92
25	93
25	94
25	95
25	96
25	97
25	98
25	99
25	100
25	101
25	102
25	103
25	104
25	105
25	106
25	107
25	108
25	109
25	110
25	111
25	112
25	113
25	114
25	115
25	116
25	117
25	118
25	119
25	120
25	121
25	122
25	123
25	124
25	125
25	126
25	127
25	128
25	129
25	130
25	131
25	132
25	133
25	134
25	135
25	136
25	137
25	138
25	139
25	140
25	141
25	142
25	143
25	144
25	145
25	146
25	147
25	148
25	149
25	150
25	151
25	152
25	153
25	154
25	155
25	156
25	157
25	158
25	159
25	160
25	161
25	162
26	27
26	28
26	29
26	30
26	31
26	32
26	33
26	34
26	35
26	36
26	37
26	38
26	39
26	40
26	41
26	42
26	43
26	44
26	45
26	46
26	47
26	48
26	49
26	50
26	51
26	52
26	53
26	54
26	55
26	56
26	57
26	58
26	59
26	60
26	61
26	62
26	63
26	64
26	65
26	66
26	67
26	68
26	69
26	70
26	71
26	72
26	73
26	74
26	75
26	76
26	77
26	78
26	79
26	80
26	81
26	82
26	83
26	84
26	85
26	86
26	87
26	88
26	89
26	90
26	91
26	92
26	93
26	94
26	95
26	96
26	97
26	98
26	99
26	100
26	101
26	102
26	103
26	104
26	105
26	106
26	107
26	108
26	109
26	110
26	111
26	112
26	113
26	114
26	115
26	116
26	117
26	118
26	119
26	120
26	121
26	122
26	123
26	124
26	125
26	126
26	127
26	128
26	129
26	130
26	131
26	132
26	133
26	134
26	135
26	136
26	137
26	138
26	139
26	140
26	141
26	142
26	143
26	144
26	145
26	146
26	147
26	148
26	149
26	150
26	151
26	152
26	153
26	154
26	155
26	156
26	157
26	158
26	159
26	160
26	161
26	162
27	87
27	97
27	98
27	100
27	110
27	111
27	123
27	127
27	131
27	132
27	134
27	135
27	136
27	137
27	139
27	140
27	144
27	149
27	150
27	153
27	154
27	155
27	156
27	157
27	158
27	159
27	161
27	162
28	34
28	35
28	36
28	37
28	38
28	41
28	42
28	43
28	44
28	45
28	46
28	47
28	48
28	49
28	50
28	51
28	52
28	53
28	54
28	55
28	56
28	57
28	58
28	59
28	60
28	61
28	62
28	63
28	64
28	65
28	66
28	67
28	68
28	69
28	70
28	71
28	73
28	74
28	75
28	76
28	77
28	78
28	79
28	80
28	81
28	82
28	83
28	84
28	85
28	86
28	87
28	88
28	89
28	90
28	91
28	92
28	93
28	94
28	95
28	96
28	97
28	98
28	99
28	100
28	101
28	102
28	103
28	104
28	105
28	106
28	107
28	108
28	109
28	110
28	111
28	112
28	113
28	114
28	115
28	116
28	117
28	118
28	119
28	120
28	121
28	122
28	123
28	124
28	125
28	126
28	127
28	128
28	129
28	130
28	131
28	132
28	133
28	134
28	135
28	136
28	137
28	138
28	139
28	140
28	141
28	142
28	143
28	144
28	145
28	146
28	147
28	148
28	149
28	150
28	151
28	152
28	153
28	154
28	155
28	156
28	157
28	158
28	159
28	160
28	161
28	162
29	34
29	35
29	36
29	37
29	42
29	44
29	45
29	47
29	50
29	52
29	53
29	57
29	58
29	60
29	62
29	65
29	66
29	67
29	68
29	69
29	73
29	75
29	77
29	78
29	82
29	83
29	84
29	85
29	86
29	87
29	88
29	89
29	90
29	91
29	92
29	93
29	94
29	95
29	96
29	97
29	98
29	99
29	100
29	102
29	104
29	106
29	108
29	109
29	110
29	111
29	112
29	114
29	115
29	116
29	117
29	118
29	119
29	120
29	121
29	122
29	123
29	124
29	125
29	126
29	127
29	128
29	129
29	130
29	131
29	132
29	133
29	134
29	135
29	136
29	137
29	138
29	139
29	140
29	141
29	142
29	143
29	144
29	145
29	146
29	147
29	148
29	149
29	150
29	151
29	152
29	153
29	154
29	155
29	156
29	157
29	158
29	159
29	160
29	161
29	162
30	34
30	35
30	36
30	37
30	38
30	39
30	40
30	41
30	42
30	43
30	44
30	45
30	46
30	47
30	48
30	49
30	50
30	51
30	52
30	53
30	54
30	55
30	56
30	57
30	58
30	59
30	60
30	61
30	62
30	63
30	64
30	65
30	66
30	67
30	68
30	69
30	70
30	71
30	73
30	74
30	75
30	76
30	77
30	78
30	79
30	80
30	81
30	82
30	83
30	84
30	85
30	86
30	87
30	88
30	89
30	90
30	91
30	92
30	93
30	94
30	95
30	96
30	97
30	98
30	99
30	100
30	101
30	102
30	103
30	104
30	105
30	106
30	107
30	108
30	109
30	110
30	111
30	112
30	113
30	114
30	115
30	116
30	117
30	118
30	119
30	120
30	121
30	122
30	123
30	124
30	125
30	126
30	127
30	128
30	129
30	130
30	131
30	132
30	133
30	134
30	135
30	136
30	137
30	138
30	139
30	140
30	141
30	142
30	143
30	144
30	145
30	146
30	147
30	148
30	149
30	150
30	151
30	152
30	153
30	154
30	155
30	156
30	157
30	158
30	159
30	160
30	161
30	162
31	34
31	36
31	37
31	38
31	41
31	42
31	43
31	46
31	47
31	48
31	50
31	51
31	52
31	53
31	55
31	57
31	58
31	59
31	60
31	61
31	62
31	63
31	64
31	65
31	66
31	67
31	68
31	69
31	70
31	71
31	73
31	74
31	75
31	76
31	77
31	78
31	79
31	80
31	81
31	82
31	83
31	84
31	85
31	86
31	87
31	88
31	89
31	90
31	91
31	92
31	93
31	94
31	95
31	96
31	97
31	98
31	99
31	100
31	101
31	102
31	103
31	104
31	105
31	106
31	107
31	108
31	109
31	110
31	111
31	112
31	113
31	114
31	115
31	116
31	117
31	118
31	119
31	120
31	121
31	122
31	123
31	124
31	125
31	126
31	127
31	128
31	129
31	130
31	131
31	132
31	133
31	134
31	135
31	136
31	137
31	138
31	139
31	140
31	141
31	142
31	143
31	144
31	145
31	146
31	147
31	148
31	149
31	150
31	151
31	152
31	153
31	154
31	155
31	156
31	157
31	158
31	159
31	160
31	161
31	162
32	34
32	36
32	37
32	42
32	47
32	50
32	52
32	53
32	57
32	58
32	60
32	62
32	65
32	66
32	67
32	68
32	69
32	73
32	75
32	77
32	78
32	82
32	83
32	84
32	85
32	86
32	87
32	88
32	89
32	90
32	91
32	92
32	93
32	94
32	95
32	96
32	97
32	98
32	99
32	100
32	102
32	104
32	106
32	108
32	109
32	110
32	111
32	112
32	114
32	115
32	116
32	117
32	118
32	119
32	120
32	121
32	122
32	123
32	124
32	125
32	126
32	127
32	128
32	129
32	130
32	131
32	132
32	133
32	134
32	135
32	136
32	137
32	138
32	139
32	140
32	141
32	142
32	143
32	144
32	145
32	146
32	147
32	148
32	149
32	150
32	151
32	152
32	153
32	154
32	155
32	156
32	157
32	158
32	159
32	160
32	161
32	162
33	34
33	47
33	53
33	65
33	66
33	67
33	68
33	69
33	71
33	76
33	77
33	78
33	79
33	83
33	86
33	87
33	89
33	91
33	92
33	93
33	94
33	96
33	97
33	98
33	99
33	100
33	101
33	103
33	104
33	105
33	106
33	108
33	109
33	110
33	111
33	113
33	114
33	115
33	116
33	117
33	118
33	119
33	120
33	121
33	123
33	125
33	126
33	127
33	129
33	130
33	131
33	132
33	133
33	134
33	135
33	136
33	137
33	138
33	139
33	140
33	141
33	142
33	143
33	144
33	145
33	146
33	147
33	148
33	149
33	150
33	151
33	152
33	153
33	154
33	155
33	156
33	157
33	158
33	159
33	160
33	161
33	162
34	50
34	68
34	71
34	78
34	80
34	81
34	82
34	83
34	84
34	85
34	86
34	87
34	88
34	89
34	90
34	91
34	93
34	94
34	95
34	96
34	98
34	99
34	100
34	101
34	102
34	105
34	106
34	107
34	108
34	109
34	110
34	111
34	112
34	113
34	114
34	115
34	116
34	117
34	118
34	119
34	120
34	121
34	122
34	123
34	124
34	125
34	126
34	127
34	128
34	129
34	130
34	131
34	132
34	133
34	134
34	135
34	136
34	137
34	138
34	139
34	140
34	141
34	142
34	143
34	144
34	145
34	146
34	147
34	148
34	149
34	150
34	151
34	152
34	153
34	154
34	155
34	156
34	157
34	158
34	159
34	160
34	161
34	162
35	65
35	68
35	71
35	78
35	79
35	86
35	87
35	89
35	91
35	92
35	93
35	94
35	96
35	97
35	98
35	99
35	100
35	101
35	103
35	104
35	105
35	106
35	108
35	109
35	110
35	111
35	113
35	114
35	115
35	116
35	117
35	118
35	119
35	120
35	121
35	123
35	125
35	126
35	127
35	129
35	130
35	131
35	132
35	133
35	134
35	135
35	136
35	137
35	138
35	139
35	140
35	141
35	142
35	143
35	144
35	145
35	146
35	147
35	148
35	149
35	150
35	151
35	152
35	153
35	154
35	155
35	156
35	157
35	158
35	159
35	160
35	161
35	162
36	78
36	86
36	91
36	100
36	101
36	109
36	110
36	113
36	114
36	115
36	116
36	118
36	119
36	120
36	121
36	123
36	126
36	127
36	129
36	130
36	131
36	132
36	133
36	134
36	135
36	136
36	137
36	139
36	140
36	141
36	142
36	143
36	144
36	145
36	146
36	147
36	148
36	149
36	150
36	151
36	152
36	153
36	154
36	155
36	156
36	157
36	158
36	159
36	160
36	161
36	162
37	71
37	78
37	83
37	86
37	87
37	93
37	94
37	96
37	97
37	98
37	99
37	100
37	101
37	103
37	104
37	105
37	106
37	109
37	110
37	111
37	113
37	114
37	115
37	116
37	117
37	118
37	119
37	120
37	121
37	123
37	125
37	126
37	127
37	129
37	130
37	131
37	132
37	133
37	134
37	135
37	136
37	137
37	139
37	140
37	141
37	142
37	143
37	144
37	145
37	146
37	147
37	148
37	149
37	150
37	151
37	152
37	153
37	154
37	155
37	156
37	157
37	158
37	159
37	160
37	161
37	162
38	78
38	93
38	94
38	97
38	98
38	99
38	100
38	120
38	121
38	123
38	127
38	131
38	134
38	135
38	139
38	140
38	143
38	144
38	145
38	147
38	149
38	150
38	153
38	154
38	155
38	156
38	157
38	158
38	159
38	160
38	161
38	162
39	78
39	86
39	87
39	91
39	92
39	93
39	94
39	97
39	99
39	100
39	109
39	110
39	111
39	114
39	115
39	116
39	118
39	119
39	120
39	121
39	123
39	125
39	126
39	127
39	130
39	131
39	132
39	134
39	135
39	136
39	137
39	139
39	140
39	141
39	142
39	143
39	144
39	145
39	146
39	147
39	148
39	149
39	150
39	151
39	152
39	153
39	154
39	155
39	156
39	157
39	158
39	159
39	160
39	161
39	162
40	78
40	100
40	110
40	115
40	120
40	134
40	135
40	139
40	144
40	147
40	149
40	150
40	153
40	154
40	157
40	158
40	159
40	161
40	162
41	134
41	135
41	139
41	144
41	149
41	150
41	153
41	154
41	157
41	158
41	159
41	161
41	162
42	78
42	100
42	120
42	134
42	135
42	139
42	144
42	147
42	149
42	150
42	153
42	154
42	157
42	158
42	159
42	161
42	162
43	78
43	100
43	110
43	115
43	120
43	134
43	135
43	139
43	144
43	147
43	149
43	150
43	151
43	152
43	153
43	154
43	157
43	158
43	159
43	161
43	162
44	78
44	83
44	86
44	87
44	93
44	94
44	99
44	100
44	101
44	109
44	110
44	113
44	114
44	115
44	116
44	118
44	119
44	120
44	121
44	123
44	126
44	127
44	129
44	130
44	131
44	132
44	133
44	134
44	135
44	136
44	137
44	139
44	140
44	141
44	142
44	143
44	144
44	145
44	146
44	147
44	148
44	149
44	150
44	151
44	152
44	153
44	154
44	155
44	156
44	157
44	158
44	159
44	160
44	161
44	162
45	78
45	93
45	94
45	100
45	110
45	115
45	120
45	134
45	135
45	139
45	144
45	147
45	149
45	150
45	151
45	152
45	153
45	154
45	157
45	158
45	159
45	161
45	162
46	86
46	87
46	100
46	109
46	110
46	114
46	115
46	116
46	118
46	119
46	120
46	123
46	126
46	127
46	130
46	131
46	132
46	134
46	135
46	136
46	137
46	139
46	140
46	141
46	142
46	143
46	144
46	145
46	146
46	147
46	148
46	149
46	150
46	151
46	152
46	153
46	154
46	155
46	156
46	157
46	158
46	159
46	160
46	161
46	162
47	86
47	100
47	109
47	110
47	114
47	115
47	116
47	118
47	119
47	120
47	123
47	126
47	127
47	130
47	131
47	132
47	134
47	135
47	136
47	137
47	139
47	140
47	141
47	142
47	143
47	144
47	145
47	146
47	147
47	148
47	149
47	150
47	151
47	152
47	153
47	154
47	155
47	156
47	157
47	158
47	159
47	160
47	161
47	162
48	100
48	134
48	135
48	139
48	144
48	149
48	150
48	153
48	154
48	157
48	158
48	159
48	161
48	162
49	100
49	134
49	150
49	157
49	158
49	161
49	162
50	65
50	69
50	71
50	78
50	100
50	110
50	115
50	120
50	134
50	135
50	139
50	144
50	147
50	149
50	150
50	153
50	154
50	157
50	158
50	159
50	161
50	162
51	100
51	123
51	127
51	134
51	135
51	139
51	144
51	149
51	150
51	153
51	154
51	156
51	157
51	158
51	159
51	161
51	162
52	100
52	121
52	123
52	127
52	131
52	134
52	135
52	139
52	140
52	144
52	149
52	150
52	153
52	154
52	155
52	156
52	157
52	158
52	159
52	161
52	162
53	86
53	99
53	100
53	109
53	110
53	114
53	115
53	116
53	118
53	119
53	120
53	121
53	123
53	126
53	127
53	129
53	130
53	131
53	132
53	133
53	134
53	135
53	136
53	137
53	139
53	140
53	141
53	142
53	143
53	144
53	145
53	146
53	147
53	148
53	149
53	150
53	151
53	152
53	153
53	154
53	155
53	156
53	157
53	158
53	159
53	160
53	161
53	162
54	150
54	153
54	157
54	158
54	161
54	162
55	78
55	99
55	100
55	120
55	121
55	123
55	127
55	131
55	134
55	135
55	139
55	140
55	144
55	147
55	149
55	150
55	153
55	154
55	155
55	156
55	157
55	158
55	159
55	161
55	162
56	99
56	100
56	109
56	110
56	115
56	119
56	120
56	121
56	123
56	127
56	131
56	134
56	135
56	139
56	140
56	144
56	147
56	149
56	150
56	153
56	154
56	155
56	156
56	157
56	158
56	159
56	161
56	162
57	78
57	97
57	100
57	123
57	140
57	145
57	149
57	150
57	153
57	154
57	155
57	157
57	158
57	159
57	161
57	162
58	99
58	100
58	109
58	110
58	115
58	116
58	119
58	120
58	121
58	123
58	127
58	129
58	130
58	131
58	133
58	134
58	135
58	139
58	140
58	142
58	143
58	144
58	145
58	147
58	148
58	149
58	150
58	151
58	152
58	153
58	154
58	155
58	156
58	157
58	158
58	159
58	160
58	161
58	162
59	100
59	123
59	150
59	157
59	158
59	159
59	161
59	162
60	78
60	99
60	100
60	109
60	110
60	115
60	119
60	120
60	121
60	123
60	127
60	131
60	134
60	135
60	139
60	140
60	144
60	147
60	149
60	150
60	153
60	154
60	155
60	156
60	157
60	158
60	159
60	161
60	162
61	100
61	134
61	135
61	139
61	144
61	149
61	150
61	153
61	157
61	158
61	159
61	161
61	162
62	100
62	120
62	134
62	135
62	139
62	144
62	147
62	149
62	150
62	153
62	154
62	157
62	158
62	159
62	161
62	162
63	100
63	134
63	135
63	139
63	144
63	149
63	150
63	153
63	154
63	157
63	158
63	159
63	161
63	162
64	100
64	120
64	134
64	135
64	139
64	144
64	147
64	149
64	150
64	153
64	154
64	157
64	158
64	159
64	161
64	162
65	86
65	99
65	100
65	102
65	109
65	110
65	114
65	115
65	116
65	118
65	119
65	120
65	121
65	122
65	123
65	126
65	127
65	129
65	130
65	131
65	132
65	133
65	134
65	135
65	136
65	137
65	139
65	140
65	141
65	142
65	143
65	144
65	145
65	146
65	147
65	148
65	149
65	150
65	151
65	152
65	153
65	154
65	155
65	156
65	157
65	158
65	159
65	160
65	161
65	162
66	71
66	78
66	86
66	91
66	96
66	99
66	100
66	101
66	102
66	106
66	109
66	110
66	111
66	113
66	114
66	115
66	116
66	117
66	118
66	119
66	120
66	121
66	122
66	123
66	124
66	125
66	126
66	127
66	128
66	129
66	130
66	131
66	132
66	133
66	134
66	135
66	136
66	137
66	139
66	140
66	141
66	142
66	143
66	144
66	145
66	146
66	147
66	148
66	149
66	150
66	151
66	152
66	153
66	154
66	155
66	156
66	157
66	158
66	159
66	160
66	161
66	162
67	100
67	120
67	121
67	123
67	127
67	131
67	134
67	135
67	139
67	140
67	144
67	147
67	149
67	150
67	153
67	154
67	155
67	156
67	157
67	158
67	159
67	161
67	162
68	86
68	96
68	97
68	99
68	100
68	102
68	104
68	106
68	109
68	110
68	111
68	114
68	115
68	116
68	117
68	118
68	119
68	120
68	121
68	122
68	123
68	124
68	125
68	126
68	127
68	129
68	130
68	131
68	132
68	133
68	134
68	135
68	136
68	137
68	139
68	140
68	141
68	142
68	143
68	144
68	145
68	146
68	147
68	148
68	149
68	150
68	151
68	152
68	153
68	154
68	155
68	156
68	157
68	158
68	159
68	160
68	161
68	162
69	71
69	78
69	86
69	87
69	90
69	91
69	93
69	94
69	99
69	100
69	101
69	102
69	105
69	109
69	110
69	113
69	114
69	115
69	116
69	118
69	119
69	120
69	121
69	122
69	123
69	126
69	127
69	128
69	129
69	130
69	131
69	132
69	133
69	134
69	135
69	136
69	137
69	139
69	140
69	141
69	142
69	143
69	144
69	145
69	146
69	147
69	148
69	149
69	150
69	151
69	152
69	153
69	154
69	155
69	156
69	157
69	158
69	159
69	160
69	161
69	162
70	100
70	120
70	123
70	131
70	134
70	135
70	139
70	140
70	144
70	149
70	150
70	153
70	154
70	155
70	157
70	158
70	159
70	161
70	162
71	122
71	123
71	134
71	135
71	139
71	144
71	150
71	157
71	158
71	159
71	161
71	162
72	134
72	150
72	157
72	158
72	161
72	162
73	150
73	157
73	158
73	161
73	162
74	150
74	157
74	158
74	161
74	162
75	134
75	135
75	139
75	144
75	150
75	153
75	157
75	158
75	159
75	161
75	162
76	100
76	134
76	135
76	139
76	144
76	149
76	150
76	153
76	157
76	158
76	159
76	161
76	162
77	134
77	135
77	139
77	144
77	149
77	150
77	153
77	157
77	158
77	159
77	161
77	162
78	100
78	102
78	109
78	110
78	114
78	115
78	116
78	118
78	119
78	120
78	121
78	122
78	123
78	126
78	127
78	128
78	131
78	132
78	134
78	135
78	136
78	137
78	138
78	139
78	140
78	142
78	144
78	147
78	148
78	149
78	150
78	151
78	152
78	153
78	154
78	155
78	156
78	157
78	158
78	159
78	161
78	162
79	134
79	149
79	150
79	153
79	157
79	158
79	161
79	162
80	150
80	157
80	158
80	161
80	162
81	150
81	157
81	158
81	161
81	162
82	150
82	157
82	158
82	161
82	162
83	134
83	150
83	157
83	158
83	161
83	162
84	100
84	144
84	150
84	153
84	157
84	158
84	159
84	161
84	162
85	150
85	157
85	158
85	161
85	162
86	100
86	149
86	150
86	153
86	157
86	158
86	161
86	162
87	100
87	121
87	123
87	131
87	134
87	135
87	140
87	144
87	149
87	150
87	153
87	154
87	155
87	157
87	158
87	159
87	161
87	162
88	150
88	157
88	158
88	161
88	162
89	100
89	150
89	157
89	158
89	161
89	162
90	100
90	123
90	140
90	149
90	150
90	153
90	154
90	155
90	157
90	158
90	159
90	161
90	162
91	149
91	150
91	153
91	157
91	158
91	161
91	162
92	123
92	134
92	135
92	144
92	149
92	150
92	153
92	154
92	157
92	158
92	159
92	161
92	162
93	109
93	122
93	123
93	127
93	131
93	134
93	135
93	139
93	140
93	144
93	149
93	150
93	153
93	154
93	155
93	157
93	158
93	159
93	161
93	162
94	109
94	110
94	119
94	121
94	122
94	123
94	127
94	128
94	131
94	134
94	135
94	138
94	139
94	140
94	144
94	149
94	150
94	153
94	154
94	155
94	156
94	157
94	158
94	159
94	161
94	162
95	150
95	153
95	157
95	158
95	159
95	161
95	162
96	123
96	134
96	135
96	137
96	139
96	144
96	149
96	150
96	153
96	157
96	158
96	159
96	161
96	162
97	123
97	131
97	134
97	135
97	136
97	137
97	139
97	140
97	144
97	149
97	150
97	153
97	154
97	155
97	157
97	158
97	159
97	161
97	162
98	123
98	131
98	134
98	135
98	139
98	140
98	144
98	149
98	150
98	153
98	154
98	155
98	157
98	158
98	159
98	161
98	162
99	131
99	134
99	135
99	139
99	140
99	144
99	150
99	153
99	154
99	155
99	157
99	158
99	159
99	161
99	162
100	108
100	109
100	111
100	122
100	123
100	125
100	127
100	128
100	129
100	130
100	131
100	132
100	133
100	134
100	135
100	136
100	137
100	139
100	140
100	141
100	142
100	143
100	144
100	145
100	146
100	148
100	149
100	150
100	151
100	152
100	153
100	154
100	155
100	157
100	158
100	159
100	160
100	161
100	162
101	123
101	149
101	150
101	153
101	157
101	158
101	159
101	161
101	162
102	134
102	135
102	144
102	149
102	150
102	154
102	157
102	158
102	159
102	161
102	162
103	150
103	157
103	158
103	159
103	161
103	162
104	123
104	134
104	135
104	139
104	144
104	149
104	150
104	153
104	154
104	157
104	158
104	159
104	161
104	162
105	150
105	157
105	158
105	161
105	162
106	150
106	157
106	158
106	161
106	162
107	150
107	157
107	158
107	161
107	162
108	150
108	157
108	158
108	161
108	162
109	123
109	134
109	135
109	139
109	144
109	149
109	150
109	153
109	154
109	157
109	158
109	159
109	161
109	162
110	121
110	122
110	123
110	131
110	134
110	135
110	139
110	140
110	144
110	149
110	150
110	153
110	154
110	155
110	157
110	158
110	159
110	161
110	162
111	123
111	137
111	149
111	150
111	157
111	158
111	161
111	162
112	134
112	135
112	144
112	149
112	150
112	157
112	158
112	159
112	161
112	162
113	123
113	134
113	150
113	157
113	158
113	159
113	161
113	162
114	150
114	154
114	157
114	158
114	161
114	162
115	131
115	134
115	135
115	139
115	140
115	144
115	150
115	153
115	154
115	155
115	157
115	158
115	159
115	161
115	162
116	123
116	131
116	134
116	135
116	139
116	140
116	143
116	144
116	150
116	153
116	154
116	155
116	157
116	158
116	159
116	161
116	162
117	134
117	135
117	139
117	144
117	150
117	153
117	157
117	158
117	161
117	162
118	140
118	150
118	153
118	157
118	158
118	161
118	162
119	134
119	135
119	139
119	144
119	150
119	153
119	154
119	157
119	158
119	161
119	162
120	122
120	123
120	131
120	134
120	135
120	137
120	139
120	140
120	143
120	144
120	145
120	150
120	153
120	154
120	155
120	157
120	158
120	159
120	161
120	162
121	143
121	144
121	149
121	150
121	153
121	157
121	158
121	159
121	161
121	162
122	144
122	150
122	152
122	153
122	157
122	158
122	159
122	161
122	162
123	125
123	127
123	134
123	135
123	136
123	137
123	139
123	142
123	144
123	147
123	149
123	150
123	151
123	152
123	153
123	154
123	156
123	157
123	158
123	159
123	161
123	162
124	150
124	157
124	158
124	159
124	161
124	162
125	150
125	154
125	157
125	158
125	161
125	162
126	150
126	157
126	158
126	159
126	161
126	162
127	138
127	145
127	149
127	150
127	153
127	154
127	155
127	157
127	158
127	159
127	160
127	161
127	162
128	144
128	150
128	157
128	158
128	159
128	161
128	162
129	150
129	153
129	157
129	158
129	159
129	161
129	162
130	150
130	157
130	158
130	161
130	162
131	138
131	144
131	150
131	153
131	157
131	158
131	159
131	161
131	162
132	150
132	153
132	157
132	158
132	159
132	161
132	162
133	150
133	157
133	158
133	161
133	162
134	138
134	144
134	145
134	147
134	149
134	150
134	151
134	152
134	153
134	157
134	158
134	159
134	160
134	161
134	162
135	138
135	144
135	147
135	149
135	150
135	157
135	158
135	159
135	161
135	162
136	145
136	149
136	150
136	157
136	158
136	159
136	161
136	162
137	145
137	149
137	150
137	153
137	154
137	155
137	157
137	158
137	159
137	161
137	162
138	139
138	140
138	143
138	144
138	149
138	150
138	153
138	154
138	155
138	157
138	158
138	161
138	162
139	147
139	149
139	150
139	157
139	158
139	159
139	161
139	162
140	150
140	153
140	157
140	158
140	159
140	161
140	162
141	150
141	157
141	158
141	161
141	162
142	150
142	157
142	158
142	159
142	161
142	162
143	150
143	157
143	158
143	161
143	162
144	147
144	149
144	150
144	154
144	157
144	158
144	159
144	161
144	162
145	149
145	150
145	153
145	157
145	158
145	161
145	162
146	150
146	157
146	158
146	161
146	162
147	150
147	153
147	154
147	157
147	158
147	159
147	161
147	162
148	150
148	157
148	158
148	159
148	161
148	162
149	150
149	153
149	154
149	157
149	158
149	159
149	160
149	161
149	162
150	151
150	152
150	153
150	154
150	155
150	156
150	157
150	158
150	159
150	160
150	161
150	162
151	157
151	158
151	161
151	162
152	157
152	158
152	161
152	162
153	157
153	158
153	159
153	161
153	162
154	157
154	158
154	161
154	162
155	157
155	158
155	161
155	162
156	157
156	158
156	159
156	161
156	162
157	159
157	160
157	161
157	162
158	159
158	160
158	161
158	162
159	161
159	162
160	161
160	162