62	174
1	61
3	6
3	10
3	23
3	32
3	33
3	49
3	57
3	61
4	33
4	57
4	61
5	6
5	7
5	10
5	14
5	23
5	26
5	32
5	33
5	49
5	57
5	61
6	11
6	12
6	13
6	25
6	30
6	36
6	47
6	50
6	54
6	56
6	59
7	12
7	36
7	47
7	50
7	54
7	59
9	61
10	12
10	13
10	25
10	30
10	36
10	47
10	50
10	54
10	56
10	59
11	33
11	49
11	57
11	61
12	14
12	23
12	26
12	32
12	33
12	49
12	57
12	61
13	23
13	32
13	33
13	49
13	57
13	61
14	36
14	47
14	50
14	54
14	59
15	61
16	61
17	33
17	57
17	61
18	36
19	33
19	57
19	61
21	61
22	33
22	57
22	61
23	25
23	30
23	36
23	47
23	50
23	54
23	56
23	59
24	61
25	32
25	33
25	49
25	57
25	61
26	36
26	47
26	50
26	54
26	59
27	36
30	32
30	33
30	49
30	57
30	61
32	36
32	47
32	50
32	54
32	56
32	59
33	35
33	36
33	39
33	44
33	45
33	46
33	47
33	50
33	51
33	52
33	54
33	56
33	59
33	62
34	61
35	57
35	61
36	42
36	49
36	57
36	58
36	61
38	61
39	57
39	61
43	61
44	57
44	61
45	57
45	61
46	57
46	61
47	49
47	57
47	61
48	61
49	50
49	54
49	56
49	59
50	57
50	61
51	57
51	61
52	57
52	61
53	61
54	57
54	61
56	57
56	61
57	59
57	62
59	61
60	61
61	62