62	784
1	5
1	6
1	7
1	10
1	12
1	14
1	18
1	23
1	26
1	27
1	32
1	33
1	42
1	49
1	57
1	58
1	61
2	3
2	5
2	12
2	13
2	25
2	30
2	36
2	47
2	50
2	54
2	56
2	59
2	61
3	4
3	5
3	6
3	7
3	10
3	12
3	13
3	14
3	18
3	23
3	24
3	26
3	27
3	28
3	32
3	33
3	40
3	42
3	47
3	49
3	55
3	56
3	57
3	58
3	60
3	61
4	5
4	6
4	7
4	10
4	12
4	14
4	18
4	20
4	23
4	26
4	27
4	28
4	32
4	33
4	36
4	42
4	49
4	55
4	57
4	58
4	61
5	6
5	7
5	8
5	10
5	13
5	14
5	18
5	20
5	23
5	26
5	27
5	28
5	29
5	31
5	32
5	33
5	35
5	39
5	40
5	41
5	42
5	45
5	47
5	48
5	49
5	50
5	54
5	55
5	57
5	58
5	59
5	61
5	62
6	9
6	11
6	12
6	13
6	15
6	16
6	17
6	19
6	21
6	22
6	24
6	25
6	27
6	29
6	30
6	31
6	34
6	35
6	36
6	38
6	39
6	41
6	43
6	44
6	45
6	46
6	47
6	48
6	50
6	51
6	52
6	53
6	54
6	56
6	59
6	60
6	62
7	9
7	11
7	12
7	13
7	15
7	16
7	17
7	19
7	21
7	22
7	24
7	25
7	30
7	34
7	35
7	36
7	38
7	39
7	43
7	44
7	45
7	46
7	47
7	48
7	50
7	51
7	52
7	53
7	54
7	56
7	59
7	60
7	62
8	12
8	36
8	45
8	47
8	50
8	52
8	54
8	59
8	61
9	10
9	14
9	23
9	26
9	32
9	33
9	49
9	57
9	58
9	61
10	11
10	12
10	13
10	15
10	16
10	17
10	19
10	21
10	22
10	24
10	25
10	30
10	31
10	34
10	35
10	36
10	38
10	39
10	41
10	43
10	44
10	45
10	46
10	47
10	48
10	50
10	51
10	52
10	53
10	54
10	56
10	59
10	60
10	62
11	13
11	14
11	18
11	23
11	26
11	27
11	28
11	32
11	33
11	40
11	42
11	49
11	50
11	55
11	57
11	58
11	59
11	61
12	13
12	14
12	18
12	20
12	23
12	26
12	27
12	28
12	29
12	31
12	32
12	33
12	35
12	39
12	40
12	41
12	42
12	45
12	47
12	48
12	49
12	50
12	54
12	55
12	57
12	58
12	59
12	61
12	62
13	14
13	18
13	20
13	23
13	24
13	26
13	27
13	28
13	29
13	31
13	32
13	33
13	36
13	40
13	42
13	48
13	49
13	55
13	56
13	57
13	58
13	60
13	61
14	15
14	16
14	17
14	19
14	21
14	22
14	24
14	25
14	30
14	34
14	35
14	36
14	38
14	39
14	43
14	44
14	45
14	46
14	47
14	48
14	50
14	51
14	52
14	53
14	54
14	56
14	59
14	60
14	62
15	18
15	23
15	26
15	27
15	32
15	33
15	42
15	49
15	57
15	58
15	61
16	18
16	23
16	26
16	27
16	32
16	33
16	42
16	47
16	49
16	50
16	54
16	57
16	58
16	59
16	61
17	18
17	20
17	23
17	26
17	27
17	28
17	32
17	33
17	36
17	42
17	49
17	55
17	57
17	58
17	61
18	19
18	22
18	25
18	30
18	34
18	35
18	36
18	39
18	43
18	44
18	45
18	46
18	47
18	50
18	51
18	52
18	53
18	54
18	56
18	59
18	62
19	20
19	23
19	26
19	27
19	28
19	32
19	33
19	42
19	49
19	50
19	55
19	57
19	58
19	61
20	22
20	25
20	30
20	35
20	36
20	39
20	44
20	45
20	46
20	47
20	50
20	52
20	54
20	56
20	59
20	61
20	62
21	23
21	26
21	32
21	33
21	49
21	57
21	61
22	23
22	26
22	27
22	28
22	31
22	32
22	33
22	42
22	49
22	55
22	57
22	58
22	61
23	24
23	25
23	30
23	31
23	34
23	35
23	36
23	38
23	39
23	41
23	43
23	44
23	45
23	46
23	47
23	48
23	50
23	51
23	52
23	53
23	54
23	56
23	59
23	60
23	61
23	62
24	26
24	31
24	32
24	33
24	47
24	49
24	50
24	54
24	57
24	59
24	61
25	26
25	27
25	28
25	31
25	32
25	33
25	40
25	42
25	49
25	55
25	57
25	58
25	61
26	30
26	34
26	35
26	36
26	38
26	39
26	43
26	44
26	45
26	46
26	47
26	48
26	50
26	51
26	52
26	53
26	54
26	56
26	59
26	60
26	61
26	62
27	30
27	33
27	34
27	35
27	36
27	39
27	43
27	44
27	45
27	46
27	47
27	49
27	50
27	51
27	52
27	53
27	54
27	56
27	57
27	59
27	61
27	62
28	30
28	35
28	36
28	39
28	44
28	45
28	46
28	47
28	50
28	51
28	52
28	54
28	56
28	59
28	61
28	62
29	33
29	36
29	47
29	49
29	50
29	54
29	56
29	57
29	61
30	32
30	33
30	40
30	42
30	49
30	55
30	57
30	58
30	61
31	32
31	33
31	35
31	36
31	40
31	44
31	47
31	49
31	50
31	54
31	56
31	57
31	59
31	61
32	34
32	35
32	36
32	38
32	39
32	41
32	43
32	44
32	45
32	46
32	47
32	48
32	50
32	51
32	52
32	53
32	54
32	56
32	59
32	60
32	61
32	62
33	34
33	35
33	36
33	37
33	38
33	39
33	41
33	43
33	44
33	45
33	46
33	47
33	48
33	50
33	51
33	52
33	53
33	54
33	56
33	59
33	60
33	62
34	42
34	49
34	57
34	58
34	61
35	36
35	42
35	49
35	55
35	56
35	57
35	58
35	61
36	37
36	40
36	42
36	45
36	49
36	50
36	55
36	57
36	58
36	59
36	61
36	62
37	57
37	61
38	49
38	57
38	61
39	42
39	49
39	55
39	56
39	57
39	58
39	61
40	43
40	47
40	50
40	54
40	56
40	59
40	61
41	49
41	57
41	61
42	43
42	44
42	45
42	46
42	47
42	50
42	51
42	52
42	53
42	54
42	56
42	59
42	62
43	47
43	49
43	50
43	57
43	58
43	59
43	61
44	49
44	55
44	57
44	58
44	61
45	49
45	55
45	56
45	57
45	58
45	61
46	49
46	55
46	57
46	58
46	59
46	61
47	48
47	49
47	55
47	56
47	57
47	58
47	60
47	61
48	49
48	50
48	54
48	57
48	58
48	61
49	50
49	51
49	52
49	53
49	54
49	56
49	59
49	60
49	61
49	62
50	52
50	55
50	56
50	57
50	58
50	59
50	60
50	61
51	55
51	57
51	58
51	61
52	55
52	57
52	58
52	59
52	61
53	57
53	58
53	61
54	55
54	56
54	57
54	58
54	60
54	61
55	56
55	59
55	62
56	57
56	58
56	59
56	61
56	62
57	59
57	60
57	61
57	62
58	59
58	62
59	60
59	61
59	62
60	61
61	62