62	432
1	6
1	10
1	23
1	32
1	33
1	49
1	57
1	61
2	36
3	6
3	7
3	10
3	14
3	18
3	23
3	26
3	27
3	32
3	33
3	42
3	49
3	57
3	58
3	61
4	6
4	7
4	10
4	14
4	23
4	26
4	32
4	33
4	49
4	57
4	61
5	6
5	7
5	8
5	10
5	14
5	18
5	20
5	23
5	26
5	27
5	28
5	32
5	33
5	42
5	49
5	50
5	55
5	57
5	58
5	59
5	61
6	9
6	11
6	12
6	13
6	15
6	16
6	17
6	19
6	22
6	25
6	30
6	34
6	35
6	36
6	39
6	43
6	44
6	45
6	46
6	47
6	48
6	50
6	51
6	52
6	53
6	54
6	56
6	59
6	62
7	11
7	12
7	13
7	17
7	19
7	22
7	25
7	30
7	35
7	36
7	39
7	44
7	45
7	46
7	47
7	50
7	51
7	52
7	54
7	56
7	59
7	62
8	12
9	33
9	49
9	57
9	61
10	11
10	12
10	13
10	15
10	16
10	17
10	19
10	22
10	25
10	30
10	34
10	35
10	36
10	39
10	43
10	44
10	45
10	46
10	47
10	50
10	51
10	52
10	53
10	54
10	56
10	59
10	62
11	14
11	23
11	26
11	32
11	33
11	49
11	57
11	58
11	61
12	14
12	18
12	20
12	23
12	26
12	27
12	28
12	32
12	33
12	42
12	49
12	50
12	55
12	57
12	58
12	59
12	61
13	14
13	18
13	23
13	26
13	27
13	32
13	33
13	42
13	49
13	57
13	58
13	61
14	17
14	19
14	22
14	25
14	30
14	35
14	36
14	39
14	44
14	45
14	46
14	47
14	50
14	51
14	52
14	54
14	56
14	59
14	62
15	23
15	32
15	33
15	49
15	57
15	61
16	23
16	32
16	33
16	49
16	57
16	61
17	23
17	26
17	32
17	33
17	49
17	57
17	61
18	25
18	30
18	36
18	47
18	50
18	54
18	56
18	59
19	23
19	26
19	32
19	33
19	49
19	57
19	61
20	36
20	47
20	50
20	54
20	59
21	33
21	57
21	61
22	23
22	26
22	32
22	33
22	49
22	57
22	61
23	25
23	30
23	34
23	35
23	36
23	39
23	43
23	44
23	45
23	46
23	47
23	50
23	51
23	52
23	53
23	54
23	56
23	59
23	62
24	33
24	57
24	61
25	26
25	27
25	32
25	33
25	42
25	49
25	57
25	58
25	61
26	30
26	35
26	36
26	39
26	44
26	45
26	46
26	47
26	50
26	51
26	52
26	54
26	56
26	59
26	62
27	30
27	36
27	47
27	50
27	54
27	56
27	59
27	61
28	36
28	47
28	50
28	54
28	59
29	61
30	32
30	33
30	42
30	49
30	57
30	58
30	61
31	47
31	50
31	61
32	34
32	35
32	36
32	39
32	43
32	44
32	45
32	46
32	47
32	50
32	51
32	52
32	53
32	54
32	56
32	59
32	62
33	34
33	35
33	36
33	38
33	39
33	43
33	44
33	45
33	46
33	47
33	48
33	50
33	51
33	52
33	53
33	54
33	56
33	59
33	60
33	62
34	49
34	57
34	61
35	49
35	57
35	61
36	40
36	42
36	49
36	55
36	57
36	58
36	61
37	61
38	57
38	61
39	49
39	57
39	61
41	61
42	47
42	50
42	54
42	56
42	59
43	49
43	57
43	61
44	49
44	57
44	61
45	49
45	57
45	61
46	49
46	57
46	61
47	49
47	55
47	57
47	58
47	61
48	49
48	57
48	61
49	50
49	51
49	52
49	53
49	54
49	56
49	59
49	62
50	55
50	56
50	57
50	58
50	61
51	57
51	61
52	57
52	61
53	57
53	61
54	55
54	57
54	58
54	61
55	59
56	57
56	58
56	59
56	61
57	59
57	60
57	62
58	59
59	61
60	61
61	62