120	3250
1	14
1	28
1	29
1	48
1	49
1	50
1	51
1	55
1	56
1	63
1	64
1	81
1	100
1	101
1	102
1	103
1	104
1	105
1	106
1	107
1	108
1	109
1	110
1	111
1	112
1	113
1	114
1	115
1	116
1	117
1	118
1	119
1	120
2	14
2	28
2	29
2	48
2	49
2	50
2	51
2	55
2	56
2	63
2	64
2	81
2	100
2	101
2	102
2	103
2	104
2	105
2	106
2	107
2	108
2	109
2	110
2	111
2	112
2	113
2	114
2	115
2	116
2	117
2	118
2	119
2	120
3	14
3	28
3	29
3	48
3	49
3	50
3	51
3	55
3	56
3	63
3	64
3	81
3	100
3	101
3	102
3	103
3	104
3	105
3	106
3	107
3	108
3	109
3	110
3	111
3	112
3	113
3	114
3	115
3	116
3	117
3	118
3	119
3	120
4	14
4	28
4	29
4	48
4	49
4	50
4	51
4	55
4	56
4	63
4	64
4	81
4	100
4	101
4	102
4	103
4	104
4	105
4	106
4	107
4	108
4	109
4	110
4	111
4	112
4	113
4	114
4	115
4	116
4	117
4	118
4	119
4	120
5	14
5	28
5	29
5	48
5	49
5	50
5	51
5	63
5	64
5	81
5	100
5	101
5	102
5	103
5	104
5	105
5	106
5	107
5	108
5	109
5	110
5	111
5	112
5	113
5	114
5	115
5	116
5	117
5	118
5	119
5	120
6	14
6	28
6	29
6	48
6	49
6	50
6	51
6	55
6	56
6	63
6	64
6	81
6	100
6	101
6	102
6	103
6	104
6	105
6	106
6	107
6	108
6	109
6	110
6	111
6	112
6	113
6	114
6	115
6	116
6	117
6	118
6	119
6	120
7	14
7	28
7	29
7	48
7	49
7	50
7	51
7	55
7	56
7	57
7	59
7	61
7	63
7	64
7	81
7	100
7	101
7	102
7	103
7	104
7	105
7	106
7	107
7	108
7	109
7	110
7	111
7	112
7	113
7	114
7	115
7	116
7	117
7	118
7	119
7	120
8	14
8	28
8	29
8	48
8	49
8	50
8	51
8	55
8	56
8	63
8	64
8	81
8	100
8	101
8	102
8	103
8	104
8	105
8	106
8	107
8	108
8	109
8	110
8	111
8	112
8	113
8	114
8	115
8	116
8	117
8	118
8	119
8	120
9	14
9	28
9	29
9	48
9	49
9	50
9	51
9	55
9	56
9	57
9	59
9	61
9	63
9	64
9	81
9	100
9	101
9	102
9	103
9	104
9	105
9	106
9	107
9	108
9	109
9	110
9	111
9	112
9	113
9	114
9	115
9	116
9	117
9	118
9	119
9	120
10	14
10	28
10	29
10	48
10	49
10	50
10	51
10	55
10	56
10	63
10	64
10	81
10	100
10	101
10	102
10	103
10	104
10	105
10	106
10	107
10	108
10	109
10	110
10	111
10	112
10	113
10	114
10	115
10	116
10	117
10	118
10	119
10	120
11	14
11	28
11	29
11	48
11	49
11	50
11	51
11	55
11	56
11	63
11	64
11	81
11	100
11	101
11	102
11	103
11	104
11	105
11	106
11	107
11	108
11	109
11	110
11	111
11	112
11	113
11	114
11	115
11	116
11	117
11	118
11	119
11	120
12	14
12	28
12	29
12	48
12	49
12	50
12	51
12	55
12	56
12	63
12	64
12	81
12	100
12	101
12	102
12	103
12	104
12	105
12	106
12	107
12	108
12	109
12	110
12	111
12	112
12	113
12	114
12	115
12	116
12	117
12	118
12	119
12	120
13	14
13	28
13	29
13	48
13	49
13	50
13	51
13	55
13	56
13	63
13	64
13	81
13	100
13	101
13	102
13	103
13	104
13	105
13	106
13	107
13	108
13	109
13	110
13	111
13	112
13	113
13	114
13	115
13	116
13	117
13	118
13	119
13	120
14	15
14	16
14	17
14	18
14	19
14	20
14	21
14	22
14	23
14	24
14	25
14	26
14	27
14	28
14	29
14	30
14	31
14	32
14	33
14	34
14	35
14	36
14	37
14	38
14	39
14	40
14	41
14	42
14	43
14	44
14	45
14	46
14	47
14	48
14	49
14	50
14	51
14	52
14	53
14	54
14	55
14	56
14	57
14	58
14	59
14	60
14	61
14	62
14	63
14	64
14	65
14	66
14	67
14	68
14	69
14	70
14	71
14	72
14	73
14	74
14	75
14	76
14	77
14	78
14	79
14	80
14	81
14	82
14	83
14	84
14	85
14	86
14	87
14	88
14	89
14	90
14	91
14	92
14	93
14	94
14	95
14	96
14	97
14	98
14	99
14	100
14	101
14	102
14	103
14	104
14	105
14	106
14	107
14	108
14	109
14	110
14	111
14	112
14	113
14	114
14	115
14	116
14	117
14	118
14	119
14	120
15	28
15	29
15	48
15	49
15	50
15	51
15	63
15	64
15	81
15	100
15	101
15	102
15	103
15	104
15	105
15	106
15	107
15	108
15	109
15	110
15	111
15	112
15	113
15	114
15	115
15	116
15	117
15	118
15	119
15	120
16	28
16	29
16	48
16	49
16	50
16	51
16	55
16	56
16	57
16	59
16	61
16	63
16	64
16	81
16	100
16	101
16	102
16	103
16	104
16	105
16	106
16	107
16	108
16	109
16	110
16	111
16	112
16	113
16	114
16	115
16	116
16	117
16	118
16	119
16	120
17	28
17	29
17	48
17	49
17	50
17	51
17	55
17	56
17	63
17	64
17	81
17	100
17	101
17	102
17	103
17	104
17	105
17	106
17	107
17	108
17	109
17	110
17	111
17	112
17	113
17	114
17	115
17	116
17	117
17	118
17	119
17	120
18	28
18	29
18	48
18	49
18	50
18	51
18	55
18	56
18	63
18	64
18	81
18	100
18	101
18	102
18	103
18	104
18	105
18	106
18	107
18	108
18	109
18	110
18	111
18	112
18	113
18	114
18	115
18	116
18	117
18	118
18	119
18	120
19	28
19	29
19	48
19	49
19	50
19	51
19	55
19	56
19	63
19	64
19	81
19	100
19	101
19	102
19	103
19	104
19	105
19	106
19	107
19	108
19	109
19	110
19	111
19	112
19	113
19	114
19	115
19	116
19	117
19	118
19	119
19	120
20	28
20	29
20	48
20	49
20	50
20	51
20	63
20	64
20	81
20	100
20	101
20	102
20	103
20	104
20	105
20	106
20	107
20	108
20	109
20	110
20	111
20	112
20	113
20	114
20	115
20	116
20	117
20	118
20	119
20	120
21	28
21	29
21	48
21	49
21	50
21	51
21	55
21	56
21	57
21	59
21	61
21	63
21	64
21	81
21	100
21	101
21	102
21	103
21	104
21	105
21	106
21	107
21	108
21	109
21	110
21	111
21	112
21	113
21	114
21	115
21	116
21	117
21	118
21	119
21	120
22	28
22	29
22	48
22	49
22	50
22	51
22	55
22	56
22	57
22	59
22	61
22	63
22	64
22	81
22	100
22	101
22	102
22	103
22	104
22	105
22	106
22	107
22	108
22	109
22	110
22	111
22	112
22	113
22	114
22	115
22	116
22	117
22	118
22	119
22	120
23	28
23	29
23	48
23	49
23	50
23	51
23	55
23	56
23	63
23	64
23	81
23	100
23	101
23	102
23	103
23	104
23	105
23	106
23	107
23	108
23	109
23	110
23	111
23	112
23	113
23	114
23	115
23	116
23	117
23	118
23	119
23	120
24	28
24	29
24	48
24	49
24	50
24	51
24	55
24	56
24	63
24	64
24	81
24	100
24	101
24	102
24	103
24	104
24	105
24	106
24	107
24	108
24	109
24	110
24	111
24	112
24	113
24	114
24	115
24	116
24	117
24	118
24	119
24	120
25	28
25	29
25	48
25	49
25	50
25	51
25	63
25	64
25	81
25	100
25	101
25	102
25	103
25	104
25	105
25	106
25	107
25	108
25	109
25	110
25	111
25	112
25	113
25	114
25	115
25	116
25	117
25	118
25	119
25	120
26	28
26	29
26	48
26	49
26	50
26	51
26	63
26	64
26	81
26	100
26	101
26	102
26	103
26	104
26	105
26	106
26	107
26	108
26	109
26	110
26	111
26	112
26	113
26	114
26	115
26	116
26	117
26	118
26	119
26	120
27	28
27	29
27	48
27	49
27	50
27	51
27	63
27	64
27	81
27	100
27	101
27	102
27	103
27	104
27	105
27	106
27	107
27	108
27	109
27	110
27	111
27	112
27	113
27	114
27	115
27	116
27	117
27	118
27	119
27	120
28	30
28	31
28	32
28	33
28	34
28	35
28	36
28	37
28	38
28	39
28	40
28	41
28	42
28	43
28	44
28	45
28	46
28	47
28	48
28	49
28	50
28	51
28	52
28	53
28	54
28	55
28	56
28	57
28	58
28	59
28	60
28	61
28	62
28	63
28	64
28	65
28	66
28	67
28	68
28	69
28	70
28	71
28	72
28	73
28	74
28	75
28	76
28	77
28	78
28	79
28	80
28	81
28	82
28	83
28	84
28	85
28	86
28	87
28	88
28	89
28	90
28	91
28	92
28	93
28	94
28	95
28	96
28	97
28	98
28	99
28	100
28	101
28	102
28	103
28	104
28	105
28	106
28	107
28	108
28	109
28	110
28	111
28	112
28	113
28	114
28	115
28	116
28	117
28	118
28	119
28	120
29	30
29	31
29	32
29	33
29	34
29	35
29	36
29	37
29	38
29	39
29	40
29	41
29	42
29	43
29	44
29	45
29	46
29	47
29	48
29	49
29	50
29	51
29	52
29	53
29	54
29	55
29	56
29	57
29	58
29	59
29	60
29	61
29	62
29	63
29	64
29	65
29	66
29	67
29	68
29	69
29	70
29	71
29	72
29	73
29	74
29	75
29	76
29	77
29	78
29	79
29	80
29	81
29	82
29	83
29	84
29	85
29	86
29	87
29	88
29	89
29	90
29	91
29	92
29	93
29	94
29	95
29	96
29	97
29	98
29	99
29	100
29	101
29	102
29	103
29	104
29	105
29	106
29	107
29	108
29	109
29	110
29	111
29	112
29	113
29	114
29	115
29	116
29	117
29	118
29	119
29	120
30	48
30	49
30	50
30	51
30	63
30	64
30	81
30	100
30	101
30	102
30	103
30	104
30	105
30	106
30	107
30	108
30	109
30	110
30	111
30	112
30	113
30	114
30	115
30	116
30	117
30	118
30	119
30	120
31	48
31	49
31	50
31	51
31	63
31	64
31	81
31	100
31	101
31	102
31	103
31	104
31	105
31	106
31	107
31	108
31	109
31	110
31	111
31	112
31	113
31	114
31	115
31	116
31	117
31	118
31	119
31	120
32	48
32	49
32	50
32	51
32	63
32	64
32	81
32	100
32	101
32	102
32	103
32	104
32	105
32	106
32	107
32	108
32	109
32	110
32	111
32	112
32	113
32	114
32	115
32	116
32	117
32	118
32	119
32	120
33	48
33	49
33	50
33	51
33	63
33	64
33	81
33	100
33	101
33	102
33	103
33	104
33	105
33	106
33	107
33	108
33	109
33	110
33	111
33	112
33	113
33	114
33	115
33	116
33	117
33	118
33	119
33	120
34	48
34	49
34	50
34	51
34	63
34	64
34	81
34	100
34	101
34	102
34	103
34	104
34	105
34	106
34	107
34	108
34	109
34	110
34	111
34	112
34	113
34	114
34	115
34	116
34	117
34	118
34	119
34	120
35	48
35	49
35	50
35	51
35	63
35	64
35	81
35	100
35	101
35	102
35	103
35	104
35	105
35	106
35	107
35	108
35	109
35	110
35	111
35	112
35	113
35	114
35	115
35	116
35	117
35	118
35	119
35	120
36	48
36	49
36	50
36	51
36	63
36	64
36	81
36	100
36	101
36	102
36	103
36	104
36	105
36	106
36	107
36	108
36	109
36	110
36	111
36	112
36	113
36	114
36	115
36	116
36	117
36	118
36	119
36	120
37	48
37	49
37	50
37	51
37	63
37	64
37	81
37	100
37	101
37	102
37	103
37	104
37	105
37	106
37	107
37	108
37	109
37	110
37	111
37	112
37	113
37	114
37	115
37	116
37	117
37	118
37	119
37	120
38	48
38	49
38	50
38	51
38	63
38	64
38	81
38	100
38	101
38	102
38	103
38	104
38	105
38	106
38	107
38	108
38	109
38	110
38	111
38	112
38	113
38	114
38	115
38	116
38	117
38	118
38	119
38	120
39	48
39	49
39	50
39	51
39	63
39	64
39	81
39	100
39	101
39	102
39	103
39	104
39	105
39	106
39	107
39	108
39	109
39	110
39	111
39	112
39	113
39	114
39	115
39	116
39	117
39	118
39	119
39	120
40	48
40	49
40	50
40	51
40	63
40	64
40	81
40	100
40	101
40	102
40	103
40	104
40	105
40	106
40	107
40	108
40	109
40	110
40	111
40	112
40	113
40	114
40	115
40	116
40	117
40	118
40	119
40	120
41	48
41	49
41	50
41	51
41	63
41	64
41	81
41	100
41	101
41	102
41	103
41	104
41	105
41	106
41	107
41	108
41	109
41	110
41	111
41	112
41	113
41	114
41	115
41	116
41	117
41	118
41	119
41	120
42	48
42	49
42	50
42	51
42	63
42	64
42	81
42	100
42	101
42	102
42	103
42	104
42	105
42	106
42	107
42	108
42	109
42	110
42	111
42	112
42	113
42	114
42	115
42	116
42	117
42	118
42	119
42	120
43	48
43	49
43	50
43	51
43	63
43	64
43	81
43	100
43	101
43	102
43	103
43	104
43	105
43	106
43	107
43	108
43	109
43	110
43	111
43	112
43	113
43	114
43	115
43	116
43	117
43	118
43	119
43	120
44	48
44	49
44	50
44	51
44	63
44	64
44	81
44	100
44	101
44	102
44	103
44	104
44	105
44	106
44	107
44	108
44	109
44	110
44	111
44	112
44	113
44	114
44	115
44	116
44	117
44	118
44	119
44	120
45	48
45	49
45	50
45	51
45	63
45	64
45	81
45	100
45	101
45	102
45	103
45	104
45	105
45	106
45	107
45	108
45	109
45	110
45	111
45	112
45	113
45	114
45	115
45	116
45	117
45	118
45	119
45	120
46	48
46	49
46	50
46	51
46	63
46	64
46	81
46	100
46	101
46	102
46	103
46	104
46	105
46	106
46	107
46	108
46	109
46	110
46	111
46	112
46	113
46	114
46	115
46	116
46	117
46	118
46	119
46	120
47	48
47	49
47	50
47	51
47	63
47	64
47	81
47	100
47	101
47	102
47	103
47	104
47	105
47	106
47	107
47	108
47	109
47	110
47	111
47	112
47	113
47	114
47	115
47	116
47	117
47	118
47	119
47	120
48	49
48	50
48	51
48	52
48	53
48	54
48	55
48	56
48	57
48	58
48	59
48	60
48	61
48	62
48	63
48	64
48	65
48	66
48	67
48	68
48	69
48	70
48	71
48	72
48	73
48	74
48	75
48	76
48	77
48	78
48	79
48	80
48	81
48	82
48	83
48	84
48	85
48	86
48	87
48	88
48	89
48	90
48	91
48	92
48	93
48	94
48	95
48	96
48	97
48	98
48	99
48	100
48	101
48	102
48	103
48	104
48	105
48	106
48	107
48	108
48	109
48	110
48	111
48	112
48	113
48	114
48	115
48	116
48	117
48	118
48	119
48	120
49	52
49	53
49	54
49	55
49	56
49	57
49	58
49	59
49	60
49	61
49	62
49	63
49	64
49	65
49	66
49	67
49	68
49	69
49	70
49	71
49	72
49	73
49	74
49	75
49	76
49	77
49	78
49	79
49	80
49	81
49	82
49	83
49	84
49	85
49	86
49	87
49	88
49	89
49	90
49	91
49	92
49	93
49	94
49	95
49	96
49	97
49	98
49	99
49	100
49	101
49	102
49	103
49	104
49	105
49	106
49	107
49	108
49	109
49	110
49	111
49	112
49	113
49	114
49	115
49	116
49	117
49	118
49	119
49	120
50	52
50	53
50	54
50	55
50	56
50	57
50	58
50	59
50	60
50	61
50	62
50	63
50	64
50	65
50	66
50	67
50	68
50	69
50	70
50	71
50	72
50	73
50	74
50	75
50	76
50	77
50	78
50	79
50	80
50	81
50	82
50	83
50	84
50	85
50	86
50	87
50	88
50	89
50	90
50	91
50	92
50	93
50	94
50	95
50	96
50	97
50	98
50	99
50	100
50	101
50	102
50	103
50	104
50	105
50	106
50	107
50	108
50	109
50	110
50	111
50	112
50	113
50	114
50	115
50	116
50	117
50	118
50	119
50	120
51	52
51	53
51	54
51	55
51	56
51	57
51	58
51	59
51	60
51	61
51	62
51	63
51	64
51	65
51	66
51	67
51	68
51	69
51	70
51	71
51	72
51	73
51	74
51	75
51	76
51	77
51	78
51	79
51	80
51	81
51	82
51	83
51	84
51	85
51	86
51	87
51	88
51	89
51	90
51	91
51	92
51	93
51	94
51	95
51	96
51	97
51	98
51	99
51	100
51	101
51	102
51	103
51	104
51	105
51	106
51	107
51	108
51	109
51	110
51	111
51	112
51	113
51	114
51	115
51	116
51	117
51	118
51	119
51	120
52	63
52	64
52	81
52	100
52	101
52	102
52	103
52	104
52	105
52	106
52	107
52	108
52	109
52	110
52	111
52	112
52	113
52	114
52	115
52	116
52	117
52	118
52	119
52	120
53	63
53	64
53	81
53	100
53	101
53	102
53	103
53	104
53	105
53	106
53	107
53	108
53	109
53	110
53	111
53	112
53	113
53	114
53	115
53	116
53	117
53	118
53	119
53	120
54	63
54	64
54	81
54	100
54	101
54	102
54	103
54	104
54	105
54	106
54	107
54	108
54	109
54	110
54	111
54	112
54	113
54	114
54	115
54	116
54	117
54	118
54	119
54	120
55	63
55	64
55	81
55	100
55	101
55	102
55	103
55	104
55	105
55	106
55	107
55	108
55	109
55	110
55	111
55	112
55	113
55	114
55	115
55	116
55	117
55	118
55	119
55	120
56	63
56	64
56	81
56	100
56	101
56	102
56	103
56	104
56	105
56	106
56	107
56	108
56	109
56	110
56	111
56	112
56	113
56	114
56	115
56	116
56	117
56	118
56	119
56	120
57	63
57	64
57	81
57	100
57	101
57	102
57	103
57	104
57	105
57	106
57	107
57	108
57	109
57	110
57	111
57	112
57	113
57	114
57	115
57	116
57	117
57	118
57	119
57	120
58	63
58	64
58	81
58	100
58	101
58	102
58	103
58	104
58	105
58	106
58	107
58	108
58	109
58	110
58	111
58	112
58	113
58	114
58	115
58	116
58	117
58	118
58	119
58	120
59	63
59	64
59	81
59	100
59	101
59	102
59	103
59	104
59	105
59	106
59	107
59	108
59	109
59	110
59	111
59	112
59	113
59	114
59	115
59	116
59	117
59	118
59	119
59	120
60	63
60	64
60	81
60	100
60	101
60	102
60	103
60	104
60	105
60	106
60	107
60	108
60	109
60	110
60	111
60	112
60	113
60	114
60	115
60	116
60	117
60	118
60	119
60	120
61	63
61	64
61	81
61	100
61	101
61	102
61	103
61	104
61	105
61	106
61	107
61	108
61	109
61	110
61	111
61	112
61	113
61	114
61	115
61	116
61	117
61	118
61	119
61	120
62	63
62	64
62	81
62	100
62	101
62	102
62	103
62	104
62	105
62	106
62	107
62	108
62	109
62	110
62	111
62	112
62	113
62	114
62	115
62	116
62	117
62	118
62	119
62	120
63	64
63	65
63	66
63	67
63	68
63	69
63	70
63	71
63	72
63	73
63	74
63	75
63	76
63	77
63	78
63	79
63	80
63	81
63	82
63	83
63	84
63	85
63	86
63	87
63	88
63	89
63	90
63	91
63	92
63	93
63	94
63	95
63	96
63	97
63	98
63	99
63	100
63	101
63	102
63	103
63	104
63	105
63	106
63	107
63	108
63	109
63	110
63	111
63	112
63	113
63	114
63	115
63	116
63	117
63	118
63	119
63	120
64	65
64	66
64	67
64	68
64	69
64	70
64	71
64	72
64	73
64	74
64	75
64	76
64	77
64	78
64	79
64	80
64	81
64	82
64	83
64	84
64	85
64	86
64	87
64	88
64	89
64	90
64	91
64	92
64	93
64	94
64	95
64	96
64	97
64	98
64	99
64	100
64	101
64	102
64	103
64	104
64	105
64	106
64	107
64	108
64	109
64	110
64	111
64	112
64	113
64	114
64	115
64	116
64	117
64	118
64	119
64	120
65	81
65	100
65	101
65	102
65	103
65	104
65	105
65	106
65	107
65	108
65	109
65	110
65	111
65	112
65	113
65	114
65	115
65	116
65	117
65	118
65	119
65	120
66	81
66	100
66	101
66	102
66	103
66	104
66	105
66	106
66	107
66	108
66	109
66	110
66	111
66	112
66	113
66	114
66	115
66	116
66	117
66	118
66	119
66	120
67	81
67	100
67	101
67	102
67	103
67	104
67	105
67	106
67	107
67	108
67	109
67	110
67	111
67	112
67	113
67	114
67	115
67	116
67	117
67	118
67	119
67	120
68	81
68	100
68	101
68	102
68	103
68	104
68	105
68	106
68	107
68	108
68	109
68	110
68	111
68	112
68	113
68	114
68	115
68	116
68	117
68	118
68	119
68	120
69	81
69	100
69	101
69	102
69	103
69	104
69	105
69	106
69	107
69	108
69	109
69	110
69	111
69	112
69	113
69	114
69	115
69	116
69	117
69	118
69	119
69	120
70	81
70	100
70	101
70	102
70	103
70	104
70	105
70	106
70	107
70	108
70	109
70	110
70	111
70	112
70	113
70	114
70	115
70	116
70	117
70	118
70	119
70	120
71	81
71	100
71	101
71	102
71	103
71	104
71	105
71	106
71	107
71	108
71	109
71	110
71	111
71	112
71	113
71	114
71	115
71	116
71	117
71	118
71	119
71	120
72	81
72	100
72	101
72	102
72	103
72	104
72	105
72	106
72	107
72	108
72	109
72	110
72	111
72	112
72	113
72	114
72	115
72	116
72	117
72	118
72	119
72	120
73	81
73	100
73	101
73	102
73	103
73	104
73	105
73	106
73	107
73	108
73	109
73	110
73	111
73	112
73	113
73	114
73	115
73	116
73	117
73	118
73	119
73	120
74	81
74	100
74	101
74	102
74	103
74	104
74	105
74	106
74	107
74	108
74	109
74	110
74	111
74	112
74	113
74	114
74	115
74	116
74	117
74	118
74	119
74	120
75	81
75	100
75	101
75	102
75	103
75	104
75	105
75	106
75	107
75	108
75	109
75	110
75	111
75	112
75	113
75	114
75	115
75	116
75	117
75	118
75	119
75	120
76	81
76	100
76	101
76	102
76	103
76	104
76	105
76	106
76	107
76	108
76	109
76	110
76	111
76	112
76	113
76	114
76	115
76	116
76	117
76	118
76	119
76	120
77	81
77	100
77	101
77	102
77	103
77	104
77	105
77	106
77	107
77	108
77	109
77	110
77	111
77	112
77	113
77	114
77	115
77	116
77	117
77	118
77	119
77	120
78	81
78	100
78	101
78	102
78	103
78	104
78	105
78	106
78	107
78	108
78	109
78	110
78	111
78	112
78	113
78	114
78	115
78	116
78	117
78	118
78	119
78	120
79	81
79	100
79	101
79	102
79	103
79	104
79	105
79	106
79	107
79	108
79	109
79	110
79	111
79	112
79	113
79	114
79	115
79	116
79	117
79	118
79	119
79	120
80	81
80	100
80	101
80	102
80	103
80	104
80	105
80	106
80	107
80	108
80	109
80	110
80	111
80	112
80	113
80	114
80	115
80	116
80	117
80	118
80	119
80	120
81	82
81	83
81	84
81	85
81	86
81	87
81	88
81	89
81	90
81	91
81	92
81	93
81	94
81	95
81	96
81	97
81	98
81	99
81	100
81	101
81	102
81	103
81	104
81	105
81	106
81	107
81	108
81	109
81	110
81	111
81	112
81	113
81	114
81	115
81	116
81	117
81	118
81	119
81	120
82	100
82	101
82	102
82	103
82	104
82	105
82	106
82	107
82	108
82	109
82	110
82	111
82	112
82	113
82	114
82	115
82	116
82	117
82	118
82	119
82	120
83	100
83	101
83	102
83	103
83	104
83	105
83	106
83	107
83	108
83	109
83	110
83	111
83	112
83	113
83	114
83	115
83	116
83	117
83	118
83	119
83	120
84	100
84	101
84	102
84	103
84	104
84	105
84	106
84	107
84	108
84	109
84	110
84	111
84	112
84	113
84	114
84	115
84	116
84	117
84	118
84	119
84	120
85	100
85	101
85	102
85	103
85	104
85	105
85	106
85	107
85	108
85	109
85	110
85	111
85	112
85	113
85	114
85	115
85	116
85	117
85	118
85	119
85	120
86	100
86	101
86	102
86	103
86	104
86	105
86	106
86	107
86	108
86	109
86	110
86	111
86	112
86	113
86	114
86	115
86	116
86	117
86	118
86	119
86	120
87	100
87	101
87	102
87	103
87	104
87	105
87	106
87	107
87	108
87	109
87	110
87	111
87	112
87	113
87	114
87	115
87	116
87	117
87	118
87	119
87	120
88	100
88	101
88	102
88	103
88	104
88	105
88	106
88	107
88	108
88	109
88	110
88	111
88	112
88	113
88	114
88	115
88	116
88	117
88	118
88	119
88	120
89	100
89	101
89	102
89	103
89	104
89	105
89	106
89	107
89	108
89	109
89	110
89	111
89	112
89	113
89	114
89	115
89	116
89	117
89	118
89	119
89	120
90	100
90	101
90	102
90	103
90	104
90	105
90	106
90	107
90	108
90	109
90	110
90	111
90	112
90	113
90	114
90	115
90	116
90	117
90	118
90	119
90	120
91	100
91	101
91	102
91	103
91	104
91	105
91	106
91	107
91	108
91	109
91	110
91	111
91	112
91	113
91	114
91	115
91	116
91	117
91	118
91	119
91	120
92	100
92	101
92	102
92	103
92	104
92	105
92	106
92	107
92	108
92	109
92	110
92	111
92	112
92	113
92	114
92	115
92	116
92	117
92	118
92	119
92	120
93	100
93	101
93	102
93	103
93	104
93	105
93	106
93	107
93	108
93	109
93	110
93	111
93	112
93	113
93	114
93	115
93	116
93	117
93	118
93	119
93	120
94	100
94	101
94	102
94	103
94	104
94	105
94	106
94	107
94	108
94	109
94	110
94	111
94	112
94	113
94	114
94	115
94	116
94	117
94	118
94	119
94	120
95	100
95	101
95	102
95	103
95	104
95	105
95	106
95	107
95	108
95	109
95	110
95	111
95	112
95	113
95	114
95	115
95	116
95	117
95	118
95	119
95	120
96	100
96	101
96	102
96	103
96	104
96	105
96	106
96	107
96	108
96	109
96	110
96	111
96	112
96	113
96	114
96	115
96	116
96	117
96	118
96	119
96	120
97	100
97	101
97	102
97	103
97	104
97	105
97	106
97	107
97	108
97	109
97	110
97	111
97	112
97	113
97	114
97	115
97	116
97	117
97	118
97	119
97	120
98	100
98	101
98	102
98	103
98	104
98	105
98	106
98	107
98	108
98	109
98	110
98	111
98	112
98	113
98	114
98	115
98	116
98	117
98	118
98	119
98	120
99	100
99	101
99	102
99	103
99	104
99	105
99	106
99	107
99	108
99	109
99	110
99	111
99	112
99	113
99	114
99	115
99	116
99	117
99	118
99	119
99	120
100	102
100	103
100	104
100	105
100	106
100	107
100	108
100	109
100	110
100	111
100	112
100	113
100	114
100	115
100	116
100	117
100	118
100	119
100	120
101	102
101	103
101	104
101	105
101	106
101	107
101	108
101	109
101	110
101	111
101	112
101	113
101	114
101	115
101	116
101	117
101	118
101	119
101	120
102	103
102	104
102	105
102	106
102	107
102	108
102	109
102	110
102	111
102	112
102	113
102	114
102	115
102	116
102	117
102	118
102	119
102	120
103	105
103	106
103	107
103	108
103	109
103	110
103	111
103	112
103	113
103	114
103	115
103	116
103	117
103	118
103	119
103	120
104	105
104	106
104	107
104	108
104	109
104	110
104	111
104	112
104	113
104	114
104	115
104	116
104	117
104	118
104	119
104	120
105	107
105	108
105	110
105	111
105	112
105	113
105	114
105	115
105	116
105	117
105	118
105	119
105	120
106	107
106	108
106	110
106	111
106	112
106	113
106	114
106	115
106	116
106	117
106	118
106	119
106	120
107	108
107	109
107	110
107	111
107	112
107	113
107	114
107	115
107	116
107	117
107	118
107	119
107	120
108	109
108	110
108	111
108	112
108	113
108	114
108	115
108	116
108	117
108	118
108	119
108	120
109	110
109	111
109	112
109	113
109	114
109	115
109	116
109	117
109	118
109	119
109	120
110	113
110	116
110	117
110	118
110	119
110	120
111	113
111	116
111	117
111	118
111	119
111	120
112	113
112	116
112	117
112	118
112	119
112	120
113	114
113	115
113	116
113	117
113	118
113	119
113	120
114	116
114	117
114	118
114	119
114	120
115	116
115	117
115	118
115	119
115	120