327	7100
1	95
1	229
1	235
1	240
1	245
1	248
1	250
1	251
1	253
1	255
1	257
1	258
1	259
1	260
1	261
1	262
1	263
1	264
1	265
1	266
1	267
1	268
1	269
1	271
1	272
1	273
1	274
1	275
1	276
1	277
1	278
1	279
1	280
1	281
1	282
1	283
1	284
1	285
1	286
1	287
1	288
1	289
1	290
1	291
1	292
1	293
1	294
1	295
1	296
1	297
1	298
1	299
1	300
1	301
1	302
1	303
1	304
1	305
1	306
1	307
1	308
1	309
1	310
1	311
1	312
1	313
1	314
1	315
1	316
1	317
1	318
1	319
1	320
1	321
1	322
1	323
1	324
1	325
1	326
1	327
2	95
2	185
2	229
2	235
2	240
2	241
2	244
2	245
2	248
2	250
2	251
2	253
2	254
2	255
2	256
2	257
2	258
2	259
2	260
2	261
2	262
2	263
2	264
2	265
2	266
2	267
2	268
2	269
2	270
2	271
2	272
2	273
2	274
2	275
2	276
2	277
2	278
2	279
2	280
2	281
2	282
2	283
2	284
2	285
2	286
2	287
2	288
2	289
2	290
2	291
2	292
2	293
2	294
2	295
2	296
2	297
2	298
2	299
2	300
2	301
2	302
2	303
2	304
2	305
2	306
2	307
2	308
2	309
2	310
2	311
2	312
2	313
2	314
2	315
2	316
2	317
2	318
2	319
2	320
2	321
2	322
2	323
2	324
2	325
2	326
2	327
3	95
3	229
3	235
3	240
3	245
3	248
3	250
3	251
3	253
3	255
3	257
3	258
3	259
3	260
3	261
3	262
3	263
3	264
3	265
3	266
3	267
3	268
3	269
3	271
3	272
3	273
3	274
3	275
3	276
3	277
3	278
3	279
3	280
3	281
3	282
3	283
3	284
3	285
3	286
3	287
3	288
3	289
3	290
3	291
3	292
3	293
3	294
3	295
3	296
3	297
3	298
3	299
3	300
3	301
3	302
3	303
3	304
3	305
3	306
3	307
3	308
3	309
3	310
3	311
3	312
3	313
3	314
3	315
3	316
3	317
3	318
3	319
3	320
3	321
3	322
3	323
3	324
3	325
3	326
3	327
4	95
4	185
4	209
4	220
4	226
4	229
4	231
4	235
4	240
4	241
4	244
4	245
4	246
4	248
4	250
4	251
4	252
4	253
4	254
4	255
4	256
4	257
4	258
4	259
4	260
4	261
4	262
4	263
4	264
4	265
4	266
4	267
4	268
4	269
4	270
4	271
4	272
4	273
4	274
4	275
4	276
4	277
4	278
4	279
4	280
4	281
4	282
4	283
4	284
4	285
4	286
4	287
4	288
4	289
4	290
4	291
4	292
4	293
4	294
4	295
4	296
4	297
4	298
4	299
4	300
4	301
4	302
4	303
4	304
4	305
4	306
4	307
4	308
4	309
4	310
4	311
4	312
4	313
4	314
4	315
4	316
4	317
4	318
4	319
4	320
4	321
4	322
4	323
4	324
4	325
4	326
4	327
5	95
5	185
5	209
5	220
5	226
5	229
5	231
5	235
5	240
5	241
5	244
5	245
5	246
5	248
5	250
5	251
5	252
5	253
5	254
5	255
5	256
5	257
5	258
5	259
5	260
5	261
5	262
5	263
5	264
5	265
5	266
5	267
5	268
5	269
5	270
5	271
5	272
5	273
5	274
5	275
5	276
5	277
5	278
5	279
5	280
5	281
5	282
5	283
5	284
5	285
5	286
5	287
5	288
5	289
5	290
5	291
5	292
5	293
5	294
5	295
5	296
5	297
5	298
5	299
5	300
5	301
5	302
5	303
5	304
5	305
5	306
5	307
5	308
5	309
5	310
5	311
5	312
5	313
5	314
5	315
5	316
5	317
5	318
5	319
5	320
5	321
5	322
5	323
5	324
5	325
5	326
5	327
6	95
6	185
6	226
6	229
6	235
6	240
6	241
6	244
6	245
6	246
6	248
6	250
6	251
6	253
6	254
6	255
6	256
6	257
6	258
6	259
6	260
6	261
6	262
6	263
6	264
6	265
6	266
6	267
6	268
6	269
6	270
6	271
6	272
6	273
6	274
6	275
6	276
6	277
6	278
6	279
6	280
6	281
6	282
6	283
6	284
6	285
6	286
6	287
6	288
6	289
6	290
6	291
6	292
6	293
6	294
6	295
6	296
6	297
6	298
6	299
6	300
6	301
6	302
6	303
6	304
6	305
6	306
6	307
6	308
6	309
6	310
6	311
6	312
6	313
6	314
6	315
6	316
6	317
6	318
6	319
6	320
6	321
6	322
6	323
6	324
6	325
6	326
6	327
7	95
7	229
7	235
7	240
7	245
7	248
7	253
7	255
7	257
7	258
7	259
7	260
7	261
7	262
7	263
7	264
7	265
7	267
7	268
7	269
7	271
7	272
7	273
7	274
7	275
7	276
7	277
7	278
7	279
7	280
7	281
7	282
7	283
7	284
7	285
7	286
7	287
7	288
7	289
7	290
7	291
7	292
7	293
7	294
7	295
7	296
7	297
7	298
7	299
7	300
7	301
7	302
7	303
7	304
7	305
7	306
7	307
7	308
7	309
7	310
7	311
7	312
7	313
7	314
7	315
7	316
7	317
7	318
7	319
7	320
7	321
7	322
7	323
7	324
7	325
7	326
7	327
8	95
8	229
8	235
8	240
8	245
8	248
8	253
8	255
8	257
8	258
8	259
8	260
8	261
8	262
8	263
8	264
8	265
8	267
8	268
8	269
8	271
8	272
8	273
8	274
8	275
8	276
8	277
8	278
8	279
8	280
8	281
8	282
8	283
8	284
8	285
8	286
8	287
8	288
8	289
8	290
8	291
8	292
8	293
8	294
8	295
8	296
8	297
8	298
8	299
8	300
8	301
8	302
8	303
8	304
8	305
8	306
8	307
8	308
8	309
8	310
8	311
8	312
8	313
8	314
8	315
8	316
8	317
8	318
8	319
8	320
8	321
8	322
8	323
8	324
8	325
8	326
8	327
9	95
9	229
9	235
9	240
9	258
9	259
9	260
9	261
9	264
9	268
9	271
9	273
9	274
9	275
9	276
9	277
9	278
9	279
9	280
9	282
9	283
9	284
9	285
9	286
9	287
9	288
9	290
9	291
9	292
9	295
9	296
9	298
9	299
9	300
9	301
9	302
9	303
9	304
9	305
9	306
9	307
9	308
9	309
9	310
9	311
9	312
9	313
9	314
9	315
9	316
9	317
9	318
9	319
9	320
9	321
9	322
9	323
9	324
9	325
9	326
9	327
10	95
10	229
10	235
10	240
10	245
10	248
10	253
10	255
10	257
10	258
10	259
10	260
10	261
10	262
10	263
10	264
10	265
10	267
10	268
10	269
10	271
10	272
10	273
10	274
10	275
10	276
10	277
10	278
10	279
10	280
10	281
10	282
10	283
10	284
10	285
10	286
10	287
10	288
10	289
10	290
10	291
10	292
10	293
10	294
10	295
10	296
10	297
10	298
10	299
10	300
10	301
10	302
10	303
10	304
10	305
10	306
10	307
10	308
10	309
10	310
10	311
10	312
10	313
10	314
10	315
10	316
10	317
10	318
10	319
10	320
10	321
10	322
10	323
10	324
10	325
10	326
10	327
11	95
11	229
11	235
11	240
11	245
11	248
11	253
11	255
11	257
11	258
11	259
11	260
11	261
11	262
11	263
11	264
11	265
11	267
11	268
11	269
11	271
11	272
11	273
11	274
11	275
11	276
11	277
11	278
11	279
11	280
11	281
11	282
11	283
11	284
11	285
11	286
11	287
11	288
11	289
11	290
11	291
11	292
11	293
11	294
11	295
11	296
11	297
11	298
11	299
11	300
11	301
11	302
11	303
11	304
11	305
11	306
11	307
11	308
11	309
11	310
11	311
11	312
11	313
11	314
11	315
11	316
11	317
11	318
11	319
11	320
11	321
11	322
11	323
11	324
11	325
11	326
11	327
12	95
12	229
12	235
12	240
12	245
12	248
12	250
12	251
12	253
12	255
12	257
12	258
12	259
12	260
12	261
12	262
12	263
12	264
12	265
12	266
12	267
12	268
12	269
12	271
12	272
12	273
12	274
12	275
12	276
12	277
12	278
12	279
12	280
12	281
12	282
12	283
12	284
12	285
12	286
12	287
12	288
12	289
12	290
12	291
12	292
12	293
12	294
12	295
12	296
12	297
12	298
12	299
12	300
12	301
12	302
12	303
12	304
12	305
12	306
12	307
12	308
12	309
12	310
12	311
12	312
12	313
12	314
12	315
12	316
12	317
12	318
12	319
12	320
12	321
12	322
12	323
12	324
12	325
12	326
12	327
13	95
13	229
13	235
13	240
13	245
13	248
13	253
13	255
13	257
13	258
13	259
13	260
13	261
13	262
13	263
13	264
13	265
13	267
13	268
13	269
13	271
13	272
13	273
13	274
13	275
13	276
13	277
13	278
13	279
13	280
13	281
13	282
13	283
13	284
13	285
13	286
13	287
13	288
13	289
13	290
13	291
13	292
13	293
13	294
13	295
13	296
13	297
13	298
13	299
13	300
13	301
13	302
13	303
13	304
13	305
13	306
13	307
13	308
13	309
13	310
13	311
13	312
13	313
13	314
13	315
13	316
13	317
13	318
13	319
13	320
13	321
13	322
13	323
13	324
13	325
13	326
13	327
14	95
14	229
14	235
14	240
14	245
14	248
14	253
14	255
14	257
14	258
14	259
14	260
14	261
14	262
14	263
14	264
14	265
14	267
14	268
14	269
14	271
14	272
14	273
14	274
14	275
14	276
14	277
14	278
14	279
14	280
14	281
14	282
14	283
14	284
14	285
14	286
14	287
14	288
14	289
14	290
14	291
14	292
14	293
14	294
14	295
14	296
14	297
14	298
14	299
14	300
14	301
14	302
14	303
14	304
14	305
14	306
14	307
14	308
14	309
14	310
14	311
14	312
14	313
14	314
14	315
14	316
14	317
14	318
14	319
14	320
14	321
14	322
14	323
14	324
14	325
14	326
14	327
15	95
15	229
15	235
15	240
15	245
15	248
15	253
15	255
15	257
15	258
15	259
15	260
15	261
15	262
15	263
15	264
15	265
15	267
15	268
15	269
15	271
15	272
15	273
15	274
15	275
15	276
15	277
15	278
15	279
15	280
15	281
15	282
15	283
15	284
15	285
15	286
15	287
15	288
15	289
15	290
15	291
15	292
15	293
15	294
15	295
15	296
15	297
15	298
15	299
15	300
15	301
15	302
15	303
15	304
15	305
15	306
15	307
15	308
15	309
15	310
15	311
15	312
15	313
15	314
15	315
15	316
15	317
15	318
15	319
15	320
15	321
15	322
15	323
15	324
15	325
15	326
15	327
16	95
16	229
16	235
16	240
16	245
16	248
16	253
16	255
16	257
16	258
16	259
16	260
16	261
16	262
16	263
16	264
16	265
16	267
16	268
16	269
16	271
16	272
16	273
16	274
16	275
16	276
16	277
16	278
16	279
16	280
16	281
16	282
16	283
16	284
16	285
16	286
16	287
16	288
16	289
16	290
16	291
16	292
16	293
16	294
16	295
16	296
16	297
16	298
16	299
16	300
16	301
16	302
16	303
16	304
16	305
16	306
16	307
16	308
16	309
16	310
16	311
16	312
16	313
16	314
16	315
16	316
16	317
16	318
16	319
16	320
16	321
16	322
16	323
16	324
16	325
16	326
16	327
17	95
17	229
17	235
17	240
17	245
17	248
17	253
17	255
17	257
17	258
17	259
17	260
17	261
17	262
17	263
17	264
17	265
17	267
17	268
17	269
17	271
17	272
17	273
17	274
17	275
17	276
17	277
17	278
17	279
17	280
17	281
17	282
17	283
17	284
17	285
17	286
17	287
17	288
17	289
17	290
17	291
17	292
17	293
17	294
17	295
17	296
17	297
17	298
17	299
17	300
17	301
17	302
17	303
17	304
17	305
17	306
17	307
17	308
17	309
17	310
17	311
17	312
17	313
17	314
17	315
17	316
17	317
17	318
17	319
17	320
17	321
17	322
17	323
17	324
17	325
17	326
17	327
18	95
18	229
18	235
18	240
18	258
18	259
18	260
18	261
18	264
18	268
18	271
18	273
18	274
18	275
18	276
18	277
18	278
18	279
18	280
18	282
18	283
18	284
18	285
18	286
18	287
18	288
18	290
18	291
18	292
18	295
18	296
18	298
18	299
18	300
18	301
18	302
18	303
18	304
18	305
18	306
18	307
18	308
18	309
18	310
18	311
18	312
18	313
18	314
18	315
18	316
18	317
18	318
18	319
18	320
18	321
18	322
18	323
18	324
18	325
18	326
18	327
19	95
19	229
19	235
19	240
19	245
19	248
19	250
19	251
19	253
19	255
19	257
19	258
19	259
19	260
19	261
19	262
19	263
19	264
19	265
19	266
19	267
19	268
19	269
19	271
19	272
19	273
19	274
19	275
19	276
19	277
19	278
19	279
19	280
19	281
19	282
19	283
19	284
19	285
19	286
19	287
19	288
19	289
19	290
19	291
19	292
19	293
19	294
19	295
19	296
19	297
19	298
19	299
19	300
19	301
19	302
19	303
19	304
19	305
19	306
19	307
19	308
19	309
19	310
19	311
19	312
19	313
19	314
19	315
19	316
19	317
19	318
19	319
19	320
19	321
19	322
19	323
19	324
19	325
19	326
19	327
20	95
20	229
20	235
20	240
20	245
20	248
20	253
20	255
20	257
20	258
20	259
20	260
20	261
20	262
20	263
20	264
20	265
20	267
20	268
20	269
20	271
20	272
20	273
20	274
20	275
20	276
20	277
20	278
20	279
20	280
20	281
20	282
20	283
20	284
20	285
20	286
20	287
20	288
20	289
20	290
20	291
20	292
20	293
20	294
20	295
20	296
20	297
20	298
20	299
20	300
20	301
20	302
20	303
20	304
20	305
20	306
20	307
20	308
20	309
20	310
20	311
20	312
20	313
20	314
20	315
20	316
20	317
20	318
20	319
20	320
20	321
20	322
20	323
20	324
20	325
20	326
20	327
21	95
21	229
21	235
21	240
21	245
21	248
21	253
21	255
21	257
21	258
21	259
21	260
21	261
21	262
21	263
21	264
21	265
21	267
21	268
21	269
21	271
21	272
21	273
21	274
21	275
21	276
21	277
21	278
21	279
21	280
21	281
21	282
21	283
21	284
21	285
21	286
21	287
21	288
21	289
21	290
21	291
21	292
21	293
21	294
21	295
21	296
21	297
21	298
21	299
21	300
21	301
21	302
21	303
21	304
21	305
21	306
21	307
21	308
21	309
21	310
21	311
21	312
21	313
21	314
21	315
21	316
21	317
21	318
21	319
21	320
21	321
21	322
21	323
21	324
21	325
21	326
21	327
22	95
22	229
22	235
22	240
22	248
22	258
22	259
22	260
22	261
22	262
22	264
22	265
22	267
22	268
22	271
22	273
22	274
22	275
22	276
22	277
22	278
22	279
22	280
22	282
22	283
22	284
22	285
22	286
22	287
22	288
22	290
22	291
22	292
22	295
22	296
22	298
22	299
22	300
22	301
22	302
22	303
22	304
22	305
22	306
22	307
22	308
22	309
22	310
22	311
22	312
22	313
22	314
22	315
22	316
22	317
22	318
22	319
22	320
22	321
22	322
22	323
22	324
22	325
22	326
22	327
23	95
23	229
23	235
23	240
23	258
23	259
23	260
23	261
23	264
23	268
23	271
23	273
23	274
23	275
23	276
23	277
23	278
23	279
23	280
23	282
23	283
23	284
23	285
23	286
23	287
23	288
23	290
23	291
23	292
23	295
23	296
23	298
23	299
23	300
23	301
23	302
23	303
23	304
23	305
23	306
23	307
23	308
23	309
23	310
23	311
23	312
23	313
23	314
23	315
23	316
23	317
23	318
23	319
23	320
23	321
23	322
23	323
23	324
23	325
23	326
23	327
24	95
24	229
24	235
24	240
24	245
24	248
24	253
24	255
24	257
24	258
24	259
24	260
24	261
24	262
24	263
24	264
24	265
24	267
24	268
24	269
24	271
24	272
24	273
24	274
24	275
24	276
24	277
24	278
24	279
24	280
24	281
24	282
24	283
24	284
24	285
24	286
24	287
24	288
24	289
24	290
24	291
24	292
24	293
24	294
24	295
24	296
24	297
24	298
24	299
24	300
24	301
24	302
24	303
24	304
24	305
24	306
24	307
24	308
24	309
24	310
24	311
24	312
24	313
24	314
24	315
24	316
24	317
24	318
24	319
24	320
24	321
24	322
24	323
24	324
24	325
24	326
24	327
25	95
25	229
25	235
25	240
25	245
25	248
25	253
25	255
25	257
25	258
25	259
25	260
25	261
25	262
25	263
25	264
25	265
25	267
25	268
25	269
25	271
25	272
25	273
25	274
25	275
25	276
25	277
25	278
25	279
25	280
25	281
25	282
25	283
25	284
25	285
25	286
25	287
25	288
25	289
25	290
25	291
25	292
25	293
25	294
25	295
25	296
25	297
25	298
25	299
25	300
25	301
25	302
25	303
25	304
25	305
25	306
25	307
25	308
25	309
25	310
25	311
25	312
25	313
25	314
25	315
25	316
25	317
25	318
25	319
25	320
25	321
25	322
25	323
25	324
25	325
25	326
25	327
26	95
26	229
26	235
26	240
26	258
26	259
26	260
26	261
26	264
26	268
26	271
26	273
26	274
26	275
26	276
26	277
26	278
26	279
26	280
26	282
26	283
26	284
26	285
26	286
26	287
26	288
26	290
26	291
26	292
26	295
26	296
26	298
26	299
26	300
26	301
26	302
26	303
26	304
26	305
26	306
26	307
26	308
26	309
26	310
26	311
26	312
26	313
26	314
26	315
26	316
26	317
26	318
26	319
26	320
26	321
26	322
26	323
26	324
26	325
26	326
26	327
27	95
27	229
27	235
27	240
27	245
27	248
27	253
27	255
27	257
27	258
27	259
27	260
27	261
27	262
27	263
27	264
27	265
27	267
27	268
27	269
27	271
27	272
27	273
27	274
27	275
27	276
27	277
27	278
27	279
27	280
27	281
27	282
27	283
27	284
27	285
27	286
27	287
27	288
27	289
27	290
27	291
27	292
27	293
27	294
27	295
27	296
27	297
27	298
27	299
27	300
27	301
27	302
27	303
27	304
27	305
27	306
27	307
27	308
27	309
27	310
27	311
27	312
27	313
27	314
27	315
27	316
27	317
27	318
27	319
27	320
27	321
27	322
27	323
27	324
27	325
27	326
27	327
28	95
28	229
28	235
28	240
28	245
28	248
28	253
28	255
28	257
28	258
28	259
28	260
28	261
28	262
28	263
28	264
28	265
28	267
28	268
28	269
28	271
28	272
28	273
28	274
28	275
28	276
28	277
28	278
28	279
28	280
28	281
28	282
28	283
28	284
28	285
28	286
28	287
28	288
28	289
28	290
28	291
28	292
28	293
28	294
28	295
28	296
28	297
28	298
28	299
28	300
28	301
28	302
28	303
28	304
28	305
28	306
28	307
28	308
28	309
28	310
28	311
28	312
28	313
28	314
28	315
28	316
28	317
28	318
28	319
28	320
28	321
28	322
28	323
28	324
28	325
28	326
28	327
29	95
29	229
29	235
29	240
29	245
29	248
29	253
29	255
29	257
29	258
29	259
29	260
29	261
29	262
29	263
29	264
29	265
29	267
29	268
29	269
29	271
29	272
29	273
29	274
29	275
29	276
29	277
29	278
29	279
29	280
29	281
29	282
29	283
29	284
29	285
29	286
29	287
29	288
29	289
29	290
29	291
29	292
29	293
29	294
29	295
29	296
29	297
29	298
29	299
29	300
29	301
29	302
29	303
29	304
29	305
29	306
29	307
29	308
29	309
29	310
29	311
29	312
29	313
29	314
29	315
29	316
29	317
29	318
29	319
29	320
29	321
29	322
29	323
29	324
29	325
29	326
29	327
30	95
30	229
30	235
30	240
30	245
30	248
30	253
30	255
30	257
30	258
30	259
30	260
30	261
30	262
30	263
30	264
30	265
30	267
30	268
30	269
30	271
30	272
30	273
30	274
30	275
30	276
30	277
30	278
30	279
30	280
30	281
30	282
30	283
30	284
30	285
30	286
30	287
30	288
30	289
30	290
30	291
30	292
30	293
30	294
30	295
30	296
30	297
30	298
30	299
30	300
30	301
30	302
30	303
30	304
30	305
30	306
30	307
30	308
30	309
30	310
30	311
30	312
30	313
30	314
30	315
30	316
30	317
30	318
30	319
30	320
30	321
30	322
30	323
30	324
30	325
30	326
30	327
31	95
31	229
31	235
31	240
31	245
31	248
31	253
31	255
31	257
31	258
31	259
31	260
31	261
31	262
31	263
31	264
31	265
31	267
31	268
31	269
31	271
31	272
31	273
31	274
31	275
31	276
31	277
31	278
31	279
31	280
31	281
31	282
31	283
31	284
31	285
31	286
31	287
31	288
31	289
31	290
31	291
31	292
31	293
31	294
31	295
31	296
31	297
31	298
31	299
31	300
31	301
31	302
31	303
31	304
31	305
31	306
31	307
31	308
31	309
31	310
31	311
31	312
31	313
31	314
31	315
31	316
31	317
31	318
31	319
31	320
31	321
31	322
31	323
31	324
31	325
31	326
31	327
32	95
32	229
32	235
32	240
32	245
32	248
32	253
32	255
32	257
32	258
32	259
32	260
32	261
32	262
32	263
32	264
32	265
32	267
32	268
32	269
32	271
32	272
32	273
32	274
32	275
32	276
32	277
32	278
32	279
32	280
32	281
32	282
32	283
32	284
32	285
32	286
32	287
32	288
32	289
32	290
32	291
32	292
32	293
32	294
32	295
32	296
32	297
32	298
32	299
32	300
32	301
32	302
32	303
32	304
32	305
32	306
32	307
32	308
32	309
32	310
32	311
32	312
32	313
32	314
32	315
32	316
32	317
32	318
32	319
32	320
32	321
32	322
32	323
32	324
32	325
32	326
32	327
33	95
33	229
33	235
33	240
33	258
33	259
33	260
33	261
33	264
33	268
33	271
33	273
33	274
33	275
33	276
33	277
33	278
33	279
33	280
33	282
33	283
33	284
33	285
33	286
33	287
33	288
33	290
33	291
33	292
33	295
33	296
33	298
33	299
33	300
33	301
33	302
33	303
33	304
33	305
33	306
33	307
33	308
33	309
33	310
33	311
33	312
33	313
33	314
33	315
33	316
33	317
33	318
33	319
33	320
33	321
33	322
33	323
33	324
33	325
33	326
33	327
34	95
34	229
34	235
34	240
34	258
34	259
34	260
34	261
34	264
34	268
34	271
34	273
34	274
34	275
34	276
34	277
34	278
34	279
34	280
34	282
34	283
34	284
34	285
34	286
34	287
34	288
34	290
34	291
34	292
34	295
34	296
34	298
34	299
34	300
34	301
34	302
34	303
34	304
34	305
34	306
34	307
34	308
34	309
34	310
34	311
34	312
34	313
34	314
34	315
34	316
34	317
34	318
34	319
34	320
34	321
34	322
34	323
34	324
34	325
34	326
34	327
35	95
35	229
35	235
35	240
35	245
35	248
35	253
35	255
35	257
35	258
35	259
35	260
35	261
35	262
35	263
35	264
35	265
35	267
35	268
35	269
35	271
35	272
35	273
35	274
35	275
35	276
35	277
35	278
35	279
35	280
35	281
35	282
35	283
35	284
35	285
35	286
35	287
35	288
35	289
35	290
35	291
35	292
35	293
35	294
35	295
35	296
35	297
35	298
35	299
35	300
35	301
35	302
35	303
35	304
35	305
35	306
35	307
35	308
35	309
35	310
35	311
35	312
35	313
35	314
35	315
35	316
35	317
35	318
35	319
35	320
35	321
35	322
35	323
35	324
35	325
35	326
35	327
36	95
36	229
36	235
36	240
36	245
36	248
36	253
36	255
36	257
36	258
36	259
36	260
36	261
36	262
36	263
36	264
36	265
36	267
36	268
36	269
36	271
36	272
36	273
36	274
36	275
36	276
36	277
36	278
36	279
36	280
36	281
36	282
36	283
36	284
36	285
36	286
36	287
36	288
36	289
36	290
36	291
36	292
36	293
36	294
36	295
36	296
36	297
36	298
36	299
36	300
36	301
36	302
36	303
36	304
36	305
36	306
36	307
36	308
36	309
36	310
36	311
36	312
36	313
36	314
36	315
36	316
36	317
36	318
36	319
36	320
36	321
36	322
36	323
36	324
36	325
36	326
36	327
37	95
37	229
37	235
37	240
37	245
37	248
37	253
37	255
37	257
37	258
37	259
37	260
37	261
37	262
37	263
37	264
37	265
37	267
37	268
37	269
37	271
37	272
37	273
37	274
37	275
37	276
37	277
37	278
37	279
37	280
37	281
37	282
37	283
37	284
37	285
37	286
37	287
37	288
37	289
37	290
37	291
37	292
37	293
37	294
37	295
37	296
37	297
37	298
37	299
37	300
37	301
37	302
37	303
37	304
37	305
37	306
37	307
37	308
37	309
37	310
37	311
37	312
37	313
37	314
37	315
37	316
37	317
37	318
37	319
37	320
37	321
37	322
37	323
37	324
37	325
37	326
37	327
38	95
38	229
38	235
38	240
38	258
38	259
38	260
38	261
38	264
38	268
38	271
38	273
38	274
38	275
38	276
38	277
38	278
38	279
38	280
38	282
38	283
38	284
38	285
38	286
38	287
38	288
38	290
38	291
38	292
38	295
38	296
38	298
38	299
38	300
38	301
38	302
38	303
38	304
38	305
38	306
38	307
38	308
38	309
38	310
38	311
38	312
38	313
38	314
38	315
38	316
38	317
38	318
38	319
38	320
38	321
38	322
38	323
38	324
38	325
38	326
38	327
39	95
39	229
39	235
39	240
39	245
39	248
39	253
39	255
39	257
39	258
39	259
39	260
39	261
39	262
39	263
39	264
39	265
39	267
39	268
39	269
39	271
39	272
39	273
39	274
39	275
39	276
39	277
39	278
39	279
39	280
39	281
39	282
39	283
39	284
39	285
39	286
39	287
39	288
39	289
39	290
39	291
39	292
39	293
39	294
39	295
39	296
39	297
39	298
39	299
39	300
39	301
39	302
39	303
39	304
39	305
39	306
39	307
39	308
39	309
39	310
39	311
39	312
39	313
39	314
39	315
39	316
39	317
39	318
39	319
39	320
39	321
39	322
39	323
39	324
39	325
39	326
39	327
40	95
40	229
40	235
40	240
40	258
40	259
40	260
40	261
40	264
40	268
40	271
40	273
40	274
40	275
40	276
40	277
40	278
40	279
40	280
40	282
40	283
40	284
40	285
40	286
40	287
40	288
40	290
40	291
40	292
40	295
40	296
40	298
40	299
40	300
40	301
40	302
40	303
40	304
40	305
40	306
40	307
40	308
40	309
40	310
40	311
40	312
40	313
40	314
40	315
40	316
40	317
40	318
40	319
40	320
40	321
40	322
40	323
40	324
40	325
40	326
40	327
41	95
41	229
41	235
41	240
41	245
41	248
41	253
41	255
41	257
41	258
41	259
41	260
41	261
41	262
41	263
41	264
41	265
41	267
41	268
41	269
41	271
41	272
41	273
41	274
41	275
41	276
41	277
41	278
41	279
41	280
41	281
41	282
41	283
41	284
41	285
41	286
41	287
41	288
41	289
41	290
41	291
41	292
41	293
41	294
41	295
41	296
41	297
41	298
41	299
41	300
41	301
41	302
41	303
41	304
41	305
41	306
41	307
41	308
41	309
41	310
41	311
41	312
41	313
41	314
41	315
41	316
41	317
41	318
41	319
41	320
41	321
41	322
41	323
41	324
41	325
41	326
41	327
42	95
42	229
42	235
42	240
42	245
42	248
42	253
42	255
42	257
42	258
42	259
42	260
42	261
42	262
42	263
42	264
42	265
42	267
42	268
42	269
42	271
42	272
42	273
42	274
42	275
42	276
42	277
42	278
42	279
42	280
42	281
42	282
42	283
42	284
42	285
42	286
42	287
42	288
42	289
42	290
42	291
42	292
42	293
42	294
42	295
42	296
42	297
42	298
42	299
42	300
42	301
42	302
42	303
42	304
42	305
42	306
42	307
42	308
42	309
42	310
42	311
42	312
42	313
42	314
42	315
42	316
42	317
42	318
42	319
42	320
42	321
42	322
42	323
42	324
42	325
42	326
42	327
43	95
43	229
43	235
43	240
43	245
43	248
43	253
43	255
43	257
43	258
43	259
43	260
43	261
43	262
43	263
43	264
43	265
43	267
43	268
43	269
43	271
43	272
43	273
43	274
43	275
43	276
43	277
43	278
43	279
43	280
43	281
43	282
43	283
43	284
43	285
43	286
43	287
43	288
43	289
43	290
43	291
43	292
43	293
43	294
43	295
43	296
43	297
43	298
43	299
43	300
43	301
43	302
43	303
43	304
43	305
43	306
43	307
43	308
43	309
43	310
43	311
43	312
43	313
43	314
43	315
43	316
43	317
43	318
43	319
43	320
43	321
43	322
43	323
43	324
43	325
43	326
43	327
44	95
44	229
44	235
44	240
44	245
44	248
44	253
44	255
44	257
44	258
44	259
44	260
44	261
44	262
44	263
44	264
44	265
44	267
44	268
44	269
44	271
44	272
44	273
44	274
44	275
44	276
44	277
44	278
44	279
44	280
44	281
44	282
44	283
44	284
44	285
44	286
44	287
44	288
44	289
44	290
44	291
44	292
44	293
44	294
44	295
44	296
44	297
44	298
44	299
44	300
44	301
44	302
44	303
44	304
44	305
44	306
44	307
44	308
44	309
44	310
44	311
44	312
44	313
44	314
44	315
44	316
44	317
44	318
44	319
44	320
44	321
44	322
44	323
44	324
44	325
44	326
44	327
45	95
45	229
45	235
45	240
45	248
45	258
45	259
45	260
45	261
45	262
45	264
45	265
45	267
45	268
45	271
45	273
45	274
45	275
45	276
45	277
45	278
45	279
45	280
45	282
45	283
45	284
45	285
45	286
45	287
45	288
45	290
45	291
45	292
45	295
45	296
45	298
45	299
45	300
45	301
45	302
45	303
45	304
45	305
45	306
45	307
45	308
45	309
45	310
45	311
45	312
45	313
45	314
45	315
45	316
45	317
45	318
45	319
45	320
45	321
45	322
45	323
45	324
45	325
45	326
45	327
46	95
46	229
46	235
46	240
46	245
46	248
46	253
46	255
46	257
46	258
46	259
46	260
46	261
46	262
46	263
46	264
46	265
46	267
46	268
46	269
46	271
46	272
46	273
46	274
46	275
46	276
46	277
46	278
46	279
46	280
46	281
46	282
46	283
46	284
46	285
46	286
46	287
46	288
46	289
46	290
46	291
46	292
46	293
46	294
46	295
46	296
46	297
46	298
46	299
46	300
46	301
46	302
46	303
46	304
46	305
46	306
46	307
46	308
46	309
46	310
46	311
46	312
46	313
46	314
46	315
46	316
46	317
46	318
46	319
46	320
46	321
46	322
46	323
46	324
46	325
46	326
46	327
47	95
47	229
47	235
47	240
47	245
47	248
47	253
47	255
47	257
47	258
47	259
47	260
47	261
47	262
47	263
47	264
47	265
47	267
47	268
47	269
47	271
47	272
47	273
47	274
47	275
47	276
47	277
47	278
47	279
47	280
47	281
47	282
47	283
47	284
47	285
47	286
47	287
47	288
47	289
47	290
47	291
47	292
47	293
47	294
47	295
47	296
47	297
47	298
47	299
47	300
47	301
47	302
47	303
47	304
47	305
47	306
47	307
47	308
47	309
47	310
47	311
47	312
47	313
47	314
47	315
47	316
47	317
47	318
47	319
47	320
47	321
47	322
47	323
47	324
47	325
47	326
47	327
48	95
48	229
48	235
48	240
48	248
48	258
48	259
48	260
48	261
48	262
48	264
48	265
48	267
48	268
48	271
48	273
48	274
48	275
48	276
48	277
48	278
48	279
48	280
48	282
48	283
48	284
48	285
48	286
48	287
48	288
48	290
48	291
48	292
48	295
48	296
48	298
48	299
48	300
48	301
48	302
48	303
48	304
48	305
48	306
48	307
48	308
48	309
48	310
48	311
48	312
48	313
48	314
48	315
48	316
48	317
48	318
48	319
48	320
48	321
48	322
48	323
48	324
48	325
48	326
48	327
49	95
49	229
49	235
49	240
49	245
49	248
49	253
49	255
49	257
49	258
49	259
49	260
49	261
49	262
49	263
49	264
49	265
49	267
49	268
49	269
49	271
49	272
49	273
49	274
49	275
49	276
49	277
49	278
49	279
49	280
49	281
49	282
49	283
49	284
49	285
49	286
49	287
49	288
49	289
49	290
49	291
49	292
49	293
49	294
49	295
49	296
49	297
49	298
49	299
49	300
49	301
49	302
49	303
49	304
49	305
49	306
49	307
49	308
49	309
49	310
49	311
49	312
49	313
49	314
49	315
49	316
49	317
49	318
49	319
49	320
49	321
49	322
49	323
49	324
49	325
49	326
49	327
50	95
50	229
50	235
50	240
50	258
50	259
50	260
50	261
50	264
50	268
50	271
50	273
50	274
50	275
50	276
50	277
50	278
50	279
50	280
50	282
50	283
50	284
50	285
50	286
50	287
50	288
50	290
50	291
50	292
50	295
50	296
50	298
50	299
50	300
50	301
50	302
50	303
50	304
50	305
50	306
50	307
50	308
50	309
50	310
50	311
50	312
50	313
50	314
50	315
50	316
50	317
50	318
50	319
50	320
50	321
50	322
50	323
50	324
50	325
50	326
50	327
51	95
51	229
51	235
51	240
51	258
51	259
51	260
51	261
51	264
51	268
51	271
51	273
51	274
51	275
51	276
51	277
51	278
51	279
51	280
51	282
51	283
51	284
51	285
51	286
51	287
51	288
51	290
51	291
51	292
51	295
51	296
51	298
51	299
51	300
51	301
51	302
51	303
51	304
51	305
51	306
51	307
51	308
51	309
51	310
51	311
51	312
51	313
51	314
51	315
51	316
51	317
51	318
51	319
51	320
51	321
51	322
51	323
51	324
51	325
51	326
51	327
52	95
52	229
52	235
52	240
52	245
52	248
52	253
52	255
52	257
52	258
52	259
52	260
52	261
52	262
52	263
52	264
52	265
52	267
52	268
52	269
52	271
52	272
52	273
52	274
52	275
52	276
52	277
52	278
52	279
52	280
52	281
52	282
52	283
52	284
52	285
52	286
52	287
52	288
52	289
52	290
52	291
52	292
52	293
52	294
52	295
52	296
52	297
52	298
52	299
52	300
52	301
52	302
52	303
52	304
52	305
52	306
52	307
52	308
52	309
52	310
52	311
52	312
52	313
52	314
52	315
52	316
52	317
52	318
52	319
52	320
52	321
52	322
52	323
52	324
52	325
52	326
52	327
53	95
53	229
53	235
53	240
53	245
53	248
53	253
53	255
53	257
53	258
53	259
53	260
53	261
53	262
53	263
53	264
53	265
53	267
53	268
53	269
53	271
53	272
53	273
53	274
53	275
53	276
53	277
53	278
53	279
53	280
53	281
53	282
53	283
53	284
53	285
53	286
53	287
53	288
53	289
53	290
53	291
53	292
53	293
53	294
53	295
53	296
53	297
53	298
53	299
53	300
53	301
53	302
53	303
53	304
53	305
53	306
53	307
53	308
53	309
53	310
53	311
53	312
53	313
53	314
53	315
53	316
53	317
53	318
53	319
53	320
53	321
53	322
53	323
53	324
53	325
53	326
53	327
54	95
54	229
54	235
54	240
54	248
54	258
54	259
54	260
54	261
54	262
54	264
54	265
54	267
54	268
54	271
54	273
54	274
54	275
54	276
54	277
54	278
54	279
54	280
54	282
54	283
54	284
54	285
54	286
54	287
54	288
54	290
54	291
54	292
54	295
54	296
54	298
54	299
54	300
54	301
54	302
54	303
54	304
54	305
54	306
54	307
54	308
54	309
54	310
54	311
54	312
54	313
54	314
54	315
54	316
54	317
54	318
54	319
54	320
54	321
54	322
54	323
54	324
54	325
54	326
54	327
55	95
55	229
55	235
55	240
55	248
55	258
55	259
55	260
55	261
55	262
55	264
55	265
55	267
55	268
55	271
55	273
55	274
55	275
55	276
55	277
55	278
55	279
55	280
55	282
55	283
55	284
55	285
55	286
55	287
55	288
55	290
55	291
55	292
55	295
55	296
55	298
55	299
55	300
55	301
55	302
55	303
55	304
55	305
55	306
55	307
55	308
55	309
55	310
55	311
55	312
55	313
55	314
55	315
55	316
55	317
55	318
55	319
55	320
55	321
55	322
55	323
55	324
55	325
55	326
55	327
56	95
56	229
56	235
56	240
56	258
56	259
56	260
56	261
56	264
56	268
56	271
56	273
56	274
56	275
56	276
56	277
56	278
56	279
56	280
56	282
56	283
56	284
56	285
56	286
56	287
56	288
56	290
56	291
56	292
56	295
56	296
56	298
56	299
56	300
56	301
56	302
56	303
56	304
56	305
56	306
56	307
56	308
56	309
56	310
56	311
56	312
56	313
56	314
56	315
56	316
56	317
56	318
56	319
56	320
56	321
56	322
56	323
56	324
56	325
56	326
56	327
57	95
57	229
57	235
57	240
57	258
57	259
57	260
57	261
57	264
57	268
57	271
57	273
57	274
57	275
57	276
57	277
57	278
57	279
57	280
57	282
57	283
57	284
57	285
57	286
57	287
57	288
57	290
57	291
57	292
57	295
57	296
57	298
57	299
57	300
57	301
57	302
57	303
57	304
57	305
57	306
57	307
57	308
57	309
57	310
57	311
57	312
57	313
57	314
57	315
57	316
57	317
57	318
57	319
57	320
57	321
57	322
57	323
57	324
57	325
57	326
57	327
58	95
58	229
58	235
58	240
58	282
58	283
58	301
58	302
58	306
58	308
58	309
58	310
58	313
58	314
58	315
58	316
58	318
58	319
58	320
58	321
58	322
58	323
58	324
58	325
59	95
59	229
59	235
59	240
59	258
59	259
59	260
59	261
59	264
59	268
59	271
59	273
59	274
59	275
59	276
59	277
59	278
59	279
59	280
59	282
59	283
59	284
59	285
59	286
59	287
59	288
59	290
59	291
59	292
59	295
59	296
59	298
59	299
59	300
59	301
59	302
59	303
59	304
59	305
59	306
59	307
59	308
59	309
59	310
59	311
59	312
59	313
59	314
59	315
59	316
59	317
59	318
59	319
59	320
59	321
59	322
59	323
59	324
59	325
59	326
59	327
60	95
60	229
60	235
60	240
60	260
60	264
60	282
60	283
60	299
60	301
60	302
60	306
60	308
60	309
60	310
60	313
60	314
60	315
60	316
60	318
60	319
60	320
60	321
60	322
60	323
60	324
60	325
61	95
61	229
61	235
61	240
61	282
61	283
61	301
61	302
61	306
61	308
61	309
61	310
61	313
61	314
61	315
61	316
61	318
61	319
61	320
61	321
61	322
61	323
61	324
61	325
62	95
62	229
62	235
62	240
62	260
62	264
62	282
62	283
62	299
62	301
62	302
62	306
62	308
62	309
62	310
62	313
62	314
62	315
62	316
62	318
62	319
62	320
62	321
62	322
62	323
62	324
62	325
63	95
63	229
63	235
63	240
63	258
63	259
63	260
63	261
63	264
63	268
63	271
63	273
63	274
63	275
63	276
63	277
63	278
63	279
63	280
63	282
63	283
63	284
63	285
63	286
63	287
63	288
63	290
63	291
63	292
63	295
63	296
63	298
63	299
63	300
63	301
63	302
63	303
63	304
63	305
63	306
63	307
63	308
63	309
63	310
63	311
63	312
63	313
63	314
63	315
63	316
63	317
63	318
63	319
63	320
63	321
63	322
63	323
63	324
63	325
63	326
63	327
64	95
64	229
64	235
64	240
64	258
64	259
64	260
64	261
64	264
64	268
64	271
64	273
64	274
64	275
64	276
64	277
64	278
64	279
64	280
64	282
64	283
64	284
64	285
64	286
64	287
64	288
64	290
64	291
64	292
64	295
64	296
64	298
64	299
64	300
64	301
64	302
64	303
64	304
64	305
64	306
64	307
64	308
64	309
64	310
64	311
64	312
64	313
64	314
64	315
64	316
64	317
64	318
64	319
64	320
64	321
64	322
64	323
64	324
64	325
64	326
64	327
65	95
65	229
65	235
65	240
65	258
65	259
65	260
65	261
65	264
65	268
65	271
65	273
65	274
65	275
65	276
65	277
65	278
65	279
65	280
65	282
65	283
65	284
65	285
65	286
65	287
65	288
65	290
65	291
65	292
65	295
65	296
65	298
65	299
65	300
65	301
65	302
65	303
65	304
65	305
65	306
65	307
65	308
65	309
65	310
65	311
65	312
65	313
65	314
65	315
65	316
65	317
65	318
65	319
65	320
65	321
65	322
65	323
65	324
65	325
65	326
65	327
66	95
66	229
66	235
66	240
66	245
66	248
66	253
66	255
66	257
66	258
66	259
66	260
66	261
66	262
66	263
66	264
66	265
66	267
66	268
66	269
66	271
66	272
66	273
66	274
66	275
66	276
66	277
66	278
66	279
66	280
66	281
66	282
66	283
66	284
66	285
66	286
66	287
66	288
66	289
66	290
66	291
66	292
66	293
66	294
66	295
66	296
66	297
66	298
66	299
66	300
66	301
66	302
66	303
66	304
66	305
66	306
66	307
66	308
66	309
66	310
66	311
66	312
66	313
66	314
66	315
66	316
66	317
66	318
66	319
66	320
66	321
66	322
66	323
66	324
66	325
66	326
66	327
67	95
67	229
67	235
67	240
67	258
67	259
67	260
67	261
67	264
67	268
67	271
67	273
67	274
67	275
67	276
67	277
67	278
67	279
67	280
67	282
67	283
67	284
67	285
67	286
67	287
67	288
67	290
67	291
67	292
67	295
67	296
67	298
67	299
67	300
67	301
67	302
67	303
67	304
67	305
67	306
67	307
67	308
67	309
67	310
67	311
67	312
67	313
67	314
67	315
67	316
67	317
67	318
67	319
67	320
67	321
67	322
67	323
67	324
67	325
67	326
67	327
68	95
68	229
68	235
68	240
68	245
68	248
68	253
68	255
68	257
68	258
68	259
68	260
68	261
68	262
68	263
68	264
68	265
68	267
68	268
68	269
68	271
68	272
68	273
68	274
68	275
68	276
68	277
68	278
68	279
68	280
68	281
68	282
68	283
68	284
68	285
68	286
68	287
68	288
68	289
68	290
68	291
68	292
68	293
68	294
68	295
68	296
68	297
68	298
68	299
68	300
68	301
68	302
68	303
68	304
68	305
68	306
68	307
68	308
68	309
68	310
68	311
68	312
68	313
68	314
68	315
68	316
68	317
68	318
68	319
68	320
68	321
68	322
68	323
68	324
68	325
68	326
68	327
69	95
69	229
69	235
69	240
69	282
69	308
70	95
70	229
70	235
70	240
70	282
70	308
71	95
71	229
71	235
71	240
71	282
71	283
71	301
71	302
71	306
71	308
71	309
71	310
71	313
71	314
71	315
71	316
71	318
71	319
71	320
71	321
71	322
71	323
71	324
71	325
72	95
72	229
72	235
72	240
72	282
72	308
73	95
73	229
73	235
73	240
73	258
73	259
73	260
73	261
73	264
73	268
73	271
73	273
73	274
73	275
73	276
73	277
73	278
73	279
73	280
73	282
73	283
73	284
73	285
73	286
73	287
73	288
73	290
73	291
73	292
73	295
73	296
73	298
73	299
73	300
73	301
73	302
73	303
73	304
73	305
73	306
73	307
73	308
73	309
73	310
73	311
73	312
73	313
73	314
73	315
73	316
73	317
73	318
73	319
73	320
73	321
73	322
73	323
73	324
73	325
73	326
73	327
74	95
74	229
74	235
74	240
74	258
74	259
74	260
74	261
74	264
74	268
74	271
74	273
74	274
74	275
74	276
74	277
74	278
74	279
74	280
74	282
74	283
74	284
74	285
74	286
74	287
74	288
74	290
74	291
74	292
74	295
74	296
74	298
74	299
74	300
74	301
74	302
74	303
74	304
74	305
74	306
74	307
74	308
74	309
74	310
74	311
74	312
74	313
74	314
74	315
74	316
74	317
74	318
74	319
74	320
74	321
74	322
74	323
74	324
74	325
74	326
74	327
75	95
75	229
75	235
75	240
75	282
75	283
75	301
75	302
75	306
75	308
75	309
75	310
75	313
75	314
75	315
75	316
75	318
75	319
75	320
75	321
75	322
75	323
75	324
75	325
76	95
76	229
76	235
76	240
76	258
76	259
76	260
76	261
76	264
76	268
76	271
76	273
76	274
76	275
76	276
76	277
76	278
76	279
76	280
76	282
76	283
76	284
76	285
76	286
76	287
76	288
76	290
76	291
76	292
76	295
76	296
76	298
76	299
76	300
76	301
76	302
76	303
76	304
76	305
76	306
76	307
76	308
76	309
76	310
76	311
76	312
76	313
76	314
76	315
76	316
76	317
76	318
76	319
76	320
76	321
76	322
76	323
76	324
76	325
76	326
76	327
77	95
77	229
77	235
77	240
77	258
77	259
77	260
77	261
77	264
77	268
77	271
77	273
77	274
77	275
77	276
77	277
77	278
77	279
77	280
77	282
77	283
77	284
77	285
77	286
77	287
77	288
77	290
77	291
77	292
77	295
77	296
77	298
77	299
77	300
77	301
77	302
77	303
77	304
77	305
77	306
77	307
77	308
77	309
77	310
77	311
77	312
77	313
77	314
77	315
77	316
77	317
77	318
77	319
77	320
77	321
77	322
77	323
77	324
77	325
77	326
77	327
78	95
78	229
78	235
78	240
78	258
78	259
78	260
78	261
78	264
78	268
78	271
78	273
78	274
78	275
78	276
78	277
78	278
78	279
78	280
78	282
78	283
78	284
78	285
78	286
78	287
78	288
78	290
78	291
78	292
78	295
78	296
78	298
78	299
78	300
78	301
78	302
78	303
78	304
78	305
78	306
78	307
78	308
78	309
78	310
78	311
78	312
78	313
78	314
78	315
78	316
78	317
78	318
78	319
78	320
78	321
78	322
78	323
78	324
78	325
78	326
78	327
79	95
79	229
79	235
79	240
79	258
79	259
79	260
79	261
79	264
79	268
79	271
79	273
79	274
79	275
79	276
79	277
79	278
79	279
79	280
79	282
79	283
79	284
79	285
79	286
79	287
79	288
79	290
79	291
79	292
79	295
79	296
79	298
79	299
79	300
79	301
79	302
79	303
79	304
79	305
79	306
79	307
79	308
79	309
79	310
79	311
79	312
79	313
79	314
79	315
79	316
79	317
79	318
79	319
79	320
79	321
79	322
79	323
79	324
79	325
79	326
79	327
80	95
80	229
80	235
80	240
80	282
80	283
80	301
80	302
80	306
80	308
80	309
80	310
80	313
80	314
80	315
80	316
80	318
80	319
80	320
80	321
80	322
80	323
80	324
80	325
81	95
81	229
81	235
81	240
81	258
81	259
81	260
81	261
81	264
81	268
81	271
81	273
81	274
81	275
81	276
81	277
81	278
81	279
81	280
81	282
81	283
81	284
81	285
81	286
81	287
81	288
81	290
81	291
81	292
81	295
81	296
81	298
81	299
81	300
81	301
81	302
81	303
81	304
81	305
81	306
81	307
81	308
81	309
81	310
81	311
81	312
81	313
81	314
81	315
81	316
81	317
81	318
81	319
81	320
81	321
81	322
81	323
81	324
81	325
81	326
81	327
82	95
82	229
82	235
82	240
82	260
82	264
82	282
82	283
82	299
82	301
82	302
82	306
82	308
82	309
82	310
82	313
82	314
82	315
82	316
82	318
82	319
82	320
82	321
82	322
82	323
82	324
82	325
83	95
83	229
83	235
83	240
83	282
83	308
84	95
84	229
84	235
84	240
84	260
84	264
84	282
84	283
84	299
84	301
84	302
84	306
84	308
84	309
84	310
84	313
84	314
84	315
84	316
84	318
84	319
84	320
84	321
84	322
84	323
84	324
84	325
85	95
85	229
85	235
85	240
85	260
85	264
85	282
85	283
85	299
85	301
85	302
85	306
85	308
85	309
85	310
85	313
85	314
85	315
85	316
85	318
85	319
85	320
85	321
85	322
85	323
85	324
85	325
86	95
86	229
86	235
86	240
86	248
86	258
86	259
86	260
86	261
86	262
86	264
86	265
86	267
86	268
86	271
86	273
86	274
86	275
86	276
86	277
86	278
86	279
86	280
86	282
86	283
86	284
86	285
86	286
86	287
86	288
86	290
86	291
86	292
86	295
86	296
86	298
86	299
86	300
86	301
86	302
86	303
86	304
86	305
86	306
86	307
86	308
86	309
86	310
86	311
86	312
86	313
86	314
86	315
86	316
86	317
86	318
86	319
86	320
86	321
86	322
86	323
86	324
86	325
86	326
86	327
87	95
87	229
87	235
87	240
87	260
87	264
87	282
87	283
87	299
87	301
87	302
87	306
87	308
87	309
87	310
87	313
87	314
87	315
87	316
87	318
87	319
87	320
87	321
87	322
87	323
87	324
87	325
88	95
88	229
88	235
88	240
88	260
88	264
88	282
88	283
88	299
88	301
88	302
88	306
88	308
88	309
88	310
88	313
88	314
88	315
88	316
88	318
88	319
88	320
88	321
88	322
88	323
88	324
88	325
89	95
89	229
89	235
89	240
89	248
89	258
89	259
89	260
89	261
89	262
89	264
89	265
89	267
89	268
89	271
89	273
89	274
89	275
89	276
89	277
89	278
89	279
89	280
89	282
89	283
89	284
89	285
89	286
89	287
89	288
89	290
89	291
89	292
89	295
89	296
89	298
89	299
89	300
89	301
89	302
89	303
89	304
89	305
89	306
89	307
89	308
89	309
89	310
89	311
89	312
89	313
89	314
89	315
89	316
89	317
89	318
89	319
89	320
89	321
89	322
89	323
89	324
89	325
89	326
89	327
90	95
90	229
90	235
90	240
90	282
90	308
91	95
91	229
91	235
91	240
91	282
91	283
91	301
91	302
91	306
91	308
91	309
91	310
91	313
91	314
91	315
91	316
91	318
91	319
91	320
91	321
91	322
91	323
91	324
91	325
92	95
92	229
92	235
92	240
92	260
92	264
92	282
92	283
92	299
92	301
92	302
92	306
92	308
92	309
92	310
92	313
92	314
92	315
92	316
92	318
92	319
92	320
92	321
92	322
92	323
92	324
92	325
93	95
93	229
93	235
93	240
93	282
93	283
93	301
93	302
93	306
93	308
93	309
93	310
93	313
93	314
93	315
93	316
93	318
93	319
93	320
93	321
93	322
93	323
93	324
93	325
94	95
94	229
94	235
94	240
94	258
94	259
94	260
94	261
94	264
94	268
94	271
94	273
94	274
94	275
94	276
94	277
94	278
94	279
94	280
94	282
94	283
94	284
94	285
94	286
94	287
94	288
94	290
94	291
94	292
94	295
94	296
94	298
94	299
94	300
94	301
94	302
94	303
94	304
94	305
94	306
94	307
94	308
94	309
94	310
94	311
94	312
94	313
94	314
94	315
94	316
94	317
94	318
94	319
94	320
94	321
94	322
94	323
94	324
94	325
94	326
94	327
95	96
95	97
95	98
95	99
95	100
95	101
95	102
95	103
95	104
95	105
95	106
95	107
95	108
95	109
95	110
95	111
95	112
95	113
95	114
95	115
95	116
95	117
95	118
95	119
95	120
95	121
95	122
95	123
95	124
95	125
95	126
95	127
95	128
95	129
95	130
95	131
95	132
95	133
95	134
95	135
95	136
95	137
95	138
95	139
95	140
95	141
95	142
95	143
95	144
95	145
95	146
95	147
95	148
95	149
95	150
95	151
95	152
95	153
95	154
95	155
95	156
95	157
95	158
95	159
95	160
95	161
95	162
95	163
95	164
95	165
95	166
95	167
95	168
95	169
95	170
95	171
95	172
95	173
95	174
95	175
95	176
95	177
95	178
95	179
95	180
95	181
95	182
95	183
95	184
95	185
95	186
95	187
95	188
95	189
95	190
95	191
95	192
95	193
95	194
95	195
95	196
95	197
95	198
95	199
95	200
95	201
95	202
95	203
95	204
95	205
95	206
95	207
95	208
95	209
95	210
95	211
95	212
95	213
95	214
95	215
95	216
95	217
95	218
95	219
95	220
95	221
95	222
95	223
95	224
95	225
95	226
95	227
95	228
95	229
95	230
95	231
95	232
95	233
95	234
95	235
95	236
95	237
95	238
95	239
95	240
95	241
95	242
95	243
95	244
95	245
95	246
95	247
95	248
95	249
95	250
95	251
95	252
95	253
95	254
95	255
95	256
95	257
95	258
95	259
95	260
95	261
95	262
95	263
95	264
95	265
95	266
95	267
95	268
95	269
95	270
95	271
95	272
95	273
95	274
95	275
95	276
95	277
95	278
95	279
95	280
95	281
95	282
95	283
95	284
95	285
95	286
95	287
95	288
95	289
95	290
95	291
95	292
95	293
95	294
95	295
95	296
95	297
95	298
95	299
95	300
95	301
95	302
95	303
95	304
95	305
95	306
95	307
95	308
95	309
95	310
95	311
95	312
95	313
95	314
95	315
95	316
95	317
95	318
95	319
95	320
95	321
95	322
95	323
95	324
95	325
95	326
95	327
96	229
96	235
96	240
96	282
96	308
97	229
97	235
97	240
97	282
97	283
97	301
97	302
97	306
97	308
97	309
97	310
97	313
97	314
97	315
97	316
97	318
97	319
97	320
97	321
97	322
97	323
97	324
97	325
98	229
98	235
98	240
98	282
98	283
98	301
98	302
98	306
98	308
98	309
98	310
98	313
98	314
98	315
98	316
98	318
98	319
98	320
98	321
98	322
98	323
98	324
98	325
99	229
99	235
99	240
99	282
99	308
100	229
100	235
100	240
100	282
100	308
101	229
101	235
101	240
101	282
101	308
102	229
102	235
102	240
102	282
102	283
102	301
102	302
102	306
102	308
102	309
102	310
102	313
102	314
102	315
102	316
102	318
102	319
102	320
102	321
102	322
102	323
102	324
102	325
103	229
103	235
103	240
103	282
103	283
103	301
103	302
103	306
103	308
103	309
103	310
103	313
103	314
103	315
103	316
103	318
103	319
103	320
103	321
103	322
103	323
103	324
103	325
104	229
104	235
104	240
104	282
104	308
105	229
105	235
105	240
105	282
105	308
106	229
106	235
106	240
106	282
106	308
107	229
107	235
107	240
107	282
107	283
107	301
107	302
107	306
107	308
107	309
107	310
107	313
107	314
107	315
107	316
107	318
107	319
107	320
107	321
107	322
107	323
107	324
107	325
108	229
108	235
108	240
108	308
109	229
109	235
109	240
109	282
109	308
110	229
110	235
110	240
110	282
110	283
110	301
110	302
110	306
110	308
110	309
110	310
110	313
110	314
110	315
110	316
110	318
110	319
110	320
110	321
110	322
110	323
110	324
110	325
111	229
111	235
111	240
111	308
112	229
112	235
112	240
112	308
113	229
113	235
113	240
113	308
114	229
114	235
114	240
114	308
115	229
115	235
115	240
115	282
115	308
116	229
116	235
116	240
116	282
116	308
117	229
117	235
117	240
117	282
117	308
118	229
118	235
118	240
118	308
119	229
119	235
119	240
119	282
119	308
120	229
120	235
120	240
120	282
120	308
121	229
121	235
121	240
121	282
121	308
122	229
122	235
122	240
122	282
122	308
123	229
123	235
123	240
123	308
124	229
124	235
124	240
124	282
124	308
125	229
125	235
125	240
125	282
125	308
126	229
126	235
126	240
126	282
126	308
127	229
127	235
127	240
127	308
128	229
128	235
128	240
128	282
128	308
129	229
129	235
129	240
129	282
129	308
130	229
130	235
130	240
130	308
131	229
131	235
131	240
131	308
132	229
132	235
132	240
132	308
133	229
133	235
133	240
133	308
134	229
134	235
134	240
134	282
134	308
135	229
135	235
135	240
135	282
135	308
136	229
136	235
136	240
136	282
136	308
137	229
137	235
137	240
137	282
137	308
138	229
138	235
138	240
138	282
138	308
139	229
139	235
139	240
139	308
140	229
140	235
140	240
140	282
140	308
141	229
141	235
141	240
141	282
141	308
142	229
142	235
142	240
142	282
142	283
142	301
142	302
142	306
142	308
142	309
142	310
142	313
142	314
142	315
142	316
142	318
142	319
142	320
142	321
142	322
142	323
142	324
142	325
143	229
143	235
143	240
143	282
143	308
144	229
144	235
144	240
144	308
145	229
145	235
145	240
145	308
146	229
146	235
146	240
146	308
147	229
147	235
147	240
147	308
148	229
148	235
148	240
148	308
149	229
149	235
149	240
149	308
150	229
150	235
150	240
150	308
151	229
151	235
151	240
151	308
152	229
152	235
152	240
152	308
153	229
153	235
153	240
153	308
154	229
154	235
154	240
154	282
154	308
155	229
155	235
155	240
155	308
156	229
156	235
156	240
156	308
157	229
157	235
157	240
157	308
158	229
158	235
158	240
158	308
159	229
159	235
159	240
159	308
160	229
160	235
160	240
160	308
161	229
161	235
161	240
161	260
161	264
161	282
161	283
161	299
161	301
161	302
161	306
161	308
161	309
161	310
161	313
161	314
161	315
161	316
161	318
161	319
161	320
161	321
161	322
161	323
161	324
161	325
162	229
162	235
162	240
162	282
162	308
163	229
163	235
163	240
163	308
164	229
164	235
164	240
164	282
164	308
165	229
165	235
165	240
165	282
165	308
166	229
166	235
166	240
166	308
167	229
167	235
167	240
167	282
167	308
168	229
168	235
168	240
168	282
168	308
169	229
169	235
169	240
169	282
169	283
169	301
169	302
169	306
169	308
169	309
169	310
169	313
169	314
169	315
169	316
169	318
169	319
169	320
169	321
169	322
169	323
169	324
169	325
170	229
170	235
170	240
170	282
170	283
170	301
170	302
170	306
170	308
170	309
170	310
170	313
170	314
170	315
170	316
170	318
170	319
170	320
170	321
170	322
170	323
170	324
170	325
171	229
171	235
171	240
171	282
171	308
172	229
172	235
172	240
172	282
172	308
173	229
173	235
173	240
173	308
174	229
174	235
174	240
174	308
175	229
175	235
175	240
175	282
175	308
176	229
176	235
176	240
176	282
176	308
177	229
177	235
177	240
177	282
177	308
178	229
178	235
178	240
178	308
179	229
179	235
179	240
179	308
180	229
180	235
180	240
180	308
181	229
181	235
181	240
181	308
182	229
182	235
182	240
182	308
183	229
183	235
183	240
183	308
184	229
184	235
184	240
184	308
185	229
185	235
185	240
185	282
185	308
186	229
186	235
186	240
186	282
186	308
187	229
187	235
187	240
187	308
188	229
188	235
188	240
188	308
189	229
189	235
189	240
189	282
189	308
190	229
190	235
190	240
190	308
191	229
191	235
191	240
191	308
192	229
192	235
192	240
192	308
193	229
193	235
193	240
193	308
194	229
194	235
194	240
194	308
195	229
195	235
195	240
195	308
196	229
196	235
196	240
196	308
197	229
197	235
197	240
197	308
198	229
198	235
198	240
198	308
199	229
199	235
199	240
199	308
200	229
200	235
200	240
200	282
200	308
201	229
201	235
201	240
201	308
202	229
202	235
202	240
202	308
203	229
203	235
203	240
203	308
204	229
204	235
204	240
204	308
205	229
205	235
205	240
205	308
206	229
206	235
206	240
206	308
207	229
207	235
207	240
207	308
208	229
208	235
208	240
208	308
209	229
209	235
209	240
209	308
210	229
210	235
210	240
210	308
211	229
211	235
211	240
211	308
212	229
212	235
212	240
212	282
212	308
213	229
213	235
213	240
213	308
214	229
214	235
214	240
214	308
215	229
215	235
215	240
215	282
215	308
216	229
216	235
216	240
216	308
217	229
217	235
217	240
217	308
218	229
218	235
218	240
218	308
219	229
219	235
219	240
219	308
220	229
220	235
220	240
220	308
221	229
221	235
221	240
221	308
222	229
222	235
222	240
222	308
223	229
223	235
223	240
223	308
224	229
224	235
224	240
224	308
225	229
225	235
225	240
225	308
226	229
226	235
226	240
226	282
226	308
227	229
227	235
227	240
227	308
228	229
228	235
228	240
228	308
229	230
229	231
229	232
229	233
229	234
229	235
229	236
229	237
229	238
229	239
229	240
229	241
229	242
229	243
229	244
229	245
229	246
229	247
229	248
229	249
229	250
229	251
229	252
229	253
229	254
229	255
229	256
229	257
229	258
229	259
229	260
229	261
229	262
229	263
229	264
229	265
229	266
229	267
229	268
229	269
229	270
229	271
229	272
229	273
229	274
229	275
229	276
229	277
229	278
229	279
229	280
229	281
229	282
229	283
229	284
229	285
229	286
229	287
229	288
229	289
229	290
229	291
229	292
229	293
229	294
229	295
229	296
229	297
229	298
229	299
229	300
229	301
229	302
229	303
229	304
229	305
229	306
229	307
229	308
229	309
229	310
229	311
229	312
229	313
229	314
229	315
229	316
229	317
229	318
229	319
229	320
229	321
229	322
229	323
229	324
229	325
229	326
229	327
230	235
230	240
230	308
231	235
231	240
231	308
232	235
232	240
232	282
232	308
233	235
233	240
233	308
234	235
234	240
234	308
235	236
235	237
235	238
235	239
235	240
235	241
235	242
235	243
235	244
235	245
235	246
235	247
235	248
235	249
235	250
235	251
235	252
235	253
235	254
235	255
235	256
235	257
235	258
235	259
235	260
235	261
235	262
235	263
235	264
235	265
235	266
235	267
235	268
235	269
235	270
235	271
235	272
235	273
235	274
235	275
235	276
235	277
235	278
235	279
235	280
235	281
235	282
235	283
235	284
235	285
235	286
235	287
235	288
235	289
235	290
235	291
235	292
235	293
235	294
235	295
235	296
235	297
235	298
235	299
235	300
235	301
235	302
235	303
235	304
235	305
235	306
235	307
235	308
235	309
235	310
235	311
235	312
235	313
235	314
235	315
235	316
235	317
235	318
235	319
235	320
235	321
235	322
235	323
235	324
235	325
235	326
235	327
236	240
236	308
237	240
237	308
238	240
238	308
239	240
239	308
240	241
240	242
240	243
240	244
240	245
240	246
240	247
240	248
240	249
240	250
240	251
240	252
240	253
240	254
240	255
240	256
240	257
240	258
240	259
240	260
240	261
240	262
240	263
240	264
240	265
240	266
240	267
240	268
240	269
240	270
240	271
240	272
240	273
240	274
240	275
240	276
240	277
240	278
240	279
240	280
240	281
240	282
240	283
240	284
240	285
240	286
240	287
240	288
240	289
240	290
240	291
240	292
240	293
240	294
240	295
240	296
240	297
240	298
240	299
240	300
240	301
240	302
240	303
240	304
240	305
240	306
240	307
240	308
240	309
240	310
240	311
240	312
240	313
240	314
240	315
240	316
240	317
240	318
240	319
240	320
240	321
240	322
240	323
240	324
240	325
240	326
240	327
241	308
242	308
243	308
244	282
244	308
245	282
245	283
245	301
245	302
245	306
245	308
245	309
245	310
245	313
245	314
245	315
245	316
245	318
245	319
245	320
245	321
245	322
245	323
245	324
245	325
246	308
247	308
248	308
249	308
250	308
251	308
252	308
253	308
254	308
255	308
256	308
257	308
258	308
259	308
260	308
261	308
262	308
263	308
264	308
265	308
266	308
267	308
268	308
269	308
270	308
271	308
272	308
273	308
274	308
275	308
276	308
277	308
278	308
279	308
280	308
281	308
282	308
283	308
284	308
285	308
286	308
287	308
288	308
289	308
290	308
291	308
292	308
293	308
294	308
295	308
296	308
297	308
298	308
299	308
300	308
301	308
302	308
303	308
304	308
305	308
306	308
307	308
308	309
308	310
308	311
308	312
308	313
308	314
308	315
308	316
308	317
308	318
308	319
308	320
308	321
308	322
308	323
308	324
308	325
308	326
308	327