217	1277
1	2
1	3
1	4
1	5
1	6
1	7
1	8
1	9
1	10
1	11
1	12
1	13
1	14
1	15
1	16
1	17
1	18
1	19
1	20
1	21
1	22
1	23
1	24
1	25
1	26
1	27
1	28
1	29
1	30
1	31
1	32
1	33
1	34
1	35
1	36
1	37
1	38
1	39
1	40
1	41
1	42
1	43
1	44
1	45
1	46
1	47
1	48
1	49
1	50
1	51
1	52
1	53
1	54
1	55
1	56
1	57
1	58
1	59
1	60
1	61
1	62
1	63
1	64
1	65
1	66
1	67
1	68
1	69
1	70
1	71
1	72
1	73
1	74
1	75
1	76
1	77
1	78
1	79
1	80
1	81
1	82
1	83
1	84
1	85
1	86
1	87
1	88
1	89
1	90
1	91
1	92
1	93
1	94
1	95
1	96
1	97
1	98
1	99
1	100
1	101
1	102
1	103
1	104
1	105
1	106
1	107
1	108
1	109
1	110
1	111
1	112
1	113
1	114
1	115
1	116
1	117
1	118
1	119
1	120
1	121
1	122
1	123
1	124
1	125
1	126
1	127
1	128
1	129
1	130
1	131
1	132
1	133
1	134
1	135
1	136
1	137
1	138
1	139
1	140
1	141
1	142
1	143
1	144
1	145
1	146
1	147
1	148
1	149
1	150
1	151
1	152
1	153
1	154
1	155
1	156
1	157
1	158
1	159
1	160
1	161
1	162
1	163
1	164
1	165
1	166
1	167
1	168
1	169
1	170
1	171
1	172
1	173
1	174
1	175
1	176
1	177
1	178
1	179
1	180
1	181
1	182
1	183
1	184
1	185
1	186
1	187
1	188
1	189
1	190
1	191
1	192
1	193
1	194
1	195
1	196
1	197
1	198
1	199
1	200
1	201
1	202
1	203
1	204
1	205
1	206
1	207
1	208
1	209
1	210
1	211
1	212
1	213
1	214
1	215
1	216
1	217
2	85
2	86
2	164
2	192
2	197
2	198
2	200
2	202
2	203
2	204
2	205
2	208
2	209
2	210
2	211
2	212
2	213
2	214
2	215
2	216
2	217
3	85
3	86
3	164
3	192
3	197
3	198
3	200
3	202
3	203
3	204
3	205
3	208
3	209
3	210
3	211
3	212
3	213
3	214
3	215
3	216
3	217
4	85
4	86
4	164
4	210
4	212
4	213
4	214
4	215
4	216
5	85
5	86
5	164
5	210
5	212
5	213
5	214
5	215
5	216
6	85
6	86
6	164
6	210
6	212
6	213
6	214
6	215
6	216
7	85
7	86
7	164
7	192
7	197
7	198
7	200
7	202
7	203
7	204
7	205
7	208
7	209
7	210
7	211
7	212
7	213
7	214
7	215
7	216
7	217
8	85
8	86
8	164
8	210
8	212
8	213
8	214
8	215
8	216
9	85
9	86
9	164
9	192
9	197
9	198
9	200
9	202
9	203
9	204
9	205
9	208
9	209
9	210
9	211
9	212
9	213
9	214
9	215
9	216
9	217
10	85
10	86
10	164
10	210
10	212
10	213
10	214
10	215
10	216
11	85
11	86
11	164
11	210
11	212
11	213
11	214
11	215
11	216
12	85
12	86
12	164
12	210
12	212
12	213
12	214
12	215
12	216
13	85
13	86
13	164
13	192
13	197
13	198
13	200
13	202
13	203
13	204
13	205
13	208
13	209
13	210
13	211
13	212
13	213
13	214
13	215
13	216
13	217
14	85
14	86
14	164
14	210
14	212
14	213
14	214
14	215
14	216
15	85
15	86
15	164
15	210
15	212
15	213
15	214
15	215
15	216
16	85
16	86
16	164
16	210
16	212
16	213
16	214
16	215
16	216
17	85
17	86
17	164
17	210
17	212
17	213
17	214
17	215
17	216
18	85
18	86
18	164
19	85
19	86
19	164
20	85
20	86
20	164
20	210
20	212
20	213
20	214
20	215
20	216
21	85
21	86
21	164
21	210
21	212
21	213
21	214
21	215
21	216
22	85
22	86
22	164
22	210
22	212
22	213
22	214
22	215
22	216
23	85
23	86
23	164
23	210
23	212
23	213
23	214
23	215
23	216
24	85
24	86
24	164
25	85
25	86
25	164
25	210
25	212
25	213
25	214
25	215
25	216
26	85
26	86
26	164
26	210
26	212
26	213
26	214
26	215
26	216
27	85
27	86
27	164
27	210
27	212
27	213
27	214
27	215
27	216
28	85
28	86
28	164
28	210
28	212
28	213
28	214
28	215
28	216
29	85
29	86
29	164
29	210
29	212
29	213
29	214
29	215
29	216
30	85
30	86
30	164
30	210
30	212
30	213
30	214
30	215
30	216
31	85
31	86
31	164
31	210
31	212
31	213
31	214
31	215
31	216
32	85
32	86
32	164
32	192
32	197
32	198
32	200
32	202
32	203
32	204
32	205
32	208
32	209
32	210
32	211
32	212
32	213
32	214
32	215
32	216
32	217
33	85
33	86
33	164
33	210
33	212
33	213
33	214
33	215
33	216
34	85
34	86
34	164
34	210
34	212
34	213
34	214
34	215
34	216
35	85
35	86
35	164
35	210
35	212
35	213
35	214
35	215
35	216
36	85
36	86
36	164
36	210
36	212
36	213
36	214
36	215
36	216
37	85
37	86
37	164
38	85
38	86
38	164
38	210
38	212
38	213
38	214
38	215
38	216
39	85
39	86
39	164
39	210
39	212
39	213
39	214
39	215
39	216
40	85
40	86
40	164
40	210
40	212
40	213
40	214
40	215
40	216
41	85
41	86
41	164
41	210
41	212
41	213
41	214
41	215
41	216
42	85
42	86
42	164
42	210
42	212
42	213
42	214
42	215
42	216
43	85
43	86
43	164
44	85
44	86
44	164
45	85
45	86
45	164
45	210
45	212
45	213
45	214
45	215
45	216
46	85
46	86
46	164
47	85
47	86
47	164
47	210
47	212
47	213
47	214
47	215
47	216
48	85
48	86
48	164
49	85
49	86
49	164
50	85
50	86
50	164
51	85
51	86
51	164
52	85
52	86
52	164
53	85
53	86
53	164
53	210
53	212
53	213
53	214
53	215
53	216
54	85
54	86
54	164
55	85
55	86
55	164
55	210
55	212
55	213
55	214
55	215
55	216
56	85
56	86
56	164
56	210
56	212
56	213
56	214
56	215
56	216
57	85
57	86
57	164
58	85
58	86
58	164
58	210
58	212
58	213
58	214
58	215
58	216
59	85
59	86
59	164
59	210
59	212
59	213
59	214
59	215
59	216
60	85
60	86
60	164
60	210
60	212
60	213
60	214
60	215
60	216
61	85
61	86
61	164
61	210
61	212
61	213
61	214
61	215
61	216
62	85
62	86
62	164
62	210
62	212
62	213
62	214
62	215
62	216
63	85
63	86
63	164
63	210
63	212
63	213
63	214
63	215
63	216
64	85
64	86
64	164
64	210
64	212
64	213
64	214
64	215
64	216
65	85
65	86
65	164
65	210
65	212
65	213
65	214
65	215
65	216
66	85
66	86
66	164
66	210
66	212
66	213
66	214
66	215
66	216
67	85
67	86
67	164
68	85
68	86
68	164
68	210
68	212
68	213
68	214
68	215
68	216
69	85
69	86
69	164
69	210
69	212
69	213
69	214
69	215
69	216
70	85
70	86
70	164
70	210
70	212
70	213
70	214
70	215
70	216
71	85
71	86
71	164
72	85
72	86
72	164
73	85
73	86
73	164
73	210
73	212
73	213
73	214
73	215
73	216
74	85
74	86
74	164
74	192
74	197
74	198
74	200
74	202
74	203
74	204
74	205
74	208
74	209
74	210
74	211
74	212
74	213
74	214
74	215
74	216
74	217
75	85
75	86
75	164
76	85
76	86
76	164
77	85
77	86
77	164
78	85
78	86
78	164
79	85
79	86
79	164
80	85
80	86
80	164
81	85
81	86
81	164
82	85
82	86
82	164
83	85
83	86
83	164
84	85
84	86
84	164
85	87
85	88
85	89
85	90
85	91
85	92
85	93
85	94
85	95
85	96
85	97
85	98
85	99
85	100
85	101
85	102
85	103
85	104
85	105
85	106
85	107
85	108
85	109
85	110
85	111
85	112
85	113
85	114
85	115
85	116
85	117
85	118
85	119
85	120
85	121
85	122
85	123
85	124
85	125
85	126
85	127
85	128
85	129
85	130
85	131
85	132
85	133
85	134
85	135
85	136
85	137
85	138
85	139
85	140
85	141
85	142
85	143
85	144
85	145
85	146
85	147
85	148
85	149
85	150
85	151
85	152
85	153
85	154
85	155
85	156
85	157
85	158
85	159
85	160
85	161
85	162
85	163
85	164
85	165
85	166
85	167
85	168
85	169
85	170
85	171
85	172
85	173
85	174
85	175
85	176
85	177
85	178
85	179
85	180
85	181
85	182
85	183
85	184
85	185
85	186
85	187
85	188
85	189
85	190
85	191
85	192
85	193
85	194
85	195
85	196
85	197
85	198
85	199
85	200
85	201
85	202
85	203
85	204
85	205
85	206
85	207
85	208
85	209
85	210
85	211
85	212
85	213
85	214
85	215
85	216
85	217
86	87
86	88
86	89
86	90
86	91
86	92
86	93
86	94
86	95
86	96
86	97
86	98
86	99
86	100
86	101
86	102
86	103
86	104
86	105
86	106
86	107
86	108
86	109
86	110
86	111
86	112
86	113
86	114
86	115
86	116
86	117
86	118
86	119
86	120
86	121
86	122
86	123
86	124
86	125
86	126
86	127
86	128
86	129
86	130
86	131
86	132
86	133
86	134
86	135
86	136
86	137
86	138
86	139
86	140
86	141
86	142
86	143
86	144
86	145
86	146
86	147
86	148
86	149
86	150
86	151
86	152
86	153
86	154
86	155
86	156
86	157
86	158
86	159
86	160
86	161
86	162
86	163
86	164
86	165
86	166
86	167
86	168
86	169
86	170
86	171
86	172
86	173
86	174
86	175
86	176
86	177
86	178
86	179
86	180
86	181
86	182
86	183
86	184
86	185
86	186
86	187
86	188
86	189
86	190
86	191
86	192
86	193
86	194
86	195
86	196
86	197
86	198
86	199
86	200
86	201
86	202
86	203
86	204
86	205
86	206
86	207
86	208
86	209
86	210
86	211
86	212
86	213
86	214
86	215
86	216
86	217
87	164
88	164
89	164
90	164
91	164
92	164
93	164
94	164
95	164
96	164
97	164
98	164
99	164
100	164
101	164
102	164
103	164
104	164
105	164
106	164
107	164
108	164
109	164
110	164
111	164
112	164
113	164
114	164
115	164
116	164
117	164
118	164
119	164
120	164
121	164
122	164
123	164
124	164
125	164
126	164
127	164
128	164
129	164
130	164
131	164
132	164
133	164
134	164
135	164
136	164
137	164
138	164
139	164
140	164
141	164
142	164
143	164
144	164
145	164
146	164
147	164
148	164
149	164
150	164
151	164
152	164
153	164
154	164
155	164
156	164
157	164
158	164
159	164
160	164
161	164
162	164
163	164
164	165
164	166
164	167
164	168
164	169
164	170
164	171
164	172
164	173
164	174
164	175
164	176
164	177
164	178
164	179
164	180
164	181
164	182
164	183
164	184
164	185
164	186
164	187
164	188
164	189
164	190
164	191
164	192
164	193
164	194
164	195
164	196
164	197
164	198
164	199
164	200
164	201
164	202
164	203
164	204
164	205
164	206
164	207
164	208
164	209
164	210
164	211
164	212
164	213
164	214
164	215
164	216
164	217