217	4474
1	2
1	3
1	4
1	5
1	6
1	7
1	8
1	9
1	10
1	11
1	12
1	13
1	14
1	15
1	16
1	17
1	18
1	19
1	20
1	21
1	22
1	23
1	24
1	25
1	26
1	27
1	28
1	29
1	30
1	31
1	32
1	33
1	34
1	35
1	36
1	37
1	38
1	39
1	40
1	41
1	42
1	43
1	44
1	45
1	46
1	47
1	48
1	49
1	50
1	51
1	52
1	53
1	54
1	55
1	56
1	57
1	58
1	59
1	60
1	61
1	62
1	63
1	64
1	65
1	66
1	67
1	68
1	69
1	70
1	71
1	72
1	73
1	74
1	75
1	76
1	77
1	78
1	79
1	80
1	81
1	82
1	83
1	84
1	85
1	86
1	87
1	88
1	89
1	90
1	91
1	92
1	93
1	94
1	95
1	96
1	97
1	98
1	99
1	100
1	101
1	102
1	103
1	104
1	105
1	106
1	107
1	108
1	109
1	110
1	111
1	112
1	113
1	114
1	115
1	116
1	117
1	118
1	119
1	120
1	121
1	122
1	123
1	124
1	125
1	126
1	127
1	128
1	129
1	130
1	131
1	132
1	133
1	134
1	135
1	136
1	137
1	138
1	139
1	140
1	141
1	142
1	143
1	144
1	145
1	146
1	147
1	148
1	149
1	150
1	151
1	152
1	153
1	154
1	155
1	156
1	157
1	158
1	159
1	160
1	161
1	162
1	163
1	164
1	165
1	166
1	167
1	168
1	169
1	170
1	171
1	172
1	173
1	174
1	175
1	176
1	177
1	178
1	179
1	180
1	181
1	182
1	183
1	184
1	185
1	186
1	187
1	188
1	189
1	190
1	191
1	192
1	193
1	194
1	195
1	196
1	197
1	198
1	199
1	200
1	201
1	202
1	203
1	204
1	205
1	206
1	207
1	208
1	209
1	210
1	211
1	212
1	213
1	214
1	215
1	216
1	217
2	85
2	86
2	133
2	135
2	139
2	145
2	146
2	147
2	150
2	152
2	156
2	157
2	159
2	160
2	161
2	162
2	163
2	164
2	165
2	166
2	167
2	168
2	169
2	170
2	171
2	172
2	173
2	174
2	175
2	176
2	177
2	178
2	179
2	180
2	181
2	182
2	183
2	184
2	185
2	186
2	187
2	188
2	189
2	190
2	191
2	192
2	193
2	194
2	195
2	196
2	197
2	198
2	199
2	200
2	201
2	202
2	203
2	204
2	205
2	206
2	207
2	208
2	209
2	210
2	211
2	212
2	213
2	214
2	215
2	216
2	217
3	85
3	86
3	133
3	135
3	139
3	145
3	146
3	147
3	150
3	152
3	156
3	157
3	159
3	160
3	161
3	162
3	163
3	164
3	165
3	166
3	167
3	168
3	169
3	170
3	171
3	172
3	173
3	174
3	175
3	176
3	177
3	178
3	179
3	180
3	181
3	182
3	183
3	184
3	185
3	186
3	187
3	188
3	189
3	190
3	191
3	192
3	193
3	194
3	195
3	196
3	197
3	198
3	199
3	200
3	201
3	202
3	203
3	204
3	205
3	206
3	207
3	208
3	209
3	210
3	211
3	212
3	213
3	214
3	215
3	216
3	217
4	85
4	86
4	160
4	162
4	163
4	164
4	166
4	167
4	169
4	170
4	171
4	172
4	173
4	174
4	176
4	179
4	181
4	182
4	183
4	184
4	185
4	186
4	187
4	188
4	189
4	190
4	191
4	192
4	193
4	194
4	195
4	196
4	197
4	198
4	199
4	200
4	201
4	202
4	203
4	204
4	205
4	206
4	207
4	208
4	209
4	210
4	211
4	212
4	213
4	214
4	215
4	216
4	217
5	85
5	86
5	160
5	162
5	163
5	164
5	166
5	167
5	169
5	170
5	171
5	172
5	173
5	174
5	176
5	179
5	181
5	182
5	183
5	184
5	185
5	186
5	187
5	188
5	189
5	190
5	191
5	192
5	193
5	194
5	195
5	196
5	197
5	198
5	199
5	200
5	201
5	202
5	203
5	204
5	205
5	206
5	207
5	208
5	209
5	210
5	211
5	212
5	213
5	214
5	215
5	216
5	217
6	85
6	86
6	160
6	162
6	163
6	164
6	166
6	167
6	169
6	170
6	171
6	172
6	173
6	174
6	176
6	179
6	181
6	182
6	183
6	184
6	185
6	186
6	187
6	188
6	189
6	190
6	191
6	192
6	193
6	194
6	195
6	196
6	197
6	198
6	199
6	200
6	201
6	202
6	203
6	204
6	205
6	206
6	207
6	208
6	209
6	210
6	211
6	212
6	213
6	214
6	215
6	216
6	217
7	85
7	86
7	133
7	135
7	139
7	145
7	146
7	147
7	150
7	152
7	156
7	157
7	159
7	160
7	161
7	162
7	163
7	164
7	165
7	166
7	167
7	168
7	169
7	170
7	171
7	172
7	173
7	174
7	175
7	176
7	177
7	178
7	179
7	180
7	181
7	182
7	183
7	184
7	185
7	186
7	187
7	188
7	189
7	190
7	191
7	192
7	193
7	194
7	195
7	196
7	197
7	198
7	199
7	200
7	201
7	202
7	203
7	204
7	205
7	206
7	207
7	208
7	209
7	210
7	211
7	212
7	213
7	214
7	215
7	216
7	217
8	85
8	86
8	160
8	162
8	163
8	164
8	166
8	167
8	169
8	170
8	171
8	172
8	173
8	174
8	176
8	179
8	181
8	182
8	183
8	184
8	185
8	186
8	187
8	188
8	189
8	190
8	191
8	192
8	193
8	194
8	195
8	196
8	197
8	198
8	199
8	200
8	201
8	202
8	203
8	204
8	205
8	206
8	207
8	208
8	209
8	210
8	211
8	212
8	213
8	214
8	215
8	216
8	217
9	85
9	86
9	133
9	135
9	139
9	145
9	146
9	147
9	150
9	152
9	156
9	157
9	159
9	160
9	161
9	162
9	163
9	164
9	165
9	166
9	167
9	168
9	169
9	170
9	171
9	172
9	173
9	174
9	175
9	176
9	177
9	178
9	179
9	180
9	181
9	182
9	183
9	184
9	185
9	186
9	187
9	188
9	189
9	190
9	191
9	192
9	193
9	194
9	195
9	196
9	197
9	198
9	199
9	200
9	201
9	202
9	203
9	204
9	205
9	206
9	207
9	208
9	209
9	210
9	211
9	212
9	213
9	214
9	215
9	216
9	217
10	85
10	86
10	160
10	162
10	163
10	164
10	166
10	167
10	169
10	170
10	171
10	172
10	173
10	174
10	176
10	179
10	181
10	182
10	183
10	184
10	185
10	186
10	187
10	188
10	189
10	190
10	191
10	192
10	193
10	194
10	195
10	196
10	197
10	198
10	199
10	200
10	201
10	202
10	203
10	204
10	205
10	206
10	207
10	208
10	209
10	210
10	211
10	212
10	213
10	214
10	215
10	216
10	217
11	85
11	86
11	160
11	162
11	163
11	164
11	166
11	167
11	169
11	170
11	171
11	172
11	173
11	174
11	176
11	179
11	181
11	182
11	183
11	184
11	185
11	186
11	187
11	188
11	189
11	190
11	191
11	192
11	193
11	194
11	195
11	196
11	197
11	198
11	199
11	200
11	201
11	202
11	203
11	204
11	205
11	206
11	207
11	208
11	209
11	210
11	211
11	212
11	213
11	214
11	215
11	216
11	217
12	85
12	86
12	160
12	162
12	163
12	164
12	166
12	167
12	169
12	170
12	171
12	172
12	173
12	174
12	176
12	179
12	181
12	182
12	183
12	184
12	185
12	186
12	187
12	188
12	189
12	190
12	191
12	192
12	193
12	194
12	195
12	196
12	197
12	198
12	199
12	200
12	201
12	202
12	203
12	204
12	205
12	206
12	207
12	208
12	209
12	210
12	211
12	212
12	213
12	214
12	215
12	216
12	217
13	85
13	86
13	133
13	135
13	139
13	145
13	146
13	147
13	150
13	152
13	156
13	157
13	159
13	160
13	161
13	162
13	163
13	164
13	165
13	166
13	167
13	168
13	169
13	170
13	171
13	172
13	173
13	174
13	175
13	176
13	177
13	178
13	179
13	180
13	181
13	182
13	183
13	184
13	185
13	186
13	187
13	188
13	189
13	190
13	191
13	192
13	193
13	194
13	195
13	196
13	197
13	198
13	199
13	200
13	201
13	202
13	203
13	204
13	205
13	206
13	207
13	208
13	209
13	210
13	211
13	212
13	213
13	214
13	215
13	216
13	217
14	85
14	86
14	160
14	162
14	163
14	164
14	166
14	167
14	169
14	170
14	171
14	172
14	173
14	174
14	176
14	179
14	181
14	182
14	183
14	184
14	185
14	186
14	187
14	188
14	189
14	190
14	191
14	192
14	193
14	194
14	195
14	196
14	197
14	198
14	199
14	200
14	201
14	202
14	203
14	204
14	205
14	206
14	207
14	208
14	209
14	210
14	211
14	212
14	213
14	214
14	215
14	216
14	217
15	85
15	86
15	160
15	162
15	163
15	164
15	166
15	167
15	169
15	170
15	171
15	172
15	173
15	174
15	176
15	179
15	181
15	182
15	183
15	184
15	185
15	186
15	187
15	188
15	189
15	190
15	191
15	192
15	193
15	194
15	195
15	196
15	197
15	198
15	199
15	200
15	201
15	202
15	203
15	204
15	205
15	206
15	207
15	208
15	209
15	210
15	211
15	212
15	213
15	214
15	215
15	216
15	217
16	85
16	86
16	160
16	162
16	163
16	164
16	166
16	167
16	169
16	170
16	171
16	172
16	173
16	174
16	176
16	179
16	181
16	182
16	183
16	184
16	185
16	186
16	187
16	188
16	189
16	190
16	191
16	192
16	193
16	194
16	195
16	196
16	197
16	198
16	199
16	200
16	201
16	202
16	203
16	204
16	205
16	206
16	207
16	208
16	209
16	210
16	211
16	212
16	213
16	214
16	215
16	216
16	217
17	85
17	86
17	160
17	162
17	163
17	164
17	166
17	167
17	169
17	170
17	171
17	172
17	173
17	174
17	176
17	179
17	181
17	182
17	183
17	184
17	185
17	186
17	187
17	188
17	189
17	190
17	191
17	192
17	193
17	194
17	195
17	196
17	197
17	198
17	199
17	200
17	201
17	202
17	203
17	204
17	205
17	206
17	207
17	208
17	209
17	210
17	211
17	212
17	213
17	214
17	215
17	216
17	217
18	85
18	86
18	164
18	182
18	184
18	187
18	189
18	191
18	192
18	194
18	195
18	196
18	197
18	198
18	200
18	201
18	202
18	203
18	204
18	205
18	206
18	207
18	208
18	209
18	210
18	211
18	212
18	213
18	214
18	215
18	216
18	217
19	85
19	86
19	164
19	182
19	184
19	187
19	189
19	191
19	192
19	194
19	195
19	196
19	197
19	198
19	200
19	201
19	202
19	203
19	204
19	205
19	206
19	207
19	208
19	209
19	210
19	211
19	212
19	213
19	214
19	215
19	216
19	217
20	85
20	86
20	160
20	162
20	163
20	164
20	166
20	167
20	169
20	170
20	171
20	172
20	173
20	174
20	176
20	179
20	181
20	182
20	183
20	184
20	185
20	186
20	187
20	188
20	189
20	190
20	191
20	192
20	193
20	194
20	195
20	196
20	197
20	198
20	199
20	200
20	201
20	202
20	203
20	204
20	205
20	206
20	207
20	208
20	209
20	210
20	211
20	212
20	213
20	214
20	215
20	216
20	217
21	85
21	86
21	160
21	162
21	163
21	164
21	166
21	167
21	169
21	170
21	171
21	172
21	173
21	174
21	176
21	179
21	181
21	182
21	183
21	184
21	185
21	186
21	187
21	188
21	189
21	190
21	191
21	192
21	193
21	194
21	195
21	196
21	197
21	198
21	199
21	200
21	201
21	202
21	203
21	204
21	205
21	206
21	207
21	208
21	209
21	210
21	211
21	212
21	213
21	214
21	215
21	216
21	217
22	85
22	86
22	160
22	162
22	163
22	164
22	166
22	167
22	169
22	170
22	171
22	172
22	173
22	174
22	176
22	179
22	181
22	182
22	183
22	184
22	185
22	186
22	187
22	188
22	189
22	190
22	191
22	192
22	193
22	194
22	195
22	196
22	197
22	198
22	199
22	200
22	201
22	202
22	203
22	204
22	205
22	206
22	207
22	208
22	209
22	210
22	211
22	212
22	213
22	214
22	215
22	216
22	217
23	85
23	86
23	160
23	162
23	163
23	164
23	166
23	167
23	169
23	170
23	171
23	172
23	173
23	174
23	176
23	179
23	181
23	182
23	183
23	184
23	185
23	186
23	187
23	188
23	189
23	190
23	191
23	192
23	193
23	194
23	195
23	196
23	197
23	198
23	199
23	200
23	201
23	202
23	203
23	204
23	205
23	206
23	207
23	208
23	209
23	210
23	211
23	212
23	213
23	214
23	215
23	216
23	217
24	85
24	86
24	164
24	182
24	184
24	187
24	189
24	191
24	192
24	194
24	195
24	196
24	197
24	198
24	200
24	201
24	202
24	203
24	204
24	205
24	206
24	207
24	208
24	209
24	210
24	211
24	212
24	213
24	214
24	215
24	216
24	217
25	85
25	86
25	160
25	162
25	163
25	164
25	166
25	167
25	169
25	170
25	171
25	172
25	173
25	174
25	176
25	179
25	181
25	182
25	183
25	184
25	185
25	186
25	187
25	188
25	189
25	190
25	191
25	192
25	193
25	194
25	195
25	196
25	197
25	198
25	199
25	200
25	201
25	202
25	203
25	204
25	205
25	206
25	207
25	208
25	209
25	210
25	211
25	212
25	213
25	214
25	215
25	216
25	217
26	85
26	86
26	160
26	162
26	163
26	164
26	166
26	167
26	169
26	170
26	171
26	172
26	173
26	174
26	176
26	179
26	181
26	182
26	183
26	184
26	185
26	186
26	187
26	188
26	189
26	190
26	191
26	192
26	193
26	194
26	195
26	196
26	197
26	198
26	199
26	200
26	201
26	202
26	203
26	204
26	205
26	206
26	207
26	208
26	209
26	210
26	211
26	212
26	213
26	214
26	215
26	216
26	217
27	85
27	86
27	160
27	162
27	163
27	164
27	166
27	167
27	169
27	170
27	171
27	172
27	173
27	174
27	176
27	179
27	181
27	182
27	183
27	184
27	185
27	186
27	187
27	188
27	189
27	190
27	191
27	192
27	193
27	194
27	195
27	196
27	197
27	198
27	199
27	200
27	201
27	202
27	203
27	204
27	205
27	206
27	207
27	208
27	209
27	210
27	211
27	212
27	213
27	214
27	215
27	216
27	217
28	85
28	86
28	160
28	162
28	163
28	164
28	166
28	167
28	169
28	170
28	171
28	172
28	173
28	174
28	176
28	179
28	181
28	182
28	183
28	184
28	185
28	186
28	187
28	188
28	189
28	190
28	191
28	192
28	193
28	194
28	195
28	196
28	197
28	198
28	199
28	200
28	201
28	202
28	203
28	204
28	205
28	206
28	207
28	208
28	209
28	210
28	211
28	212
28	213
28	214
28	215
28	216
28	217
29	85
29	86
29	160
29	162
29	163
29	164
29	166
29	167
29	169
29	170
29	171
29	172
29	173
29	174
29	176
29	179
29	181
29	182
29	183
29	184
29	185
29	186
29	187
29	188
29	189
29	190
29	191
29	192
29	193
29	194
29	195
29	196
29	197
29	198
29	199
29	200
29	201
29	202
29	203
29	204
29	205
29	206
29	207
29	208
29	209
29	210
29	211
29	212
29	213
29	214
29	215
29	216
29	217
30	85
30	86
30	160
30	162
30	163
30	164
30	166
30	167
30	169
30	170
30	171
30	172
30	173
30	174
30	176
30	179
30	181
30	182
30	183
30	184
30	185
30	186
30	187
30	188
30	189
30	190
30	191
30	192
30	193
30	194
30	195
30	196
30	197
30	198
30	199
30	200
30	201
30	202
30	203
30	204
30	205
30	206
30	207
30	208
30	209
30	210
30	211
30	212
30	213
30	214
30	215
30	216
30	217
31	85
31	86
31	160
31	162
31	163
31	164
31	166
31	167
31	169
31	170
31	171
31	172
31	173
31	174
31	176
31	179
31	181
31	182
31	183
31	184
31	185
31	186
31	187
31	188
31	189
31	190
31	191
31	192
31	193
31	194
31	195
31	196
31	197
31	198
31	199
31	200
31	201
31	202
31	203
31	204
31	205
31	206
31	207
31	208
31	209
31	210
31	211
31	212
31	213
31	214
31	215
31	216
31	217
32	85
32	86
32	133
32	135
32	139
32	145
32	146
32	147
32	150
32	152
32	156
32	157
32	159
32	160
32	161
32	162
32	163
32	164
32	165
32	166
32	167
32	168
32	169
32	170
32	171
32	172
32	173
32	174
32	175
32	176
32	177
32	178
32	179
32	180
32	181
32	182
32	183
32	184
32	185
32	186
32	187
32	188
32	189
32	190
32	191
32	192
32	193
32	194
32	195
32	196
32	197
32	198
32	199
32	200
32	201
32	202
32	203
32	204
32	205
32	206
32	207
32	208
32	209
32	210
32	211
32	212
32	213
32	214
32	215
32	216
32	217
33	85
33	86
33	160
33	162
33	163
33	164
33	166
33	167
33	169
33	170
33	171
33	172
33	173
33	174
33	176
33	179
33	181
33	182
33	183
33	184
33	185
33	186
33	187
33	188
33	189
33	190
33	191
33	192
33	193
33	194
33	195
33	196
33	197
33	198
33	199
33	200
33	201
33	202
33	203
33	204
33	205
33	206
33	207
33	208
33	209
33	210
33	211
33	212
33	213
33	214
33	215
33	216
33	217
34	85
34	86
34	160
34	162
34	163
34	164
34	166
34	167
34	169
34	170
34	171
34	172
34	173
34	174
34	176
34	179
34	181
34	182
34	183
34	184
34	185
34	186
34	187
34	188
34	189
34	190
34	191
34	192
34	193
34	194
34	195
34	196
34	197
34	198
34	199
34	200
34	201
34	202
34	203
34	204
34	205
34	206
34	207
34	208
34	209
34	210
34	211
34	212
34	213
34	214
34	215
34	216
34	217
35	85
35	86
35	160
35	162
35	163
35	164
35	166
35	167
35	169
35	170
35	171
35	172
35	173
35	174
35	176
35	179
35	181
35	182
35	183
35	184
35	185
35	186
35	187
35	188
35	189
35	190
35	191
35	192
35	193
35	194
35	195
35	196
35	197
35	198
35	199
35	200
35	201
35	202
35	203
35	204
35	205
35	206
35	207
35	208
35	209
35	210
35	211
35	212
35	213
35	214
35	215
35	216
35	217
36	85
36	86
36	160
36	162
36	163
36	164
36	166
36	167
36	169
36	170
36	171
36	172
36	173
36	174
36	176
36	179
36	181
36	182
36	183
36	184
36	185
36	186
36	187
36	188
36	189
36	190
36	191
36	192
36	193
36	194
36	195
36	196
36	197
36	198
36	199
36	200
36	201
36	202
36	203
36	204
36	205
36	206
36	207
36	208
36	209
36	210
36	211
36	212
36	213
36	214
36	215
36	216
36	217
37	85
37	86
37	164
37	182
37	184
37	187
37	189
37	191
37	192
37	194
37	195
37	196
37	197
37	198
37	200
37	201
37	202
37	203
37	204
37	205
37	206
37	207
37	208
37	209
37	210
37	211
37	212
37	213
37	214
37	215
37	216
37	217
38	85
38	86
38	160
38	162
38	163
38	164
38	166
38	167
38	169
38	170
38	171
38	172
38	173
38	174
38	176
38	179
38	181
38	182
38	183
38	184
38	185
38	186
38	187
38	188
38	189
38	190
38	191
38	192
38	193
38	194
38	195
38	196
38	197
38	198
38	199
38	200
38	201
38	202
38	203
38	204
38	205
38	206
38	207
38	208
38	209
38	210
38	211
38	212
38	213
38	214
38	215
38	216
38	217
39	85
39	86
39	160
39	162
39	163
39	164
39	166
39	167
39	169
39	170
39	171
39	172
39	173
39	174
39	176
39	179
39	181
39	182
39	183
39	184
39	185
39	186
39	187
39	188
39	189
39	190
39	191
39	192
39	193
39	194
39	195
39	196
39	197
39	198
39	199
39	200
39	201
39	202
39	203
39	204
39	205
39	206
39	207
39	208
39	209
39	210
39	211
39	212
39	213
39	214
39	215
39	216
39	217
40	85
40	86
40	160
40	162
40	163
40	164
40	166
40	167
40	169
40	170
40	171
40	172
40	173
40	174
40	176
40	179
40	181
40	182
40	183
40	184
40	185
40	186
40	187
40	188
40	189
40	190
40	191
40	192
40	193
40	194
40	195
40	196
40	197
40	198
40	199
40	200
40	201
40	202
40	203
40	204
40	205
40	206
40	207
40	208
40	209
40	210
40	211
40	212
40	213
40	214
40	215
40	216
40	217
41	85
41	86
41	160
41	162
41	163
41	164
41	166
41	167
41	169
41	170
41	171
41	172
41	173
41	174
41	176
41	179
41	181
41	182
41	183
41	184
41	185
41	186
41	187
41	188
41	189
41	190
41	191
41	192
41	193
41	194
41	195
41	196
41	197
41	198
41	199
41	200
41	201
41	202
41	203
41	204
41	205
41	206
41	207
41	208
41	209
41	210
41	211
41	212
41	213
41	214
41	215
41	216
41	217
42	85
42	86
42	160
42	162
42	163
42	164
42	166
42	167
42	169
42	170
42	171
42	172
42	173
42	174
42	176
42	179
42	181
42	182
42	183
42	184
42	185
42	186
42	187
42	188
42	189
42	190
42	191
42	192
42	193
42	194
42	195
42	196
42	197
42	198
42	199
42	200
42	201
42	202
42	203
42	204
42	205
42	206
42	207
42	208
42	209
42	210
42	211
42	212
42	213
42	214
42	215
42	216
42	217
43	85
43	86
43	164
43	182
43	184
43	187
43	189
43	191
43	192
43	194
43	195
43	196
43	197
43	198
43	200
43	201
43	202
43	203
43	204
43	205
43	206
43	207
43	208
43	209
43	210
43	211
43	212
43	213
43	214
43	215
43	216
43	217
44	85
44	86
44	164
44	182
44	184
44	187
44	189
44	191
44	192
44	194
44	195
44	196
44	197
44	198
44	200
44	201
44	202
44	203
44	204
44	205
44	206
44	207
44	208
44	209
44	210
44	211
44	212
44	213
44	214
44	215
44	216
44	217
45	85
45	86
45	160
45	162
45	163
45	164
45	166
45	167
45	169
45	170
45	171
45	172
45	173
45	174
45	176
45	179
45	181
45	182
45	183
45	184
45	185
45	186
45	187
45	188
45	189
45	190
45	191
45	192
45	193
45	194
45	195
45	196
45	197
45	198
45	199
45	200
45	201
45	202
45	203
45	204
45	205
45	206
45	207
45	208
45	209
45	210
45	211
45	212
45	213
45	214
45	215
45	216
45	217
46	85
46	86
46	164
46	182
46	184
46	187
46	189
46	191
46	192
46	194
46	195
46	196
46	197
46	198
46	200
46	201
46	202
46	203
46	204
46	205
46	206
46	207
46	208
46	209
46	210
46	211
46	212
46	213
46	214
46	215
46	216
46	217
47	85
47	86
47	160
47	162
47	163
47	164
47	166
47	167
47	169
47	170
47	171
47	172
47	173
47	174
47	176
47	179
47	181
47	182
47	183
47	184
47	185
47	186
47	187
47	188
47	189
47	190
47	191
47	192
47	193
47	194
47	195
47	196
47	197
47	198
47	199
47	200
47	201
47	202
47	203
47	204
47	205
47	206
47	207
47	208
47	209
47	210
47	211
47	212
47	213
47	214
47	215
47	216
47	217
48	85
48	86
48	164
48	182
48	184
48	187
48	189
48	191
48	192
48	194
48	195
48	196
48	197
48	198
48	200
48	201
48	202
48	203
48	204
48	205
48	206
48	207
48	208
48	209
48	210
48	211
48	212
48	213
48	214
48	215
48	216
48	217
49	85
49	86
49	164
49	182
49	184
49	187
49	189
49	191
49	192
49	194
49	195
49	196
49	197
49	198
49	200
49	201
49	202
49	203
49	204
49	205
49	206
49	207
49	208
49	209
49	210
49	211
49	212
49	213
49	214
49	215
49	216
49	217
50	85
50	86
50	164
50	192
50	197
50	198
50	200
50	202
50	203
50	204
50	205
50	208
50	209
50	210
50	211
50	212
50	213
50	214
50	215
50	216
50	217
51	85
51	86
51	164
51	182
51	184
51	187
51	189
51	191
51	192
51	194
51	195
51	196
51	197
51	198
51	200
51	201
51	202
51	203
51	204
51	205
51	206
51	207
51	208
51	209
51	210
51	211
51	212
51	213
51	214
51	215
51	216
51	217
52	85
52	86
52	164
52	182
52	184
52	187
52	189
52	191
52	192
52	194
52	195
52	196
52	197
52	198
52	200
52	201
52	202
52	203
52	204
52	205
52	206
52	207
52	208
52	209
52	210
52	211
52	212
52	213
52	214
52	215
52	216
52	217
53	85
53	86
53	160
53	162
53	163
53	164
53	166
53	167
53	169
53	170
53	171
53	172
53	173
53	174
53	176
53	179
53	181
53	182
53	183
53	184
53	185
53	186
53	187
53	188
53	189
53	190
53	191
53	192
53	193
53	194
53	195
53	196
53	197
53	198
53	199
53	200
53	201
53	202
53	203
53	204
53	205
53	206
53	207
53	208
53	209
53	210
53	211
53	212
53	213
53	214
53	215
53	216
53	217
54	85
54	86
54	164
54	182
54	184
54	187
54	189
54	191
54	192
54	194
54	195
54	196
54	197
54	198
54	200
54	201
54	202
54	203
54	204
54	205
54	206
54	207
54	208
54	209
54	210
54	211
54	212
54	213
54	214
54	215
54	216
54	217
55	85
55	86
55	160
55	162
55	163
55	164
55	166
55	167
55	169
55	170
55	171
55	172
55	173
55	174
55	176
55	179
55	181
55	182
55	183
55	184
55	185
55	186
55	187
55	188
55	189
55	190
55	191
55	192
55	193
55	194
55	195
55	196
55	197
55	198
55	199
55	200
55	201
55	202
55	203
55	204
55	205
55	206
55	207
55	208
55	209
55	210
55	211
55	212
55	213
55	214
55	215
55	216
55	217
56	85
56	86
56	160
56	162
56	163
56	164
56	166
56	167
56	169
56	170
56	171
56	172
56	173
56	174
56	176
56	179
56	181
56	182
56	183
56	184
56	185
56	186
56	187
56	188
56	189
56	190
56	191
56	192
56	193
56	194
56	195
56	196
56	197
56	198
56	199
56	200
56	201
56	202
56	203
56	204
56	205
56	206
56	207
56	208
56	209
56	210
56	211
56	212
56	213
56	214
56	215
56	216
56	217
57	85
57	86
57	164
57	182
57	184
57	187
57	189
57	191
57	192
57	194
57	195
57	196
57	197
57	198
57	200
57	201
57	202
57	203
57	204
57	205
57	206
57	207
57	208
57	209
57	210
57	211
57	212
57	213
57	214
57	215
57	216
57	217
58	85
58	86
58	160
58	162
58	163
58	164
58	166
58	167
58	169
58	170
58	171
58	172
58	173
58	174
58	176
58	179
58	181
58	182
58	183
58	184
58	185
58	186
58	187
58	188
58	189
58	190
58	191
58	192
58	193
58	194
58	195
58	196
58	197
58	198
58	199
58	200
58	201
58	202
58	203
58	204
58	205
58	206
58	207
58	208
58	209
58	210
58	211
58	212
58	213
58	214
58	215
58	216
58	217
59	85
59	86
59	160
59	162
59	163
59	164
59	166
59	167
59	169
59	170
59	171
59	172
59	173
59	174
59	176
59	179
59	181
59	182
59	183
59	184
59	185
59	186
59	187
59	188
59	189
59	190
59	191
59	192
59	193
59	194
59	195
59	196
59	197
59	198
59	199
59	200
59	201
59	202
59	203
59	204
59	205
59	206
59	207
59	208
59	209
59	210
59	211
59	212
59	213
59	214
59	215
59	216
59	217
60	85
60	86
60	160
60	162
60	163
60	164
60	166
60	167
60	169
60	170
60	171
60	172
60	173
60	174
60	176
60	179
60	181
60	182
60	183
60	184
60	185
60	186
60	187
60	188
60	189
60	190
60	191
60	192
60	193
60	194
60	195
60	196
60	197
60	198
60	199
60	200
60	201
60	202
60	203
60	204
60	205
60	206
60	207
60	208
60	209
60	210
60	211
60	212
60	213
60	214
60	215
60	216
60	217
61	85
61	86
61	160
61	162
61	163
61	164
61	166
61	167
61	169
61	170
61	171
61	172
61	173
61	174
61	176
61	179
61	181
61	182
61	183
61	184
61	185
61	186
61	187
61	188
61	189
61	190
61	191
61	192
61	193
61	194
61	195
61	196
61	197
61	198
61	199
61	200
61	201
61	202
61	203
61	204
61	205
61	206
61	207
61	208
61	209
61	210
61	211
61	212
61	213
61	214
61	215
61	216
61	217
62	85
62	86
62	160
62	162
62	163
62	164
62	166
62	167
62	169
62	170
62	171
62	172
62	173
62	174
62	176
62	179
62	181
62	182
62	183
62	184
62	185
62	186
62	187
62	188
62	189
62	190
62	191
62	192
62	193
62	194
62	195
62	196
62	197
62	198
62	199
62	200
62	201
62	202
62	203
62	204
62	205
62	206
62	207
62	208
62	209
62	210
62	211
62	212
62	213
62	214
62	215
62	216
62	217
63	85
63	86
63	160
63	162
63	163
63	164
63	166
63	167
63	169
63	170
63	171
63	172
63	173
63	174
63	176
63	179
63	181
63	182
63	183
63	184
63	185
63	186
63	187
63	188
63	189
63	190
63	191
63	192
63	193
63	194
63	195
63	196
63	197
63	198
63	199
63	200
63	201
63	202
63	203
63	204
63	205
63	206
63	207
63	208
63	209
63	210
63	211
63	212
63	213
63	214
63	215
63	216
63	217
64	85
64	86
64	160
64	162
64	163
64	164
64	166
64	167
64	169
64	170
64	171
64	172
64	173
64	174
64	176
64	179
64	181
64	182
64	183
64	184
64	185
64	186
64	187
64	188
64	189
64	190
64	191
64	192
64	193
64	194
64	195
64	196
64	197
64	198
64	199
64	200
64	201
64	202
64	203
64	204
64	205
64	206
64	207
64	208
64	209
64	210
64	211
64	212
64	213
64	214
64	215
64	216
64	217
65	85
65	86
65	160
65	162
65	163
65	164
65	166
65	167
65	169
65	170
65	171
65	172
65	173
65	174
65	176
65	179
65	181
65	182
65	183
65	184
65	185
65	186
65	187
65	188
65	189
65	190
65	191
65	192
65	193
65	194
65	195
65	196
65	197
65	198
65	199
65	200
65	201
65	202
65	203
65	204
65	205
65	206
65	207
65	208
65	209
65	210
65	211
65	212
65	213
65	214
65	215
65	216
65	217
66	85
66	86
66	160
66	162
66	163
66	164
66	166
66	167
66	169
66	170
66	171
66	172
66	173
66	174
66	176
66	179
66	181
66	182
66	183
66	184
66	185
66	186
66	187
66	188
66	189
66	190
66	191
66	192
66	193
66	194
66	195
66	196
66	197
66	198
66	199
66	200
66	201
66	202
66	203
66	204
66	205
66	206
66	207
66	208
66	209
66	210
66	211
66	212
66	213
66	214
66	215
66	216
66	217
67	85
67	86
67	164
67	182
67	184
67	187
67	189
67	191
67	192
67	194
67	195
67	196
67	197
67	198
67	200
67	201
67	202
67	203
67	204
67	205
67	206
67	207
67	208
67	209
67	210
67	211
67	212
67	213
67	214
67	215
67	216
67	217
68	85
68	86
68	160
68	162
68	163
68	164
68	166
68	167
68	169
68	170
68	171
68	172
68	173
68	174
68	176
68	179
68	181
68	182
68	183
68	184
68	185
68	186
68	187
68	188
68	189
68	190
68	191
68	192
68	193
68	194
68	195
68	196
68	197
68	198
68	199
68	200
68	201
68	202
68	203
68	204
68	205
68	206
68	207
68	208
68	209
68	210
68	211
68	212
68	213
68	214
68	215
68	216
68	217
69	85
69	86
69	160
69	162
69	163
69	164
69	166
69	167
69	169
69	170
69	171
69	172
69	173
69	174
69	176
69	179
69	181
69	182
69	183
69	184
69	185
69	186
69	187
69	188
69	189
69	190
69	191
69	192
69	193
69	194
69	195
69	196
69	197
69	198
69	199
69	200
69	201
69	202
69	203
69	204
69	205
69	206
69	207
69	208
69	209
69	210
69	211
69	212
69	213
69	214
69	215
69	216
69	217
70	85
70	86
70	160
70	162
70	163
70	164
70	166
70	167
70	169
70	170
70	171
70	172
70	173
70	174
70	176
70	179
70	181
70	182
70	183
70	184
70	185
70	186
70	187
70	188
70	189
70	190
70	191
70	192
70	193
70	194
70	195
70	196
70	197
70	198
70	199
70	200
70	201
70	202
70	203
70	204
70	205
70	206
70	207
70	208
70	209
70	210
70	211
70	212
70	213
70	214
70	215
70	216
70	217
71	85
71	86
71	164
71	182
71	184
71	187
71	189
71	191
71	192
71	194
71	195
71	196
71	197
71	198
71	200
71	201
71	202
71	203
71	204
71	205
71	206
71	207
71	208
71	209
71	210
71	211
71	212
71	213
71	214
71	215
71	216
71	217
72	85
72	86
72	164
72	182
72	184
72	187
72	189
72	191
72	192
72	194
72	195
72	196
72	197
72	198
72	200
72	201
72	202
72	203
72	204
72	205
72	206
72	207
72	208
72	209
72	210
72	211
72	212
72	213
72	214
72	215
72	216
72	217
73	85
73	86
73	160
73	162
73	163
73	164
73	166
73	167
73	169
73	170
73	171
73	172
73	173
73	174
73	176
73	179
73	181
73	182
73	183
73	184
73	185
73	186
73	187
73	188
73	189
73	190
73	191
73	192
73	193
73	194
73	195
73	196
73	197
73	198
73	199
73	200
73	201
73	202
73	203
73	204
73	205
73	206
73	207
73	208
73	209
73	210
73	211
73	212
73	213
73	214
73	215
73	216
73	217
74	85
74	86
74	133
74	135
74	139
74	145
74	146
74	147
74	150
74	152
74	156
74	157
74	159
74	160
74	161
74	162
74	163
74	164
74	165
74	166
74	167
74	168
74	169
74	170
74	171
74	172
74	173
74	174
74	175
74	176
74	177
74	178
74	179
74	180
74	181
74	182
74	183
74	184
74	185
74	186
74	187
74	188
74	189
74	190
74	191
74	192
74	193
74	194
74	195
74	196
74	197
74	198
74	199
74	200
74	201
74	202
74	203
74	204
74	205
74	206
74	207
74	208
74	209
74	210
74	211
74	212
74	213
74	214
74	215
74	216
74	217
75	85
75	86
75	164
75	210
75	212
75	213
75	214
75	215
75	216
76	85
76	86
76	164
76	192
76	197
76	198
76	200
76	202
76	203
76	204
76	205
76	208
76	209
76	210
76	211
76	212
76	213
76	214
76	215
76	216
76	217
77	85
77	86
77	164
77	182
77	184
77	187
77	189
77	191
77	192
77	194
77	195
77	196
77	197
77	198
77	200
77	201
77	202
77	203
77	204
77	205
77	206
77	207
77	208
77	209
77	210
77	211
77	212
77	213
77	214
77	215
77	216
77	217
78	85
78	86
78	164
78	192
78	197
78	198
78	200
78	202
78	203
78	204
78	205
78	208
78	209
78	210
78	211
78	212
78	213
78	214
78	215
78	216
78	217
79	85
79	86
79	164
80	85
80	86
80	164
81	85
81	86
81	164
81	210
81	212
81	213
81	214
81	215
81	216
82	85
82	86
82	164
82	210
82	212
82	213
82	214
82	215
82	216
83	85
83	86
83	164
83	192
83	197
83	198
83	200
83	202
83	203
83	204
83	205
83	208
83	209
83	210
83	211
83	212
83	213
83	214
83	215
83	216
83	217
84	85
84	86
84	164
84	210
84	212
84	213
84	214
84	215
84	216
85	87
85	88
85	89
85	90
85	91
85	92
85	93
85	94
85	95
85	96
85	97
85	98
85	99
85	100
85	101
85	102
85	103
85	104
85	105
85	106
85	107
85	108
85	109
85	110
85	111
85	112
85	113
85	114
85	115
85	116
85	117
85	118
85	119
85	120
85	121
85	122
85	123
85	124
85	125
85	126
85	127
85	128
85	129
85	130
85	131
85	132
85	133
85	134
85	135
85	136
85	137
85	138
85	139
85	140
85	141
85	142
85	143
85	144
85	145
85	146
85	147
85	148
85	149
85	150
85	151
85	152
85	153
85	154
85	155
85	156
85	157
85	158
85	159
85	160
85	161
85	162
85	163
85	164
85	165
85	166
85	167
85	168
85	169
85	170
85	171
85	172
85	173
85	174
85	175
85	176
85	177
85	178
85	179
85	180
85	181
85	182
85	183
85	184
85	185
85	186
85	187
85	188
85	189
85	190
85	191
85	192
85	193
85	194
85	195
85	196
85	197
85	198
85	199
85	200
85	201
85	202
85	203
85	204
85	205
85	206
85	207
85	208
85	209
85	210
85	211
85	212
85	213
85	214
85	215
85	216
85	217
86	87
86	88
86	89
86	90
86	91
86	92
86	93
86	94
86	95
86	96
86	97
86	98
86	99
86	100
86	101
86	102
86	103
86	104
86	105
86	106
86	107
86	108
86	109
86	110
86	111
86	112
86	113
86	114
86	115
86	116
86	117
86	118
86	119
86	120
86	121
86	122
86	123
86	124
86	125
86	126
86	127
86	128
86	129
86	130
86	131
86	132
86	133
86	134
86	135
86	136
86	137
86	138
86	139
86	140
86	141
86	142
86	143
86	144
86	145
86	146
86	147
86	148
86	149
86	150
86	151
86	152
86	153
86	154
86	155
86	156
86	157
86	158
86	159
86	160
86	161
86	162
86	163
86	164
86	165
86	166
86	167
86	168
86	169
86	170
86	171
86	172
86	173
86	174
86	175
86	176
86	177
86	178
86	179
86	180
86	181
86	182
86	183
86	184
86	185
86	186
86	187
86	188
86	189
86	190
86	191
86	192
86	193
86	194
86	195
86	196
86	197
86	198
86	199
86	200
86	201
86	202
86	203
86	204
86	205
86	206
86	207
86	208
86	209
86	210
86	211
86	212
86	213
86	214
86	215
86	216
86	217
87	164
87	210
87	212
87	213
87	214
87	215
87	216
88	164
88	192
88	197
88	198
88	200
88	202
88	203
88	204
88	205
88	208
88	209
88	210
88	211
88	212
88	213
88	214
88	215
88	216
88	217
89	164
89	192
89	197
89	198
89	200
89	202
89	203
89	204
89	205
89	208
89	209
89	210
89	211
89	212
89	213
89	214
89	215
89	216
89	217
90	164
90	210
90	212
90	213
90	214
90	215
90	216
91	164
92	164
92	210
92	212
92	213
92	214
92	215
92	216
93	164
93	210
93	212
93	213
93	214
93	215
93	216
94	164
94	210
94	212
94	213
94	214
94	215
94	216
95	164
95	210
95	212
95	213
95	214
95	215
95	216
96	164
96	210
96	212
96	213
96	214
96	215
96	216
97	164
97	210
97	212
97	213
97	214
97	215
97	216
98	164
99	164
100	164
101	164
102	164
103	164
104	164
105	164
105	210
105	212
105	213
105	214
105	215
105	216
106	164
107	164
108	164
109	164
110	164
111	164
112	164
113	164
114	164
115	164
116	164
117	164
118	164
119	164
120	164
121	164
122	164
123	164
124	164
125	164
126	164
127	164
128	164
129	164
130	164
131	164
132	164
133	164
133	210
133	212
133	213
133	214
133	215
133	216
134	164
135	164
135	210
135	212
135	213
135	214
135	215
135	216
136	164
137	164
138	164
139	164
140	164
141	164
142	164
143	164
144	164
145	164
146	164
147	164
148	164
149	164
150	164
151	164
152	164
153	164
154	164
155	164
156	164
157	164
158	164
159	164
160	164
161	164
162	164
163	164
164	165
164	166
164	167
164	168
164	169
164	170
164	171
164	172
164	173
164	174
164	175
164	176
164	177
164	178
164	179
164	180
164	181
164	182
164	183
164	184
164	185
164	186
164	187
164	188
164	189
164	190
164	191
164	192
164	193
164	194
164	195
164	196
164	197
164	198
164	199
164	200
164	201
164	202
164	203
164	204
164	205
164	206
164	207
164	208
164	209
164	210
164	211
164	212
164	213
164	214
164	215
164	216
164	217