217	2044
1	2
1	3
1	4
1	5
1	6
1	7
1	8
1	9
1	10
1	11
1	12
1	13
1	14
1	15
1	16
1	17
1	18
1	19
1	20
1	21
1	22
1	23
1	24
1	25
1	26
1	27
1	28
1	29
1	30
1	31
1	32
1	33
1	34
1	35
1	36
1	37
1	38
1	39
1	40
1	41
1	42
1	43
1	44
1	45
1	46
1	47
1	48
1	49
1	50
1	51
1	52
1	53
1	54
1	55
1	56
1	57
1	58
1	59
1	60
1	61
1	62
1	63
1	64
1	65
1	66
1	67
1	68
1	69
1	70
1	71
1	72
1	73
1	74
1	75
1	76
1	77
1	78
1	79
1	80
1	81
1	82
1	83
1	84
1	85
1	86
1	87
1	88
1	89
1	90
1	91
1	92
1	93
1	94
1	95
1	96
1	97
1	98
1	99
1	100
1	101
1	102
1	103
1	104
1	105
1	106
1	107
1	108
1	109
1	110
1	111
1	112
1	113
1	114
1	115
1	116
1	117
1	118
1	119
1	120
1	121
1	122
1	123
1	124
1	125
1	126
1	127
1	128
1	129
1	130
1	131
1	132
1	133
1	134
1	135
1	136
1	137
1	138
1	139
1	140
1	141
1	142
1	143
1	144
1	145
1	146
1	147
1	148
1	149
1	150
1	151
1	152
1	153
1	154
1	155
1	156
1	157
1	158
1	159
1	160
1	161
1	162
1	163
1	164
1	165
1	166
1	167
1	168
1	169
1	170
1	171
1	172
1	173
1	174
1	175
1	176
1	177
1	178
1	179
1	180
1	181
1	182
1	183
1	184
1	185
1	186
1	187
1	188
1	189
1	190
1	191
1	192
1	193
1	194
1	195
1	196
1	197
1	198
1	199
1	200
1	201
1	202
1	203
1	204
1	205
1	206
1	207
1	208
1	209
1	210
1	211
1	212
1	213
1	214
1	215
1	216
1	217
2	85
2	86
2	164
2	182
2	184
2	187
2	189
2	191
2	192
2	194
2	195
2	196
2	197
2	198
2	200
2	201
2	202
2	203
2	204
2	205
2	206
2	207
2	208
2	209
2	210
2	211
2	212
2	213
2	214
2	215
2	216
2	217
3	85
3	86
3	164
3	182
3	184
3	187
3	189
3	191
3	192
3	194
3	195
3	196
3	197
3	198
3	200
3	201
3	202
3	203
3	204
3	205
3	206
3	207
3	208
3	209
3	210
3	211
3	212
3	213
3	214
3	215
3	216
3	217
4	85
4	86
4	164
4	192
4	197
4	198
4	200
4	202
4	203
4	204
4	205
4	208
4	209
4	210
4	211
4	212
4	213
4	214
4	215
4	216
4	217
5	85
5	86
5	164
5	192
5	197
5	198
5	200
5	202
5	203
5	204
5	205
5	208
5	209
5	210
5	211
5	212
5	213
5	214
5	215
5	216
5	217
6	85
6	86
6	164
6	192
6	197
6	198
6	200
6	202
6	203
6	204
6	205
6	208
6	209
6	210
6	211
6	212
6	213
6	214
6	215
6	216
6	217
7	85
7	86
7	164
7	182
7	184
7	187
7	189
7	191
7	192
7	194
7	195
7	196
7	197
7	198
7	200
7	201
7	202
7	203
7	204
7	205
7	206
7	207
7	208
7	209
7	210
7	211
7	212
7	213
7	214
7	215
7	216
7	217
8	85
8	86
8	164
8	192
8	197
8	198
8	200
8	202
8	203
8	204
8	205
8	208
8	209
8	210
8	211
8	212
8	213
8	214
8	215
8	216
8	217
9	85
9	86
9	164
9	182
9	184
9	187
9	189
9	191
9	192
9	194
9	195
9	196
9	197
9	198
9	200
9	201
9	202
9	203
9	204
9	205
9	206
9	207
9	208
9	209
9	210
9	211
9	212
9	213
9	214
9	215
9	216
9	217
10	85
10	86
10	164
10	192
10	197
10	198
10	200
10	202
10	203
10	204
10	205
10	208
10	209
10	210
10	211
10	212
10	213
10	214
10	215
10	216
10	217
11	85
11	86
11	164
11	192
11	197
11	198
11	200
11	202
11	203
11	204
11	205
11	208
11	209
11	210
11	211
11	212
11	213
11	214
11	215
11	216
11	217
12	85
12	86
12	164
12	192
12	197
12	198
12	200
12	202
12	203
12	204
12	205
12	208
12	209
12	210
12	211
12	212
12	213
12	214
12	215
12	216
12	217
13	85
13	86
13	164
13	182
13	184
13	187
13	189
13	191
13	192
13	194
13	195
13	196
13	197
13	198
13	200
13	201
13	202
13	203
13	204
13	205
13	206
13	207
13	208
13	209
13	210
13	211
13	212
13	213
13	214
13	215
13	216
13	217
14	85
14	86
14	164
14	192
14	197
14	198
14	200
14	202
14	203
14	204
14	205
14	208
14	209
14	210
14	211
14	212
14	213
14	214
14	215
14	216
14	217
15	85
15	86
15	164
15	192
15	197
15	198
15	200
15	202
15	203
15	204
15	205
15	208
15	209
15	210
15	211
15	212
15	213
15	214
15	215
15	216
15	217
16	85
16	86
16	164
16	192
16	197
16	198
16	200
16	202
16	203
16	204
16	205
16	208
16	209
16	210
16	211
16	212
16	213
16	214
16	215
16	216
16	217
17	85
17	86
17	164
17	192
17	197
17	198
17	200
17	202
17	203
17	204
17	205
17	208
17	209
17	210
17	211
17	212
17	213
17	214
17	215
17	216
17	217
18	85
18	86
18	164
18	210
18	212
18	213
18	214
18	215
18	216
19	85
19	86
19	164
19	210
19	212
19	213
19	214
19	215
19	216
20	85
20	86
20	164
20	192
20	197
20	198
20	200
20	202
20	203
20	204
20	205
20	208
20	209
20	210
20	211
20	212
20	213
20	214
20	215
20	216
20	217
21	85
21	86
21	164
21	192
21	197
21	198
21	200
21	202
21	203
21	204
21	205
21	208
21	209
21	210
21	211
21	212
21	213
21	214
21	215
21	216
21	217
22	85
22	86
22	164
22	192
22	197
22	198
22	200
22	202
22	203
22	204
22	205
22	208
22	209
22	210
22	211
22	212
22	213
22	214
22	215
22	216
22	217
23	85
23	86
23	164
23	192
23	197
23	198
23	200
23	202
23	203
23	204
23	205
23	208
23	209
23	210
23	211
23	212
23	213
23	214
23	215
23	216
23	217
24	85
24	86
24	164
24	210
24	212
24	213
24	214
24	215
24	216
25	85
25	86
25	164
25	192
25	197
25	198
25	200
25	202
25	203
25	204
25	205
25	208
25	209
25	210
25	211
25	212
25	213
25	214
25	215
25	216
25	217
26	85
26	86
26	164
26	192
26	197
26	198
26	200
26	202
26	203
26	204
26	205
26	208
26	209
26	210
26	211
26	212
26	213
26	214
26	215
26	216
26	217
27	85
27	86
27	164
27	192
27	197
27	198
27	200
27	202
27	203
27	204
27	205
27	208
27	209
27	210
27	211
27	212
27	213
27	214
27	215
27	216
27	217
28	85
28	86
28	164
28	192
28	197
28	198
28	200
28	202
28	203
28	204
28	205
28	208
28	209
28	210
28	211
28	212
28	213
28	214
28	215
28	216
28	217
29	85
29	86
29	164
29	192
29	197
29	198
29	200
29	202
29	203
29	204
29	205
29	208
29	209
29	210
29	211
29	212
29	213
29	214
29	215
29	216
29	217
30	85
30	86
30	164
30	192
30	197
30	198
30	200
30	202
30	203
30	204
30	205
30	208
30	209
30	210
30	211
30	212
30	213
30	214
30	215
30	216
30	217
31	85
31	86
31	164
31	192
31	197
31	198
31	200
31	202
31	203
31	204
31	205
31	208
31	209
31	210
31	211
31	212
31	213
31	214
31	215
31	216
31	217
32	85
32	86
32	164
32	182
32	184
32	187
32	189
32	191
32	192
32	194
32	195
32	196
32	197
32	198
32	200
32	201
32	202
32	203
32	204
32	205
32	206
32	207
32	208
32	209
32	210
32	211
32	212
32	213
32	214
32	215
32	216
32	217
33	85
33	86
33	164
33	192
33	197
33	198
33	200
33	202
33	203
33	204
33	205
33	208
33	209
33	210
33	211
33	212
33	213
33	214
33	215
33	216
33	217
34	85
34	86
34	164
34	192
34	197
34	198
34	200
34	202
34	203
34	204
34	205
34	208
34	209
34	210
34	211
34	212
34	213
34	214
34	215
34	216
34	217
35	85
35	86
35	164
35	192
35	197
35	198
35	200
35	202
35	203
35	204
35	205
35	208
35	209
35	210
35	211
35	212
35	213
35	214
35	215
35	216
35	217
36	85
36	86
36	164
36	192
36	197
36	198
36	200
36	202
36	203
36	204
36	205
36	208
36	209
36	210
36	211
36	212
36	213
36	214
36	215
36	216
36	217
37	85
37	86
37	164
37	210
37	212
37	213
37	214
37	215
37	216
38	85
38	86
38	164
38	192
38	197
38	198
38	200
38	202
38	203
38	204
38	205
38	208
38	209
38	210
38	211
38	212
38	213
38	214
38	215
38	216
38	217
39	85
39	86
39	164
39	192
39	197
39	198
39	200
39	202
39	203
39	204
39	205
39	208
39	209
39	210
39	211
39	212
39	213
39	214
39	215
39	216
39	217
40	85
40	86
40	164
40	192
40	197
40	198
40	200
40	202
40	203
40	204
40	205
40	208
40	209
40	210
40	211
40	212
40	213
40	214
40	215
40	216
40	217
41	85
41	86
41	164
41	192
41	197
41	198
41	200
41	202
41	203
41	204
41	205
41	208
41	209
41	210
41	211
41	212
41	213
41	214
41	215
41	216
41	217
42	85
42	86
42	164
42	192
42	197
42	198
42	200
42	202
42	203
42	204
42	205
42	208
42	209
42	210
42	211
42	212
42	213
42	214
42	215
42	216
42	217
43	85
43	86
43	164
43	210
43	212
43	213
43	214
43	215
43	216
44	85
44	86
44	164
44	210
44	212
44	213
44	214
44	215
44	216
45	85
45	86
45	164
45	192
45	197
45	198
45	200
45	202
45	203
45	204
45	205
45	208
45	209
45	210
45	211
45	212
45	213
45	214
45	215
45	216
45	217
46	85
46	86
46	164
46	210
46	212
46	213
46	214
46	215
46	216
47	85
47	86
47	164
47	192
47	197
47	198
47	200
47	202
47	203
47	204
47	205
47	208
47	209
47	210
47	211
47	212
47	213
47	214
47	215
47	216
47	217
48	85
48	86
48	164
48	210
48	212
48	213
48	214
48	215
48	216
49	85
49	86
49	164
49	210
49	212
49	213
49	214
49	215
49	216
50	85
50	86
50	164
51	85
51	86
51	164
51	210
51	212
51	213
51	214
51	215
51	216
52	85
52	86
52	164
52	210
52	212
52	213
52	214
52	215
52	216
53	85
53	86
53	164
53	192
53	197
53	198
53	200
53	202
53	203
53	204
53	205
53	208
53	209
53	210
53	211
53	212
53	213
53	214
53	215
53	216
53	217
54	85
54	86
54	164
54	210
54	212
54	213
54	214
54	215
54	216
55	85
55	86
55	164
55	192
55	197
55	198
55	200
55	202
55	203
55	204
55	205
55	208
55	209
55	210
55	211
55	212
55	213
55	214
55	215
55	216
55	217
56	85
56	86
56	164
56	192
56	197
56	198
56	200
56	202
56	203
56	204
56	205
56	208
56	209
56	210
56	211
56	212
56	213
56	214
56	215
56	216
56	217
57	85
57	86
57	164
57	210
57	212
57	213
57	214
57	215
57	216
58	85
58	86
58	164
58	192
58	197
58	198
58	200
58	202
58	203
58	204
58	205
58	208
58	209
58	210
58	211
58	212
58	213
58	214
58	215
58	216
58	217
59	85
59	86
59	164
59	192
59	197
59	198
59	200
59	202
59	203
59	204
59	205
59	208
59	209
59	210
59	211
59	212
59	213
59	214
59	215
59	216
59	217
60	85
60	86
60	164
60	192
60	197
60	198
60	200
60	202
60	203
60	204
60	205
60	208
60	209
60	210
60	211
60	212
60	213
60	214
60	215
60	216
60	217
61	85
61	86
61	164
61	192
61	197
61	198
61	200
61	202
61	203
61	204
61	205
61	208
61	209
61	210
61	211
61	212
61	213
61	214
61	215
61	216
61	217
62	85
62	86
62	164
62	192
62	197
62	198
62	200
62	202
62	203
62	204
62	205
62	208
62	209
62	210
62	211
62	212
62	213
62	214
62	215
62	216
62	217
63	85
63	86
63	164
63	192
63	197
63	198
63	200
63	202
63	203
63	204
63	205
63	208
63	209
63	210
63	211
63	212
63	213
63	214
63	215
63	216
63	217
64	85
64	86
64	164
64	192
64	197
64	198
64	200
64	202
64	203
64	204
64	205
64	208
64	209
64	210
64	211
64	212
64	213
64	214
64	215
64	216
64	217
65	85
65	86
65	164
65	192
65	197
65	198
65	200
65	202
65	203
65	204
65	205
65	208
65	209
65	210
65	211
65	212
65	213
65	214
65	215
65	216
65	217
66	85
66	86
66	164
66	192
66	197
66	198
66	200
66	202
66	203
66	204
66	205
66	208
66	209
66	210
66	211
66	212
66	213
66	214
66	215
66	216
66	217
67	85
67	86
67	164
67	210
67	212
67	213
67	214
67	215
67	216
68	85
68	86
68	164
68	192
68	197
68	198
68	200
68	202
68	203
68	204
68	205
68	208
68	209
68	210
68	211
68	212
68	213
68	214
68	215
68	216
68	217
69	85
69	86
69	164
69	192
69	197
69	198
69	200
69	202
69	203
69	204
69	205
69	208
69	209
69	210
69	211
69	212
69	213
69	214
69	215
69	216
69	217
70	85
70	86
70	164
70	192
70	197
70	198
70	200
70	202
70	203
70	204
70	205
70	208
70	209
70	210
70	211
70	212
70	213
70	214
70	215
70	216
70	217
71	85
71	86
71	164
71	210
71	212
71	213
71	214
71	215
71	216
72	85
72	86
72	164
72	210
72	212
72	213
72	214
72	215
72	216
73	85
73	86
73	164
73	192
73	197
73	198
73	200
73	202
73	203
73	204
73	205
73	208
73	209
73	210
73	211
73	212
73	213
73	214
73	215
73	216
73	217
74	85
74	86
74	164
74	182
74	184
74	187
74	189
74	191
74	192
74	194
74	195
74	196
74	197
74	198
74	200
74	201
74	202
74	203
74	204
74	205
74	206
74	207
74	208
74	209
74	210
74	211
74	212
74	213
74	214
74	215
74	216
74	217
75	85
75	86
75	164
76	85
76	86
76	164
77	85
77	86
77	164
77	210
77	212
77	213
77	214
77	215
77	216
78	85
78	86
78	164
79	85
79	86
79	164
80	85
80	86
80	164
81	85
81	86
81	164
82	85
82	86
82	164
83	85
83	86
83	164
84	85
84	86
84	164
85	87
85	88
85	89
85	90
85	91
85	92
85	93
85	94
85	95
85	96
85	97
85	98
85	99
85	100
85	101
85	102
85	103
85	104
85	105
85	106
85	107
85	108
85	109
85	110
85	111
85	112
85	113
85	114
85	115
85	116
85	117
85	118
85	119
85	120
85	121
85	122
85	123
85	124
85	125
85	126
85	127
85	128
85	129
85	130
85	131
85	132
85	133
85	134
85	135
85	136
85	137
85	138
85	139
85	140
85	141
85	142
85	143
85	144
85	145
85	146
85	147
85	148
85	149
85	150
85	151
85	152
85	153
85	154
85	155
85	156
85	157
85	158
85	159
85	160
85	161
85	162
85	163
85	164
85	165
85	166
85	167
85	168
85	169
85	170
85	171
85	172
85	173
85	174
85	175
85	176
85	177
85	178
85	179
85	180
85	181
85	182
85	183
85	184
85	185
85	186
85	187
85	188
85	189
85	190
85	191
85	192
85	193
85	194
85	195
85	196
85	197
85	198
85	199
85	200
85	201
85	202
85	203
85	204
85	205
85	206
85	207
85	208
85	209
85	210
85	211
85	212
85	213
85	214
85	215
85	216
85	217
86	87
86	88
86	89
86	90
86	91
86	92
86	93
86	94
86	95
86	96
86	97
86	98
86	99
86	100
86	101
86	102
86	103
86	104
86	105
86	106
86	107
86	108
86	109
86	110
86	111
86	112
86	113
86	114
86	115
86	116
86	117
86	118
86	119
86	120
86	121
86	122
86	123
86	124
86	125
86	126
86	127
86	128
86	129
86	130
86	131
86	132
86	133
86	134
86	135
86	136
86	137
86	138
86	139
86	140
86	141
86	142
86	143
86	144
86	145
86	146
86	147
86	148
86	149
86	150
86	151
86	152
86	153
86	154
86	155
86	156
86	157
86	158
86	159
86	160
86	161
86	162
86	163
86	164
86	165
86	166
86	167
86	168
86	169
86	170
86	171
86	172
86	173
86	174
86	175
86	176
86	177
86	178
86	179
86	180
86	181
86	182
86	183
86	184
86	185
86	186
86	187
86	188
86	189
86	190
86	191
86	192
86	193
86	194
86	195
86	196
86	197
86	198
86	199
86	200
86	201
86	202
86	203
86	204
86	205
86	206
86	207
86	208
86	209
86	210
86	211
86	212
86	213
86	214
86	215
86	216
86	217
87	164
88	164
89	164
90	164
91	164
92	164
93	164
94	164
95	164
96	164
97	164
98	164
99	164
100	164
101	164
102	164
103	164
104	164
105	164
106	164
107	164
108	164
109	164
110	164
111	164
112	164
113	164
114	164
115	164
116	164
117	164
118	164
119	164
120	164
121	164
122	164
123	164
124	164
125	164
126	164
127	164
128	164
129	164
130	164
131	164
132	164
133	164
134	164
135	164
136	164
137	164
138	164
139	164
140	164
141	164
142	164
143	164
144	164
145	164
146	164
147	164
148	164
149	164
150	164
151	164
152	164
153	164
154	164
155	164
156	164
157	164
158	164
159	164
160	164
161	164
162	164
163	164
164	165
164	166
164	167
164	168
164	169
164	170
164	171
164	172
164	173
164	174
164	175
164	176
164	177
164	178
164	179
164	180
164	181
164	182
164	183
164	184
164	185
164	186
164	187
164	188
164	189
164	190
164	191
164	192
164	193
164	194
164	195
164	196
164	197
164	198
164	199
164	200
164	201
164	202
164	203
164	204
164	205
164	206
164	207
164	208
164	209
164	210
164	211
164	212
164	213
164	214
164	215
164	216
164	217