217	8908
1	2
1	3
1	4
1	5
1	6
1	7
1	8
1	9
1	10
1	11
1	12
1	13
1	14
1	15
1	16
1	17
1	18
1	19
1	20
1	21
1	22
1	23
1	24
1	25
1	26
1	27
1	28
1	29
1	30
1	31
1	32
1	33
1	34
1	35
1	36
1	37
1	38
1	39
1	40
1	41
1	42
1	43
1	44
1	45
1	46
1	47
1	48
1	49
1	50
1	51
1	52
1	53
1	54
1	55
1	56
1	57
1	58
1	59
1	60
1	61
1	62
1	63
1	64
1	65
1	66
1	67
1	68
1	69
1	70
1	71
1	72
1	73
1	74
1	75
1	76
1	77
1	78
1	79
1	80
1	81
1	82
1	83
1	84
1	85
1	86
1	87
1	88
1	89
1	90
1	91
1	92
1	93
1	94
1	95
1	96
1	97
1	98
1	99
1	100
1	101
1	102
1	103
1	104
1	105
1	106
1	107
1	108
1	109
1	110
1	111
1	112
1	113
1	114
1	115
1	116
1	117
1	118
1	119
1	120
1	121
1	122
1	123
1	124
1	125
1	126
1	127
1	128
1	129
1	130
1	131
1	132
1	133
1	134
1	135
1	136
1	137
1	138
1	139
1	140
1	141
1	142
1	143
1	144
1	145
1	146
1	147
1	148
1	149
1	150
1	151
1	152
1	153
1	154
1	155
1	156
1	157
1	158
1	159
1	160
1	161
1	162
1	163
1	164
1	165
1	166
1	167
1	168
1	169
1	170
1	171
1	172
1	173
1	174
1	175
1	176
1	177
1	178
1	179
1	180
1	181
1	182
1	183
1	184
1	185
1	186
1	187
1	188
1	189
1	190
1	191
1	192
1	193
1	194
1	195
1	196
1	197
1	198
1	199
1	200
1	201
1	202
1	203
1	204
1	205
1	206
1	207
1	208
1	209
1	210
1	211
1	212
1	213
1	214
1	215
1	216
1	217
2	81
2	82
2	83
2	84
2	85
2	86
2	87
2	88
2	89
2	90
2	92
2	101
2	102
2	103
2	104
2	107
2	108
2	109
2	110
2	112
2	113
2	114
2	115
2	116
2	117
2	118
2	119
2	120
2	122
2	123
2	124
2	125
2	126
2	127
2	128
2	129
2	130
2	131
2	132
2	133
2	134
2	135
2	136
2	137
2	138
2	139
2	140
2	141
2	142
2	143
2	144
2	145
2	146
2	147
2	148
2	149
2	150
2	151
2	152
2	153
2	154
2	155
2	156
2	157
2	158
2	159
2	160
2	161
2	162
2	163
2	164
2	165
2	166
2	167
2	168
2	169
2	170
2	171
2	172
2	173
2	174
2	175
2	176
2	177
2	178
2	179
2	180
2	181
2	182
2	183
2	184
2	185
2	186
2	187
2	188
2	189
2	190
2	191
2	192
2	193
2	194
2	195
2	196
2	197
2	198
2	199
2	200
2	201
2	202
2	203
2	204
2	205
2	206
2	207
2	208
2	209
2	210
2	211
2	212
2	213
2	214
2	215
2	216
2	217
3	81
3	82
3	83
3	84
3	85
3	86
3	87
3	88
3	89
3	90
3	92
3	101
3	102
3	103
3	104
3	107
3	108
3	109
3	110
3	112
3	113
3	114
3	115
3	116
3	117
3	118
3	119
3	120
3	122
3	123
3	124
3	125
3	126
3	127
3	128
3	129
3	130
3	131
3	132
3	133
3	134
3	135
3	136
3	137
3	138
3	139
3	140
3	141
3	142
3	143
3	144
3	145
3	146
3	147
3	148
3	149
3	150
3	151
3	152
3	153
3	154
3	155
3	156
3	157
3	158
3	159
3	160
3	161
3	162
3	163
3	164
3	165
3	166
3	167
3	168
3	169
3	170
3	171
3	172
3	173
3	174
3	175
3	176
3	177
3	178
3	179
3	180
3	181
3	182
3	183
3	184
3	185
3	186
3	187
3	188
3	189
3	190
3	191
3	192
3	193
3	194
3	195
3	196
3	197
3	198
3	199
3	200
3	201
3	202
3	203
3	204
3	205
3	206
3	207
3	208
3	209
3	210
3	211
3	212
3	213
3	214
3	215
3	216
3	217
4	83
4	85
4	86
4	88
4	89
4	101
4	102
4	104
4	107
4	108
4	115
4	116
4	117
4	123
4	126
4	127
4	129
4	133
4	135
4	136
4	137
4	138
4	139
4	141
4	142
4	143
4	144
4	145
4	146
4	147
4	148
4	149
4	150
4	151
4	152
4	153
4	154
4	155
4	156
4	157
4	158
4	159
4	160
4	161
4	162
4	163
4	164
4	165
4	166
4	167
4	168
4	169
4	170
4	171
4	172
4	173
4	174
4	175
4	176
4	177
4	178
4	179
4	180
4	181
4	182
4	183
4	184
4	185
4	186
4	187
4	188
4	189
4	190
4	191
4	192
4	193
4	194
4	195
4	196
4	197
4	198
4	199
4	200
4	201
4	202
4	203
4	204
4	205
4	206
4	207
4	208
4	209
4	210
4	211
4	212
4	213
4	214
4	215
4	216
4	217
5	83
5	85
5	86
5	88
5	89
5	101
5	102
5	104
5	107
5	108
5	115
5	116
5	117
5	123
5	126
5	127
5	129
5	133
5	135
5	136
5	137
5	138
5	139
5	141
5	142
5	143
5	144
5	145
5	146
5	147
5	148
5	149
5	150
5	151
5	152
5	153
5	154
5	155
5	156
5	157
5	158
5	159
5	160
5	161
5	162
5	163
5	164
5	165
5	166
5	167
5	168
5	169
5	170
5	171
5	172
5	173
5	174
5	175
5	176
5	177
5	178
5	179
5	180
5	181
5	182
5	183
5	184
5	185
5	186
5	187
5	188
5	189
5	190
5	191
5	192
5	193
5	194
5	195
5	196
5	197
5	198
5	199
5	200
5	201
5	202
5	203
5	204
5	205
5	206
5	207
5	208
5	209
5	210
5	211
5	212
5	213
5	214
5	215
5	216
5	217
6	83
6	85
6	86
6	88
6	89
6	101
6	102
6	104
6	107
6	108
6	115
6	116
6	117
6	123
6	126
6	127
6	129
6	133
6	135
6	136
6	137
6	138
6	139
6	141
6	142
6	143
6	144
6	145
6	146
6	147
6	148
6	149
6	150
6	151
6	152
6	153
6	154
6	155
6	156
6	157
6	158
6	159
6	160
6	161
6	162
6	163
6	164
6	165
6	166
6	167
6	168
6	169
6	170
6	171
6	172
6	173
6	174
6	175
6	176
6	177
6	178
6	179
6	180
6	181
6	182
6	183
6	184
6	185
6	186
6	187
6	188
6	189
6	190
6	191
6	192
6	193
6	194
6	195
6	196
6	197
6	198
6	199
6	200
6	201
6	202
6	203
6	204
6	205
6	206
6	207
6	208
6	209
6	210
6	211
6	212
6	213
6	214
6	215
6	216
6	217
7	81
7	82
7	83
7	84
7	85
7	86
7	87
7	88
7	89
7	90
7	92
7	101
7	102
7	103
7	104
7	107
7	108
7	109
7	110
7	112
7	113
7	114
7	115
7	116
7	117
7	118
7	119
7	120
7	122
7	123
7	124
7	125
7	126
7	127
7	128
7	129
7	130
7	131
7	132
7	133
7	134
7	135
7	136
7	137
7	138
7	139
7	140
7	141
7	142
7	143
7	144
7	145
7	146
7	147
7	148
7	149
7	150
7	151
7	152
7	153
7	154
7	155
7	156
7	157
7	158
7	159
7	160
7	161
7	162
7	163
7	164
7	165
7	166
7	167
7	168
7	169
7	170
7	171
7	172
7	173
7	174
7	175
7	176
7	177
7	178
7	179
7	180
7	181
7	182
7	183
7	184
7	185
7	186
7	187
7	188
7	189
7	190
7	191
7	192
7	193
7	194
7	195
7	196
7	197
7	198
7	199
7	200
7	201
7	202
7	203
7	204
7	205
7	206
7	207
7	208
7	209
7	210
7	211
7	212
7	213
7	214
7	215
7	216
7	217
8	83
8	85
8	86
8	88
8	89
8	101
8	102
8	104
8	107
8	108
8	115
8	116
8	117
8	123
8	126
8	127
8	129
8	133
8	135
8	136
8	137
8	138
8	139
8	141
8	142
8	143
8	144
8	145
8	146
8	147
8	148
8	149
8	150
8	151
8	152
8	153
8	154
8	155
8	156
8	157
8	158
8	159
8	160
8	161
8	162
8	163
8	164
8	165
8	166
8	167
8	168
8	169
8	170
8	171
8	172
8	173
8	174
8	175
8	176
8	177
8	178
8	179
8	180
8	181
8	182
8	183
8	184
8	185
8	186
8	187
8	188
8	189
8	190
8	191
8	192
8	193
8	194
8	195
8	196
8	197
8	198
8	199
8	200
8	201
8	202
8	203
8	204
8	205
8	206
8	207
8	208
8	209
8	210
8	211
8	212
8	213
8	214
8	215
8	216
8	217
9	81
9	82
9	83
9	84
9	85
9	86
9	87
9	88
9	89
9	90
9	92
9	101
9	102
9	103
9	104
9	107
9	108
9	109
9	110
9	112
9	113
9	114
9	115
9	116
9	117
9	118
9	119
9	120
9	122
9	123
9	124
9	125
9	126
9	127
9	128
9	129
9	130
9	131
9	132
9	133
9	134
9	135
9	136
9	137
9	138
9	139
9	140
9	141
9	142
9	143
9	144
9	145
9	146
9	147
9	148
9	149
9	150
9	151
9	152
9	153
9	154
9	155
9	156
9	157
9	158
9	159
9	160
9	161
9	162
9	163
9	164
9	165
9	166
9	167
9	168
9	169
9	170
9	171
9	172
9	173
9	174
9	175
9	176
9	177
9	178
9	179
9	180
9	181
9	182
9	183
9	184
9	185
9	186
9	187
9	188
9	189
9	190
9	191
9	192
9	193
9	194
9	195
9	196
9	197
9	198
9	199
9	200
9	201
9	202
9	203
9	204
9	205
9	206
9	207
9	208
9	209
9	210
9	211
9	212
9	213
9	214
9	215
9	216
9	217
10	83
10	85
10	86
10	88
10	89
10	101
10	102
10	104
10	107
10	108
10	115
10	116
10	117
10	123
10	126
10	127
10	129
10	133
10	135
10	136
10	137
10	138
10	139
10	141
10	142
10	143
10	144
10	145
10	146
10	147
10	148
10	149
10	150
10	151
10	152
10	153
10	154
10	155
10	156
10	157
10	158
10	159
10	160
10	161
10	162
10	163
10	164
10	165
10	166
10	167
10	168
10	169
10	170
10	171
10	172
10	173
10	174
10	175
10	176
10	177
10	178
10	179
10	180
10	181
10	182
10	183
10	184
10	185
10	186
10	187
10	188
10	189
10	190
10	191
10	192
10	193
10	194
10	195
10	196
10	197
10	198
10	199
10	200
10	201
10	202
10	203
10	204
10	205
10	206
10	207
10	208
10	209
10	210
10	211
10	212
10	213
10	214
10	215
10	216
10	217
11	83
11	85
11	86
11	88
11	89
11	101
11	102
11	104
11	107
11	108
11	115
11	116
11	117
11	123
11	126
11	127
11	129
11	133
11	135
11	136
11	137
11	138
11	139
11	141
11	142
11	143
11	144
11	145
11	146
11	147
11	148
11	149
11	150
11	151
11	152
11	153
11	154
11	155
11	156
11	157
11	158
11	159
11	160
11	161
11	162
11	163
11	164
11	165
11	166
11	167
11	168
11	169
11	170
11	171
11	172
11	173
11	174
11	175
11	176
11	177
11	178
11	179
11	180
11	181
11	182
11	183
11	184
11	185
11	186
11	187
11	188
11	189
11	190
11	191
11	192
11	193
11	194
11	195
11	196
11	197
11	198
11	199
11	200
11	201
11	202
11	203
11	204
11	205
11	206
11	207
11	208
11	209
11	210
11	211
11	212
11	213
11	214
11	215
11	216
11	217
12	83
12	85
12	86
12	88
12	89
12	101
12	102
12	104
12	107
12	108
12	115
12	116
12	117
12	123
12	126
12	127
12	129
12	133
12	135
12	136
12	137
12	138
12	139
12	141
12	142
12	143
12	144
12	145
12	146
12	147
12	148
12	149
12	150
12	151
12	152
12	153
12	154
12	155
12	156
12	157
12	158
12	159
12	160
12	161
12	162
12	163
12	164
12	165
12	166
12	167
12	168
12	169
12	170
12	171
12	172
12	173
12	174
12	175
12	176
12	177
12	178
12	179
12	180
12	181
12	182
12	183
12	184
12	185
12	186
12	187
12	188
12	189
12	190
12	191
12	192
12	193
12	194
12	195
12	196
12	197
12	198
12	199
12	200
12	201
12	202
12	203
12	204
12	205
12	206
12	207
12	208
12	209
12	210
12	211
12	212
12	213
12	214
12	215
12	216
12	217
13	81
13	82
13	83
13	84
13	85
13	86
13	87
13	88
13	89
13	90
13	92
13	101
13	102
13	103
13	104
13	107
13	108
13	109
13	110
13	112
13	113
13	114
13	115
13	116
13	117
13	118
13	119
13	120
13	122
13	123
13	124
13	125
13	126
13	127
13	128
13	129
13	130
13	131
13	132
13	133
13	134
13	135
13	136
13	137
13	138
13	139
13	140
13	141
13	142
13	143
13	144
13	145
13	146
13	147
13	148
13	149
13	150
13	151
13	152
13	153
13	154
13	155
13	156
13	157
13	158
13	159
13	160
13	161
13	162
13	163
13	164
13	165
13	166
13	167
13	168
13	169
13	170
13	171
13	172
13	173
13	174
13	175
13	176
13	177
13	178
13	179
13	180
13	181
13	182
13	183
13	184
13	185
13	186
13	187
13	188
13	189
13	190
13	191
13	192
13	193
13	194
13	195
13	196
13	197
13	198
13	199
13	200
13	201
13	202
13	203
13	204
13	205
13	206
13	207
13	208
13	209
13	210
13	211
13	212
13	213
13	214
13	215
13	216
13	217
14	83
14	85
14	86
14	88
14	89
14	101
14	102
14	104
14	107
14	108
14	115
14	116
14	117
14	123
14	126
14	127
14	129
14	133
14	135
14	136
14	137
14	138
14	139
14	141
14	142
14	143
14	144
14	145
14	146
14	147
14	148
14	149
14	150
14	151
14	152
14	153
14	154
14	155
14	156
14	157
14	158
14	159
14	160
14	161
14	162
14	163
14	164
14	165
14	166
14	167
14	168
14	169
14	170
14	171
14	172
14	173
14	174
14	175
14	176
14	177
14	178
14	179
14	180
14	181
14	182
14	183
14	184
14	185
14	186
14	187
14	188
14	189
14	190
14	191
14	192
14	193
14	194
14	195
14	196
14	197
14	198
14	199
14	200
14	201
14	202
14	203
14	204
14	205
14	206
14	207
14	208
14	209
14	210
14	211
14	212
14	213
14	214
14	215
14	216
14	217
15	83
15	85
15	86
15	88
15	89
15	101
15	102
15	104
15	107
15	108
15	115
15	116
15	117
15	123
15	126
15	127
15	129
15	133
15	135
15	136
15	137
15	138
15	139
15	141
15	142
15	143
15	144
15	145
15	146
15	147
15	148
15	149
15	150
15	151
15	152
15	153
15	154
15	155
15	156
15	157
15	158
15	159
15	160
15	161
15	162
15	163
15	164
15	165
15	166
15	167
15	168
15	169
15	170
15	171
15	172
15	173
15	174
15	175
15	176
15	177
15	178
15	179
15	180
15	181
15	182
15	183
15	184
15	185
15	186
15	187
15	188
15	189
15	190
15	191
15	192
15	193
15	194
15	195
15	196
15	197
15	198
15	199
15	200
15	201
15	202
15	203
15	204
15	205
15	206
15	207
15	208
15	209
15	210
15	211
15	212
15	213
15	214
15	215
15	216
15	217
16	83
16	85
16	86
16	88
16	89
16	101
16	102
16	104
16	107
16	108
16	115
16	116
16	117
16	123
16	126
16	127
16	129
16	133
16	135
16	136
16	137
16	138
16	139
16	141
16	142
16	143
16	144
16	145
16	146
16	147
16	148
16	149
16	150
16	151
16	152
16	153
16	154
16	155
16	156
16	157
16	158
16	159
16	160
16	161
16	162
16	163
16	164
16	165
16	166
16	167
16	168
16	169
16	170
16	171
16	172
16	173
16	174
16	175
16	176
16	177
16	178
16	179
16	180
16	181
16	182
16	183
16	184
16	185
16	186
16	187
16	188
16	189
16	190
16	191
16	192
16	193
16	194
16	195
16	196
16	197
16	198
16	199
16	200
16	201
16	202
16	203
16	204
16	205
16	206
16	207
16	208
16	209
16	210
16	211
16	212
16	213
16	214
16	215
16	216
16	217
17	83
17	85
17	86
17	88
17	89
17	101
17	102
17	104
17	107
17	108
17	115
17	116
17	117
17	123
17	126
17	127
17	129
17	133
17	135
17	136
17	137
17	138
17	139
17	141
17	142
17	143
17	144
17	145
17	146
17	147
17	148
17	149
17	150
17	151
17	152
17	153
17	154
17	155
17	156
17	157
17	158
17	159
17	160
17	161
17	162
17	163
17	164
17	165
17	166
17	167
17	168
17	169
17	170
17	171
17	172
17	173
17	174
17	175
17	176
17	177
17	178
17	179
17	180
17	181
17	182
17	183
17	184
17	185
17	186
17	187
17	188
17	189
17	190
17	191
17	192
17	193
17	194
17	195
17	196
17	197
17	198
17	199
17	200
17	201
17	202
17	203
17	204
17	205
17	206
17	207
17	208
17	209
17	210
17	211
17	212
17	213
17	214
17	215
17	216
17	217
18	85
18	86
18	133
18	135
18	139
18	145
18	146
18	147
18	150
18	152
18	156
18	157
18	159
18	160
18	161
18	162
18	163
18	164
18	165
18	166
18	167
18	168
18	169
18	170
18	171
18	172
18	173
18	174
18	175
18	176
18	177
18	178
18	179
18	180
18	181
18	182
18	183
18	184
18	185
18	186
18	187
18	188
18	189
18	190
18	191
18	192
18	193
18	194
18	195
18	196
18	197
18	198
18	199
18	200
18	201
18	202
18	203
18	204
18	205
18	206
18	207
18	208
18	209
18	210
18	211
18	212
18	213
18	214
18	215
18	216
18	217
19	85
19	86
19	133
19	135
19	139
19	145
19	146
19	147
19	150
19	152
19	156
19	157
19	159
19	160
19	161
19	162
19	163
19	164
19	165
19	166
19	167
19	168
19	169
19	170
19	171
19	172
19	173
19	174
19	175
19	176
19	177
19	178
19	179
19	180
19	181
19	182
19	183
19	184
19	185
19	186
19	187
19	188
19	189
19	190
19	191
19	192
19	193
19	194
19	195
19	196
19	197
19	198
19	199
19	200
19	201
19	202
19	203
19	204
19	205
19	206
19	207
19	208
19	209
19	210
19	211
19	212
19	213
19	214
19	215
19	216
19	217
20	83
20	85
20	86
20	88
20	89
20	101
20	102
20	104
20	107
20	108
20	115
20	116
20	117
20	123
20	126
20	127
20	129
20	133
20	135
20	136
20	137
20	138
20	139
20	141
20	142
20	143
20	144
20	145
20	146
20	147
20	148
20	149
20	150
20	151
20	152
20	153
20	154
20	155
20	156
20	157
20	158
20	159
20	160
20	161
20	162
20	163
20	164
20	165
20	166
20	167
20	168
20	169
20	170
20	171
20	172
20	173
20	174
20	175
20	176
20	177
20	178
20	179
20	180
20	181
20	182
20	183
20	184
20	185
20	186
20	187
20	188
20	189
20	190
20	191
20	192
20	193
20	194
20	195
20	196
20	197
20	198
20	199
20	200
20	201
20	202
20	203
20	204
20	205
20	206
20	207
20	208
20	209
20	210
20	211
20	212
20	213
20	214
20	215
20	216
20	217
21	83
21	85
21	86
21	88
21	89
21	101
21	102
21	104
21	107
21	108
21	115
21	116
21	117
21	123
21	126
21	127
21	129
21	133
21	135
21	136
21	137
21	138
21	139
21	141
21	142
21	143
21	144
21	145
21	146
21	147
21	148
21	149
21	150
21	151
21	152
21	153
21	154
21	155
21	156
21	157
21	158
21	159
21	160
21	161
21	162
21	163
21	164
21	165
21	166
21	167
21	168
21	169
21	170
21	171
21	172
21	173
21	174
21	175
21	176
21	177
21	178
21	179
21	180
21	181
21	182
21	183
21	184
21	185
21	186
21	187
21	188
21	189
21	190
21	191
21	192
21	193
21	194
21	195
21	196
21	197
21	198
21	199
21	200
21	201
21	202
21	203
21	204
21	205
21	206
21	207
21	208
21	209
21	210
21	211
21	212
21	213
21	214
21	215
21	216
21	217
22	83
22	85
22	86
22	88
22	89
22	101
22	102
22	104
22	107
22	108
22	115
22	116
22	117
22	123
22	126
22	127
22	129
22	133
22	135
22	136
22	137
22	138
22	139
22	141
22	142
22	143
22	144
22	145
22	146
22	147
22	148
22	149
22	150
22	151
22	152
22	153
22	154
22	155
22	156
22	157
22	158
22	159
22	160
22	161
22	162
22	163
22	164
22	165
22	166
22	167
22	168
22	169
22	170
22	171
22	172
22	173
22	174
22	175
22	176
22	177
22	178
22	179
22	180
22	181
22	182
22	183
22	184
22	185
22	186
22	187
22	188
22	189
22	190
22	191
22	192
22	193
22	194
22	195
22	196
22	197
22	198
22	199
22	200
22	201
22	202
22	203
22	204
22	205
22	206
22	207
22	208
22	209
22	210
22	211
22	212
22	213
22	214
22	215
22	216
22	217
23	83
23	85
23	86
23	88
23	89
23	101
23	102
23	104
23	107
23	108
23	115
23	116
23	117
23	123
23	126
23	127
23	129
23	133
23	135
23	136
23	137
23	138
23	139
23	141
23	142
23	143
23	144
23	145
23	146
23	147
23	148
23	149
23	150
23	151
23	152
23	153
23	154
23	155
23	156
23	157
23	158
23	159
23	160
23	161
23	162
23	163
23	164
23	165
23	166
23	167
23	168
23	169
23	170
23	171
23	172
23	173
23	174
23	175
23	176
23	177
23	178
23	179
23	180
23	181
23	182
23	183
23	184
23	185
23	186
23	187
23	188
23	189
23	190
23	191
23	192
23	193
23	194
23	195
23	196
23	197
23	198
23	199
23	200
23	201
23	202
23	203
23	204
23	205
23	206
23	207
23	208
23	209
23	210
23	211
23	212
23	213
23	214
23	215
23	216
23	217
24	85
24	86
24	133
24	135
24	139
24	145
24	146
24	147
24	150
24	152
24	156
24	157
24	159
24	160
24	161
24	162
24	163
24	164
24	165
24	166
24	167
24	168
24	169
24	170
24	171
24	172
24	173
24	174
24	175
24	176
24	177
24	178
24	179
24	180
24	181
24	182
24	183
24	184
24	185
24	186
24	187
24	188
24	189
24	190
24	191
24	192
24	193
24	194
24	195
24	196
24	197
24	198
24	199
24	200
24	201
24	202
24	203
24	204
24	205
24	206
24	207
24	208
24	209
24	210
24	211
24	212
24	213
24	214
24	215
24	216
24	217
25	83
25	85
25	86
25	88
25	89
25	101
25	102
25	104
25	107
25	108
25	115
25	116
25	117
25	123
25	126
25	127
25	129
25	133
25	135
25	136
25	137
25	138
25	139
25	141
25	142
25	143
25	144
25	145
25	146
25	147
25	148
25	149
25	150
25	151
25	152
25	153
25	154
25	155
25	156
25	157
25	158
25	159
25	160
25	161
25	162
25	163
25	164
25	165
25	166
25	167
25	168
25	169
25	170
25	171
25	172
25	173
25	174
25	175
25	176
25	177
25	178
25	179
25	180
25	181
25	182
25	183
25	184
25	185
25	186
25	187
25	188
25	189
25	190
25	191
25	192
25	193
25	194
25	195
25	196
25	197
25	198
25	199
25	200
25	201
25	202
25	203
25	204
25	205
25	206
25	207
25	208
25	209
25	210
25	211
25	212
25	213
25	214
25	215
25	216
25	217
26	83
26	85
26	86
26	88
26	89
26	101
26	102
26	104
26	107
26	108
26	115
26	116
26	117
26	123
26	126
26	127
26	129
26	133
26	135
26	136
26	137
26	138
26	139
26	141
26	142
26	143
26	144
26	145
26	146
26	147
26	148
26	149
26	150
26	151
26	152
26	153
26	154
26	155
26	156
26	157
26	158
26	159
26	160
26	161
26	162
26	163
26	164
26	165
26	166
26	167
26	168
26	169
26	170
26	171
26	172
26	173
26	174
26	175
26	176
26	177
26	178
26	179
26	180
26	181
26	182
26	183
26	184
26	185
26	186
26	187
26	188
26	189
26	190
26	191
26	192
26	193
26	194
26	195
26	196
26	197
26	198
26	199
26	200
26	201
26	202
26	203
26	204
26	205
26	206
26	207
26	208
26	209
26	210
26	211
26	212
26	213
26	214
26	215
26	216
26	217
27	83
27	85
27	86
27	88
27	89
27	101
27	102
27	104
27	107
27	108
27	115
27	116
27	117
27	123
27	126
27	127
27	129
27	133
27	135
27	136
27	137
27	138
27	139
27	141
27	142
27	143
27	144
27	145
27	146
27	147
27	148
27	149
27	150
27	151
27	152
27	153
27	154
27	155
27	156
27	157
27	158
27	159
27	160
27	161
27	162
27	163
27	164
27	165
27	166
27	167
27	168
27	169
27	170
27	171
27	172
27	173
27	174
27	175
27	176
27	177
27	178
27	179
27	180
27	181
27	182
27	183
27	184
27	185
27	186
27	187
27	188
27	189
27	190
27	191
27	192
27	193
27	194
27	195
27	196
27	197
27	198
27	199
27	200
27	201
27	202
27	203
27	204
27	205
27	206
27	207
27	208
27	209
27	210
27	211
27	212
27	213
27	214
27	215
27	216
27	217
28	83
28	85
28	86
28	88
28	89
28	101
28	102
28	104
28	107
28	108
28	115
28	116
28	117
28	123
28	126
28	127
28	129
28	133
28	135
28	136
28	137
28	138
28	139
28	141
28	142
28	143
28	144
28	145
28	146
28	147
28	148
28	149
28	150
28	151
28	152
28	153
28	154
28	155
28	156
28	157
28	158
28	159
28	160
28	161
28	162
28	163
28	164
28	165
28	166
28	167
28	168
28	169
28	170
28	171
28	172
28	173
28	174
28	175
28	176
28	177
28	178
28	179
28	180
28	181
28	182
28	183
28	184
28	185
28	186
28	187
28	188
28	189
28	190
28	191
28	192
28	193
28	194
28	195
28	196
28	197
28	198
28	199
28	200
28	201
28	202
28	203
28	204
28	205
28	206
28	207
28	208
28	209
28	210
28	211
28	212
28	213
28	214
28	215
28	216
28	217
29	83
29	85
29	86
29	88
29	89
29	101
29	102
29	104
29	107
29	108
29	115
29	116
29	117
29	123
29	126
29	127
29	129
29	133
29	135
29	136
29	137
29	138
29	139
29	141
29	142
29	143
29	144
29	145
29	146
29	147
29	148
29	149
29	150
29	151
29	152
29	153
29	154
29	155
29	156
29	157
29	158
29	159
29	160
29	161
29	162
29	163
29	164
29	165
29	166
29	167
29	168
29	169
29	170
29	171
29	172
29	173
29	174
29	175
29	176
29	177
29	178
29	179
29	180
29	181
29	182
29	183
29	184
29	185
29	186
29	187
29	188
29	189
29	190
29	191
29	192
29	193
29	194
29	195
29	196
29	197
29	198
29	199
29	200
29	201
29	202
29	203
29	204
29	205
29	206
29	207
29	208
29	209
29	210
29	211
29	212
29	213
29	214
29	215
29	216
29	217
30	83
30	85
30	86
30	88
30	89
30	101
30	102
30	104
30	107
30	108
30	115
30	116
30	117
30	123
30	126
30	127
30	129
30	133
30	135
30	136
30	137
30	138
30	139
30	141
30	142
30	143
30	144
30	145
30	146
30	147
30	148
30	149
30	150
30	151
30	152
30	153
30	154
30	155
30	156
30	157
30	158
30	159
30	160
30	161
30	162
30	163
30	164
30	165
30	166
30	167
30	168
30	169
30	170
30	171
30	172
30	173
30	174
30	175
30	176
30	177
30	178
30	179
30	180
30	181
30	182
30	183
30	184
30	185
30	186
30	187
30	188
30	189
30	190
30	191
30	192
30	193
30	194
30	195
30	196
30	197
30	198
30	199
30	200
30	201
30	202
30	203
30	204
30	205
30	206
30	207
30	208
30	209
30	210
30	211
30	212
30	213
30	214
30	215
30	216
30	217
31	83
31	85
31	86
31	88
31	89
31	101
31	102
31	104
31	107
31	108
31	115
31	116
31	117
31	123
31	126
31	127
31	129
31	133
31	135
31	136
31	137
31	138
31	139
31	141
31	142
31	143
31	144
31	145
31	146
31	147
31	148
31	149
31	150
31	151
31	152
31	153
31	154
31	155
31	156
31	157
31	158
31	159
31	160
31	161
31	162
31	163
31	164
31	165
31	166
31	167
31	168
31	169
31	170
31	171
31	172
31	173
31	174
31	175
31	176
31	177
31	178
31	179
31	180
31	181
31	182
31	183
31	184
31	185
31	186
31	187
31	188
31	189
31	190
31	191
31	192
31	193
31	194
31	195
31	196
31	197
31	198
31	199
31	200
31	201
31	202
31	203
31	204
31	205
31	206
31	207
31	208
31	209
31	210
31	211
31	212
31	213
31	214
31	215
31	216
31	217
32	81
32	82
32	83
32	84
32	85
32	86
32	87
32	88
32	89
32	90
32	92
32	101
32	102
32	103
32	104
32	107
32	108
32	109
32	110
32	112
32	113
32	114
32	115
32	116
32	117
32	118
32	119
32	120
32	122
32	123
32	124
32	125
32	126
32	127
32	128
32	129
32	130
32	131
32	132
32	133
32	134
32	135
32	136
32	137
32	138
32	139
32	140
32	141
32	142
32	143
32	144
32	145
32	146
32	147
32	148
32	149
32	150
32	151
32	152
32	153
32	154
32	155
32	156
32	157
32	158
32	159
32	160
32	161
32	162
32	163
32	164
32	165
32	166
32	167
32	168
32	169
32	170
32	171
32	172
32	173
32	174
32	175
32	176
32	177
32	178
32	179
32	180
32	181
32	182
32	183
32	184
32	185
32	186
32	187
32	188
32	189
32	190
32	191
32	192
32	193
32	194
32	195
32	196
32	197
32	198
32	199
32	200
32	201
32	202
32	203
32	204
32	205
32	206
32	207
32	208
32	209
32	210
32	211
32	212
32	213
32	214
32	215
32	216
32	217
33	83
33	85
33	86
33	88
33	89
33	101
33	102
33	104
33	107
33	108
33	115
33	116
33	117
33	123
33	126
33	127
33	129
33	133
33	135
33	136
33	137
33	138
33	139
33	141
33	142
33	143
33	144
33	145
33	146
33	147
33	148
33	149
33	150
33	151
33	152
33	153
33	154
33	155
33	156
33	157
33	158
33	159
33	160
33	161
33	162
33	163
33	164
33	165
33	166
33	167
33	168
33	169
33	170
33	171
33	172
33	173
33	174
33	175
33	176
33	177
33	178
33	179
33	180
33	181
33	182
33	183
33	184
33	185
33	186
33	187
33	188
33	189
33	190
33	191
33	192
33	193
33	194
33	195
33	196
33	197
33	198
33	199
33	200
33	201
33	202
33	203
33	204
33	205
33	206
33	207
33	208
33	209
33	210
33	211
33	212
33	213
33	214
33	215
33	216
33	217
34	83
34	85
34	86
34	88
34	89
34	101
34	102
34	104
34	107
34	108
34	115
34	116
34	117
34	123
34	126
34	127
34	129
34	133
34	135
34	136
34	137
34	138
34	139
34	141
34	142
34	143
34	144
34	145
34	146
34	147
34	148
34	149
34	150
34	151
34	152
34	153
34	154
34	155
34	156
34	157
34	158
34	159
34	160
34	161
34	162
34	163
34	164
34	165
34	166
34	167
34	168
34	169
34	170
34	171
34	172
34	173
34	174
34	175
34	176
34	177
34	178
34	179
34	180
34	181
34	182
34	183
34	184
34	185
34	186
34	187
34	188
34	189
34	190
34	191
34	192
34	193
34	194
34	195
34	196
34	197
34	198
34	199
34	200
34	201
34	202
34	203
34	204
34	205
34	206
34	207
34	208
34	209
34	210
34	211
34	212
34	213
34	214
34	215
34	216
34	217
35	83
35	85
35	86
35	88
35	89
35	101
35	102
35	104
35	107
35	108
35	115
35	116
35	117
35	123
35	126
35	127
35	129
35	133
35	135
35	136
35	137
35	138
35	139
35	141
35	142
35	143
35	144
35	145
35	146
35	147
35	148
35	149
35	150
35	151
35	152
35	153
35	154
35	155
35	156
35	157
35	158
35	159
35	160
35	161
35	162
35	163
35	164
35	165
35	166
35	167
35	168
35	169
35	170
35	171
35	172
35	173
35	174
35	175
35	176
35	177
35	178
35	179
35	180
35	181
35	182
35	183
35	184
35	185
35	186
35	187
35	188
35	189
35	190
35	191
35	192
35	193
35	194
35	195
35	196
35	197
35	198
35	199
35	200
35	201
35	202
35	203
35	204
35	205
35	206
35	207
35	208
35	209
35	210
35	211
35	212
35	213
35	214
35	215
35	216
35	217
36	83
36	85
36	86
36	88
36	89
36	101
36	102
36	104
36	107
36	108
36	115
36	116
36	117
36	123
36	126
36	127
36	129
36	133
36	135
36	136
36	137
36	138
36	139
36	141
36	142
36	143
36	144
36	145
36	146
36	147
36	148
36	149
36	150
36	151
36	152
36	153
36	154
36	155
36	156
36	157
36	158
36	159
36	160
36	161
36	162
36	163
36	164
36	165
36	166
36	167
36	168
36	169
36	170
36	171
36	172
36	173
36	174
36	175
36	176
36	177
36	178
36	179
36	180
36	181
36	182
36	183
36	184
36	185
36	186
36	187
36	188
36	189
36	190
36	191
36	192
36	193
36	194
36	195
36	196
36	197
36	198
36	199
36	200
36	201
36	202
36	203
36	204
36	205
36	206
36	207
36	208
36	209
36	210
36	211
36	212
36	213
36	214
36	215
36	216
36	217
37	85
37	86
37	133
37	135
37	139
37	145
37	146
37	147
37	150
37	152
37	156
37	157
37	159
37	160
37	161
37	162
37	163
37	164
37	165
37	166
37	167
37	168
37	169
37	170
37	171
37	172
37	173
37	174
37	175
37	176
37	177
37	178
37	179
37	180
37	181
37	182
37	183
37	184
37	185
37	186
37	187
37	188
37	189
37	190
37	191
37	192
37	193
37	194
37	195
37	196
37	197
37	198
37	199
37	200
37	201
37	202
37	203
37	204
37	205
37	206
37	207
37	208
37	209
37	210
37	211
37	212
37	213
37	214
37	215
37	216
37	217
38	83
38	85
38	86
38	88
38	89
38	101
38	102
38	104
38	107
38	108
38	115
38	116
38	117
38	123
38	126
38	127
38	129
38	133
38	135
38	136
38	137
38	138
38	139
38	141
38	142
38	143
38	144
38	145
38	146
38	147
38	148
38	149
38	150
38	151
38	152
38	153
38	154
38	155
38	156
38	157
38	158
38	159
38	160
38	161
38	162
38	163
38	164
38	165
38	166
38	167
38	168
38	169
38	170
38	171
38	172
38	173
38	174
38	175
38	176
38	177
38	178
38	179
38	180
38	181
38	182
38	183
38	184
38	185
38	186
38	187
38	188
38	189
38	190
38	191
38	192
38	193
38	194
38	195
38	196
38	197
38	198
38	199
38	200
38	201
38	202
38	203
38	204
38	205
38	206
38	207
38	208
38	209
38	210
38	211
38	212
38	213
38	214
38	215
38	216
38	217
39	83
39	85
39	86
39	88
39	89
39	101
39	102
39	104
39	107
39	108
39	115
39	116
39	117
39	123
39	126
39	127
39	129
39	133
39	135
39	136
39	137
39	138
39	139
39	141
39	142
39	143
39	144
39	145
39	146
39	147
39	148
39	149
39	150
39	151
39	152
39	153
39	154
39	155
39	156
39	157
39	158
39	159
39	160
39	161
39	162
39	163
39	164
39	165
39	166
39	167
39	168
39	169
39	170
39	171
39	172
39	173
39	174
39	175
39	176
39	177
39	178
39	179
39	180
39	181
39	182
39	183
39	184
39	185
39	186
39	187
39	188
39	189
39	190
39	191
39	192
39	193
39	194
39	195
39	196
39	197
39	198
39	199
39	200
39	201
39	202
39	203
39	204
39	205
39	206
39	207
39	208
39	209
39	210
39	211
39	212
39	213
39	214
39	215
39	216
39	217
40	83
40	85
40	86
40	88
40	89
40	101
40	102
40	104
40	107
40	108
40	115
40	116
40	117
40	123
40	126
40	127
40	129
40	133
40	135
40	136
40	137
40	138
40	139
40	141
40	142
40	143
40	144
40	145
40	146
40	147
40	148
40	149
40	150
40	151
40	152
40	153
40	154
40	155
40	156
40	157
40	158
40	159
40	160
40	161
40	162
40	163
40	164
40	165
40	166
40	167
40	168
40	169
40	170
40	171
40	172
40	173
40	174
40	175
40	176
40	177
40	178
40	179
40	180
40	181
40	182
40	183
40	184
40	185
40	186
40	187
40	188
40	189
40	190
40	191
40	192
40	193
40	194
40	195
40	196
40	197
40	198
40	199
40	200
40	201
40	202
40	203
40	204
40	205
40	206
40	207
40	208
40	209
40	210
40	211
40	212
40	213
40	214
40	215
40	216
40	217
41	83
41	85
41	86
41	88
41	89
41	101
41	102
41	104
41	107
41	108
41	115
41	116
41	117
41	123
41	126
41	127
41	129
41	133
41	135
41	136
41	137
41	138
41	139
41	141
41	142
41	143
41	144
41	145
41	146
41	147
41	148
41	149
41	150
41	151
41	152
41	153
41	154
41	155
41	156
41	157
41	158
41	159
41	160
41	161
41	162
41	163
41	164
41	165
41	166
41	167
41	168
41	169
41	170
41	171
41	172
41	173
41	174
41	175
41	176
41	177
41	178
41	179
41	180
41	181
41	182
41	183
41	184
41	185
41	186
41	187
41	188
41	189
41	190
41	191
41	192
41	193
41	194
41	195
41	196
41	197
41	198
41	199
41	200
41	201
41	202
41	203
41	204
41	205
41	206
41	207
41	208
41	209
41	210
41	211
41	212
41	213
41	214
41	215
41	216
41	217
42	83
42	85
42	86
42	88
42	89
42	101
42	102
42	104
42	107
42	108
42	115
42	116
42	117
42	123
42	126
42	127
42	129
42	133
42	135
42	136
42	137
42	138
42	139
42	141
42	142
42	143
42	144
42	145
42	146
42	147
42	148
42	149
42	150
42	151
42	152
42	153
42	154
42	155
42	156
42	157
42	158
42	159
42	160
42	161
42	162
42	163
42	164
42	165
42	166
42	167
42	168
42	169
42	170
42	171
42	172
42	173
42	174
42	175
42	176
42	177
42	178
42	179
42	180
42	181
42	182
42	183
42	184
42	185
42	186
42	187
42	188
42	189
42	190
42	191
42	192
42	193
42	194
42	195
42	196
42	197
42	198
42	199
42	200
42	201
42	202
42	203
42	204
42	205
42	206
42	207
42	208
42	209
42	210
42	211
42	212
42	213
42	214
42	215
42	216
42	217
43	85
43	86
43	133
43	135
43	139
43	145
43	146
43	147
43	150
43	152
43	156
43	157
43	159
43	160
43	161
43	162
43	163
43	164
43	165
43	166
43	167
43	168
43	169
43	170
43	171
43	172
43	173
43	174
43	175
43	176
43	177
43	178
43	179
43	180
43	181
43	182
43	183
43	184
43	185
43	186
43	187
43	188
43	189
43	190
43	191
43	192
43	193
43	194
43	195
43	196
43	197
43	198
43	199
43	200
43	201
43	202
43	203
43	204
43	205
43	206
43	207
43	208
43	209
43	210
43	211
43	212
43	213
43	214
43	215
43	216
43	217
44	85
44	86
44	133
44	135
44	139
44	145
44	146
44	147
44	150
44	152
44	156
44	157
44	159
44	160
44	161
44	162
44	163
44	164
44	165
44	166
44	167
44	168
44	169
44	170
44	171
44	172
44	173
44	174
44	175
44	176
44	177
44	178
44	179
44	180
44	181
44	182
44	183
44	184
44	185
44	186
44	187
44	188
44	189
44	190
44	191
44	192
44	193
44	194
44	195
44	196
44	197
44	198
44	199
44	200
44	201
44	202
44	203
44	204
44	205
44	206
44	207
44	208
44	209
44	210
44	211
44	212
44	213
44	214
44	215
44	216
44	217
45	83
45	85
45	86
45	88
45	89
45	101
45	102
45	104
45	107
45	108
45	115
45	116
45	117
45	123
45	126
45	127
45	129
45	133
45	135
45	136
45	137
45	138
45	139
45	141
45	142
45	143
45	144
45	145
45	146
45	147
45	148
45	149
45	150
45	151
45	152
45	153
45	154
45	155
45	156
45	157
45	158
45	159
45	160
45	161
45	162
45	163
45	164
45	165
45	166
45	167
45	168
45	169
45	170
45	171
45	172
45	173
45	174
45	175
45	176
45	177
45	178
45	179
45	180
45	181
45	182
45	183
45	184
45	185
45	186
45	187
45	188
45	189
45	190
45	191
45	192
45	193
45	194
45	195
45	196
45	197
45	198
45	199
45	200
45	201
45	202
45	203
45	204
45	205
45	206
45	207
45	208
45	209
45	210
45	211
45	212
45	213
45	214
45	215
45	216
45	217
46	85
46	86
46	133
46	135
46	139
46	145
46	146
46	147
46	150
46	152
46	156
46	157
46	159
46	160
46	161
46	162
46	163
46	164
46	165
46	166
46	167
46	168
46	169
46	170
46	171
46	172
46	173
46	174
46	175
46	176
46	177
46	178
46	179
46	180
46	181
46	182
46	183
46	184
46	185
46	186
46	187
46	188
46	189
46	190
46	191
46	192
46	193
46	194
46	195
46	196
46	197
46	198
46	199
46	200
46	201
46	202
46	203
46	204
46	205
46	206
46	207
46	208
46	209
46	210
46	211
46	212
46	213
46	214
46	215
46	216
46	217
47	83
47	85
47	86
47	88
47	89
47	101
47	102
47	104
47	107
47	108
47	115
47	116
47	117
47	123
47	126
47	127
47	129
47	133
47	135
47	136
47	137
47	138
47	139
47	141
47	142
47	143
47	144
47	145
47	146
47	147
47	148
47	149
47	150
47	151
47	152
47	153
47	154
47	155
47	156
47	157
47	158
47	159
47	160
47	161
47	162
47	163
47	164
47	165
47	166
47	167
47	168
47	169
47	170
47	171
47	172
47	173
47	174
47	175
47	176
47	177
47	178
47	179
47	180
47	181
47	182
47	183
47	184
47	185
47	186
47	187
47	188
47	189
47	190
47	191
47	192
47	193
47	194
47	195
47	196
47	197
47	198
47	199
47	200
47	201
47	202
47	203
47	204
47	205
47	206
47	207
47	208
47	209
47	210
47	211
47	212
47	213
47	214
47	215
47	216
47	217
48	85
48	86
48	133
48	135
48	139
48	145
48	146
48	147
48	150
48	152
48	156
48	157
48	159
48	160
48	161
48	162
48	163
48	164
48	165
48	166
48	167
48	168
48	169
48	170
48	171
48	172
48	173
48	174
48	175
48	176
48	177
48	178
48	179
48	180
48	181
48	182
48	183
48	184
48	185
48	186
48	187
48	188
48	189
48	190
48	191
48	192
48	193
48	194
48	195
48	196
48	197
48	198
48	199
48	200
48	201
48	202
48	203
48	204
48	205
48	206
48	207
48	208
48	209
48	210
48	211
48	212
48	213
48	214
48	215
48	216
48	217
49	85
49	86
49	133
49	135
49	139
49	145
49	146
49	147
49	150
49	152
49	156
49	157
49	159
49	160
49	161
49	162
49	163
49	164
49	165
49	166
49	167
49	168
49	169
49	170
49	171
49	172
49	173
49	174
49	175
49	176
49	177
49	178
49	179
49	180
49	181
49	182
49	183
49	184
49	185
49	186
49	187
49	188
49	189
49	190
49	191
49	192
49	193
49	194
49	195
49	196
49	197
49	198
49	199
49	200
49	201
49	202
49	203
49	204
49	205
49	206
49	207
49	208
49	209
49	210
49	211
49	212
49	213
49	214
49	215
49	216
49	217
50	85
50	86
50	160
50	162
50	163
50	164
50	166
50	167
50	169
50	170
50	171
50	172
50	173
50	174
50	176
50	179
50	181
50	182
50	183
50	184
50	185
50	186
50	187
50	188
50	189
50	190
50	191
50	192
50	193
50	194
50	195
50	196
50	197
50	198
50	199
50	200
50	201
50	202
50	203
50	204
50	205
50	206
50	207
50	208
50	209
50	210
50	211
50	212
50	213
50	214
50	215
50	216
50	217
51	85
51	86
51	133
51	135
51	139
51	145
51	146
51	147
51	150
51	152
51	156
51	157
51	159
51	160
51	161
51	162
51	163
51	164
51	165
51	166
51	167
51	168
51	169
51	170
51	171
51	172
51	173
51	174
51	175
51	176
51	177
51	178
51	179
51	180
51	181
51	182
51	183
51	184
51	185
51	186
51	187
51	188
51	189
51	190
51	191
51	192
51	193
51	194
51	195
51	196
51	197
51	198
51	199
51	200
51	201
51	202
51	203
51	204
51	205
51	206
51	207
51	208
51	209
51	210
51	211
51	212
51	213
51	214
51	215
51	216
51	217
52	85
52	86
52	133
52	135
52	139
52	145
52	146
52	147
52	150
52	152
52	156
52	157
52	159
52	160
52	161
52	162
52	163
52	164
52	165
52	166
52	167
52	168
52	169
52	170
52	171
52	172
52	173
52	174
52	175
52	176
52	177
52	178
52	179
52	180
52	181
52	182
52	183
52	184
52	185
52	186
52	187
52	188
52	189
52	190
52	191
52	192
52	193
52	194
52	195
52	196
52	197
52	198
52	199
52	200
52	201
52	202
52	203
52	204
52	205
52	206
52	207
52	208
52	209
52	210
52	211
52	212
52	213
52	214
52	215
52	216
52	217
53	83
53	85
53	86
53	88
53	89
53	101
53	102
53	104
53	107
53	108
53	115
53	116
53	117
53	123
53	126
53	127
53	129
53	133
53	135
53	136
53	137
53	138
53	139
53	141
53	142
53	143
53	144
53	145
53	146
53	147
53	148
53	149
53	150
53	151
53	152
53	153
53	154
53	155
53	156
53	157
53	158
53	159
53	160
53	161
53	162
53	163
53	164
53	165
53	166
53	167
53	168
53	169
53	170
53	171
53	172
53	173
53	174
53	175
53	176
53	177
53	178
53	179
53	180
53	181
53	182
53	183
53	184
53	185
53	186
53	187
53	188
53	189
53	190
53	191
53	192
53	193
53	194
53	195
53	196
53	197
53	198
53	199
53	200
53	201
53	202
53	203
53	204
53	205
53	206
53	207
53	208
53	209
53	210
53	211
53	212
53	213
53	214
53	215
53	216
53	217
54	85
54	86
54	133
54	135
54	139
54	145
54	146
54	147
54	150
54	152
54	156
54	157
54	159
54	160
54	161
54	162
54	163
54	164
54	165
54	166
54	167
54	168
54	169
54	170
54	171
54	172
54	173
54	174
54	175
54	176
54	177
54	178
54	179
54	180
54	181
54	182
54	183
54	184
54	185
54	186
54	187
54	188
54	189
54	190
54	191
54	192
54	193
54	194
54	195
54	196
54	197
54	198
54	199
54	200
54	201
54	202
54	203
54	204
54	205
54	206
54	207
54	208
54	209
54	210
54	211
54	212
54	213
54	214
54	215
54	216
54	217
55	83
55	85
55	86
55	88
55	89
55	101
55	102
55	104
55	107
55	108
55	115
55	116
55	117
55	123
55	126
55	127
55	129
55	133
55	135
55	136
55	137
55	138
55	139
55	141
55	142
55	143
55	144
55	145
55	146
55	147
55	148
55	149
55	150
55	151
55	152
55	153
55	154
55	155
55	156
55	157
55	158
55	159
55	160
55	161
55	162
55	163
55	164
55	165
55	166
55	167
55	168
55	169
55	170
55	171
55	172
55	173
55	174
55	175
55	176
55	177
55	178
55	179
55	180
55	181
55	182
55	183
55	184
55	185
55	186
55	187
55	188
55	189
55	190
55	191
55	192
55	193
55	194
55	195
55	196
55	197
55	198
55	199
55	200
55	201
55	202
55	203
55	204
55	205
55	206
55	207
55	208
55	209
55	210
55	211
55	212
55	213
55	214
55	215
55	216
55	217
56	83
56	85
56	86
56	88
56	89
56	101
56	102
56	104
56	107
56	108
56	115
56	116
56	117
56	123
56	126
56	127
56	129
56	133
56	135
56	136
56	137
56	138
56	139
56	141
56	142
56	143
56	144
56	145
56	146
56	147
56	148
56	149
56	150
56	151
56	152
56	153
56	154
56	155
56	156
56	157
56	158
56	159
56	160
56	161
56	162
56	163
56	164
56	165
56	166
56	167
56	168
56	169
56	170
56	171
56	172
56	173
56	174
56	175
56	176
56	177
56	178
56	179
56	180
56	181
56	182
56	183
56	184
56	185
56	186
56	187
56	188
56	189
56	190
56	191
56	192
56	193
56	194
56	195
56	196
56	197
56	198
56	199
56	200
56	201
56	202
56	203
56	204
56	205
56	206
56	207
56	208
56	209
56	210
56	211
56	212
56	213
56	214
56	215
56	216
56	217
57	85
57	86
57	133
57	135
57	139
57	145
57	146
57	147
57	150
57	152
57	156
57	157
57	159
57	160
57	161
57	162
57	163
57	164
57	165
57	166
57	167
57	168
57	169
57	170
57	171
57	172
57	173
57	174
57	175
57	176
57	177
57	178
57	179
57	180
57	181
57	182
57	183
57	184
57	185
57	186
57	187
57	188
57	189
57	190
57	191
57	192
57	193
57	194
57	195
57	196
57	197
57	198
57	199
57	200
57	201
57	202
57	203
57	204
57	205
57	206
57	207
57	208
57	209
57	210
57	211
57	212
57	213
57	214
57	215
57	216
57	217
58	83
58	85
58	86
58	88
58	89
58	101
58	102
58	104
58	107
58	108
58	115
58	116
58	117
58	123
58	126
58	127
58	129
58	133
58	135
58	136
58	137
58	138
58	139
58	141
58	142
58	143
58	144
58	145
58	146
58	147
58	148
58	149
58	150
58	151
58	152
58	153
58	154
58	155
58	156
58	157
58	158
58	159
58	160
58	161
58	162
58	163
58	164
58	165
58	166
58	167
58	168
58	169
58	170
58	171
58	172
58	173
58	174
58	175
58	176
58	177
58	178
58	179
58	180
58	181
58	182
58	183
58	184
58	185
58	186
58	187
58	188
58	189
58	190
58	191
58	192
58	193
58	194
58	195
58	196
58	197
58	198
58	199
58	200
58	201
58	202
58	203
58	204
58	205
58	206
58	207
58	208
58	209
58	210
58	211
58	212
58	213
58	214
58	215
58	216
58	217
59	83
59	85
59	86
59	88
59	89
59	101
59	102
59	104
59	107
59	108
59	115
59	116
59	117
59	123
59	126
59	127
59	129
59	133
59	135
59	136
59	137
59	138
59	139
59	141
59	142
59	143
59	144
59	145
59	146
59	147
59	148
59	149
59	150
59	151
59	152
59	153
59	154
59	155
59	156
59	157
59	158
59	159
59	160
59	161
59	162
59	163
59	164
59	165
59	166
59	167
59	168
59	169
59	170
59	171
59	172
59	173
59	174
59	175
59	176
59	177
59	178
59	179
59	180
59	181
59	182
59	183
59	184
59	185
59	186
59	187
59	188
59	189
59	190
59	191
59	192
59	193
59	194
59	195
59	196
59	197
59	198
59	199
59	200
59	201
59	202
59	203
59	204
59	205
59	206
59	207
59	208
59	209
59	210
59	211
59	212
59	213
59	214
59	215
59	216
59	217
60	83
60	85
60	86
60	88
60	89
60	101
60	102
60	104
60	107
60	108
60	115
60	116
60	117
60	123
60	126
60	127
60	129
60	133
60	135
60	136
60	137
60	138
60	139
60	141
60	142
60	143
60	144
60	145
60	146
60	147
60	148
60	149
60	150
60	151
60	152
60	153
60	154
60	155
60	156
60	157
60	158
60	159
60	160
60	161
60	162
60	163
60	164
60	165
60	166
60	167
60	168
60	169
60	170
60	171
60	172
60	173
60	174
60	175
60	176
60	177
60	178
60	179
60	180
60	181
60	182
60	183
60	184
60	185
60	186
60	187
60	188
60	189
60	190
60	191
60	192
60	193
60	194
60	195
60	196
60	197
60	198
60	199
60	200
60	201
60	202
60	203
60	204
60	205
60	206
60	207
60	208
60	209
60	210
60	211
60	212
60	213
60	214
60	215
60	216
60	217
61	83
61	85
61	86
61	88
61	89
61	101
61	102
61	104
61	107
61	108
61	115
61	116
61	117
61	123
61	126
61	127
61	129
61	133
61	135
61	136
61	137
61	138
61	139
61	141
61	142
61	143
61	144
61	145
61	146
61	147
61	148
61	149
61	150
61	151
61	152
61	153
61	154
61	155
61	156
61	157
61	158
61	159
61	160
61	161
61	162
61	163
61	164
61	165
61	166
61	167
61	168
61	169
61	170
61	171
61	172
61	173
61	174
61	175
61	176
61	177
61	178
61	179
61	180
61	181
61	182
61	183
61	184
61	185
61	186
61	187
61	188
61	189
61	190
61	191
61	192
61	193
61	194
61	195
61	196
61	197
61	198
61	199
61	200
61	201
61	202
61	203
61	204
61	205
61	206
61	207
61	208
61	209
61	210
61	211
61	212
61	213
61	214
61	215
61	216
61	217
62	83
62	85
62	86
62	88
62	89
62	101
62	102
62	104
62	107
62	108
62	115
62	116
62	117
62	123
62	126
62	127
62	129
62	133
62	135
62	136
62	137
62	138
62	139
62	141
62	142
62	143
62	144
62	145
62	146
62	147
62	148
62	149
62	150
62	151
62	152
62	153
62	154
62	155
62	156
62	157
62	158
62	159
62	160
62	161
62	162
62	163
62	164
62	165
62	166
62	167
62	168
62	169
62	170
62	171
62	172
62	173
62	174
62	175
62	176
62	177
62	178
62	179
62	180
62	181
62	182
62	183
62	184
62	185
62	186
62	187
62	188
62	189
62	190
62	191
62	192
62	193
62	194
62	195
62	196
62	197
62	198
62	199
62	200
62	201
62	202
62	203
62	204
62	205
62	206
62	207
62	208
62	209
62	210
62	211
62	212
62	213
62	214
62	215
62	216
62	217
63	83
63	85
63	86
63	88
63	89
63	101
63	102
63	104
63	107
63	108
63	115
63	116
63	117
63	123
63	126
63	127
63	129
63	133
63	135
63	136
63	137
63	138
63	139
63	141
63	142
63	143
63	144
63	145
63	146
63	147
63	148
63	149
63	150
63	151
63	152
63	153
63	154
63	155
63	156
63	157
63	158
63	159
63	160
63	161
63	162
63	163
63	164
63	165
63	166
63	167
63	168
63	169
63	170
63	171
63	172
63	173
63	174
63	175
63	176
63	177
63	178
63	179
63	180
63	181
63	182
63	183
63	184
63	185
63	186
63	187
63	188
63	189
63	190
63	191
63	192
63	193
63	194
63	195
63	196
63	197
63	198
63	199
63	200
63	201
63	202
63	203
63	204
63	205
63	206
63	207
63	208
63	209
63	210
63	211
63	212
63	213
63	214
63	215
63	216
63	217
64	83
64	85
64	86
64	88
64	89
64	101
64	102
64	104
64	107
64	108
64	115
64	116
64	117
64	123
64	126
64	127
64	129
64	133
64	135
64	136
64	137
64	138
64	139
64	141
64	142
64	143
64	144
64	145
64	146
64	147
64	148
64	149
64	150
64	151
64	152
64	153
64	154
64	155
64	156
64	157
64	158
64	159
64	160
64	161
64	162
64	163
64	164
64	165
64	166
64	167
64	168
64	169
64	170
64	171
64	172
64	173
64	174
64	175
64	176
64	177
64	178
64	179
64	180
64	181
64	182
64	183
64	184
64	185
64	186
64	187
64	188
64	189
64	190
64	191
64	192
64	193
64	194
64	195
64	196
64	197
64	198
64	199
64	200
64	201
64	202
64	203
64	204
64	205
64	206
64	207
64	208
64	209
64	210
64	211
64	212
64	213
64	214
64	215
64	216
64	217
65	83
65	85
65	86
65	88
65	89
65	101
65	102
65	104
65	107
65	108
65	115
65	116
65	117
65	123
65	126
65	127
65	129
65	133
65	135
65	136
65	137
65	138
65	139
65	141
65	142
65	143
65	144
65	145
65	146
65	147
65	148
65	149
65	150
65	151
65	152
65	153
65	154
65	155
65	156
65	157
65	158
65	159
65	160
65	161
65	162
65	163
65	164
65	165
65	166
65	167
65	168
65	169
65	170
65	171
65	172
65	173
65	174
65	175
65	176
65	177
65	178
65	179
65	180
65	181
65	182
65	183
65	184
65	185
65	186
65	187
65	188
65	189
65	190
65	191
65	192
65	193
65	194
65	195
65	196
65	197
65	198
65	199
65	200
65	201
65	202
65	203
65	204
65	205
65	206
65	207
65	208
65	209
65	210
65	211
65	212
65	213
65	214
65	215
65	216
65	217
66	83
66	85
66	86
66	88
66	89
66	101
66	102
66	104
66	107
66	108
66	115
66	116
66	117
66	123
66	126
66	127
66	129
66	133
66	135
66	136
66	137
66	138
66	139
66	141
66	142
66	143
66	144
66	145
66	146
66	147
66	148
66	149
66	150
66	151
66	152
66	153
66	154
66	155
66	156
66	157
66	158
66	159
66	160
66	161
66	162
66	163
66	164
66	165
66	166
66	167
66	168
66	169
66	170
66	171
66	172
66	173
66	174
66	175
66	176
66	177
66	178
66	179
66	180
66	181
66	182
66	183
66	184
66	185
66	186
66	187
66	188
66	189
66	190
66	191
66	192
66	193
66	194
66	195
66	196
66	197
66	198
66	199
66	200
66	201
66	202
66	203
66	204
66	205
66	206
66	207
66	208
66	209
66	210
66	211
66	212
66	213
66	214
66	215
66	216
66	217
67	85
67	86
67	133
67	135
67	139
67	145
67	146
67	147
67	150
67	152
67	156
67	157
67	159
67	160
67	161
67	162
67	163
67	164
67	165
67	166
67	167
67	168
67	169
67	170
67	171
67	172
67	173
67	174
67	175
67	176
67	177
67	178
67	179
67	180
67	181
67	182
67	183
67	184
67	185
67	186
67	187
67	188
67	189
67	190
67	191
67	192
67	193
67	194
67	195
67	196
67	197
67	198
67	199
67	200
67	201
67	202
67	203
67	204
67	205
67	206
67	207
67	208
67	209
67	210
67	211
67	212
67	213
67	214
67	215
67	216
67	217
68	83
68	85
68	86
68	88
68	89
68	101
68	102
68	104
68	107
68	108
68	115
68	116
68	117
68	123
68	126
68	127
68	129
68	133
68	135
68	136
68	137
68	138
68	139
68	141
68	142
68	143
68	144
68	145
68	146
68	147
68	148
68	149
68	150
68	151
68	152
68	153
68	154
68	155
68	156
68	157
68	158
68	159
68	160
68	161
68	162
68	163
68	164
68	165
68	166
68	167
68	168
68	169
68	170
68	171
68	172
68	173
68	174
68	175
68	176
68	177
68	178
68	179
68	180
68	181
68	182
68	183
68	184
68	185
68	186
68	187
68	188
68	189
68	190
68	191
68	192
68	193
68	194
68	195
68	196
68	197
68	198
68	199
68	200
68	201
68	202
68	203
68	204
68	205
68	206
68	207
68	208
68	209
68	210
68	211
68	212
68	213
68	214
68	215
68	216
68	217
69	83
69	85
69	86
69	88
69	89
69	101
69	102
69	104
69	107
69	108
69	115
69	116
69	117
69	123
69	126
69	127
69	129
69	133
69	135
69	136
69	137
69	138
69	139
69	141
69	142
69	143
69	144
69	145
69	146
69	147
69	148
69	149
69	150
69	151
69	152
69	153
69	154
69	155
69	156
69	157
69	158
69	159
69	160
69	161
69	162
69	163
69	164
69	165
69	166
69	167
69	168
69	169
69	170
69	171
69	172
69	173
69	174
69	175
69	176
69	177
69	178
69	179
69	180
69	181
69	182
69	183
69	184
69	185
69	186
69	187
69	188
69	189
69	190
69	191
69	192
69	193
69	194
69	195
69	196
69	197
69	198
69	199
69	200
69	201
69	202
69	203
69	204
69	205
69	206
69	207
69	208
69	209
69	210
69	211
69	212
69	213
69	214
69	215
69	216
69	217
70	83
70	85
70	86
70	88
70	89
70	101
70	102
70	104
70	107
70	108
70	115
70	116
70	117
70	123
70	126
70	127
70	129
70	133
70	135
70	136
70	137
70	138
70	139
70	141
70	142
70	143
70	144
70	145
70	146
70	147
70	148
70	149
70	150
70	151
70	152
70	153
70	154
70	155
70	156
70	157
70	158
70	159
70	160
70	161
70	162
70	163
70	164
70	165
70	166
70	167
70	168
70	169
70	170
70	171
70	172
70	173
70	174
70	175
70	176
70	177
70	178
70	179
70	180
70	181
70	182
70	183
70	184
70	185
70	186
70	187
70	188
70	189
70	190
70	191
70	192
70	193
70	194
70	195
70	196
70	197
70	198
70	199
70	200
70	201
70	202
70	203
70	204
70	205
70	206
70	207
70	208
70	209
70	210
70	211
70	212
70	213
70	214
70	215
70	216
70	217
71	85
71	86
71	133
71	135
71	139
71	145
71	146
71	147
71	150
71	152
71	156
71	157
71	159
71	160
71	161
71	162
71	163
71	164
71	165
71	166
71	167
71	168
71	169
71	170
71	171
71	172
71	173
71	174
71	175
71	176
71	177
71	178
71	179
71	180
71	181
71	182
71	183
71	184
71	185
71	186
71	187
71	188
71	189
71	190
71	191
71	192
71	193
71	194
71	195
71	196
71	197
71	198
71	199
71	200
71	201
71	202
71	203
71	204
71	205
71	206
71	207
71	208
71	209
71	210
71	211
71	212
71	213
71	214
71	215
71	216
71	217
72	85
72	86
72	133
72	135
72	139
72	145
72	146
72	147
72	150
72	152
72	156
72	157
72	159
72	160
72	161
72	162
72	163
72	164
72	165
72	166
72	167
72	168
72	169
72	170
72	171
72	172
72	173
72	174
72	175
72	176
72	177
72	178
72	179
72	180
72	181
72	182
72	183
72	184
72	185
72	186
72	187
72	188
72	189
72	190
72	191
72	192
72	193
72	194
72	195
72	196
72	197
72	198
72	199
72	200
72	201
72	202
72	203
72	204
72	205
72	206
72	207
72	208
72	209
72	210
72	211
72	212
72	213
72	214
72	215
72	216
72	217
73	83
73	85
73	86
73	88
73	89
73	101
73	102
73	104
73	107
73	108
73	115
73	116
73	117
73	123
73	126
73	127
73	129
73	133
73	135
73	136
73	137
73	138
73	139
73	141
73	142
73	143
73	144
73	145
73	146
73	147
73	148
73	149
73	150
73	151
73	152
73	153
73	154
73	155
73	156
73	157
73	158
73	159
73	160
73	161
73	162
73	163
73	164
73	165
73	166
73	167
73	168
73	169
73	170
73	171
73	172
73	173
73	174
73	175
73	176
73	177
73	178
73	179
73	180
73	181
73	182
73	183
73	184
73	185
73	186
73	187
73	188
73	189
73	190
73	191
73	192
73	193
73	194
73	195
73	196
73	197
73	198
73	199
73	200
73	201
73	202
73	203
73	204
73	205
73	206
73	207
73	208
73	209
73	210
73	211
73	212
73	213
73	214
73	215
73	216
73	217
74	81
74	82
74	83
74	84
74	85
74	86
74	87
74	88
74	89
74	90
74	92
74	101
74	102
74	103
74	104
74	107
74	108
74	109
74	110
74	112
74	113
74	114
74	115
74	116
74	117
74	118
74	119
74	120
74	122
74	123
74	124
74	125
74	126
74	127
74	128
74	129
74	130
74	131
74	132
74	133
74	134
74	135
74	136
74	137
74	138
74	139
74	140
74	141
74	142
74	143
74	144
74	145
74	146
74	147
74	148
74	149
74	150
74	151
74	152
74	153
74	154
74	155
74	156
74	157
74	158
74	159
74	160
74	161
74	162
74	163
74	164
74	165
74	166
74	167
74	168
74	169
74	170
74	171
74	172
74	173
74	174
74	175
74	176
74	177
74	178
74	179
74	180
74	181
74	182
74	183
74	184
74	185
74	186
74	187
74	188
74	189
74	190
74	191
74	192
74	193
74	194
74	195
74	196
74	197
74	198
74	199
74	200
74	201
74	202
74	203
74	204
74	205
74	206
74	207
74	208
74	209
74	210
74	211
74	212
74	213
74	214
74	215
74	216
74	217
75	85
75	86
75	164
75	182
75	184
75	187
75	189
75	191
75	192
75	194
75	195
75	196
75	197
75	198
75	200
75	201
75	202
75	203
75	204
75	205
75	206
75	207
75	208
75	209
75	210
75	211
75	212
75	213
75	214
75	215
75	216
75	217
76	85
76	86
76	160
76	162
76	163
76	164
76	166
76	167
76	169
76	170
76	171
76	172
76	173
76	174
76	176
76	179
76	181
76	182
76	183
76	184
76	185
76	186
76	187
76	188
76	189
76	190
76	191
76	192
76	193
76	194
76	195
76	196
76	197
76	198
76	199
76	200
76	201
76	202
76	203
76	204
76	205
76	206
76	207
76	208
76	209
76	210
76	211
76	212
76	213
76	214
76	215
76	216
76	217
77	85
77	86
77	133
77	135
77	139
77	145
77	146
77	147
77	150
77	152
77	156
77	157
77	159
77	160
77	161
77	162
77	163
77	164
77	165
77	166
77	167
77	168
77	169
77	170
77	171
77	172
77	173
77	174
77	175
77	176
77	177
77	178
77	179
77	180
77	181
77	182
77	183
77	184
77	185
77	186
77	187
77	188
77	189
77	190
77	191
77	192
77	193
77	194
77	195
77	196
77	197
77	198
77	199
77	200
77	201
77	202
77	203
77	204
77	205
77	206
77	207
77	208
77	209
77	210
77	211
77	212
77	213
77	214
77	215
77	216
77	217
78	85
78	86
78	160
78	162
78	163
78	164
78	166
78	167
78	169
78	170
78	171
78	172
78	173
78	174
78	176
78	179
78	181
78	182
78	183
78	184
78	185
78	186
78	187
78	188
78	189
78	190
78	191
78	192
78	193
78	194
78	195
78	196
78	197
78	198
78	199
78	200
78	201
78	202
78	203
78	204
78	205
78	206
78	207
78	208
78	209
78	210
78	211
78	212
78	213
78	214
78	215
78	216
78	217
79	85
79	86
79	164
79	192
79	197
79	198
79	200
79	202
79	203
79	204
79	205
79	208
79	209
79	210
79	211
79	212
79	213
79	214
79	215
79	216
79	217
80	85
80	86
80	164
80	192
80	197
80	198
80	200
80	202
80	203
80	204
80	205
80	208
80	209
80	210
80	211
80	212
80	213
80	214
80	215
80	216
80	217
81	85
81	86
81	164
81	182
81	184
81	187
81	189
81	191
81	192
81	194
81	195
81	196
81	197
81	198
81	200
81	201
81	202
81	203
81	204
81	205
81	206
81	207
81	208
81	209
81	210
81	211
81	212
81	213
81	214
81	215
81	216
81	217
82	85
82	86
82	164
82	182
82	184
82	187
82	189
82	191
82	192
82	194
82	195
82	196
82	197
82	198
82	200
82	201
82	202
82	203
82	204
82	205
82	206
82	207
82	208
82	209
82	210
82	211
82	212
82	213
82	214
82	215
82	216
82	217
83	85
83	86
83	160
83	162
83	163
83	164
83	166
83	167
83	169
83	170
83	171
83	172
83	173
83	174
83	176
83	181
83	182
83	183
83	184
83	185
83	186
83	187
83	188
83	189
83	190
83	191
83	192
83	193
83	194
83	195
83	196
83	197
83	198
83	199
83	200
83	201
83	202
83	203
83	204
83	205
83	206
83	207
83	208
83	209
83	210
83	211
83	212
83	213
83	214
83	215
83	216
83	217
84	85
84	86
84	164
84	182
84	184
84	187
84	189
84	191
84	192
84	194
84	195
84	196
84	197
84	198
84	200
84	201
84	202
84	203
84	204
84	205
84	206
84	207
84	208
84	209
84	210
84	211
84	212
84	213
84	214
84	215
84	216
84	217
85	87
85	88
85	89
85	90
85	91
85	92
85	93
85	94
85	95
85	96
85	97
85	98
85	99
85	100
85	101
85	102
85	103
85	104
85	105
85	106
85	107
85	108
85	109
85	110
85	111
85	112
85	113
85	114
85	115
85	116
85	117
85	118
85	119
85	120
85	121
85	122
85	123
85	124
85	125
85	126
85	127
85	128
85	129
85	130
85	131
85	132
85	133
85	134
85	135
85	136
85	137
85	138
85	139
85	140
85	141
85	142
85	143
85	144
85	145
85	146
85	147
85	148
85	149
85	150
85	151
85	152
85	153
85	154
85	155
85	156
85	157
85	158
85	159
85	160
85	161
85	162
85	163
85	164
85	165
85	166
85	167
85	168
85	169
85	170
85	171
85	172
85	173
85	174
85	175
85	176
85	177
85	178
85	179
85	180
85	181
85	182
85	183
85	184
85	185
85	186
85	187
85	188
85	189
85	190
85	191
85	192
85	193
85	194
85	195
85	196
85	197
85	198
85	199
85	200
85	201
85	202
85	203
85	204
85	205
85	206
85	207
85	208
85	209
85	210
85	211
85	212
85	213
85	214
85	215
85	216
85	217
86	87
86	88
86	89
86	90
86	91
86	92
86	93
86	94
86	95
86	96
86	97
86	98
86	99
86	100
86	101
86	102
86	103
86	104
86	105
86	106
86	107
86	108
86	109
86	110
86	111
86	112
86	113
86	114
86	115
86	116
86	117
86	118
86	119
86	120
86	121
86	122
86	123
86	124
86	125
86	126
86	127
86	128
86	129
86	130
86	131
86	132
86	133
86	134
86	135
86	136
86	137
86	138
86	139
86	140
86	141
86	142
86	143
86	144
86	145
86	146
86	147
86	148
86	149
86	150
86	151
86	152
86	153
86	154
86	155
86	156
86	157
86	158
86	159
86	160
86	161
86	162
86	163
86	164
86	165
86	166
86	167
86	168
86	169
86	170
86	171
86	172
86	173
86	174
86	175
86	176
86	177
86	178
86	179
86	180
86	181
86	182
86	183
86	184
86	185
86	186
86	187
86	188
86	189
86	190
86	191
86	192
86	193
86	194
86	195
86	196
86	197
86	198
86	199
86	200
86	201
86	202
86	203
86	204
86	205
86	206
86	207
86	208
86	209
86	210
86	211
86	212
86	213
86	214
86	215
86	216
86	217
87	164
87	182
87	184
87	187
87	189
87	191
87	192
87	194
87	195
87	196
87	197
87	198
87	200
87	201
87	202
87	203
87	204
87	205
87	206
87	207
87	208
87	209
87	210
87	211
87	212
87	213
87	214
87	215
87	216
87	217
88	160
88	162
88	163
88	164
88	166
88	167
88	169
88	170
88	171
88	172
88	173
88	174
88	176
88	181
88	182
88	183
88	184
88	185
88	186
88	187
88	188
88	189
88	190
88	191
88	192
88	193
88	194
88	195
88	196
88	197
88	198
88	199
88	200
88	201
88	202
88	203
88	204
88	205
88	206
88	207
88	208
88	209
88	210
88	211
88	212
88	213
88	214
88	215
88	216
88	217
89	160
89	162
89	163
89	164
89	166
89	167
89	169
89	170
89	171
89	172
89	173
89	174
89	176
89	181
89	182
89	183
89	184
89	185
89	186
89	187
89	188
89	189
89	190
89	191
89	192
89	193
89	194
89	195
89	196
89	197
89	198
89	199
89	200
89	201
89	202
89	203
89	204
89	205
89	206
89	207
89	208
89	209
89	210
89	211
89	212
89	213
89	214
89	215
89	216
89	217
90	164
90	182
90	184
90	187
90	189
90	191
90	192
90	194
90	195
90	196
90	197
90	198
90	200
90	201
90	202
90	203
90	204
90	205
90	206
90	207
90	208
90	209
90	210
90	211
90	212
90	213
90	214
90	215
90	216
90	217
91	164
91	192
91	197
91	198
91	200
91	202
91	203
91	204
91	205
91	208
91	209
91	210
91	211
91	212
91	213
91	214
91	215
91	216
91	217
92	164
92	182
92	184
92	187
92	189
92	191
92	192
92	194
92	195
92	196
92	197
92	198
92	200
92	201
92	202
92	203
92	204
92	205
92	206
92	207
92	208
92	209
92	210
92	211
92	212
92	213
92	214
92	215
92	216
92	217
93	164
93	182
93	184
93	187
93	189
93	191
93	192
93	194
93	195
93	196
93	197
93	198
93	200
93	201
93	202
93	203
93	204
93	205
93	206
93	207
93	208
93	209
93	210
93	211
93	212
93	213
93	214
93	215
93	216
93	217
94	164
94	182
94	184
94	187
94	189
94	191
94	192
94	194
94	195
94	196
94	197
94	198
94	200
94	201
94	202
94	203
94	204
94	205
94	206
94	207
94	208
94	209
94	210
94	211
94	212
94	213
94	214
94	215
94	216
94	217
95	164
95	182
95	184
95	187
95	189
95	191
95	192
95	194
95	195
95	196
95	197
95	198
95	200
95	201
95	202
95	203
95	204
95	205
95	206
95	207
95	208
95	209
95	210
95	211
95	212
95	213
95	214
95	215
95	216
95	217
96	164
96	182
96	184
96	187
96	189
96	191
96	192
96	194
96	195
96	196
96	197
96	198
96	200
96	201
96	202
96	203
96	204
96	205
96	206
96	207
96	208
96	209
96	210
96	211
96	212
96	213
96	214
96	215
96	216
96	217
97	164
97	182
97	184
97	187
97	189
97	191
97	192
97	194
97	195
97	196
97	197
97	198
97	200
97	201
97	202
97	203
97	204
97	205
97	206
97	207
97	208
97	209
97	210
97	211
97	212
97	213
97	214
97	215
97	216
97	217
98	164
98	192
98	197
98	198
98	200
98	202
98	203
98	204
98	205
98	208
98	209
98	210
98	211
98	212
98	213
98	214
98	215
98	216
98	217
99	164
99	192
99	197
99	198
99	200
99	202
99	203
99	204
99	205
99	208
99	209
99	210
99	211
99	212
99	213
99	214
99	215
99	216
99	217
100	164
100	192
100	197
100	198
100	200
100	202
100	203
100	204
100	205
100	208
100	209
100	210
100	211
100	212
100	213
100	214
100	215
100	216
100	217
101	164
101	192
101	210
101	212
101	213
101	214
101	215
101	216
102	164
102	182
102	191
102	192
102	197
102	198
102	200
102	202
102	203
102	204
102	205
102	208
102	209
102	210
102	211
102	212
102	213
102	214
102	215
102	216
102	217
103	164
103	192
103	197
103	198
103	200
103	202
103	203
103	204
103	205
103	208
103	209
103	210
103	211
103	212
103	213
103	214
103	215
103	216
103	217
104	164
104	192
104	197
104	198
104	200
104	202
104	203
104	204
104	205
104	208
104	209
104	210
104	211
104	212
104	213
104	214
104	215
104	216
104	217
105	164
105	182
105	184
105	187
105	189
105	191
105	192
105	194
105	195
105	196
105	197
105	198
105	200
105	201
105	202
105	203
105	204
105	205
105	206
105	207
105	208
105	209
105	210
105	211
105	212
105	213
105	214
105	215
105	216
105	217
106	164
106	192
106	197
106	198
106	200
106	202
106	203
106	204
106	205
106	208
106	209
106	210
106	211
106	212
106	213
106	214
106	215
106	216
106	217
107	164
107	192
107	197
107	198
107	200
107	202
107	203
107	204
107	205
107	208
107	209
107	210
107	211
107	212
107	213
107	214
107	215
107	216
107	217
108	164
108	192
108	210
108	212
108	213
108	214
108	215
108	216
109	164
109	192
109	197
109	198
109	200
109	202
109	203
109	204
109	205
109	208
109	209
109	210
109	211
109	212
109	213
109	214
109	215
109	216
109	217
110	164
110	192
110	197
110	198
110	200
110	202
110	203
110	204
110	205
110	208
110	209
110	210
110	211
110	212
110	213
110	214
110	215
110	216
110	217
111	164
111	192
111	197
111	198
111	200
111	202
111	203
111	204
111	205
111	208
111	209
111	210
111	211
111	212
111	213
111	214
111	215
111	216
111	217
112	164
112	192
112	197
112	198
112	200
112	202
112	203
112	204
112	205
112	208
112	209
112	210
112	211
112	212
112	213
112	214
112	215
112	216
112	217
113	164
113	192
113	197
113	198
113	200
113	202
113	203
113	204
113	205
113	208
113	209
113	210
113	211
113	212
113	213
113	214
113	215
113	216
113	217
114	164
114	192
114	210
114	212
114	213
114	214
114	215
114	216
115	164
115	192
115	197
115	198
115	200
115	202
115	203
115	204
115	205
115	208
115	209
115	210
115	211
115	212
115	213
115	214
115	215
115	216
115	217
116	164
116	182
116	191
116	192
116	197
116	198
116	200
116	202
116	203
116	204
116	205
116	208
116	209
116	210
116	211
116	212
116	213
116	214
116	215
116	216
116	217
117	164
117	192
117	197
117	198
117	200
117	202
117	203
117	204
117	205
117	208
117	209
117	210
117	211
117	212
117	213
117	214
117	215
117	216
117	217
118	164
118	192
118	197
118	198
118	200
118	202
118	203
118	204
118	205
118	208
118	209
118	210
118	211
118	212
118	213
118	214
118	215
118	216
118	217
119	164
119	210
119	212
119	213
119	214
119	215
119	216
120	164
121	164
121	210
121	212
121	213
121	214
121	215
121	216
122	164
122	210
122	212
122	213
122	214
122	215
122	216
123	164
124	164
124	210
124	212
124	213
124	214
124	215
124	216
125	164
125	192
125	210
125	212
125	213
125	214
125	215
125	216
126	164
126	192
126	197
126	198
126	200
126	202
126	203
126	204
126	205
126	208
126	209
126	210
126	211
126	212
126	213
126	214
126	215
126	216
126	217
127	164
127	192
127	197
127	198
127	200
127	202
127	203
127	204
127	205
127	208
127	209
127	210
127	211
127	212
127	213
127	214
127	215
127	216
127	217
128	164
128	210
128	212
128	213
128	214
128	215
128	216
129	164
129	192
129	197
129	198
129	200
129	202
129	203
129	204
129	205
129	208
129	209
129	210
129	211
129	212
129	213
129	214
129	215
129	216
129	217
130	164
130	210
130	212
130	213
130	214
130	215
130	216
131	164
131	210
131	212
131	213
131	214
131	215
131	216
132	164
132	192
132	210
132	212
132	213
132	214
132	215
132	216
133	164
133	182
133	184
133	187
133	189
133	191
133	192
133	194
133	195
133	196
133	197
133	198
133	200
133	201
133	202
133	203
133	204
133	205
133	206
133	207
133	208
133	209
133	210
133	211
133	212
133	213
133	214
133	215
133	216
133	217
134	164
134	192
134	197
134	198
134	200
134	202
134	203
134	204
134	205
134	208
134	209
134	210
134	211
134	212
134	213
134	214
134	215
134	216
134	217
135	164
135	182
135	184
135	187
135	189
135	191
135	192
135	194
135	195
135	196
135	197
135	198
135	200
135	201
135	202
135	203
135	204
135	205
135	206
135	207
135	208
135	209
135	210
135	211
135	212
135	213
135	214
135	215
135	216
135	217
136	164
137	164
138	164
139	164
139	210
139	212
139	213
139	214
139	215
139	216
140	164
141	164
141	210
141	212
141	213
141	214
141	215
141	216
142	164
142	210
142	212
142	213
142	214
142	215
142	216
143	164
144	164
145	164
145	192
145	210
145	212
145	213
145	214
145	215
145	216
146	164
146	210
146	212
146	213
146	214
146	215
146	216
147	164
147	192
147	210
147	212
147	213
147	214
147	215
147	216
148	164
149	164
150	164
151	164
152	164
152	192
152	210
152	212
152	213
152	214
152	215
152	216
153	164
154	164
155	164
156	164
157	164
158	164
159	164
160	164
160	213
161	164
162	164
163	164
164	165
164	166
164	167
164	168
164	169
164	170
164	171
164	172
164	173
164	174
164	175
164	176
164	177
164	178
164	179
164	180
164	181
164	182
164	183
164	184
164	185
164	186
164	187
164	188
164	189
164	190
164	191
164	192
164	193
164	194
164	195
164	196
164	197
164	198
164	199
164	200
164	201
164	202
164	203
164	204
164	205
164	206
164	207
164	208
164	209
164	210
164	211
164	212
164	213
164	214
164	215
164	216
164	217
182	213
192	197
192	198
192	213