146	1670
1	35
1	65
1	66
1	72
1	73
1	75
1	76
1	77
1	134
1	136
1	137
1	140
2	35
2	65
2	66
2	72
2	73
2	75
2	76
2	77
2	134
2	136
2	137
2	140
3	35
3	65
3	66
3	72
3	73
3	75
3	76
3	77
3	134
3	136
3	137
3	140
4	35
4	65
4	66
4	72
4	73
4	75
4	76
4	77
4	134
4	136
4	137
4	140
5	35
5	65
5	66
5	72
5	73
5	75
5	76
5	77
5	134
5	136
5	137
5	140
6	35
6	65
6	66
6	72
6	73
6	75
6	76
6	77
6	134
6	136
6	137
6	140
7	35
7	65
7	66
7	72
7	73
7	75
7	76
7	77
7	134
7	136
7	137
7	140
8	35
8	65
8	66
8	72
8	73
8	75
8	76
8	77
8	134
8	136
8	137
8	140
9	35
9	65
9	66
9	72
9	73
9	75
9	76
9	77
9	134
9	136
9	137
9	140
10	35
10	65
10	66
10	72
10	73
10	75
10	76
10	77
10	134
10	136
10	137
10	140
11	35
11	65
11	66
11	72
11	73
11	75
11	76
11	77
11	134
11	136
11	137
11	140
12	35
12	65
12	66
12	72
12	73
12	75
12	76
12	77
12	134
12	136
12	137
12	140
13	35
13	65
13	66
13	72
13	73
13	75
13	76
13	77
13	134
13	136
13	137
13	140
14	35
14	65
14	66
14	72
14	73
14	75
14	76
14	77
14	134
14	136
14	137
14	140
15	35
15	65
15	66
15	72
15	73
15	75
15	76
15	77
15	134
15	136
15	137
15	140
16	35
16	65
16	66
16	72
16	73
16	75
16	76
16	77
16	134
16	136
16	137
16	140
17	35
17	65
17	66
17	72
17	73
17	75
17	76
17	77
17	134
17	136
17	137
17	140
18	35
18	65
18	66
18	72
18	73
18	75
18	76
18	77
18	134
18	136
18	137
18	140
19	35
19	65
19	66
19	72
19	73
19	75
19	76
19	77
19	134
19	136
19	137
19	140
20	35
20	65
20	66
20	72
20	73
20	75
20	76
20	77
20	134
20	136
20	137
20	140
21	35
21	65
21	66
21	72
21	73
21	75
21	76
21	77
21	134
21	136
21	137
21	140
22	35
22	65
22	66
22	72
22	73
22	75
22	76
22	77
22	134
22	136
22	137
22	140
23	35
23	65
23	66
23	72
23	73
23	75
23	76
23	77
23	134
23	136
23	137
23	140
24	35
24	65
24	66
24	72
24	73
24	75
24	76
24	77
24	134
24	136
24	137
24	140
25	35
25	65
25	66
25	72
25	73
25	75
25	76
25	77
25	134
25	136
25	137
25	140
26	35
26	65
26	66
26	72
26	73
26	75
26	76
26	77
26	134
26	136
26	137
26	140
27	35
27	65
27	66
27	72
27	73
27	75
27	76
27	77
27	134
27	136
27	137
27	140
28	35
28	65
28	66
28	72
28	73
28	75
28	76
28	77
28	134
28	136
28	137
28	140
29	35
29	65
29	66
29	72
29	73
29	75
29	76
29	77
29	134
29	136
29	137
29	140
30	35
30	65
30	66
30	72
30	73
30	75
30	76
30	77
30	134
30	136
30	137
30	140
31	35
31	65
31	66
31	72
31	73
31	75
31	76
31	77
31	134
31	136
31	137
31	140
32	35
32	65
32	66
32	72
32	73
32	75
32	76
32	77
32	134
32	136
32	137
32	140
33	35
33	65
33	66
33	72
33	73
33	75
33	76
33	77
33	134
33	136
33	137
33	140
34	35
34	65
34	66
34	72
34	73
34	75
34	76
34	77
34	134
34	136
34	137
34	140
35	36
35	37
35	38
35	39
35	40
35	41
35	42
35	43
35	44
35	45
35	46
35	47
35	48
35	49
35	50
35	51
35	52
35	53
35	54
35	55
35	56
35	57
35	58
35	59
35	60
35	61
35	62
35	63
35	64
35	65
35	66
35	67
35	68
35	69
35	70
35	71
35	72
35	73
35	74
35	75
35	76
35	77
35	78
35	79
35	80
35	81
35	82
35	83
35	84
35	85
35	86
35	87
35	88
35	89
35	90
35	91
35	92
35	93
35	94
35	95
35	96
35	97
35	98
35	99
35	100
35	101
35	102
35	103
35	104
35	105
35	106
35	107
35	108
35	109
35	110
35	111
35	112
35	113
35	114
35	115
35	116
35	117
35	118
35	119
35	120
35	121
35	122
35	123
35	124
35	125
35	126
35	127
35	128
35	129
35	130
35	131
35	132
35	133
35	134
35	135
35	136
35	137
35	138
35	139
35	140
35	141
35	142
35	143
35	144
35	145
35	146
36	65
36	66
36	72
36	73
36	75
36	76
36	77
36	134
36	136
36	137
36	140
37	65
37	66
37	72
37	73
37	75
37	76
37	77
37	134
37	136
37	137
37	140
38	65
38	66
38	72
38	73
38	75
38	76
38	77
38	134
38	136
38	137
38	140
39	65
39	66
39	72
39	73
39	75
39	76
39	77
39	134
39	136
39	137
39	140
40	65
40	66
40	72
40	73
40	75
40	76
40	77
40	134
40	136
40	137
40	140
41	65
41	66
41	72
41	73
41	75
41	76
41	77
41	134
41	136
41	137
41	140
42	65
42	66
42	72
42	73
42	75
42	76
42	77
42	134
42	136
42	137
42	140
43	65
43	66
43	72
43	73
43	75
43	76
43	77
43	134
43	136
43	137
43	140
44	65
44	66
44	72
44	73
44	75
44	76
44	77
44	134
44	136
44	137
44	140
45	65
45	66
45	72
45	73
45	75
45	76
45	77
45	134
45	136
45	137
45	140
46	65
46	66
46	72
46	73
46	75
46	76
46	77
46	134
46	136
46	137
46	140
47	65
47	66
47	72
47	73
47	75
47	76
47	77
47	134
47	136
47	137
47	140
48	65
48	66
48	72
48	73
48	75
48	76
48	77
48	134
48	136
48	137
48	140
49	65
49	66
49	72
49	73
49	75
49	76
49	77
49	134
49	136
49	137
49	140
50	65
50	66
50	72
50	73
50	75
50	76
50	77
50	134
50	136
50	137
50	140
51	65
51	66
51	72
51	73
51	75
51	76
51	77
51	134
51	136
51	137
51	140
52	65
52	66
52	72
52	73
52	75
52	76
52	77
52	134
52	136
52	137
52	140
53	65
53	66
53	72
53	73
53	75
53	76
53	77
53	134
53	136
53	137
53	140
54	65
54	66
54	72
54	73
54	75
54	76
54	77
54	134
54	136
54	137
54	140
55	65
55	66
55	72
55	73
55	75
55	76
55	77
55	134
55	136
55	137
55	140
56	65
56	66
56	72
56	73
56	75
56	76
56	77
56	134
56	136
56	137
56	140
57	65
57	66
57	72
57	73
57	75
57	76
57	77
57	134
57	136
57	137
57	140
58	65
58	66
58	72
58	73
58	75
58	76
58	77
58	134
58	136
58	137
58	140
59	65
59	66
59	72
59	73
59	75
59	76
59	77
59	134
59	136
59	137
59	140
60	65
60	66
60	72
60	73
60	75
60	76
60	77
60	134
60	136
60	137
60	140
61	65
61	66
61	72
61	73
61	75
61	76
61	77
61	134
61	136
61	137
61	140
62	65
62	66
62	72
62	73
62	75
62	76
62	77
62	134
62	136
62	137
62	140
63	65
63	66
63	72
63	73
63	75
63	76
63	77
63	134
63	136
63	137
63	140
64	65
64	66
64	72
64	73
64	75
64	76
64	77
64	134
64	136
64	137
64	140
65	67
65	68
65	69
65	70
65	71
65	72
65	73
65	74
65	75
65	76
65	77
65	78
65	79
65	80
65	81
65	82
65	83
65	84
65	85
65	86
65	87
65	88
65	89
65	90
65	91
65	92
65	93
65	94
65	95
65	96
65	97
65	98
65	99
65	100
65	101
65	102
65	103
65	104
65	105
65	106
65	107
65	108
65	109
65	110
65	111
65	112
65	113
65	114
65	115
65	116
65	117
65	118
65	119
65	120
65	121
65	122
65	123
65	124
65	125
65	126
65	127
65	128
65	129
65	130
65	131
65	132
65	133
65	134
65	135
65	136
65	137
65	138
65	139
65	140
65	141
65	142
65	143
65	144
65	145
65	146
66	67
66	68
66	69
66	70
66	71
66	72
66	73
66	74
66	75
66	76
66	77
66	78
66	79
66	80
66	81
66	82
66	83
66	84
66	85
66	86
66	87
66	88
66	89
66	90
66	91
66	92
66	93
66	94
66	95
66	96
66	97
66	98
66	99
66	100
66	101
66	102
66	103
66	104
66	105
66	106
66	107
66	108
66	109
66	110
66	111
66	112
66	113
66	114
66	115
66	116
66	117
66	118
66	119
66	120
66	121
66	122
66	123
66	124
66	125
66	126
66	127
66	128
66	129
66	130
66	131
66	132
66	133
66	134
66	135
66	136
66	137
66	138
66	139
66	140
66	141
66	142
66	143
66	144
66	145
66	146
67	72
67	73
67	75
67	76
67	77
67	134
67	136
67	137
67	140
68	72
68	73
68	75
68	76
68	77
68	134
68	136
68	137
68	140
69	72
69	73
69	75
69	76
69	77
69	134
69	136
69	137
69	140
70	72
70	73
70	75
70	76
70	77
70	134
70	136
70	137
70	140
71	72
71	73
71	75
71	76
71	77
71	134
71	136
71	137
71	140
72	73
72	74
72	75
72	76
72	77
72	78
72	79
72	80
72	81
72	82
72	83
72	84
72	85
72	86
72	87
72	88
72	89
72	90
72	91
72	92
72	93
72	94
72	95
72	96
72	97
72	98
72	99
72	100
72	101
72	102
72	103
72	104
72	105
72	106
72	107
72	108
72	109
72	110
72	111
72	112
72	113
72	114
72	115
72	116
72	117
72	118
72	119
72	120
72	121
72	122
72	123
72	124
72	125
72	126
72	127
72	128
72	129
72	130
72	131
72	132
72	133
72	134
72	135
72	136
72	137
72	138
72	139
72	140
72	141
72	142
72	143
72	144
72	145
72	146
73	74
73	75
73	76
73	77
73	78
73	79
73	80
73	81
73	82
73	83
73	84
73	85
73	86
73	87
73	88
73	89
73	90
73	91
73	92
73	93
73	94
73	95
73	96
73	97
73	98
73	99
73	100
73	101
73	102
73	103
73	104
73	105
73	106
73	107
73	108
73	109
73	110
73	111
73	112
73	113
73	114
73	115
73	116
73	117
73	118
73	119
73	120
73	121
73	122
73	123
73	124
73	125
73	126
73	127
73	128
73	129
73	130
73	131
73	132
73	133
73	134
73	135
73	136
73	137
73	138
73	139
73	140
73	141
73	142
73	143
73	144
73	145
73	146
74	75
74	76
74	77
74	134
74	136
74	137
74	140
75	78
75	79
75	80
75	81
75	82
75	83
75	84
75	85
75	86
75	87
75	88
75	89
75	90
75	91
75	92
75	93
75	94
75	95
75	96
75	97
75	98
75	99
75	100
75	101
75	102
75	103
75	104
75	105
75	106
75	107
75	108
75	109
75	110
75	111
75	112
75	113
75	114
75	115
75	116
75	117
75	118
75	119
75	120
75	121
75	122
75	123
75	124
75	125
75	126
75	127
75	128
75	129
75	130
75	131
75	132
75	133
75	134
75	135
75	136
75	137
75	138
75	139
75	140
75	141
75	142
75	143
75	144
75	145
75	146
76	78
76	79
76	80
76	81
76	82
76	83
76	84
76	85
76	86
76	87
76	88
76	89
76	90
76	91
76	92
76	93
76	94
76	95
76	96
76	97
76	98
76	99
76	100
76	101
76	102
76	103
76	104
76	105
76	106
76	107
76	108
76	109
76	110
76	111
76	112
76	113
76	114
76	115
76	116
76	117
76	118
76	119
76	120
76	121
76	122
76	123
76	124
76	125
76	126
76	127
76	128
76	129
76	130
76	131
76	132
76	133
76	134
76	135
76	136
76	137
76	138
76	139
76	140
76	141
76	142
76	143
76	144
76	145
76	146
77	78
77	79
77	80
77	81
77	82
77	83
77	84
77	85
77	86
77	87
77	88
77	89
77	90
77	91
77	92
77	93
77	94
77	95
77	96
77	97
77	98
77	99
77	100
77	101
77	102
77	103
77	104
77	105
77	106
77	107
77	108
77	109
77	110
77	111
77	112
77	113
77	114
77	115
77	116
77	117
77	118
77	119
77	120
77	121
77	122
77	123
77	124
77	125
77	126
77	127
77	128
77	129
77	130
77	131
77	132
77	133
77	134
77	135
77	136
77	137
77	138
77	139
77	140
77	141
77	142
77	143
77	144
77	145
77	146
78	134
78	136
78	137
78	140
79	134
79	136
79	137
79	140
80	134
80	136
80	137
80	140
81	134
81	136
81	137
81	140
82	134
82	136
82	137
82	140
83	134
83	136
83	137
83	140
84	134
84	136
84	137
84	140
85	134
85	136
85	137
85	140
86	134
86	136
86	137
86	140
87	134
87	136
87	137
87	140
88	134
88	136
88	137
88	140
89	134
89	136
89	137
89	140
90	134
90	136
90	137
90	140
91	134
91	136
91	137
91	140
92	134
92	136
92	137
92	140
93	134
93	136
93	137
93	140
94	134
94	136
94	137
94	140
95	134
95	136
95	137
95	140
96	134
96	136
96	137
96	140
97	134
97	136
97	137
97	140
98	134
98	136
98	137
98	140
99	134
99	136
99	137
99	140
100	134
100	136
100	137
100	140
101	134
101	136
101	137
101	140
102	134
102	136
102	137
102	140
103	134
103	136
103	137
103	140
104	134
104	136
104	137
104	140
105	134
105	136
105	137
105	140
106	134
106	136
106	137
106	140
107	134
107	136
107	137
107	140
108	134
108	136
108	137
108	140
109	134
109	136
109	137
109	140
110	134
110	136
110	137
110	140
111	134
111	136
111	137
111	140
112	134
112	136
112	137
112	140
113	134
113	136
113	137
113	140
114	134
114	136
114	137
114	140
115	134
115	136
115	137
115	140
116	134
116	136
116	137
116	140
117	134
117	136
117	137
117	140
118	134
118	136
118	137
118	140
119	134
119	136
119	137
119	140
120	134
120	136
120	137
120	140
121	134
121	136
121	137
121	140
122	134
122	136
122	137
122	140
123	134
123	136
123	137
123	140
124	134
124	136
124	137
124	140
125	134
125	136
125	137
125	140
126	134
126	136
126	137
126	140
127	134
127	136
127	137
127	140
128	134
128	136
128	137
128	140
129	134
129	136
129	137
129	140
130	134
130	136
130	137
130	140
131	134
131	136
131	137
131	140
132	134
132	136
132	137
132	140
133	134
133	136
133	137
133	140
134	135
134	136
134	137
134	138
134	139
134	140
134	141
134	142
134	143
134	144
134	145
134	146
135	136
135	137
135	140
136	137
136	138
136	139
136	140
136	141
136	142
136	143
136	144
136	145
136	146
137	138
137	139
137	140
137	141
137	142
137	143
137	144
137	145
137	146
138	140
139	140
140	141
140	142
140	143
140	144
140	145
140	146