172	2499
1	14
1	17
1	18
1	29
1	38
1	40
1	44
1	45
1	49
1	50
1	51
1	52
1	53
1	54
1	55
1	57
1	58
1	59
1	60
1	61
1	62
1	63
1	64
1	65
1	66
1	67
1	68
1	69
1	70
1	71
1	72
1	73
1	74
1	75
1	76
1	77
1	78
1	79
1	80
1	81
1	82
1	83
1	84
1	85
1	86
1	87
1	88
1	89
1	90
1	91
1	92
1	93
1	94
1	95
1	96
1	97
1	98
1	99
1	100
1	101
1	102
1	103
1	104
1	105
1	106
1	107
1	108
1	109
1	110
1	111
1	112
1	113
1	114
1	115
1	116
1	117
1	118
1	119
1	120
1	121
1	122
1	123
1	124
1	125
1	126
1	127
1	128
1	129
1	130
1	131
1	132
1	133
1	134
1	135
1	136
1	137
1	138
1	139
1	140
1	141
1	142
1	143
1	144
1	145
1	146
1	147
1	148
1	149
1	150
1	151
1	152
1	153
1	154
1	155
1	156
1	157
1	158
1	159
1	160
1	161
1	162
1	163
1	164
1	165
1	166
1	167
1	168
1	169
1	170
1	171
1	172
2	14
2	17
2	18
2	60
2	67
2	69
2	71
2	72
2	74
2	75
2	76
2	77
2	79
2	80
2	82
2	83
2	84
2	85
2	89
2	90
2	93
2	96
2	97
2	99
2	100
2	102
2	103
2	104
2	106
2	107
2	108
2	109
2	110
2	111
2	112
2	113
2	114
2	115
2	116
2	117
2	118
2	119
2	120
2	121
2	122
2	123
2	124
2	125
2	126
2	127
2	128
2	129
2	130
2	131
2	132
2	133
2	134
2	135
2	136
2	137
2	138
2	139
2	140
2	141
2	142
2	143
2	144
2	145
2	146
2	147
2	148
2	149
2	150
2	151
2	152
2	153
2	154
2	155
2	156
2	157
2	158
2	159
2	160
2	161
2	162
2	163
2	164
2	165
2	166
2	167
2	168
2	169
2	170
2	171
2	172
3	14
3	17
3	18
3	118
3	125
3	130
3	135
3	136
3	141
3	144
3	146
3	153
3	155
3	156
3	157
3	158
3	159
3	160
3	161
3	162
3	163
3	164
3	166
3	167
3	168
3	169
3	170
3	171
3	172
4	14
4	17
4	18
4	71
4	75
4	103
4	107
4	117
4	118
4	124
4	125
4	126
4	127
4	128
4	129
4	130
4	132
4	133
4	134
4	135
4	136
4	137
4	138
4	139
4	140
4	141
4	143
4	144
4	145
4	146
4	147
4	148
4	149
4	150
4	151
4	152
4	153
4	154
4	155
4	156
4	157
4	158
4	159
4	160
4	161
4	162
4	163
4	164
4	165
4	166
4	167
4	168
4	169
4	170
4	171
4	172
5	14
5	17
5	18
5	71
5	75
5	103
5	107
5	117
5	118
5	124
5	125
5	126
5	127
5	128
5	129
5	130
5	132
5	133
5	134
5	135
5	136
5	137
5	138
5	139
5	140
5	141
5	143
5	144
5	145
5	146
5	147
5	148
5	149
5	150
5	151
5	152
5	153
5	154
5	155
5	156
5	157
5	158
5	159
5	160
5	161
5	162
5	163
5	164
5	165
5	166
5	167
5	168
5	169
5	170
5	171
5	172
6	14
6	17
6	18
6	60
6	67
6	69
6	71
6	72
6	74
6	75
6	76
6	77
6	79
6	80
6	82
6	83
6	84
6	85
6	89
6	90
6	93
6	96
6	97
6	99
6	100
6	102
6	103
6	104
6	106
6	107
6	108
6	109
6	110
6	111
6	112
6	113
6	114
6	115
6	116
6	117
6	118
6	119
6	120
6	121
6	122
6	123
6	124
6	125
6	126
6	127
6	128
6	129
6	130
6	131
6	132
6	133
6	134
6	135
6	136
6	137
6	138
6	139
6	140
6	141
6	142
6	143
6	144
6	145
6	146
6	147
6	148
6	149
6	150
6	151
6	152
6	153
6	154
6	155
6	156
6	157
6	158
6	159
6	160
6	161
6	162
6	163
6	164
6	165
6	166
6	167
6	168
6	169
6	170
6	171
6	172
7	14
7	17
7	18
7	71
7	75
7	83
7	84
7	103
7	107
7	117
7	118
7	124
7	125
7	126
7	127
7	128
7	129
7	130
7	132
7	133
7	134
7	135
7	136
7	137
7	138
7	139
7	140
7	141
7	143
7	144
7	145
7	146
7	147
7	148
7	149
7	150
7	151
7	152
7	153
7	154
7	155
7	156
7	157
7	158
7	159
7	160
7	161
7	162
7	163
7	164
7	165
7	166
7	167
7	168
7	169
7	170
7	171
7	172
8	14
8	17
8	18
8	125
8	130
8	135
8	136
8	141
8	144
8	146
8	153
8	155
8	156
8	157
8	158
8	159
8	160
8	161
8	162
8	163
8	164
8	166
8	167
8	168
8	169
8	170
8	171
8	172
9	14
9	17
9	18
9	71
9	75
9	103
9	107
9	117
9	118
9	124
9	125
9	126
9	127
9	128
9	129
9	130
9	132
9	133
9	134
9	135
9	136
9	137
9	138
9	139
9	140
9	141
9	143
9	144
9	145
9	146
9	147
9	148
9	149
9	150
9	151
9	152
9	153
9	154
9	155
9	156
9	157
9	158
9	159
9	160
9	161
9	162
9	163
9	164
9	165
9	166
9	167
9	168
9	169
9	170
9	171
9	172
10	14
10	17
10	18
10	125
10	130
10	135
10	136
10	141
10	144
10	146
10	153
10	155
10	156
10	157
10	158
10	159
10	160
10	161
10	162
10	163
10	164
10	166
10	167
10	168
10	169
10	170
10	171
10	172
11	14
11	17
11	18
11	125
11	130
11	135
11	136
11	141
11	144
11	146
11	153
11	155
11	156
11	157
11	158
11	159
11	160
11	161
11	162
11	163
11	164
11	166
11	167
11	168
11	169
11	170
11	171
11	172
12	14
12	17
12	18
12	118
12	125
12	130
12	135
12	136
12	141
12	144
12	146
12	153
12	155
12	156
12	157
12	158
12	159
12	160
12	161
12	162
12	163
12	164
12	166
12	167
12	168
12	169
12	170
12	171
12	172
13	14
13	17
13	18
13	125
13	130
13	135
13	136
13	141
13	144
13	146
13	148
13	150
13	153
13	155
13	156
13	157
13	158
13	159
13	160
13	161
13	162
13	163
13	164
13	166
13	167
13	168
13	169
13	170
13	171
13	172
14	15
14	16
14	17
14	18
14	19
14	20
14	21
14	22
14	23
14	24
14	25
14	26
14	27
14	28
14	29
14	30
14	31
14	32
14	33
14	34
14	35
14	36
14	37
14	38
14	39
14	40
14	41
14	42
14	43
14	44
14	45
14	46
14	47
14	48
14	49
14	50
14	51
14	52
14	53
14	54
14	55
14	56
14	57
14	58
14	59
14	60
14	61
14	62
14	63
14	64
14	65
14	66
14	67
14	68
14	69
14	70
14	71
14	72
14	73
14	74
14	75
14	76
14	77
14	78
14	79
14	80
14	81
14	82
14	83
14	84
14	85
14	86
14	87
14	88
14	89
14	90
14	91
14	92
14	93
14	94
14	95
14	96
14	97
14	98
14	99
14	100
14	101
14	102
14	103
14	104
14	105
14	106
14	107
14	108
14	109
14	110
14	111
14	112
14	113
14	114
14	115
14	116
14	117
14	118
14	119
14	120
14	121
14	122
14	123
14	124
14	125
14	126
14	127
14	128
14	129
14	130
14	131
14	132
14	133
14	134
14	135
14	136
14	137
14	138
14	139
14	140
14	141
14	142
14	143
14	144
14	145
14	146
14	147
14	148
14	149
14	150
14	151
14	152
14	153
14	154
14	155
14	156
14	157
14	158
14	159
14	160
14	161
14	162
14	163
14	164
14	165
14	166
14	167
14	168
14	169
14	170
14	171
14	172
15	17
15	18
15	118
15	125
15	130
15	135
15	136
15	141
15	144
15	146
15	148
15	150
15	153
15	155
15	156
15	157
15	158
15	159
15	160
15	161
15	162
15	163
15	164
15	166
15	167
15	168
15	169
15	170
15	171
15	172
16	17
16	18
16	130
16	135
16	136
16	141
16	144
16	146
16	153
16	155
16	156
16	157
16	158
16	159
16	160
16	161
16	162
16	163
16	164
16	166
16	167
16	168
16	169
16	170
16	171
16	172
17	18
17	19
17	20
17	21
17	22
17	23
17	24
17	25
17	26
17	27
17	28
17	29
17	30
17	31
17	32
17	33
17	34
17	35
17	36
17	37
17	38
17	39
17	40
17	41
17	42
17	43
17	44
17	45
17	46
17	47
17	48
17	49
17	50
17	51
17	52
17	53
17	54
17	55
17	56
17	57
17	58
17	59
17	60
17	61
17	62
17	63
17	64
17	65
17	66
17	67
17	68
17	69
17	70
17	71
17	72
17	73
17	74
17	75
17	76
17	77
17	78
17	79
17	80
17	81
17	82
17	83
17	84
17	85
17	86
17	87
17	88
17	89
17	90
17	91
17	92
17	93
17	94
17	95
17	96
17	97
17	98
17	99
17	100
17	101
17	102
17	103
17	104
17	105
17	106
17	107
17	108
17	109
17	110
17	111
17	112
17	113
17	114
17	115
17	116
17	117
17	118
17	119
17	120
17	121
17	122
17	123
17	124
17	125
17	126
17	127
17	128
17	129
17	130
17	131
17	132
17	133
17	134
17	135
17	136
17	137
17	138
17	139
17	140
17	141
17	142
17	143
17	144
17	145
17	146
17	147
17	148
17	149
17	150
17	151
17	152
17	153
17	154
17	155
17	156
17	157
17	158
17	159
17	160
17	161
17	162
17	163
17	164
17	165
17	166
17	167
17	168
17	169
17	170
17	171
17	172
18	19
18	20
18	21
18	22
18	23
18	24
18	25
18	26
18	27
18	28
18	29
18	30
18	31
18	32
18	33
18	34
18	35
18	36
18	37
18	38
18	39
18	40
18	41
18	42
18	43
18	44
18	45
18	46
18	47
18	48
18	49
18	50
18	51
18	52
18	53
18	54
18	55
18	56
18	57
18	58
18	59
18	60
18	61
18	62
18	63
18	64
18	65
18	66
18	67
18	68
18	69
18	70
18	71
18	72
18	73
18	74
18	75
18	76
18	77
18	78
18	79
18	80
18	81
18	82
18	83
18	84
18	85
18	86
18	87
18	88
18	89
18	90
18	91
18	92
18	93
18	94
18	95
18	96
18	97
18	98
18	99
18	100
18	101
18	102
18	103
18	104
18	105
18	106
18	107
18	108
18	109
18	110
18	111
18	112
18	113
18	114
18	115
18	116
18	117
18	118
18	119
18	120
18	121
18	122
18	123
18	124
18	125
18	126
18	127
18	128
18	129
18	130
18	131
18	132
18	133
18	134
18	135
18	136
18	137
18	138
18	139
18	140
18	141
18	142
18	143
18	144
18	145
18	146
18	147
18	148
18	149
18	150
18	151
18	152
18	153
18	154
18	155
18	156
18	157
18	158
18	159
18	160
18	161
18	162
18	163
18	164
18	165
18	166
18	167
18	168
18	169
18	170
18	171
18	172
19	130
19	135
19	136
19	141
19	144
19	146
19	153
19	155
19	156
19	157
19	158
19	159
19	160
19	161
19	162
19	163
19	164
19	166
19	167
19	168
19	169
19	170
19	171
19	172
20	125
20	130
20	135
20	136
20	146
20	153
20	155
20	156
20	157
20	158
20	159
20	160
20	161
20	162
20	163
20	164
20	166
20	167
20	168
20	169
20	170
20	171
20	172
21	136
21	156
21	159
21	161
21	162
21	167
21	168
21	169
21	170
21	171
21	172
22	136
22	156
22	159
22	161
22	162
22	166
22	167
22	168
22	169
22	170
22	171
22	172
23	136
23	156
23	159
23	161
23	162
23	167
23	168
23	169
23	170
23	171
23	172
24	71
24	75
24	103
24	107
24	117
24	118
24	125
24	126
24	128
24	129
24	130
24	132
24	133
24	134
24	135
24	136
24	137
24	138
24	139
24	140
24	141
24	143
24	144
24	145
24	146
24	147
24	148
24	149
24	150
24	151
24	152
24	153
24	154
24	155
24	156
24	157
24	158
24	159
24	160
24	161
24	162
24	163
24	164
24	165
24	166
24	167
24	168
24	169
24	170
24	171
24	172
25	136
25	156
25	159
25	161
25	162
25	166
25	167
25	168
25	169
25	170
25	171
25	172
26	130
26	135
26	136
26	141
26	144
26	146
26	153
26	155
26	156
26	157
26	158
26	159
26	160
26	161
26	162
26	163
26	164
26	166
26	167
26	168
26	169
26	170
26	171
26	172
27	130
27	135
27	136
27	141
27	144
27	146
27	153
27	155
27	156
27	157
27	158
27	159
27	160
27	161
27	162
27	163
27	164
27	166
27	167
27	168
27	169
27	170
27	171
27	172
28	130
28	135
28	136
28	141
28	144
28	146
28	153
28	155
28	156
28	157
28	158
28	159
28	160
28	161
28	162
28	163
28	164
28	166
28	167
28	168
28	169
28	170
28	171
28	172
29	130
29	135
29	136
29	146
29	153
29	155
29	156
29	157
29	158
29	159
29	160
29	161
29	162
29	163
29	164
29	166
29	167
29	168
29	169
29	170
29	171
29	172
30	136
30	156
30	159
30	161
30	162
30	167
30	168
30	169
30	170
30	171
30	172
31	136
31	156
31	159
31	161
31	162
31	167
31	168
31	169
31	170
31	171
31	172
32	156
32	161
32	162
32	169
32	170
32	171
32	172
33	130
33	135
33	136
33	146
33	153
33	155
33	156
33	157
33	158
33	159
33	160
33	161
33	162
33	163
33	164
33	166
33	167
33	168
33	169
33	170
33	171
33	172
34	136
34	156
34	159
34	161
34	162
34	167
34	168
34	169
34	170
34	171
34	172
35	136
35	156
35	159
35	161
35	162
35	166
35	167
35	168
35	169
35	170
35	171
35	172
36	136
36	156
36	159
36	161
36	162
36	166
36	167
36	168
36	169
36	170
36	171
36	172
37	136
37	146
37	156
37	159
37	161
37	162
37	166
37	167
37	168
37	169
37	170
37	171
37	172
38	156
38	161
38	162
38	169
38	170
38	171
38	172
39	136
39	156
39	159
39	161
39	162
39	167
39	168
39	169
39	170
39	171
39	172
40	103
40	136
40	141
40	146
40	156
40	159
40	161
40	162
40	166
40	167
40	168
40	169
40	170
40	171
40	172
41	136
41	156
41	159
41	161
41	162
41	167
41	168
41	169
41	170
41	171
41	172
42	136
42	156
42	159
42	161
42	162
42	166
42	167
42	168
42	169
42	170
42	171
42	172
43	156
43	161
43	162
43	169
43	170
43	171
43	172
44	136
44	156
44	159
44	161
44	162
44	167
44	168
44	169
44	170
44	171
44	172
45	136
45	156
45	159
45	161
45	162
45	167
45	168
45	169
45	170
45	171
45	172
46	136
46	156
46	159
46	161
46	162
46	167
46	168
46	169
46	170
46	171
46	172
47	136
47	156
47	159
47	161
47	162
47	167
47	168
47	169
47	170
47	171
47	172
48	156
48	162
48	169
48	170
48	171
48	172
49	136
49	156
49	159
49	161
49	162
49	167
49	168
49	169
49	170
49	171
49	172
50	156
50	162
50	169
50	170
50	171
50	172
51	136
51	156
51	159
51	161
51	162
51	167
51	168
51	169
51	170
51	171
51	172
52	156
52	162
52	169
52	170
52	171
52	172
53	156
53	161
53	162
53	169
53	170
53	171
53	172
54	156
54	162
54	169
54	170
54	171
54	172
55	136
55	156
55	159
55	161
55	162
55	167
55	168
55	169
55	170
55	171
55	172
56	136
56	146
56	156
56	159
56	161
56	162
56	166
56	167
56	168
56	169
56	170
56	171
56	172
57	156
57	161
57	162
57	169
57	170
57	171
57	172
58	156
58	161
58	162
58	169
58	170
58	171
58	172
59	156
59	161
59	162
59	167
59	168
59	169
59	170
59	171
59	172
60	156
60	161
60	162
60	169
60	170
60	171
60	172
61	156
61	161
61	162
61	169
61	170
61	171
61	172
62	136
62	156
62	159
62	161
62	162
62	167
62	168
62	169
62	170
62	171
62	172
63	156
63	161
63	162
63	169
63	170
63	171
63	172
64	136
64	156
64	159
64	161
64	162
64	167
64	168
64	169
64	170
64	171
64	172
65	156
65	161
65	162
65	169
65	170
65	171
65	172
66	156
66	161
66	162
66	169
66	170
66	171
66	172
67	156
67	161
67	162
67	169
67	170
67	171
67	172
68	156
68	161
68	162
68	169
68	170
68	171
68	172
69	136
69	156
69	159
69	161
69	162
69	166
69	167
69	168
69	169
69	170
69	171
69	172
70	156
70	169
70	170
70	171
70	172
71	156
71	161
71	162
71	169
71	170
71	171
71	172
72	156
72	169
72	170
72	171
72	172
73	156
73	161
73	162
73	169
73	170
73	171
73	172
74	136
74	153
74	155
74	156
74	159
74	160
74	161
74	162
74	163
74	164
74	166
74	167
74	168
74	169
74	170
74	171
74	172
75	130
75	135
75	136
75	144
75	146
75	148
75	150
75	153
75	155
75	156
75	157
75	158
75	159
75	160
75	161
75	162
75	163
75	164
75	166
75	167
75	168
75	169
75	170
75	171
75	172
76	136
76	156
76	159
76	161
76	162
76	166
76	167
76	168
76	169
76	170
76	171
76	172
77	136
77	156
77	159
77	161
77	162
77	166
77	167
77	168
77	169
77	170
77	171
77	172
78	156
78	161
78	162
78	169
78	170
78	171
78	172
79	156
79	161
79	162
79	169
79	170
79	171
79	172
80	156
80	161
80	162
80	169
80	170
80	171
80	172
81	156
81	161
81	162
81	169
81	170
81	171
81	172
82	136
82	156
82	159
82	161
82	162
82	166
82	167
82	168
82	169
82	170
82	171
82	172
83	136
83	141
83	146
83	156
83	159
83	161
83	162
83	166
83	167
83	168
83	169
83	170
83	171
83	172
84	136
84	141
84	146
84	156
84	159
84	161
84	162
84	166
84	167
84	168
84	169
84	170
84	171
84	172
85	136
85	156
85	159
85	161
85	162
85	166
85	167
85	168
85	169
85	170
85	171
85	172
86	156
86	162
86	169
86	170
86	171
86	172
87	156
87	169
87	170
87	171
87	172
88	156
88	169
88	170
88	171
88	172
89	156
89	161
89	162
89	169
89	170
89	171
89	172
90	156
90	170
90	171
90	172
91	156
91	162
91	169
91	170
91	171
91	172
92	136
92	156
92	159
92	161
92	162
92	167
92	168
92	169
92	170
92	171
92	172
93	103
93	130
93	135
93	136
93	146
93	153
93	155
93	156
93	157
93	158
93	159
93	160
93	161
93	162
93	163
93	164
93	166
93	167
93	168
93	169
93	170
93	171
93	172
94	136
94	156
94	159
94	161
94	162
94	167
94	168
94	169
94	170
94	171
94	172
95	156
95	161
95	162
95	169
95	170
95	171
95	172
96	156
96	161
96	162
96	169
96	170
96	171
96	172
97	156
97	162
97	169
97	170
97	171
97	172
98	156
98	161
98	162
98	169
98	170
98	171
98	172
99	156
99	171
99	172
100	156
100	170
100	171
100	172
101	156
101	170
101	171
101	172
102	156
102	161
102	162
102	169
102	170
102	171
102	172
103	136
103	141
103	146
103	156
103	159
103	161
103	162
103	166
103	167
103	168
103	169
103	170
103	171
103	172
104	156
104	161
104	162
104	169
104	170
104	171
104	172
105	156
105	169
105	170
105	171
105	172
106	156
106	161
106	162
106	169
106	170
106	171
106	172
107	146
107	156
107	161
107	162
107	167
107	168
107	169
107	170
107	171
107	172
108	156
108	169
108	170
108	171
108	172
109	156
109	169
109	170
109	171
109	172
110	156
110	169
110	170
110	171
110	172
111	156
111	169
111	170
111	171
111	172
112	156
112	169
112	170
112	171
112	172
113	156
113	169
113	170
113	171
113	172
114	156
114	170
114	171
114	172
115	156
115	170
115	171
115	172
116	156
116	169
116	170
116	171
116	172
117	156
117	162
117	169
117	170
117	171
117	172
118	156
118	161
118	162
118	169
118	170
118	171
118	172
119	156
119	170
119	171
119	172
120	156
120	169
120	170
120	171
120	172
121	156
121	169
121	170
121	171
121	172
122	156
122	170
122	171
122	172
123	156
123	169
123	170
123	171
123	172
124	156
124	170
124	171
124	172
125	156
125	169
125	170
125	171
125	172
126	156
126	170
126	171
126	172
127	156
127	162
127	169
127	170
127	171
127	172
128	156
128	162
128	169
128	170
128	171
128	172
129	156
129	170
129	171
129	172
130	156
130	162
130	169
130	170
130	171
130	172
131	156
131	169
131	170
131	171
131	172
132	156
132	169
132	170
132	171
132	172
133	156
133	169
133	170
133	171
133	172
134	156
134	169
134	170
134	171
134	172
135	156
135	169
135	170
135	171
135	172
136	146
136	156
136	161
136	169
136	170
136	171
136	172
137	156
137	169
137	170
137	171
137	172
138	156
138	170
138	171
138	172
139	156
139	169
139	170
139	171
139	172
140	156
140	169
140	170
140	171
140	172
141	156
141	161
141	162
141	167
141	168
141	169
141	170
141	171
141	172
142	156
142	169
142	170
142	171
142	172
143	156
143	170
143	171
143	172
144	156
144	169
144	170
144	171
144	172
145	156
145	169
145	170
145	171
145	172
146	156
146	159
146	161
146	162
146	166
146	167
146	168
146	169
146	170
146	171
146	172
147	156
147	161
147	162
147	169
147	170
147	171
147	172
148	156
148	171
148	172
149	156
149	171
149	172
150	156
150	171
150	172
151	156
151	161
151	162
151	169
151	170
151	171
151	172
152	156
152	161
152	162
152	169
152	170
152	171
152	172
153	156
153	169
153	170
153	171
153	172
154	156
154	170
154	171
154	172
155	156
155	169
155	170
155	171
155	172
156	157
156	158
156	159
156	160
156	161
156	162
156	163
156	164
156	165
156	166
156	167
156	168
156	169
156	170
156	171
156	172
157	171
157	172
158	171
158	172
159	171
159	172
160	170
160	171
160	172
161	171
161	172
162	171
162	172
163	171
163	172
164	170
164	171
164	172
165	171
165	172
166	171
166	172
167	171
167	172
168	171
168	172
169	171
169	172
170	171
170	172