172	1286
1	14
1	17
1	18
1	71
1	75
1	103
1	107
1	117
1	118
1	124
1	125
1	126
1	127
1	128
1	129
1	130
1	132
1	133
1	134
1	135
1	136
1	137
1	138
1	139
1	140
1	141
1	143
1	144
1	145
1	146
1	147
1	148
1	149
1	150
1	151
1	152
1	153
1	154
1	155
1	156
1	157
1	158
1	159
1	160
1	161
1	162
1	163
1	164
1	165
1	166
1	167
1	168
1	169
1	170
1	171
1	172
2	14
2	17
2	18
2	125
2	130
2	135
2	136
2	141
2	144
2	146
2	153
2	155
2	156
2	157
2	158
2	159
2	160
2	161
2	162
2	163
2	164
2	166
2	167
2	168
2	169
2	170
2	171
2	172
3	14
3	17
3	18
3	156
3	162
3	169
3	170
3	171
3	172
4	14
4	17
4	18
4	136
4	156
4	159
4	161
4	162
4	167
4	168
4	169
4	170
4	171
4	172
5	14
5	17
5	18
5	136
5	156
5	159
5	161
5	162
5	167
5	168
5	169
5	170
5	171
5	172
6	14
6	17
6	18
6	125
6	130
6	135
6	136
6	141
6	144
6	146
6	153
6	155
6	156
6	157
6	158
6	159
6	160
6	161
6	162
6	163
6	164
6	166
6	167
6	168
6	169
6	170
6	171
6	172
7	14
7	17
7	18
7	136
7	156
7	159
7	161
7	162
7	167
7	168
7	169
7	170
7	171
7	172
8	14
8	17
8	18
8	156
8	162
8	169
8	170
8	171
8	172
9	14
9	17
9	18
9	136
9	156
9	159
9	161
9	162
9	167
9	168
9	169
9	170
9	171
9	172
10	14
10	17
10	18
10	156
10	162
10	169
10	170
10	171
10	172
11	14
11	17
11	18
11	156
11	162
11	169
11	170
11	171
11	172
12	14
12	17
12	18
12	156
12	162
12	169
12	170
12	171
12	172
13	14
13	17
13	18
13	156
13	161
13	162
13	169
13	170
13	171
13	172
14	15
14	16
14	17
14	18
14	19
14	20
14	21
14	22
14	23
14	24
14	25
14	26
14	27
14	28
14	29
14	30
14	31
14	32
14	33
14	34
14	35
14	36
14	37
14	38
14	39
14	40
14	41
14	42
14	43
14	44
14	45
14	46
14	47
14	48
14	49
14	50
14	51
14	52
14	53
14	54
14	55
14	56
14	57
14	58
14	59
14	60
14	61
14	62
14	63
14	64
14	65
14	66
14	67
14	68
14	69
14	70
14	71
14	72
14	73
14	74
14	75
14	76
14	77
14	78
14	79
14	80
14	81
14	82
14	83
14	84
14	85
14	86
14	87
14	88
14	89
14	90
14	91
14	92
14	93
14	94
14	95
14	96
14	97
14	98
14	99
14	100
14	101
14	102
14	103
14	104
14	105
14	106
14	107
14	108
14	109
14	110
14	111
14	112
14	113
14	114
14	115
14	116
14	117
14	118
14	119
14	120
14	121
14	122
14	123
14	124
14	125
14	126
14	127
14	128
14	129
14	130
14	131
14	132
14	133
14	134
14	135
14	136
14	137
14	138
14	139
14	140
14	141
14	142
14	143
14	144
14	145
14	146
14	147
14	148
14	149
14	150
14	151
14	152
14	153
14	154
14	155
14	156
14	157
14	158
14	159
14	160
14	161
14	162
14	163
14	164
14	165
14	166
14	167
14	168
14	169
14	170
14	171
14	172
15	17
15	18
15	156
15	161
15	162
15	169
15	170
15	171
15	172
16	17
16	18
16	156
16	162
16	169
16	170
16	171
16	172
17	18
17	19
17	20
17	21
17	22
17	23
17	24
17	25
17	26
17	27
17	28
17	29
17	30
17	31
17	32
17	33
17	34
17	35
17	36
17	37
17	38
17	39
17	40
17	41
17	42
17	43
17	44
17	45
17	46
17	47
17	48
17	49
17	50
17	51
17	52
17	53
17	54
17	55
17	56
17	57
17	58
17	59
17	60
17	61
17	62
17	63
17	64
17	65
17	66
17	67
17	68
17	69
17	70
17	71
17	72
17	73
17	74
17	75
17	76
17	77
17	78
17	79
17	80
17	81
17	82
17	83
17	84
17	85
17	86
17	87
17	88
17	89
17	90
17	91
17	92
17	93
17	94
17	95
17	96
17	97
17	98
17	99
17	100
17	101
17	102
17	103
17	104
17	105
17	106
17	107
17	108
17	109
17	110
17	111
17	112
17	113
17	114
17	115
17	116
17	117
17	118
17	119
17	120
17	121
17	122
17	123
17	124
17	125
17	126
17	127
17	128
17	129
17	130
17	131
17	132
17	133
17	134
17	135
17	136
17	137
17	138
17	139
17	140
17	141
17	142
17	143
17	144
17	145
17	146
17	147
17	148
17	149
17	150
17	151
17	152
17	153
17	154
17	155
17	156
17	157
17	158
17	159
17	160
17	161
17	162
17	163
17	164
17	165
17	166
17	167
17	168
17	169
17	170
17	171
17	172
18	19
18	20
18	21
18	22
18	23
18	24
18	25
18	26
18	27
18	28
18	29
18	30
18	31
18	32
18	33
18	34
18	35
18	36
18	37
18	38
18	39
18	40
18	41
18	42
18	43
18	44
18	45
18	46
18	47
18	48
18	49
18	50
18	51
18	52
18	53
18	54
18	55
18	56
18	57
18	58
18	59
18	60
18	61
18	62
18	63
18	64
18	65
18	66
18	67
18	68
18	69
18	70
18	71
18	72
18	73
18	74
18	75
18	76
18	77
18	78
18	79
18	80
18	81
18	82
18	83
18	84
18	85
18	86
18	87
18	88
18	89
18	90
18	91
18	92
18	93
18	94
18	95
18	96
18	97
18	98
18	99
18	100
18	101
18	102
18	103
18	104
18	105
18	106
18	107
18	108
18	109
18	110
18	111
18	112
18	113
18	114
18	115
18	116
18	117
18	118
18	119
18	120
18	121
18	122
18	123
18	124
18	125
18	126
18	127
18	128
18	129
18	130
18	131
18	132
18	133
18	134
18	135
18	136
18	137
18	138
18	139
18	140
18	141
18	142
18	143
18	144
18	145
18	146
18	147
18	148
18	149
18	150
18	151
18	152
18	153
18	154
18	155
18	156
18	157
18	158
18	159
18	160
18	161
18	162
18	163
18	164
18	165
18	166
18	167
18	168
18	169
18	170
18	171
18	172
19	156
19	162
19	169
19	170
19	171
19	172
20	156
20	162
20	169
20	170
20	171
20	172
21	156
21	170
21	171
21	172
22	156
22	169
22	170
22	171
22	172
23	156
23	170
23	171
23	172
24	136
24	156
24	159
24	161
24	162
24	167
24	168
24	169
24	170
24	171
24	172
25	156
25	169
25	170
25	171
25	172
26	156
26	162
26	169
26	170
26	171
26	172
27	156
27	162
27	169
27	170
27	171
27	172
28	156
28	162
28	169
28	170
28	171
28	172
29	156
29	162
29	169
29	170
29	171
29	172
30	156
30	170
30	171
30	172
31	156
31	170
31	171
31	172
32	156
32	170
32	171
32	172
33	156
33	162
33	169
33	170
33	171
33	172
34	156
34	170
34	171
34	172
35	156
35	169
35	170
35	171
35	172
36	156
36	169
36	170
36	171
36	172
37	156
37	169
37	170
37	171
37	172
38	156
38	170
38	171
38	172
39	156
39	170
39	171
39	172
40	156
40	169
40	170
40	171
40	172
41	156
41	170
41	171
41	172
42	156
42	169
42	170
42	171
42	172
43	156
43	170
43	171
43	172
44	156
44	170
44	171
44	172
45	156
45	170
45	171
45	172
46	156
46	170
46	171
46	172
47	156
47	170
47	171
47	172
48	156
48	171
48	172
49	156
49	170
49	171
49	172
50	156
50	171
50	172
51	156
51	170
51	171
51	172
52	156
52	171
52	172
53	156
53	170
53	171
53	172
54	156
54	171
54	172
55	156
55	170
55	171
55	172
56	156
56	169
56	170
56	171
56	172
57	156
57	170
57	171
57	172
58	156
58	170
58	171
58	172
59	156
59	170
59	171
59	172
60	156
60	170
60	171
60	172
61	156
61	170
61	171
61	172
62	156
62	170
62	171
62	172
63	156
63	170
63	171
63	172
64	156
64	170
64	171
64	172
65	156
65	170
65	171
65	172
66	156
66	170
66	171
66	172
67	156
67	170
67	171
67	172
68	156
68	170
68	171
68	172
69	156
69	169
69	170
69	171
69	172
70	156
70	171
70	172
71	156
71	170
71	171
71	172
72	156
72	171
72	172
73	156
73	170
73	171
73	172
74	156
74	169
74	170
74	171
74	172
75	156
75	161
75	162
75	169
75	170
75	171
75	172
76	156
76	169
76	170
76	171
76	172
77	156
77	169
77	170
77	171
77	172
78	156
78	170
78	171
78	172
79	156
79	170
79	171
79	172
80	156
80	170
80	171
80	172
81	156
81	170
81	171
81	172
82	156
82	169
82	170
82	171
82	172
83	156
83	169
83	170
83	171
83	172
84	156
84	169
84	170
84	171
84	172
85	156
85	169
85	170
85	171
85	172
86	156
86	171
86	172
87	156
87	171
87	172
88	156
88	171
88	172
89	156
89	170
89	171
89	172
90	156
90	171
90	172
91	156
91	171
91	172
92	156
92	170
92	171
92	172
93	156
93	162
93	169
93	170
93	171
93	172
94	156
94	170
94	171
94	172
95	156
95	170
95	171
95	172
96	156
96	170
96	171
96	172
97	156
97	171
97	172
98	156
98	170
98	171
98	172
99	156
99	171
99	172
100	156
100	171
100	172
101	156
101	171
101	172
102	156
102	170
102	171
102	172
103	156
103	169
103	170
103	171
103	172
104	156
104	170
104	171
104	172
105	156
105	171
105	172
106	156
106	170
106	171
106	172
107	156
107	170
107	171
107	172
108	156
108	171
108	172
109	156
109	171
109	172
110	156
110	171
110	172
111	156
111	171
111	172
112	156
112	171
112	172
113	156
113	171
113	172
114	156
114	171
114	172
115	156
115	171
115	172
116	156
116	171
116	172
117	156
117	171
117	172
118	156
118	170
118	171
118	172
119	156
119	171
119	172
120	156
120	171
120	172
121	156
121	171
121	172
122	156
122	171
122	172
123	156
123	171
123	172
124	156
124	171
124	172
125	156
125	171
125	172
126	156
126	171
126	172
127	156
127	171
127	172
128	156
128	171
128	172
129	156
129	171
129	172
130	156
130	171
130	172
131	156
131	171
131	172
132	156
132	171
132	172
133	156
133	171
133	172
134	156
134	171
134	172
135	156
135	171
135	172
136	156
136	170
136	171
136	172
137	156
137	171
137	172
138	156
138	171
138	172
139	156
139	171
139	172
140	156
140	171
140	172
141	156
141	170
141	171
141	172
142	156
142	171
142	172
143	156
143	171
143	172
144	156
144	171
144	172
145	156
145	171
145	172
146	156
146	169
146	170
146	171
146	172
147	156
147	170
147	171
147	172
148	156
148	171
148	172
149	156
149	171
149	172
150	156
150	171
150	172
151	156
151	170
151	171
151	172
152	156
152	170
152	171
152	172
153	156
153	171
153	172
154	156
154	171
154	172
155	156
155	171
155	172
156	157
156	158
156	159
156	160
156	161
156	162
156	163
156	164
156	165
156	166
156	167
156	168
156	169
156	170
156	171
156	172
157	171
157	172
158	171
158	172
159	171
159	172
160	171
160	172
161	171
161	172
162	171
162	172
163	171
163	172
164	171
164	172
165	171
165	172
166	171
166	172
167	171
167	172
168	171
168	172
169	171
169	172
170	171
170	172