222	5397
2	32
2	78
2	103
2	104
2	105
2	106
2	107
2	108
2	110
2	111
2	112
2	113
2	116
2	117
2	118
2	119
2	120
2	121
2	122
2	123
2	124
2	125
2	126
2	127
2	128
2	129
2	130
2	131
2	132
2	133
2	134
2	135
2	136
2	137
2	138
2	139
2	140
2	141
2	142
2	143
2	144
2	145
2	146
2	147
2	148
2	149
2	150
2	151
2	152
2	153
2	154
2	155
2	156
2	157
2	158
2	159
2	160
2	161
2	162
2	163
2	164
2	165
2	166
2	167
2	168
2	169
2	170
2	171
2	172
2	173
2	174
2	175
2	176
2	177
2	178
2	179
2	181
2	182
2	183
2	184
2	185
2	186
2	187
2	188
2	189
2	190
2	191
2	193
2	195
2	196
2	197
2	198
2	199
2	200
2	201
2	202
2	203
2	204
2	205
2	206
2	207
2	208
2	209
2	210
3	32
3	61
3	62
3	63
3	66
3	68
3	69
3	71
3	72
3	73
3	77
3	78
3	79
3	80
3	82
3	84
3	85
3	86
3	88
3	89
3	90
3	91
3	92
3	93
3	94
3	95
3	96
3	100
3	101
3	102
3	103
3	104
3	105
3	106
3	107
3	108
3	109
3	110
3	111
3	112
3	113
3	114
3	115
3	116
3	117
3	118
3	119
3	120
3	121
3	122
3	123
3	124
3	125
3	126
3	127
3	128
3	129
3	130
3	131
3	132
3	133
3	134
3	135
3	136
3	137
3	138
3	139
3	140
3	141
3	142
3	143
3	144
3	145
3	146
3	147
3	148
3	149
3	150
3	151
3	152
3	153
3	154
3	155
3	156
3	157
3	158
3	159
3	160
3	161
3	162
3	163
3	164
3	165
3	166
3	167
3	168
3	169
3	170
3	171
3	172
3	173
3	174
3	175
3	176
3	177
3	178
3	179
3	181
3	182
3	183
3	184
3	185
3	186
3	187
3	188
3	189
3	190
3	191
3	193
3	195
3	196
3	197
3	198
3	199
3	200
3	201
3	202
3	203
3	204
3	205
3	206
3	207
3	208
3	209
3	210
4	32
4	61
4	62
4	63
4	66
4	68
4	69
4	71
4	72
4	73
4	77
4	78
4	79
4	80
4	82
4	84
4	85
4	86
4	88
4	89
4	90
4	91
4	92
4	93
4	94
4	95
4	96
4	100
4	101
4	102
4	103
4	104
4	105
4	106
4	107
4	108
4	109
4	110
4	111
4	112
4	113
4	114
4	115
4	116
4	117
4	118
4	119
4	120
4	121
4	122
4	123
4	124
4	125
4	126
4	127
4	128
4	129
4	130
4	131
4	132
4	133
4	134
4	135
4	136
4	137
4	138
4	139
4	140
4	141
4	142
4	143
4	144
4	145
4	146
4	147
4	148
4	149
4	150
4	151
4	152
4	153
4	154
4	155
4	156
4	157
4	158
4	159
4	160
4	161
4	162
4	163
4	164
4	165
4	166
4	167
4	168
4	169
4	170
4	171
4	172
4	173
4	174
4	175
4	176
4	177
4	178
4	179
4	181
4	182
4	183
4	184
4	185
4	186
4	187
4	188
4	189
4	190
4	191
4	193
4	195
4	196
4	197
4	198
4	199
4	200
4	201
4	202
4	203
4	204
4	205
4	206
4	207
4	208
4	209
4	210
5	61
5	62
5	63
5	66
5	68
5	69
5	71
5	72
5	73
5	77
5	78
5	79
5	80
5	82
5	84
5	85
5	86
5	88
5	89
5	90
5	91
5	92
5	93
5	94
5	95
5	96
5	100
5	101
5	102
5	103
5	104
5	105
5	106
5	107
5	108
5	109
5	110
5	111
5	112
5	113
5	114
5	115
5	116
5	117
5	118
5	119
5	120
5	121
5	122
5	123
5	124
5	125
5	126
5	127
5	128
5	129
5	130
5	131
5	132
5	133
5	134
5	135
5	136
5	137
5	138
5	139
5	140
5	141
5	142
5	143
5	144
5	145
5	146
5	147
5	148
5	149
5	150
5	151
5	152
5	153
5	154
5	155
5	156
5	157
5	158
5	159
5	160
5	161
5	162
5	163
5	164
5	165
5	166
5	167
5	168
5	169
5	170
5	171
5	172
5	173
5	174
5	175
5	176
5	177
5	178
5	179
5	181
5	182
5	183
5	184
5	185
5	186
5	187
5	188
5	189
5	190
5	191
5	193
5	195
5	196
5	197
5	198
5	199
5	200
5	201
5	202
5	203
5	204
5	205
5	206
5	207
5	208
5	209
5	210
6	118
6	119
6	120
6	122
6	123
6	124
6	125
6	126
6	127
6	128
6	129
6	130
6	131
6	133
6	134
6	135
6	136
6	137
6	138
6	139
6	140
6	141
6	142
6	143
6	144
6	145
6	146
6	147
6	148
6	149
6	150
6	151
6	152
6	153
6	154
6	155
6	156
6	157
6	158
6	159
6	160
6	161
6	162
6	163
6	164
6	165
6	166
6	167
6	168
6	169
6	170
6	171
6	172
6	173
6	174
6	175
6	176
6	177
6	178
6	179
6	181
6	182
6	183
6	184
6	185
6	186
6	187
6	188
6	189
6	190
6	191
6	193
6	195
6	196
6	197
6	198
6	199
6	200
6	201
6	202
6	203
6	204
6	205
6	206
6	207
6	208
6	209
6	210
7	118
7	119
7	120
7	122
7	123
7	124
7	125
7	126
7	127
7	128
7	129
7	130
7	131
7	133
7	134
7	135
7	136
7	137
7	138
7	139
7	140
7	141
7	142
7	143
7	144
7	145
7	146
7	147
7	148
7	149
7	150
7	151
7	152
7	153
7	154
7	155
7	156
7	157
7	158
7	159
7	160
7	161
7	162
7	163
7	164
7	165
7	166
7	167
7	168
7	169
7	170
7	171
7	172
7	173
7	174
7	175
7	176
7	177
7	178
7	179
7	181
7	182
7	183
7	184
7	185
7	186
7	187
7	188
7	189
7	190
7	191
7	193
7	195
7	196
7	197
7	198
7	199
7	200
7	201
7	202
7	203
7	204
7	205
7	206
7	207
7	208
7	209
7	210
8	27
8	28
8	32
8	33
8	44
8	45
8	46
8	52
8	53
8	54
8	55
8	56
8	57
8	58
8	59
8	60
8	61
8	62
8	63
8	64
8	65
8	66
8	67
8	68
8	69
8	70
8	71
8	72
8	73
8	74
8	75
8	76
8	77
8	78
8	79
8	80
8	81
8	82
8	83
8	84
8	85
8	86
8	87
8	88
8	89
8	90
8	91
8	92
8	93
8	94
8	95
8	96
8	97
8	98
8	99
8	100
8	101
8	102
8	103
8	104
8	105
8	106
8	107
8	108
8	109
8	110
8	111
8	112
8	113
8	114
8	115
8	116
8	117
8	118
8	119
8	120
8	121
8	122
8	123
8	124
8	125
8	126
8	127
8	128
8	129
8	130
8	131
8	132
8	133
8	134
8	135
8	136
8	137
8	138
8	139
8	140
8	141
8	142
8	143
8	144
8	145
8	146
8	147
8	148
8	149
8	150
8	151
8	152
8	153
8	154
8	155
8	156
8	157
8	158
8	159
8	160
8	161
8	162
8	163
8	164
8	165
8	166
8	167
8	168
8	169
8	170
8	171
8	172
8	173
8	174
8	175
8	176
8	177
8	178
8	179
8	181
8	182
8	183
8	184
8	185
8	186
8	187
8	188
8	189
8	190
8	191
8	193
8	195
8	196
8	197
8	198
8	199
8	200
8	201
8	202
8	203
8	204
8	205
8	206
8	207
8	208
8	209
8	210
9	32
9	61
9	62
9	63
9	66
9	68
9	69
9	71
9	72
9	73
9	77
9	78
9	79
9	80
9	82
9	84
9	85
9	86
9	88
9	89
9	90
9	91
9	92
9	93
9	94
9	95
9	96
9	100
9	101
9	102
9	103
9	104
9	105
9	106
9	107
9	108
9	109
9	110
9	111
9	112
9	113
9	114
9	115
9	116
9	117
9	118
9	119
9	120
9	121
9	122
9	123
9	124
9	125
9	126
9	127
9	128
9	129
9	130
9	131
9	132
9	133
9	134
9	135
9	136
9	137
9	138
9	139
9	140
9	141
9	142
9	143
9	144
9	145
9	146
9	147
9	148
9	149
9	150
9	151
9	152
9	153
9	154
9	155
9	156
9	157
9	158
9	159
9	160
9	161
9	162
9	163
9	164
9	165
9	166
9	167
9	168
9	169
9	170
9	171
9	172
9	173
9	174
9	175
9	176
9	177
9	178
9	179
9	181
9	182
9	183
9	184
9	185
9	186
9	187
9	188
9	189
9	190
9	191
9	193
9	195
9	196
9	197
9	198
9	199
9	200
9	201
9	202
9	203
9	204
9	205
9	206
9	207
9	208
9	209
9	210
10	118
10	119
10	120
10	122
10	123
10	124
10	125
10	126
10	127
10	128
10	129
10	130
10	131
10	133
10	134
10	135
10	136
10	137
10	138
10	139
10	140
10	141
10	142
10	143
10	144
10	145
10	146
10	147
10	148
10	149
10	150
10	151
10	152
10	153
10	154
10	155
10	156
10	157
10	158
10	159
10	160
10	161
10	162
10	163
10	164
10	165
10	166
10	167
10	168
10	169
10	170
10	171
10	172
10	173
10	174
10	175
10	176
10	177
10	178
10	179
10	181
10	182
10	183
10	184
10	185
10	186
10	187
10	188
10	189
10	190
10	191
10	193
10	195
10	196
10	197
10	198
10	199
10	200
10	201
10	202
10	203
10	204
10	205
10	206
10	207
10	208
10	209
10	210
11	78
11	103
11	104
11	105
11	106
11	107
11	108
11	110
11	111
11	112
11	113
11	116
11	117
11	118
11	119
11	120
11	121
11	122
11	123
11	124
11	125
11	126
11	127
11	128
11	129
11	130
11	131
11	132
11	133
11	134
11	135
11	136
11	137
11	138
11	139
11	140
11	141
11	142
11	143
11	144
11	145
11	146
11	147
11	148
11	149
11	150
11	151
11	152
11	153
11	154
11	155
11	156
11	157
11	158
11	159
11	160
11	161
11	162
11	163
11	164
11	165
11	166
11	167
11	168
11	169
11	170
11	171
11	172
11	173
11	174
11	175
11	176
11	177
11	178
11	179
11	181
11	182
11	183
11	184
11	185
11	186
11	187
11	188
11	189
11	190
11	191
11	193
11	195
11	196
11	197
11	198
11	199
11	200
11	201
11	202
11	203
11	204
11	205
11	206
11	207
11	208
11	209
11	210
13	123
13	126
13	128
13	136
13	137
13	139
13	141
13	142
13	149
13	150
13	151
13	152
13	153
13	154
13	155
13	156
13	157
13	158
13	159
13	160
13	161
13	162
13	163
13	164
13	165
13	166
13	167
13	168
13	169
13	170
13	171
13	172
13	173
13	174
13	175
13	176
13	177
13	178
13	179
13	181
13	182
13	183
13	184
13	185
13	186
13	187
13	188
13	189
13	190
13	191
13	193
13	195
13	196
13	197
13	198
13	199
13	200
13	201
13	202
13	203
13	204
13	205
13	206
13	207
13	208
13	209
13	210
14	118
14	119
14	120
14	122
14	123
14	124
14	125
14	126
14	127
14	128
14	129
14	130
14	131
14	133
14	134
14	135
14	136
14	137
14	138
14	139
14	140
14	141
14	142
14	143
14	144
14	145
14	146
14	147
14	148
14	149
14	150
14	151
14	152
14	153
14	154
14	155
14	156
14	157
14	158
14	159
14	160
14	161
14	162
14	163
14	164
14	165
14	166
14	167
14	168
14	169
14	170
14	171
14	172
14	173
14	174
14	175
14	176
14	177
14	178
14	179
14	181
14	182
14	183
14	184
14	185
14	186
14	187
14	188
14	189
14	190
14	191
14	193
14	195
14	196
14	197
14	198
14	199
14	200
14	201
14	202
14	203
14	204
14	205
14	206
14	207
14	208
14	209
14	210
15	78
15	103
15	104
15	105
15	106
15	107
15	108
15	110
15	111
15	112
15	113
15	116
15	117
15	118
15	119
15	120
15	121
15	122
15	123
15	124
15	125
15	126
15	127
15	128
15	129
15	130
15	131
15	132
15	133
15	134
15	135
15	136
15	137
15	138
15	139
15	140
15	141
15	142
15	143
15	144
15	145
15	146
15	147
15	148
15	149
15	150
15	151
15	152
15	153
15	154
15	155
15	156
15	157
15	158
15	159
15	160
15	161
15	162
15	163
15	164
15	165
15	166
15	167
15	168
15	169
15	170
15	171
15	172
15	173
15	174
15	175
15	176
15	177
15	178
15	179
15	181
15	182
15	183
15	184
15	185
15	186
15	187
15	188
15	189
15	190
15	191
15	193
15	195
15	196
15	197
15	198
15	199
15	200
15	201
15	202
15	203
15	204
15	205
15	206
15	207
15	208
15	209
15	210
16	118
16	119
16	120
16	122
16	123
16	124
16	125
16	126
16	127
16	128
16	129
16	130
16	131
16	133
16	134
16	135
16	136
16	137
16	138
16	139
16	140
16	141
16	142
16	143
16	144
16	145
16	146
16	147
16	148
16	149
16	150
16	151
16	152
16	153
16	154
16	155
16	156
16	157
16	158
16	159
16	160
16	161
16	162
16	163
16	164
16	165
16	166
16	167
16	168
16	169
16	170
16	171
16	172
16	173
16	174
16	175
16	176
16	177
16	178
16	179
16	181
16	182
16	183
16	184
16	185
16	186
16	187
16	188
16	189
16	190
16	191
16	193
16	195
16	196
16	197
16	198
16	199
16	200
16	201
16	202
16	203
16	204
16	205
16	206
16	207
16	208
16	209
16	210
17	78
17	103
17	104
17	105
17	106
17	107
17	108
17	110
17	111
17	112
17	113
17	116
17	117
17	118
17	119
17	120
17	121
17	122
17	123
17	124
17	125
17	126
17	127
17	128
17	129
17	130
17	131
17	132
17	133
17	134
17	135
17	136
17	137
17	138
17	139
17	140
17	141
17	142
17	143
17	144
17	145
17	146
17	147
17	148
17	149
17	150
17	151
17	152
17	153
17	154
17	155
17	156
17	157
17	158
17	159
17	160
17	161
17	162
17	163
17	164
17	165
17	166
17	167
17	168
17	169
17	170
17	171
17	172
17	173
17	174
17	175
17	176
17	177
17	178
17	179
17	181
17	182
17	183
17	184
17	185
17	186
17	187
17	188
17	189
17	190
17	191
17	193
17	195
17	196
17	197
17	198
17	199
17	200
17	201
17	202
17	203
17	204
17	205
17	206
17	207
17	208
17	209
17	210
18	78
18	103
18	104
18	105
18	106
18	107
18	108
18	110
18	111
18	112
18	113
18	116
18	117
18	118
18	119
18	120
18	121
18	122
18	123
18	124
18	125
18	126
18	127
18	128
18	129
18	130
18	131
18	132
18	133
18	134
18	135
18	136
18	137
18	138
18	139
18	140
18	141
18	142
18	143
18	144
18	145
18	146
18	147
18	148
18	149
18	150
18	151
18	152
18	153
18	154
18	155
18	156
18	157
18	158
18	159
18	160
18	161
18	162
18	163
18	164
18	165
18	166
18	167
18	168
18	169
18	170
18	171
18	172
18	173
18	174
18	175
18	176
18	177
18	178
18	179
18	181
18	182
18	183
18	184
18	185
18	186
18	187
18	188
18	189
18	190
18	191
18	193
18	195
18	196
18	197
18	198
18	199
18	200
18	201
18	202
18	203
18	204
18	205
18	206
18	207
18	208
18	209
18	210
19	78
19	103
19	104
19	105
19	106
19	107
19	108
19	110
19	111
19	112
19	113
19	116
19	117
19	118
19	119
19	120
19	121
19	122
19	123
19	124
19	125
19	126
19	127
19	128
19	129
19	130
19	131
19	132
19	133
19	134
19	135
19	136
19	137
19	138
19	139
19	140
19	141
19	142
19	143
19	144
19	145
19	146
19	147
19	148
19	149
19	150
19	151
19	152
19	153
19	154
19	155
19	156
19	157
19	158
19	159
19	160
19	161
19	162
19	163
19	164
19	165
19	166
19	167
19	168
19	169
19	170
19	171
19	172
19	173
19	174
19	175
19	176
19	177
19	178
19	179
19	181
19	182
19	183
19	184
19	185
19	186
19	187
19	188
19	189
19	190
19	191
19	193
19	195
19	196
19	197
19	198
19	199
19	200
19	201
19	202
19	203
19	204
19	205
19	206
19	207
19	208
19	209
19	210
20	61
20	62
20	63
20	66
20	68
20	69
20	71
20	72
20	73
20	77
20	78
20	79
20	80
20	82
20	84
20	85
20	86
20	88
20	89
20	90
20	91
20	92
20	93
20	94
20	95
20	96
20	100
20	101
20	102
20	103
20	104
20	105
20	106
20	107
20	108
20	109
20	110
20	111
20	112
20	113
20	114
20	115
20	116
20	117
20	118
20	119
20	120
20	121
20	122
20	123
20	124
20	125
20	126
20	127
20	128
20	129
20	130
20	131
20	132
20	133
20	134
20	135
20	136
20	137
20	138
20	139
20	140
20	141
20	142
20	143
20	144
20	145
20	146
20	147
20	148
20	149
20	150
20	151
20	152
20	153
20	154
20	155
20	156
20	157
20	158
20	159
20	160
20	161
20	162
20	163
20	164
20	165
20	166
20	167
20	168
20	169
20	170
20	171
20	172
20	173
20	174
20	175
20	176
20	177
20	178
20	179
20	181
20	182
20	183
20	184
20	185
20	186
20	187
20	188
20	189
20	190
20	191
20	193
20	195
20	196
20	197
20	198
20	199
20	200
20	201
20	202
20	203
20	204
20	205
20	206
20	207
20	208
20	209
20	210
21	32
21	78
21	103
21	104
21	105
21	106
21	107
21	108
21	110
21	111
21	112
21	113
21	116
21	117
21	118
21	119
21	120
21	121
21	122
21	123
21	124
21	125
21	126
21	127
21	128
21	129
21	130
21	131
21	132
21	133
21	134
21	135
21	136
21	137
21	138
21	139
21	140
21	141
21	142
21	143
21	144
21	145
21	146
21	147
21	148
21	149
21	150
21	151
21	152
21	153
21	154
21	155
21	156
21	157
21	158
21	159
21	160
21	161
21	162
21	163
21	164
21	165
21	166
21	167
21	168
21	169
21	170
21	171
21	172
21	173
21	174
21	175
21	176
21	177
21	178
21	179
21	181
21	182
21	183
21	184
21	185
21	186
21	187
21	188
21	189
21	190
21	191
21	193
21	195
21	196
21	197
21	198
21	199
21	200
21	201
21	202
21	203
21	204
21	205
21	206
21	207
21	208
21	209
21	210
22	32
22	78
22	103
22	104
22	105
22	106
22	107
22	108
22	110
22	111
22	112
22	113
22	116
22	117
22	118
22	119
22	120
22	121
22	122
22	123
22	124
22	125
22	126
22	127
22	128
22	129
22	130
22	131
22	132
22	133
22	134
22	135
22	136
22	137
22	138
22	139
22	140
22	141
22	142
22	143
22	144
22	145
22	146
22	147
22	148
22	149
22	150
22	151
22	152
22	153
22	154
22	155
22	156
22	157
22	158
22	159
22	160
22	161
22	162
22	163
22	164
22	165
22	166
22	167
22	168
22	169
22	170
22	171
22	172
22	173
22	174
22	175
22	176
22	177
22	178
22	179
22	181
22	182
22	183
22	184
22	185
22	186
22	187
22	188
22	189
22	190
22	191
22	193
22	195
22	196
22	197
22	198
22	199
22	200
22	201
22	202
22	203
22	204
22	205
22	206
22	207
22	208
22	209
22	210
23	32
23	78
23	103
23	104
23	105
23	106
23	107
23	108
23	110
23	111
23	112
23	113
23	116
23	117
23	118
23	119
23	120
23	121
23	122
23	123
23	124
23	125
23	126
23	127
23	128
23	129
23	130
23	131
23	132
23	133
23	134
23	135
23	136
23	137
23	138
23	139
23	140
23	141
23	142
23	143
23	144
23	145
23	146
23	147
23	148
23	149
23	150
23	151
23	152
23	153
23	154
23	155
23	156
23	157
23	158
23	159
23	160
23	161
23	162
23	163
23	164
23	165
23	166
23	167
23	168
23	169
23	170
23	171
23	172
23	173
23	174
23	175
23	176
23	177
23	178
23	179
23	181
23	182
23	183
23	184
23	185
23	186
23	187
23	188
23	189
23	190
23	191
23	193
23	195
23	196
23	197
23	198
23	199
23	200
23	201
23	202
23	203
23	204
23	205
23	206
23	207
23	208
23	209
23	210
24	118
24	119
24	120
24	122
24	123
24	124
24	125
24	126
24	127
24	128
24	129
24	130
24	131
24	133
24	134
24	135
24	136
24	137
24	138
24	139
24	140
24	141
24	142
24	143
24	144
24	145
24	146
24	147
24	148
24	149
24	150
24	151
24	152
24	153
24	154
24	155
24	156
24	157
24	158
24	159
24	160
24	161
24	162
24	163
24	164
24	165
24	166
24	167
24	168
24	169
24	170
24	171
24	172
24	173
24	174
24	175
24	176
24	177
24	178
24	179
24	181
24	182
24	183
24	184
24	185
24	186
24	187
24	188
24	189
24	190
24	191
24	193
24	195
24	196
24	197
24	198
24	199
24	200
24	201
24	202
24	203
24	204
24	205
24	206
24	207
24	208
24	209
24	210
25	78
25	103
25	104
25	105
25	106
25	107
25	108
25	110
25	111
25	112
25	113
25	116
25	117
25	118
25	119
25	120
25	121
25	122
25	123
25	124
25	125
25	126
25	127
25	128
25	129
25	130
25	131
25	132
25	133
25	134
25	135
25	136
25	137
25	138
25	139
25	140
25	141
25	142
25	143
25	144
25	145
25	146
25	147
25	148
25	149
25	150
25	151
25	152
25	153
25	154
25	155
25	156
25	157
25	158
25	159
25	160
25	161
25	162
25	163
25	164
25	165
25	166
25	167
25	168
25	169
25	170
25	171
25	172
25	173
25	174
25	175
25	176
25	177
25	178
25	179
25	181
25	182
25	183
25	184
25	185
25	186
25	187
25	188
25	189
25	190
25	191
25	193
25	195
25	196
25	197
25	198
25	199
25	200
25	201
25	202
25	203
25	204
25	205
25	206
25	207
25	208
25	209
25	210
26	118
26	120
26	122
26	123
26	125
26	126
26	128
26	130
26	133
26	136
26	137
26	138
26	139
26	141
26	142
26	143
26	144
26	145
26	146
26	147
26	149
26	150
26	151
26	152
26	153
26	154
26	155
26	156
26	157
26	158
26	159
26	160
26	161
26	162
26	163
26	164
26	165
26	166
26	167
26	168
26	169
26	170
26	171
26	172
26	173
26	174
26	175
26	176
26	177
26	178
26	179
26	181
26	182
26	183
26	184
26	185
26	186
26	187
26	188
26	189
26	190
26	191
26	193
26	195
26	196
26	197
26	198
26	199
26	200
26	201
26	202
26	203
26	204
26	205
26	206
26	207
26	208
26	209
26	210
27	30
27	32
27	36
27	61
27	62
27	63
27	66
27	68
27	69
27	71
27	72
27	73
27	77
27	78
27	79
27	80
27	82
27	84
27	85
27	86
27	88
27	89
27	90
27	91
27	92
27	93
27	94
27	95
27	96
27	100
27	101
27	102
27	103
27	104
27	105
27	106
27	107
27	108
27	109
27	110
27	111
27	112
27	113
27	114
27	115
27	116
27	117
27	118
27	119
27	120
27	121
27	122
27	123
27	124
27	125
27	126
27	127
27	128
27	129
27	130
27	131
27	132
27	133
27	134
27	135
27	136
27	137
27	138
27	139
27	140
27	141
27	142
27	143
27	144
27	145
27	146
27	147
27	148
27	149
27	150
27	151
27	152
27	153
27	154
27	155
27	156
27	157
27	158
27	159
27	160
27	161
27	162
27	163
27	164
27	165
27	166
27	167
27	168
27	169
27	170
27	171
27	172
27	173
27	174
27	175
27	176
27	177
27	178
27	179
27	181
27	182
27	183
27	184
27	185
27	186
27	187
27	188
27	189
27	190
27	191
27	193
27	195
27	196
27	197
27	198
27	199
27	200
27	201
27	202
27	203
27	204
27	205
27	206
27	207
27	208
27	209
27	210
28	30
28	32
28	36
28	61
28	62
28	63
28	66
28	68
28	69
28	71
28	72
28	73
28	77
28	78
28	79
28	80
28	82
28	84
28	85
28	86
28	88
28	89
28	90
28	91
28	92
28	93
28	94
28	95
28	96
28	100
28	101
28	102
28	103
28	104
28	105
28	106
28	107
28	108
28	109
28	110
28	111
28	112
28	113
28	114
28	115
28	116
28	117
28	118
28	119
28	120
28	121
28	122
28	123
28	124
28	125
28	126
28	127
28	128
28	129
28	130
28	131
28	132
28	133
28	134
28	135
28	136
28	137
28	138
28	139
28	140
28	141
28	142
28	143
28	144
28	145
28	146
28	147
28	148
28	149
28	150
28	151
28	152
28	153
28	154
28	155
28	156
28	157
28	158
28	159
28	160
28	161
28	162
28	163
28	164
28	165
28	166
28	167
28	168
28	169
28	170
28	171
28	172
28	173
28	174
28	175
28	176
28	177
28	178
28	179
28	181
28	182
28	183
28	184
28	185
28	186
28	187
28	188
28	189
28	190
28	191
28	193
28	195
28	196
28	197
28	198
28	199
28	200
28	201
28	202
28	203
28	204
28	205
28	206
28	207
28	208
28	209
28	210
29	154
29	155
29	156
29	157
29	158
29	159
29	160
29	161
29	162
29	163
29	164
29	165
29	166
29	167
29	168
29	169
29	170
29	171
29	172
29	174
29	175
29	176
29	177
29	178
29	179
29	181
29	182
29	183
29	184
29	185
29	186
29	187
29	188
29	189
29	190
29	191
29	193
29	195
29	196
29	197
29	198
29	199
29	200
29	201
29	202
29	203
29	204
29	205
29	206
29	207
29	208
29	209
29	210
30	118
30	120
30	122
30	123
30	125
30	126
30	128
30	130
30	133
30	136
30	137
30	138
30	139
30	141
30	142
30	143
30	144
30	145
30	146
30	147
30	149
30	150
30	151
30	152
30	153
30	154
30	155
30	156
30	157
30	158
30	159
30	160
30	161
30	162
30	163
30	164
30	165
30	166
30	167
30	168
30	169
30	170
30	171
30	172
30	173
30	174
30	175
30	176
30	177
30	178
30	179
30	181
30	182
30	183
30	184
30	185
30	186
30	187
30	188
30	189
30	190
30	191
30	193
30	195
30	196
30	197
30	198
30	199
30	200
30	201
30	202
30	203
30	204
30	205
30	206
30	207
30	208
30	209
30	210
31	142
31	154
31	155
31	156
31	157
31	158
31	159
31	160
31	161
31	162
31	163
31	164
31	165
31	166
31	167
31	168
31	169
31	170
31	171
31	172
31	173
31	174
31	175
31	176
31	177
31	178
31	179
31	181
31	182
31	183
31	184
31	185
31	186
31	187
31	188
31	189
31	190
31	191
31	193
31	195
31	196
31	197
31	198
31	199
31	200
31	201
31	202
31	203
31	204
31	205
31	206
31	207
31	208
31	209
31	210
32	103
32	104
32	105
32	110
32	111
32	112
32	113
32	116
32	117
32	118
32	119
32	120
32	121
32	122
32	123
32	124
32	125
32	126
32	127
32	128
32	129
32	130
32	131
32	132
32	133
32	134
32	135
32	136
32	137
32	138
32	139
32	140
32	141
32	142
32	143
32	144
32	145
32	146
32	147
32	148
32	149
32	150
32	151
32	152
32	153
32	154
32	155
32	156
32	157
32	158
32	159
32	160
32	161
32	162
32	163
32	164
32	165
32	166
32	167
32	168
32	169
32	170
32	171
32	172
32	173
32	174
32	175
32	176
32	177
32	178
32	179
32	181
32	182
32	183
32	184
32	185
32	186
32	187
32	188
32	189
32	190
32	191
32	193
32	195
32	196
32	197
32	198
32	199
32	200
32	201
32	202
32	203
32	204
32	205
32	206
32	207
32	208
32	209
32	210
33	159
33	160
33	161
33	170
33	179
33	184
33	186
33	187
33	188
33	189
33	190
33	191
33	193
33	195
33	196
33	197
33	198
33	199
33	200
33	201
33	202
33	203
33	204
33	205
33	206
33	207
33	208
33	209
33	210
34	157
34	158
34	159
34	160
34	161
34	162
34	163
34	164
34	168
34	169
34	170
34	175
34	178
34	179
34	184
34	186
34	187
34	188
34	189
34	190
34	191
34	193
34	195
34	196
34	197
34	198
34	199
34	200
34	201
34	202
34	203
34	204
34	205
34	206
34	207
34	208
34	209
34	210
35	157
35	158
35	159
35	160
35	161
35	162
35	163
35	164
35	165
35	168
35	169
35	170
35	171
35	172
35	174
35	175
35	176
35	177
35	178
35	179
35	181
35	182
35	183
35	184
35	185
35	186
35	187
35	188
35	189
35	190
35	191
35	193
35	195
35	196
35	197
35	198
35	199
35	200
35	201
35	202
35	203
35	204
35	205
35	206
35	207
35	208
35	209
35	210
36	157
36	158
36	159
36	160
36	161
36	162
36	163
36	164
36	165
36	168
36	169
36	170
36	171
36	172
36	174
36	175
36	176
36	177
36	178
36	179
36	181
36	182
36	183
36	184
36	185
36	186
36	187
36	188
36	189
36	190
36	191
36	193
36	195
36	196
36	197
36	198
36	199
36	200
36	201
36	202
36	203
36	204
36	205
36	206
36	207
36	208
36	209
36	210
37	154
37	155
37	156
37	157
37	158
37	159
37	160
37	161
37	162
37	163
37	164
37	165
37	166
37	167
37	168
37	169
37	170
37	171
37	172
37	174
37	175
37	176
37	177
37	178
37	179
37	181
37	182
37	183
37	184
37	185
37	186
37	187
37	188
37	189
37	190
37	191
37	193
37	195
37	196
37	197
37	198
37	199
37	200
37	201
37	202
37	203
37	204
37	205
37	206
37	207
37	208
37	209
37	210
38	157
38	158
38	159
38	160
38	161
38	162
38	163
38	164
38	168
38	169
38	170
38	175
38	178
38	179
38	184
38	186
38	187
38	188
38	189
38	190
38	191
38	193
38	195
38	196
38	197
38	198
38	199
38	200
38	201
38	202
38	203
38	204
38	205
38	206
38	207
38	208
38	209
38	210
39	154
39	155
39	156
39	157
39	158
39	159
39	160
39	161
39	162
39	163
39	164
39	165
39	166
39	167
39	168
39	169
39	170
39	171
39	172
39	174
39	175
39	176
39	177
39	178
39	179
39	181
39	182
39	183
39	184
39	185
39	186
39	187
39	188
39	189
39	190
39	191
39	193
39	195
39	196
39	197
39	198
39	199
39	200
39	201
39	202
39	203
39	204
39	205
39	206
39	207
39	208
39	209
39	210
40	157
40	158
40	159
40	160
40	161
40	162
40	163
40	164
40	168
40	169
40	170
40	175
40	178
40	179
40	184
40	186
40	187
40	188
40	189
40	190
40	191
40	193
40	195
40	196
40	197
40	198
40	199
40	200
40	201
40	202
40	203
40	204
40	205
40	206
40	207
40	208
40	209
40	210
41	154
41	155
41	156
41	157
41	158
41	159
41	160
41	161
41	162
41	163
41	164
41	165
41	166
41	167
41	168
41	169
41	170
41	171
41	172
41	174
41	175
41	176
41	177
41	178
41	179
41	181
41	182
41	183
41	184
41	185
41	186
41	187
41	188
41	189
41	190
41	191
41	193
41	195
41	196
41	197
41	198
41	199
41	200
41	201
41	202
41	203
41	204
41	205
41	206
41	207
41	208
41	209
41	210
42	142
42	154
42	155
42	156
42	157
42	158
42	159
42	160
42	161
42	162
42	163
42	164
42	165
42	166
42	167
42	168
42	169
42	170
42	171
42	172
42	173
42	174
42	175
42	176
42	177
42	178
42	179
42	181
42	182
42	183
42	184
42	185
42	186
42	187
42	188
42	189
42	190
42	191
42	193
42	195
42	196
42	197
42	198
42	199
42	200
42	201
42	202
42	203
42	204
42	205
42	206
42	207
42	208
42	209
42	210
43	142
43	154
43	155
43	156
43	157
43	158
43	159
43	160
43	161
43	162
43	163
43	164
43	165
43	166
43	167
43	168
43	169
43	170
43	171
43	172
43	173
43	174
43	175
43	176
43	177
43	178
43	179
43	181
43	182
43	183
43	184
43	185
43	186
43	187
43	188
43	189
43	190
43	191
43	193
43	195
43	196
43	197
43	198
43	199
43	200
43	201
43	202
43	203
43	204
43	205
43	206
43	207
43	208
43	209
43	210
44	157
44	158
44	159
44	160
44	161
44	162
44	163
44	164
44	165
44	168
44	169
44	170
44	171
44	172
44	174
44	175
44	176
44	177
44	178
44	179
44	181
44	182
44	183
44	184
44	185
44	186
44	187
44	188
44	189
44	190
44	191
44	193
44	195
44	196
44	197
44	198
44	199
44	200
44	201
44	202
44	203
44	204
44	205
44	206
44	207
44	208
44	209
44	210
45	159
45	160
45	161
45	170
45	179
45	184
45	186
45	187
45	188
45	189
45	190
45	191
45	193
45	195
45	196
45	197
45	198
45	199
45	200
45	201
45	202
45	203
45	204
45	205
45	206
45	207
45	208
45	209
45	210
46	159
46	160
46	187
46	188
46	189
46	195
46	196
46	197
46	198
46	199
46	200
46	208
46	209
46	210
47	157
47	158
47	159
47	160
47	161
47	162
47	163
47	164
47	165
47	168
47	169
47	170
47	171
47	172
47	174
47	175
47	176
47	177
47	178
47	179
47	181
47	182
47	183
47	184
47	185
47	186
47	187
47	188
47	189
47	190
47	191
47	193
47	195
47	196
47	197
47	198
47	199
47	200
47	201
47	202
47	203
47	204
47	205
47	206
47	207
47	208
47	209
47	210
48	157
48	158
48	159
48	160
48	161
48	162
48	163
48	164
48	165
48	168
48	169
48	170
48	171
48	172
48	174
48	175
48	176
48	177
48	178
48	179
48	181
48	182
48	183
48	184
48	185
48	186
48	187
48	188
48	189
48	190
48	191
48	193
48	195
48	196
48	197
48	198
48	199
48	200
48	201
48	202
48	203
48	204
48	205
48	206
48	207
48	208
48	209
48	210
49	142
49	154
49	155
49	156
49	157
49	158
49	159
49	160
49	161
49	162
49	163
49	164
49	165
49	166
49	167
49	168
49	169
49	170
49	171
49	172
49	173
49	174
49	175
49	176
49	177
49	178
49	179
49	181
49	182
49	183
49	184
49	185
49	186
49	187
49	188
49	189
49	190
49	191
49	193
49	195
49	196
49	197
49	198
49	199
49	200
49	201
49	202
49	203
49	204
49	205
49	206
49	207
49	208
49	209
49	210
50	157
50	158
50	159
50	160
50	161
50	162
50	163
50	164
50	168
50	169
50	170
50	175
50	178
50	179
50	184
50	186
50	187
50	188
50	189
50	190
50	191
50	193
50	195
50	196
50	197
50	198
50	199
50	200
50	201
50	202
50	203
50	204
50	205
50	206
50	207
50	208
50	209
50	210
51	157
51	158
51	159
51	160
51	161
51	162
51	163
51	164
51	165
51	168
51	169
51	170
51	171
51	172
51	174
51	175
51	176
51	177
51	178
51	179
51	181
51	182
51	183
51	184
51	185
51	186
51	187
51	188
51	189
51	190
51	191
51	193
51	195
51	196
51	197
51	198
51	199
51	200
51	201
51	202
51	203
51	204
51	205
51	206
51	207
51	208
51	209
51	210
52	157
52	158
52	159
52	160
52	161
52	162
52	163
52	164
52	168
52	169
52	170
52	175
52	178
52	179
52	184
52	186
52	187
52	188
52	189
52	190
52	191
52	193
52	195
52	196
52	197
52	198
52	199
52	200
52	201
52	202
52	203
52	204
52	205
52	206
52	207
52	208
52	209
52	210
53	157
53	158
53	159
53	160
53	161
53	162
53	163
53	164
53	165
53	168
53	169
53	170
53	171
53	172
53	174
53	175
53	176
53	177
53	178
53	179
53	181
53	182
53	183
53	184
53	185
53	186
53	187
53	188
53	189
53	190
53	191
53	193
53	195
53	196
53	197
53	198
53	199
53	200
53	201
53	202
53	203
53	204
53	205
53	206
53	207
53	208
53	209
53	210
54	154
54	155
54	156
54	157
54	158
54	159
54	160
54	161
54	162
54	163
54	164
54	165
54	166
54	167
54	168
54	169
54	170
54	171
54	172
54	174
54	175
54	176
54	177
54	178
54	179
54	181
54	182
54	183
54	184
54	185
54	186
54	187
54	188
54	189
54	190
54	191
54	193
54	195
54	196
54	197
54	198
54	199
54	200
54	201
54	202
54	203
54	204
54	205
54	206
54	207
54	208
54	209
54	210
55	157
55	158
55	159
55	160
55	161
55	162
55	163
55	164
55	168
55	169
55	170
55	175
55	178
55	179
55	184
55	186
55	187
55	188
55	189
55	190
55	191
55	193
55	195
55	196
55	197
55	198
55	199
55	200
55	201
55	202
55	203
55	204
55	205
55	206
55	207
55	208
55	209
55	210
56	159
56	160
56	161
56	170
56	179
56	184
56	186
56	187
56	188
56	189
56	190
56	191
56	193
56	195
56	196
56	197
56	198
56	199
56	200
56	201
56	202
56	203
56	204
56	205
56	206
56	207
56	208
56	209
56	210
57	159
57	160
57	161
57	170
57	179
57	184
57	186
57	187
57	188
57	189
57	190
57	191
57	193
57	195
57	196
57	197
57	198
57	199
57	200
57	201
57	202
57	203
57	204
57	205
57	206
57	207
57	208
57	209
57	210
58	159
58	160
58	161
58	170
58	179
58	184
58	186
58	187
58	188
58	189
58	190
58	191
58	193
58	195
58	196
58	197
58	198
58	199
58	200
58	201
58	202
58	203
58	204
58	205
58	206
58	207
58	208
58	209
58	210
59	159
59	160
59	161
59	170
59	179
59	184
59	186
59	187
59	188
59	189
59	190
59	191
59	193
59	195
59	196
59	197
59	198
59	199
59	200
59	201
59	202
59	203
59	204
59	205
59	206
59	207
59	208
59	209
59	210
60	159
60	160
60	161
60	170
60	179
60	184
60	186
60	187
60	188
60	189
60	190
60	191
60	193
60	195
60	196
60	197
60	198
60	199
60	200
60	201
60	202
60	203
60	204
60	205
60	206
60	207
60	208
60	209
60	210
61	159
61	160
61	161
61	170
61	179
61	184
61	186
61	187
61	188
61	189
61	190
61	191
61	193
61	195
61	196
61	197
61	198
61	199
61	200
61	201
61	202
61	203
61	204
61	205
61	206
61	207
61	208
61	209
61	210
62	187
62	188
62	189
62	195
62	196
62	197
62	198
62	199
62	200
62	209
62	210
63	157
63	159
63	160
63	161
63	170
63	179
63	184
63	186
63	187
63	188
63	189
63	190
63	191
63	193
63	195
63	196
63	197
63	198
63	199
63	200
63	201
63	202
63	203
63	204
63	205
63	206
63	207
63	208
63	209
63	210
64	157
64	158
64	159
64	160
64	161
64	162
64	163
64	164
64	168
64	169
64	170
64	175
64	178
64	179
64	184
64	186
64	187
64	188
64	189
64	190
64	191
64	193
64	195
64	196
64	197
64	198
64	199
64	200
64	201
64	202
64	203
64	204
64	205
64	206
64	207
64	208
64	209
64	210
65	157
65	158
65	159
65	160
65	161
65	162
65	163
65	164
65	168
65	169
65	170
65	175
65	178
65	179
65	184
65	186
65	187
65	188
65	189
65	190
65	191
65	193
65	195
65	196
65	197
65	198
65	199
65	200
65	201
65	202
65	203
65	204
65	205
65	206
65	207
65	208
65	209
65	210
66	187
66	188
66	189
66	195
66	196
66	197
66	198
66	199
66	200
66	209
66	210
67	159
67	160
67	161
67	170
67	179
67	184
67	186
67	187
67	188
67	189
67	190
67	191
67	193
67	195
67	196
67	197
67	198
67	199
67	200
67	201
67	202
67	203
67	204
67	205
67	206
67	207
67	208
67	209
67	210
68	159
68	160
68	161
68	170
68	179
68	184
68	186
68	187
68	188
68	189
68	190
68	191
68	193
68	195
68	196
68	197
68	198
68	199
68	200
68	201
68	202
68	203
68	204
68	205
68	206
68	207
68	208
68	209
68	210
69	159
69	160
69	161
69	170
69	179
69	184
69	186
69	187
69	188
69	189
69	190
69	191
69	193
69	195
69	196
69	197
69	198
69	199
69	200
69	201
69	202
69	203
69	204
69	205
69	206
69	207
69	208
69	209
69	210
70	159
70	160
70	161
70	170
70	179
70	184
70	186
70	187
70	188
70	189
70	190
70	191
70	193
70	195
70	196
70	197
70	198
70	199
70	200
70	201
70	202
70	203
70	204
70	205
70	206
70	207
70	208
70	209
70	210
71	159
71	160
71	187
71	188
71	189
71	195
71	196
71	197
71	198
71	199
71	200
71	208
71	209
71	210
72	159
72	160
72	161
72	170
72	179
72	184
72	186
72	187
72	188
72	189
72	190
72	191
72	193
72	195
72	196
72	197
72	198
72	199
72	200
72	201
72	202
72	203
72	204
72	205
72	206
72	207
72	208
72	209
72	210
73	159
73	160
73	161
73	170
73	179
73	184
73	186
73	187
73	188
73	189
73	190
73	191
73	193
73	195
73	196
73	197
73	198
73	199
73	200
73	201
73	202
73	203
73	204
73	205
73	206
73	207
73	208
73	209
73	210
74	159
74	160
74	161
74	170
74	179
74	184
74	186
74	187
74	188
74	189
74	190
74	191
74	193
74	195
74	196
74	197
74	198
74	199
74	200
74	201
74	202
74	203
74	204
74	205
74	206
74	207
74	208
74	209
74	210
75	159
75	160
75	187
75	188
75	189
75	195
75	196
75	197
75	198
75	199
75	200
75	208
75	209
75	210
76	159
76	160
76	161
76	170
76	179
76	184
76	186
76	187
76	188
76	189
76	190
76	191
76	193
76	195
76	196
76	197
76	198
76	199
76	200
76	201
76	202
76	203
76	204
76	205
76	206
76	207
76	208
76	209
76	210
77	187
77	188
77	189
77	195
77	196
77	197
77	198
77	199
77	200
77	209
77	210
78	159
78	160
78	161
78	170
78	179
78	184
78	186
78	187
78	188
78	189
78	190
78	191
78	193
78	195
78	196
78	197
78	198
78	199
78	200
78	201
78	202
78	203
78	204
78	205
78	206
78	207
78	208
78	209
78	210
79	159
79	160
79	187
79	188
79	189
79	195
79	196
79	197
79	198
79	199
79	200
79	208
79	209
79	210
80	159
80	160
80	187
80	188
80	189
80	195
80	196
80	197
80	198
80	199
80	200
80	208
80	209
80	210
81	157
81	158
81	159
81	160
81	161
81	162
81	163
81	164
81	168
81	169
81	170
81	175
81	178
81	179
81	184
81	186
81	187
81	188
81	189
81	190
81	191
81	193
81	195
81	196
81	197
81	198
81	199
81	200
81	201
81	202
81	203
81	204
81	205
81	206
81	207
81	208
81	209
81	210
82	159
82	160
82	187
82	188
82	189
82	195
82	196
82	197
82	198
82	199
82	200
82	208
82	209
82	210
83	159
83	160
83	187
83	188
83	189
83	195
83	196
83	197
83	198
83	199
83	200
83	208
83	209
83	210
84	189
84	197
85	157
85	158
85	159
85	160
85	161
85	162
85	163
85	164
85	168
85	169
85	170
85	175
85	178
85	179
85	184
85	186
85	187
85	188
85	189
85	190
85	191
85	193
85	195
85	196
85	197
85	198
85	199
85	200
85	201
85	202
85	203
85	204
85	205
85	206
85	207
85	208
85	209
85	210
86	159
86	160
86	187
86	188
86	189
86	195
86	196
86	197
86	198
86	199
86	200
86	208
86	209
86	210
87	159
87	160
87	187
87	188
87	189
87	195
87	196
87	197
87	198
87	199
87	200
87	208
87	209
87	210
88	159
88	160
88	187
88	188
88	189
88	195
88	196
88	197
88	198
88	199
88	200
88	208
88	209
88	210
89	159
89	160
89	187
89	188
89	189
89	195
89	196
89	197
89	198
89	199
89	200
89	208
89	209
89	210
90	159
90	160
90	187
90	188
90	189
90	195
90	196
90	197
90	198
90	199
90	200
90	208
90	209
90	210
91	159
91	160
91	187
91	188
91	189
91	195
91	196
91	197
91	198
91	199
91	200
91	208
91	209
91	210
92	159
92	160
92	187
92	188
92	189
92	195
92	196
92	197
92	198
92	199
92	200
92	208
92	209
92	210
93	157
93	158
93	159
93	160
93	161
93	162
93	163
93	164
93	168
93	169
93	170
93	175
93	178
93	179
93	184
93	186
93	187
93	188
93	189
93	190
93	191
93	193
93	195
93	196
93	197
93	198
93	199
93	200
93	201
93	202
93	203
93	204
93	205
93	206
93	207
93	208
93	209
93	210
94	189
94	197
95	159
95	160
95	187
95	188
95	189
95	195
95	196
95	197
95	198
95	199
95	200
95	208
95	209
95	210
96	159
96	160
96	187
96	188
96	189
96	195
96	196
96	197
96	198
96	199
96	200
96	208
96	209
96	210
97	159
97	160
97	187
97	188
97	189
97	195
97	196
97	197
97	198
97	199
97	200
97	208
97	209
97	210
98	159
98	160
98	187
98	188
98	189
98	195
98	196
98	197
98	198
98	199
98	200
98	208
98	209
98	210
99	159
99	160
99	187
99	188
99	189
99	195
99	196
99	197
99	198
99	199
99	200
99	208
99	209
99	210
100	159
100	160
100	187
100	188
100	189
100	195
100	196
100	197
100	198
100	199
100	200
100	208
100	209
100	210
101	189
101	197
102	189
102	197
103	189
103	197
104	189
104	197
105	189
105	197
106	189
106	197
107	189
107	197
108	189
108	197
109	187
109	188
109	189
109	195
109	196
109	197
109	198
109	199
109	200
109	209
109	210
110	189
110	197
111	189
111	197
113	187
113	188
113	189
113	195
113	196
113	197
113	198
113	199
113	200
113	209
113	210
114	159
114	160
114	187
114	188
114	189
114	195
114	196
114	197
114	198
114	199
114	200
114	208
114	209
114	210
115	189
115	197
116	159
116	187
116	188
116	189
116	195
116	196
116	197
116	198
116	199
116	200
116	209
116	210
117	189
117	197
118	157
118	159
118	160
118	161
118	170
118	179
118	184
118	186
118	187
118	188
118	189
118	190
118	191
118	193
118	195
118	196
118	197
118	198
118	199
118	200
118	201
118	202
118	203
118	204
118	205
118	206
118	207
118	208
118	209
118	210
119	159
119	187
119	188
119	189
119	195
119	196
119	197
119	198
119	199
119	200
119	209
119	210
120	159
120	160
120	187
120	188
120	189
120	195
120	196
120	197
120	198
120	199
120	200
120	208
120	209
120	210
121	159
121	160
121	187
121	188
121	189
121	195
121	196
121	197
121	198
121	199
121	200
121	208
121	209
121	210
122	159
122	160
122	187
122	188
122	189
122	195
122	196
122	197
122	198
122	199
122	200
122	208
122	209
122	210
123	159
123	160
123	187
123	188
123	189
123	195
123	196
123	197
123	198
123	199
123	200
123	208
123	209
123	210
124	189
124	197
125	189
125	197
126	157
126	159
126	160
126	161
126	170
126	179
126	184
126	186
126	187
126	188
126	189
126	190
126	191
126	193
126	195
126	196
126	197
126	198
126	199
126	200
126	201
126	202
126	203
126	204
126	205
126	206
126	207
126	208
126	209
126	210
127	159
127	187
127	188
127	189
127	195
127	196
127	197
127	198
127	199
127	200
127	209
127	210
128	157
128	159
128	160
128	161
128	170
128	179
128	184
128	186
128	187
128	188
128	189
128	190
128	191
128	193
128	195
128	196
128	197
128	198
128	199
128	200
128	201
128	202
128	203
128	204
128	205
128	206
128	207
128	208
128	209
128	210
129	189
129	197
130	159
130	189
130	197
131	189
131	197
132	159
132	187
132	188
132	189
132	195
132	196
132	197
132	198
132	199
132	200
132	209
132	210
133	159
133	187
133	188
133	189
133	195
133	196
133	197
133	198
133	199
133	200
133	209
133	210
134	187
134	188
134	189
134	195
134	196
134	197
134	198
134	199
134	200
134	209
134	210
135	189
135	197
136	159
136	189
136	197
137	159
137	160
137	187
137	188
137	189
137	195
137	196
137	197
137	198
137	199
137	200
137	208
137	209
137	210
138	189
138	197
139	189
139	197
149	189
149	197
150	189
150	197
154	189
154	197
159	197
160	197
162	197
163	197
164	197