241	8735
1	12
1	36
1	42
1	44
1	45
1	48
1	61
1	64
1	65
1	66
1	67
1	68
1	69
1	70
1	74
1	76
1	77
1	78
1	87
1	88
1	89
1	91
1	94
1	96
1	100
1	101
1	105
1	106
1	107
1	108
1	109
1	110
1	111
1	112
1	113
1	114
1	115
1	116
1	118
1	119
1	120
1	121
1	122
1	123
1	124
1	125
1	126
1	127
1	128
1	130
1	131
1	132
1	133
1	134
1	135
1	136
1	137
1	138
1	139
1	140
1	141
1	142
1	143
1	144
1	145
1	146
1	147
1	148
1	149
1	150
1	151
1	152
1	153
1	154
1	155
1	156
1	157
1	158
1	159
1	160
1	161
1	162
1	163
1	164
1	165
1	166
1	167
1	168
1	169
1	170
1	171
1	172
1	173
1	174
1	175
1	176
1	177
1	178
1	179
1	180
1	181
1	182
1	183
1	184
1	185
1	186
1	187
1	188
1	189
1	190
1	191
1	192
1	193
1	194
1	195
1	196
1	197
1	198
1	199
1	200
1	201
1	202
1	203
1	204
1	205
1	206
1	207
1	208
1	209
1	210
1	211
1	212
1	213
1	214
1	215
1	216
1	217
1	218
1	219
1	220
1	221
1	222
1	223
1	224
1	225
1	226
1	227
1	228
1	229
1	230
1	231
1	232
1	233
1	234
1	235
1	236
1	237
1	238
1	239
1	240
1	241
2	61
2	68
2	69
2	112
2	134
2	139
2	140
2	142
2	144
2	148
2	152
2	154
2	156
2	159
2	160
2	162
2	164
2	165
2	168
2	169
2	170
2	171
2	172
2	175
2	176
2	178
2	179
2	180
2	182
2	183
2	184
2	185
2	186
2	187
2	188
2	191
2	192
2	193
2	194
2	195
2	196
2	197
2	198
2	199
2	200
2	201
2	202
2	203
2	204
2	205
2	206
2	207
2	208
2	209
2	210
2	211
2	212
2	213
2	214
2	215
2	216
2	217
2	218
2	219
2	220
2	221
2	222
2	223
2	224
2	225
2	226
2	227
2	228
2	229
2	230
2	231
2	232
2	233
2	234
2	235
2	236
2	237
2	238
2	239
2	240
2	241
3	68
3	69
3	112
3	134
3	139
3	140
3	142
3	144
3	148
3	152
3	154
3	156
3	159
3	160
3	162
3	164
3	165
3	168
3	169
3	170
3	171
3	172
3	175
3	176
3	178
3	179
3	180
3	182
3	183
3	184
3	185
3	186
3	187
3	188
3	191
3	192
3	193
3	194
3	195
3	196
3	197
3	198
3	199
3	200
3	201
3	202
3	203
3	204
3	205
3	206
3	207
3	208
3	209
3	210
3	211
3	212
3	213
3	214
3	215
3	216
3	217
3	218
3	219
3	220
3	221
3	222
3	223
3	224
3	225
3	226
3	227
3	228
3	229
3	230
3	231
3	232
3	233
3	234
3	235
3	236
3	237
3	238
3	239
3	240
3	241
4	68
4	69
4	112
4	134
4	139
4	140
4	142
4	144
4	148
4	152
4	154
4	156
4	159
4	160
4	162
4	164
4	165
4	168
4	169
4	170
4	171
4	172
4	175
4	176
4	178
4	179
4	180
4	182
4	183
4	184
4	185
4	186
4	187
4	188
4	191
4	192
4	193
4	194
4	195
4	196
4	197
4	198
4	199
4	200
4	201
4	202
4	203
4	204
4	205
4	206
4	207
4	208
4	209
4	210
4	211
4	212
4	213
4	214
4	215
4	216
4	217
4	218
4	219
4	220
4	221
4	222
4	223
4	224
4	225
4	226
4	227
4	228
4	229
4	230
4	231
4	232
4	233
4	234
4	235
4	236
4	237
4	238
4	239
4	240
4	241
5	68
5	159
5	197
5	198
5	201
5	202
5	204
5	205
5	206
5	207
5	208
5	209
5	210
5	212
5	213
5	214
5	215
5	216
5	217
5	218
5	219
5	220
5	221
5	222
5	223
5	224
5	225
5	226
5	227
5	228
5	229
5	230
5	231
5	232
5	233
5	234
5	235
5	236
5	237
5	238
5	239
5	240
5	241
6	68
6	69
6	112
6	134
6	139
6	140
6	142
6	144
6	148
6	152
6	154
6	156
6	159
6	160
6	162
6	164
6	165
6	168
6	169
6	170
6	171
6	172
6	175
6	176
6	178
6	179
6	180
6	182
6	183
6	184
6	185
6	186
6	187
6	188
6	191
6	192
6	193
6	194
6	195
6	196
6	197
6	198
6	199
6	200
6	201
6	202
6	203
6	204
6	205
6	206
6	207
6	208
6	209
6	210
6	211
6	212
6	213
6	214
6	215
6	216
6	217
6	218
6	219
6	220
6	221
6	222
6	223
6	224
6	225
6	226
6	227
6	228
6	229
6	230
6	231
6	232
6	233
6	234
6	235
6	236
6	237
6	238
6	239
6	240
6	241
7	68
7	69
7	112
7	134
7	139
7	140
7	142
7	144
7	148
7	152
7	154
7	156
7	159
7	160
7	162
7	164
7	165
7	168
7	169
7	170
7	171
7	172
7	175
7	176
7	178
7	179
7	180
7	182
7	183
7	184
7	185
7	186
7	187
7	188
7	191
7	192
7	193
7	194
7	195
7	196
7	197
7	198
7	199
7	200
7	201
7	202
7	203
7	204
7	205
7	206
7	207
7	208
7	209
7	210
7	211
7	212
7	213
7	214
7	215
7	216
7	217
7	218
7	219
7	220
7	221
7	222
7	223
7	224
7	225
7	226
7	227
7	228
7	229
7	230
7	231
7	232
7	233
7	234
7	235
7	236
7	237
7	238
7	239
7	240
7	241
8	68
8	69
8	112
8	134
8	139
8	140
8	142
8	144
8	148
8	152
8	154
8	156
8	159
8	160
8	162
8	164
8	165
8	168
8	169
8	170
8	171
8	172
8	175
8	176
8	178
8	179
8	180
8	182
8	183
8	184
8	185
8	186
8	187
8	188
8	191
8	192
8	193
8	194
8	195
8	196
8	197
8	198
8	199
8	200
8	201
8	202
8	203
8	204
8	205
8	206
8	207
8	208
8	209
8	210
8	211
8	212
8	213
8	214
8	215
8	216
8	217
8	218
8	219
8	220
8	221
8	222
8	223
8	224
8	225
8	226
8	227
8	228
8	229
8	230
8	231
8	232
8	233
8	234
8	235
8	236
8	237
8	238
8	239
8	240
8	241
9	68
9	69
9	112
9	134
9	139
9	140
9	142
9	144
9	148
9	152
9	154
9	156
9	159
9	160
9	162
9	164
9	165
9	168
9	169
9	170
9	171
9	172
9	175
9	176
9	178
9	179
9	180
9	182
9	183
9	184
9	185
9	186
9	187
9	188
9	191
9	192
9	193
9	194
9	195
9	196
9	197
9	198
9	199
9	200
9	201
9	202
9	203
9	204
9	205
9	206
9	207
9	208
9	209
9	210
9	211
9	212
9	213
9	214
9	215
9	216
9	217
9	218
9	219
9	220
9	221
9	222
9	223
9	224
9	225
9	226
9	227
9	228
9	229
9	230
9	231
9	232
9	233
9	234
9	235
9	236
9	237
9	238
9	239
9	240
9	241
10	68
10	69
10	112
10	134
10	139
10	140
10	142
10	144
10	148
10	152
10	154
10	156
10	159
10	160
10	162
10	164
10	165
10	168
10	169
10	170
10	171
10	172
10	175
10	176
10	178
10	179
10	180
10	182
10	183
10	184
10	185
10	186
10	187
10	188
10	191
10	192
10	193
10	194
10	195
10	196
10	197
10	198
10	199
10	200
10	201
10	202
10	203
10	204
10	205
10	206
10	207
10	208
10	209
10	210
10	211
10	212
10	213
10	214
10	215
10	216
10	217
10	218
10	219
10	220
10	221
10	222
10	223
10	224
10	225
10	226
10	227
10	228
10	229
10	230
10	231
10	232
10	233
10	234
10	235
10	236
10	237
10	238
10	239
10	240
10	241
11	12
11	36
11	42
11	44
11	45
11	48
11	61
11	64
11	65
11	66
11	67
11	68
11	69
11	70
11	74
11	76
11	77
11	78
11	87
11	88
11	89
11	91
11	94
11	96
11	100
11	101
11	105
11	106
11	107
11	108
11	109
11	110
11	111
11	112
11	113
11	114
11	115
11	116
11	118
11	119
11	120
11	121
11	122
11	123
11	124
11	125
11	126
11	127
11	128
11	130
11	131
11	132
11	133
11	134
11	135
11	136
11	137
11	138
11	139
11	140
11	141
11	142
11	143
11	144
11	145
11	146
11	147
11	148
11	149
11	150
11	151
11	152
11	153
11	154
11	155
11	156
11	157
11	158
11	159
11	160
11	161
11	162
11	163
11	164
11	165
11	166
11	167
11	168
11	169
11	170
11	171
11	172
11	173
11	174
11	175
11	176
11	177
11	178
11	179
11	180
11	181
11	182
11	183
11	184
11	185
11	186
11	187
11	188
11	189
11	190
11	191
11	192
11	193
11	194
11	195
11	196
11	197
11	198
11	199
11	200
11	201
11	202
11	203
11	204
11	205
11	206
11	207
11	208
11	209
11	210
11	211
11	212
11	213
11	214
11	215
11	216
11	217
11	218
11	219
11	220
11	221
11	222
11	223
11	224
11	225
11	226
11	227
11	228
11	229
11	230
11	231
11	232
11	233
11	234
11	235
11	236
11	237
11	238
11	239
11	240
11	241
12	17
12	60
12	61
12	68
12	69
12	76
12	104
12	112
12	115
12	119
12	120
12	126
12	134
12	135
12	139
12	140
12	142
12	148
12	152
12	154
12	156
12	159
12	162
12	164
12	165
12	168
12	169
12	170
12	171
12	172
12	175
12	176
12	178
12	179
12	180
12	182
12	183
12	184
12	185
12	186
12	187
12	188
12	191
12	192
12	193
12	194
12	195
12	196
12	197
12	198
12	199
12	200
12	201
12	202
12	203
12	204
12	205
12	206
12	207
12	208
12	209
12	210
12	211
12	212
12	213
12	214
12	215
12	216
12	217
12	218
12	219
12	220
12	221
12	222
12	223
12	224
12	225
12	226
12	227
12	228
12	229
12	230
12	231
12	232
12	233
12	234
12	235
12	236
12	237
12	238
12	239
12	240
12	241
13	61
13	68
13	159
13	197
13	198
13	201
13	202
13	204
13	205
13	206
13	207
13	208
13	209
13	210
13	212
13	213
13	214
13	215
13	216
13	217
13	218
13	219
13	220
13	221
13	222
13	223
13	224
13	225
13	226
13	227
13	228
13	229
13	230
13	231
13	232
13	233
13	234
13	235
13	236
13	237
13	238
13	239
13	240
13	241
14	68
14	159
14	197
14	198
14	200
14	201
14	202
14	203
14	204
14	205
14	206
14	207
14	208
14	209
14	210
14	211
14	212
14	213
14	214
14	215
14	216
14	217
14	218
14	219
14	220
14	221
14	222
14	223
14	224
14	225
14	226
14	227
14	228
14	229
14	230
14	231
14	232
14	233
14	234
14	235
14	236
14	237
14	238
14	239
14	240
14	241
15	61
15	68
15	69
15	76
15	112
15	115
15	119
15	120
15	126
15	134
15	135
15	139
15	140
15	142
15	148
15	152
15	154
15	156
15	159
15	162
15	164
15	165
15	168
15	169
15	170
15	171
15	172
15	175
15	176
15	178
15	179
15	180
15	182
15	183
15	184
15	185
15	186
15	187
15	188
15	191
15	192
15	193
15	194
15	195
15	196
15	197
15	198
15	199
15	200
15	201
15	202
15	203
15	204
15	205
15	206
15	207
15	208
15	209
15	210
15	211
15	212
15	213
15	214
15	215
15	216
15	217
15	218
15	219
15	220
15	221
15	222
15	223
15	224
15	225
15	226
15	227
15	228
15	229
15	230
15	231
15	232
15	233
15	234
15	235
15	236
15	237
15	238
15	239
15	240
15	241
16	68
16	69
16	112
16	134
16	139
16	140
16	142
16	144
16	148
16	152
16	154
16	156
16	159
16	160
16	162
16	164
16	165
16	168
16	169
16	170
16	171
16	172
16	175
16	176
16	178
16	179
16	180
16	182
16	183
16	184
16	185
16	186
16	187
16	188
16	191
16	192
16	193
16	194
16	195
16	196
16	197
16	198
16	199
16	200
16	201
16	202
16	203
16	204
16	205
16	206
16	207
16	208
16	209
16	210
16	211
16	212
16	213
16	214
16	215
16	216
16	217
16	218
16	219
16	220
16	221
16	222
16	223
16	224
16	225
16	226
16	227
16	228
16	229
16	230
16	231
16	232
16	233
16	234
16	235
16	236
16	237
16	238
16	239
16	240
16	241
17	44
17	45
17	48
17	61
17	64
17	65
17	66
17	67
17	68
17	69
17	70
17	74
17	76
17	77
17	78
17	87
17	88
17	89
17	91
17	94
17	96
17	100
17	101
17	105
17	106
17	107
17	108
17	109
17	110
17	111
17	112
17	113
17	114
17	115
17	116
17	118
17	119
17	120
17	121
17	122
17	123
17	124
17	125
17	126
17	127
17	128
17	130
17	131
17	132
17	133
17	134
17	135
17	136
17	137
17	138
17	139
17	140
17	141
17	142
17	143
17	144
17	145
17	146
17	147
17	148
17	149
17	150
17	151
17	152
17	153
17	154
17	155
17	156
17	157
17	158
17	159
17	160
17	161
17	162
17	163
17	164
17	165
17	166
17	167
17	168
17	169
17	170
17	171
17	172
17	173
17	174
17	175
17	176
17	177
17	178
17	179
17	180
17	181
17	182
17	183
17	184
17	185
17	186
17	187
17	188
17	189
17	190
17	191
17	192
17	193
17	194
17	195
17	196
17	197
17	198
17	199
17	200
17	201
17	202
17	203
17	204
17	205
17	206
17	207
17	208
17	209
17	210
17	211
17	212
17	213
17	214
17	215
17	216
17	217
17	218
17	219
17	220
17	221
17	222
17	223
17	224
17	225
17	226
17	227
17	228
17	229
17	230
17	231
17	232
17	233
17	234
17	235
17	236
17	237
17	238
17	239
17	240
17	241
18	68
18	159
18	197
18	198
18	200
18	201
18	202
18	203
18	204
18	205
18	206
18	207
18	208
18	209
18	210
18	211
18	212
18	213
18	214
18	215
18	216
18	217
18	218
18	219
18	220
18	221
18	222
18	223
18	224
18	225
18	226
18	227
18	228
18	229
18	230
18	231
18	232
18	233
18	234
18	235
18	236
18	237
18	238
18	239
18	240
18	241
19	61
19	68
19	159
19	197
19	198
19	200
19	201
19	202
19	203
19	204
19	205
19	206
19	207
19	208
19	209
19	210
19	211
19	212
19	213
19	214
19	215
19	216
19	217
19	218
19	219
19	220
19	221
19	222
19	223
19	224
19	225
19	226
19	227
19	228
19	229
19	230
19	231
19	232
19	233
19	234
19	235
19	236
19	237
19	238
19	239
19	240
19	241
20	61
20	68
20	69
20	112
20	134
20	139
20	140
20	142
20	144
20	148
20	152
20	154
20	156
20	159
20	160
20	162
20	164
20	165
20	168
20	169
20	170
20	171
20	172
20	175
20	176
20	178
20	179
20	180
20	182
20	183
20	184
20	185
20	186
20	187
20	188
20	191
20	192
20	193
20	194
20	195
20	196
20	197
20	198
20	199
20	200
20	201
20	202
20	203
20	204
20	205
20	206
20	207
20	208
20	209
20	210
20	211
20	212
20	213
20	214
20	215
20	216
20	217
20	218
20	219
20	220
20	221
20	222
20	223
20	224
20	225
20	226
20	227
20	228
20	229
20	230
20	231
20	232
20	233
20	234
20	235
20	236
20	237
20	238
20	239
20	240
20	241
21	68
21	159
21	197
21	198
21	200
21	201
21	202
21	203
21	204
21	205
21	206
21	207
21	208
21	209
21	210
21	211
21	212
21	213
21	214
21	215
21	216
21	217
21	218
21	219
21	220
21	221
21	222
21	223
21	224
21	225
21	226
21	227
21	228
21	229
21	230
21	231
21	232
21	233
21	234
21	235
21	236
21	237
21	238
21	239
21	240
21	241
22	68
22	69
22	76
22	112
22	115
22	119
22	120
22	126
22	134
22	135
22	139
22	140
22	142
22	148
22	152
22	154
22	156
22	159
22	162
22	164
22	165
22	168
22	169
22	170
22	171
22	172
22	175
22	176
22	178
22	179
22	180
22	182
22	183
22	184
22	185
22	186
22	187
22	188
22	191
22	192
22	193
22	194
22	195
22	196
22	197
22	198
22	199
22	200
22	201
22	202
22	203
22	204
22	205
22	206
22	207
22	208
22	209
22	210
22	211
22	212
22	213
22	214
22	215
22	216
22	217
22	218
22	219
22	220
22	221
22	222
22	223
22	224
22	225
22	226
22	227
22	228
22	229
22	230
22	231
22	232
22	233
22	234
22	235
22	236
22	237
22	238
22	239
22	240
22	241
23	61
23	68
23	159
23	197
23	198
23	201
23	202
23	204
23	205
23	206
23	207
23	208
23	209
23	210
23	212
23	213
23	214
23	215
23	216
23	217
23	218
23	219
23	220
23	221
23	222
23	223
23	224
23	225
23	226
23	227
23	228
23	229
23	230
23	231
23	232
23	233
23	234
23	235
23	236
23	237
23	238
23	239
23	240
23	241
24	68
24	159
24	197
24	198
24	200
24	201
24	202
24	203
24	204
24	205
24	206
24	207
24	208
24	209
24	210
24	211
24	212
24	213
24	214
24	215
24	216
24	217
24	218
24	219
24	220
24	221
24	222
24	223
24	224
24	225
24	226
24	227
24	228
24	229
24	230
24	231
24	232
24	233
24	234
24	235
24	236
24	237
24	238
24	239
24	240
24	241
25	68
25	159
25	197
25	198
25	200
25	201
25	202
25	203
25	204
25	205
25	206
25	207
25	208
25	209
25	210
25	211
25	212
25	213
25	214
25	215
25	216
25	217
25	218
25	219
25	220
25	221
25	222
25	223
25	224
25	225
25	226
25	227
25	228
25	229
25	230
25	231
25	232
25	233
25	234
25	235
25	236
25	237
25	238
25	239
25	240
25	241
26	68
26	69
26	76
26	105
26	107
26	112
26	115
26	134
26	135
26	140
26	142
26	144
26	148
26	150
26	152
26	154
26	159
26	164
26	165
26	166
26	168
26	169
26	170
26	171
26	172
26	175
26	176
26	178
26	179
26	180
26	182
26	183
26	184
26	185
26	186
26	187
26	188
26	191
26	192
26	193
26	194
26	195
26	196
26	197
26	198
26	199
26	200
26	201
26	202
26	203
26	204
26	205
26	206
26	207
26	208
26	209
26	210
26	211
26	212
26	213
26	214
26	215
26	216
26	217
26	218
26	219
26	220
26	221
26	222
26	223
26	224
26	225
26	226
26	227
26	228
26	229
26	230
26	231
26	232
26	233
26	234
26	235
26	236
26	237
26	238
26	239
26	240
26	241
27	68
27	197
27	198
27	210
27	218
27	219
27	220
27	221
27	222
27	223
27	224
27	225
27	226
27	227
27	228
27	229
27	230
27	231
27	232
27	233
27	234
27	235
27	236
27	237
27	238
27	239
27	240
27	241
28	68
28	159
28	197
28	198
28	200
28	201
28	202
28	203
28	204
28	205
28	206
28	207
28	208
28	209
28	210
28	211
28	212
28	213
28	214
28	215
28	216
28	217
28	218
28	219
28	220
28	221
28	222
28	223
28	224
28	225
28	226
28	227
28	228
28	229
28	230
28	231
28	232
28	233
28	234
28	235
28	236
28	237
28	238
28	239
28	240
28	241
29	68
29	197
29	198
29	200
29	201
29	202
29	206
29	207
29	208
29	209
29	210
29	211
29	212
29	213
29	214
29	215
29	216
29	217
29	218
29	219
29	220
29	221
29	222
29	223
29	224
29	225
29	226
29	227
29	228
29	229
29	230
29	231
29	232
29	233
29	234
29	235
29	236
29	237
29	238
29	239
29	240
29	241
30	68
30	69
30	76
30	105
30	107
30	112
30	115
30	134
30	135
30	140
30	142
30	144
30	148
30	150
30	152
30	154
30	159
30	164
30	165
30	166
30	168
30	169
30	170
30	171
30	172
30	175
30	176
30	178
30	179
30	180
30	182
30	183
30	184
30	185
30	186
30	187
30	188
30	191
30	192
30	193
30	194
30	195
30	196
30	197
30	198
30	199
30	200
30	201
30	202
30	203
30	204
30	205
30	206
30	207
30	208
30	209
30	210
30	211
30	212
30	213
30	214
30	215
30	216
30	217
30	218
30	219
30	220
30	221
30	222
30	223
30	224
30	225
30	226
30	227
30	228
30	229
30	230
30	231
30	232
30	233
30	234
30	235
30	236
30	237
30	238
30	239
30	240
30	241
31	68
31	69
31	76
31	105
31	107
31	112
31	115
31	134
31	135
31	140
31	142
31	144
31	148
31	150
31	152
31	154
31	159
31	164
31	165
31	166
31	168
31	169
31	170
31	171
31	172
31	175
31	176
31	178
31	179
31	180
31	182
31	183
31	184
31	185
31	186
31	187
31	188
31	191
31	192
31	193
31	194
31	195
31	196
31	197
31	198
31	199
31	200
31	201
31	202
31	203
31	204
31	205
31	206
31	207
31	208
31	209
31	210
31	211
31	212
31	213
31	214
31	215
31	216
31	217
31	218
31	219
31	220
31	221
31	222
31	223
31	224
31	225
31	226
31	227
31	228
31	229
31	230
31	231
31	232
31	233
31	234
31	235
31	236
31	237
31	238
31	239
31	240
31	241
32	68
32	159
32	197
32	198
32	200
32	201
32	202
32	203
32	204
32	205
32	206
32	207
32	208
32	209
32	210
32	211
32	212
32	213
32	214
32	215
32	216
32	217
32	218
32	219
32	220
32	221
32	222
32	223
32	224
32	225
32	226
32	227
32	228
32	229
32	230
32	231
32	232
32	233
32	234
32	235
32	236
32	237
32	238
32	239
32	240
32	241
33	61
33	68
33	69
33	76
33	105
33	107
33	112
33	115
33	134
33	135
33	140
33	142
33	144
33	148
33	150
33	152
33	154
33	159
33	164
33	165
33	166
33	168
33	169
33	170
33	171
33	172
33	175
33	176
33	178
33	179
33	180
33	182
33	183
33	184
33	185
33	186
33	187
33	188
33	191
33	192
33	193
33	194
33	195
33	196
33	197
33	198
33	199
33	200
33	201
33	202
33	203
33	204
33	205
33	206
33	207
33	208
33	209
33	210
33	211
33	212
33	213
33	214
33	215
33	216
33	217
33	218
33	219
33	220
33	221
33	222
33	223
33	224
33	225
33	226
33	227
33	228
33	229
33	230
33	231
33	232
33	233
33	234
33	235
33	236
33	237
33	238
33	239
33	240
33	241
34	61
34	68
34	159
34	197
34	198
34	200
34	201
34	202
34	203
34	204
34	205
34	206
34	207
34	208
34	209
34	210
34	211
34	212
34	213
34	214
34	215
34	216
34	217
34	218
34	219
34	220
34	221
34	222
34	223
34	224
34	225
34	226
34	227
34	228
34	229
34	230
34	231
34	232
34	233
34	234
34	235
34	236
34	237
34	238
34	239
34	240
34	241
35	61
35	68
35	159
35	197
35	198
35	200
35	201
35	202
35	203
35	204
35	205
35	206
35	207
35	208
35	209
35	210
35	211
35	212
35	213
35	214
35	215
35	216
35	217
35	218
35	219
35	220
35	221
35	222
35	223
35	224
35	225
35	226
35	227
35	228
35	229
35	230
35	231
35	232
35	233
35	234
35	235
35	236
35	237
35	238
35	239
35	240
35	241
36	68
36	69
36	76
36	104
36	105
36	106
36	107
36	112
36	115
36	119
36	120
36	126
36	129
36	134
36	135
36	139
36	140
36	142
36	144
36	148
36	150
36	152
36	154
36	156
36	159
36	160
36	162
36	164
36	165
36	166
36	168
36	169
36	170
36	171
36	172
36	175
36	176
36	178
36	179
36	180
36	182
36	183
36	184
36	185
36	186
36	187
36	188
36	191
36	192
36	193
36	194
36	195
36	196
36	197
36	198
36	199
36	200
36	201
36	202
36	203
36	204
36	205
36	206
36	207
36	208
36	209
36	210
36	211
36	212
36	213
36	214
36	215
36	216
36	217
36	218
36	219
36	220
36	221
36	222
36	223
36	224
36	225
36	226
36	227
36	228
36	229
36	230
36	231
36	232
36	233
36	234
36	235
36	236
36	237
36	238
36	239
36	240
36	241
37	61
37	68
37	159
37	197
37	198
37	200
37	201
37	202
37	203
37	204
37	205
37	206
37	207
37	208
37	209
37	210
37	211
37	212
37	213
37	214
37	215
37	216
37	217
37	218
37	219
37	220
37	221
37	222
37	223
37	224
37	225
37	226
37	227
37	228
37	229
37	230
37	231
37	232
37	233
37	234
37	235
37	236
37	237
37	238
37	239
37	240
37	241
38	68
38	159
38	197
38	198
38	200
38	201
38	202
38	203
38	204
38	205
38	206
38	207
38	208
38	209
38	210
38	211
38	212
38	213
38	214
38	215
38	216
38	217
38	218
38	219
38	220
38	221
38	222
38	223
38	224
38	225
38	226
38	227
38	228
38	229
38	230
38	231
38	232
38	233
38	234
38	235
38	236
38	237
38	238
38	239
38	240
38	241
39	68
39	159
39	197
39	198
39	200
39	201
39	202
39	203
39	204
39	205
39	206
39	207
39	208
39	209
39	210
39	211
39	212
39	213
39	214
39	215
39	216
39	217
39	218
39	219
39	220
39	221
39	222
39	223
39	224
39	225
39	226
39	227
39	228
39	229
39	230
39	231
39	232
39	233
39	234
39	235
39	236
39	237
39	238
39	239
39	240
39	241
40	61
40	68
40	159
40	197
40	198
40	200
40	201
40	202
40	203
40	204
40	205
40	206
40	207
40	208
40	209
40	210
40	211
40	212
40	213
40	214
40	215
40	216
40	217
40	218
40	219
40	220
40	221
40	222
40	223
40	224
40	225
40	226
40	227
40	228
40	229
40	230
40	231
40	232
40	233
40	234
40	235
40	236
40	237
40	238
40	239
40	240
40	241
41	68
41	115
41	154
41	164
41	170
41	171
41	172
41	178
41	179
41	180
41	183
41	185
41	187
41	191
41	192
41	197
41	198
41	200
41	201
41	202
41	206
41	207
41	208
41	209
41	210
41	211
41	212
41	213
41	214
41	215
41	216
41	217
41	218
41	219
41	220
41	221
41	222
41	223
41	224
41	225
41	226
41	227
41	228
41	229
41	230
41	231
41	232
41	233
41	234
41	235
41	236
41	237
41	238
41	239
41	240
41	241
42	68
42	192
42	197
42	198
42	210
42	218
42	219
42	220
42	221
42	222
42	223
42	224
42	225
42	226
42	227
42	228
42	229
42	230
42	231
42	232
42	233
42	234
42	235
42	236
42	237
42	239
42	240
42	241
43	61
43	68
43	115
43	154
43	164
43	170
43	171
43	172
43	178
43	179
43	180
43	183
43	185
43	187
43	191
43	192
43	197
43	198
43	200
43	201
43	202
43	206
43	207
43	208
43	209
43	210
43	211
43	212
43	213
43	214
43	215
43	216
43	217
43	218
43	219
43	220
43	221
43	222
43	223
43	224
43	225
43	226
43	227
43	228
43	229
43	230
43	231
43	232
43	233
43	234
43	235
43	236
43	237
43	238
43	239
43	240
43	241
44	60
44	61
44	68
44	69
44	76
44	104
44	112
44	115
44	119
44	120
44	126
44	134
44	135
44	139
44	140
44	142
44	148
44	152
44	154
44	156
44	159
44	162
44	164
44	165
44	168
44	169
44	170
44	171
44	172
44	175
44	176
44	178
44	179
44	180
44	182
44	183
44	184
44	185
44	186
44	187
44	188
44	191
44	192
44	193
44	194
44	195
44	196
44	197
44	198
44	199
44	200
44	201
44	202
44	203
44	204
44	205
44	206
44	207
44	208
44	209
44	210
44	211
44	212
44	213
44	214
44	215
44	216
44	217
44	218
44	219
44	220
44	221
44	222
44	223
44	224
44	225
44	226
44	227
44	228
44	229
44	230
44	231
44	232
44	233
44	234
44	235
44	236
44	237
44	238
44	239
44	240
44	241
45	60
45	61
45	68
45	69
45	76
45	104
45	105
45	106
45	107
45	112
45	115
45	119
45	120
45	126
45	134
45	135
45	139
45	140
45	142
45	144
45	148
45	150
45	152
45	154
45	156
45	159
45	160
45	162
45	164
45	165
45	166
45	168
45	169
45	170
45	171
45	172
45	175
45	176
45	178
45	179
45	180
45	182
45	183
45	184
45	185
45	186
45	187
45	188
45	191
45	192
45	193
45	194
45	195
45	196
45	197
45	198
45	199
45	200
45	201
45	202
45	203
45	204
45	205
45	206
45	207
45	208
45	209
45	210
45	211
45	212
45	213
45	214
45	215
45	216
45	217
45	218
45	219
45	220
45	221
45	222
45	223
45	224
45	225
45	226
45	227
45	228
45	229
45	230
45	231
45	232
45	233
45	234
45	235
45	236
45	237
45	238
45	239
45	240
45	241
46	61
46	68
46	159
46	197
46	198
46	200
46	201
46	202
46	203
46	204
46	205
46	206
46	207
46	208
46	209
46	210
46	211
46	212
46	213
46	214
46	215
46	216
46	217
46	218
46	219
46	220
46	221
46	222
46	223
46	224
46	225
46	226
46	227
46	228
46	229
46	230
46	231
46	232
46	233
46	234
46	235
46	236
46	237
46	238
46	239
46	240
46	241
47	61
47	68
47	112
47	134
47	140
47	142
47	148
47	152
47	154
47	159
47	164
47	165
47	168
47	169
47	170
47	171
47	172
47	175
47	176
47	178
47	179
47	180
47	182
47	183
47	184
47	185
47	186
47	187
47	188
47	191
47	192
47	193
47	194
47	195
47	196
47	197
47	198
47	199
47	200
47	201
47	202
47	203
47	204
47	205
47	206
47	207
47	208
47	209
47	210
47	211
47	212
47	213
47	214
47	215
47	216
47	217
47	218
47	219
47	220
47	221
47	222
47	223
47	224
47	225
47	226
47	227
47	228
47	229
47	230
47	231
47	232
47	233
47	234
47	235
47	236
47	237
47	238
47	239
47	240
47	241
48	60
48	61
48	68
48	69
48	76
48	104
48	105
48	106
48	107
48	112
48	115
48	119
48	120
48	126
48	134
48	135
48	139
48	140
48	142
48	144
48	148
48	150
48	152
48	154
48	156
48	159
48	160
48	162
48	164
48	165
48	166
48	168
48	169
48	170
48	171
48	172
48	175
48	176
48	178
48	179
48	180
48	182
48	183
48	184
48	185
48	186
48	187
48	188
48	191
48	192
48	193
48	194
48	195
48	196
48	197
48	198
48	199
48	200
48	201
48	202
48	203
48	204
48	205
48	206
48	207
48	208
48	209
48	210
48	211
48	212
48	213
48	214
48	215
48	216
48	217
48	218
48	219
48	220
48	221
48	222
48	223
48	224
48	225
48	226
48	227
48	228
48	229
48	230
48	231
48	232
48	233
48	234
48	235
48	236
48	237
48	238
48	239
48	240
48	241
49	61
49	68
49	159
49	197
49	198
49	200
49	201
49	202
49	203
49	204
49	205
49	206
49	207
49	208
49	209
49	210
49	211
49	212
49	213
49	214
49	215
49	216
49	217
49	218
49	219
49	220
49	221
49	222
49	223
49	224
49	225
49	226
49	227
49	228
49	229
49	230
49	231
49	232
49	233
49	234
49	235
49	236
49	237
49	238
49	239
49	240
49	241
50	68
50	159
50	197
50	198
50	200
50	201
50	202
50	203
50	204
50	205
50	206
50	207
50	208
50	209
50	210
50	211
50	212
50	213
50	214
50	215
50	216
50	217
50	218
50	219
50	220
50	221
50	222
50	223
50	224
50	225
50	226
50	227
50	228
50	229
50	230
50	231
50	232
50	233
50	234
50	235
50	236
50	237
50	238
50	239
50	240
50	241
51	61
51	68
51	112
51	134
51	140
51	142
51	148
51	152
51	154
51	159
51	164
51	165
51	168
51	169
51	170
51	171
51	172
51	175
51	176
51	178
51	179
51	180
51	182
51	183
51	184
51	185
51	186
51	187
51	188
51	191
51	192
51	193
51	194
51	195
51	196
51	197
51	198
51	199
51	200
51	201
51	202
51	203
51	204
51	205
51	206
51	207
51	208
51	209
51	210
51	211
51	212
51	213
51	214
51	215
51	216
51	217
51	218
51	219
51	220
51	221
51	222
51	223
51	224
51	225
51	226
51	227
51	228
51	229
51	230
51	231
51	232
51	233
51	234
51	235
51	236
51	237
51	238
51	239
51	240
51	241
52	61
52	68
52	197
52	198
52	201
52	202
52	206
52	207
52	208
52	209
52	210
52	212
52	213
52	214
52	215
52	216
52	217
52	218
52	219
52	220
52	221
52	222
52	223
52	224
52	225
52	226
52	227
52	228
52	229
52	230
52	231
52	232
52	233
52	234
52	235
52	236
52	237
52	238
52	239
52	240
52	241
53	68
53	112
53	134
53	140
53	142
53	148
53	152
53	154
53	159
53	164
53	165
53	168
53	169
53	170
53	171
53	172
53	175
53	176
53	178
53	179
53	180
53	182
53	183
53	184
53	185
53	186
53	187
53	188
53	191
53	192
53	193
53	194
53	195
53	196
53	197
53	198
53	199
53	200
53	201
53	202
53	203
53	204
53	205
53	206
53	207
53	208
53	209
53	210
53	211
53	212
53	213
53	214
53	215
53	216
53	217
53	218
53	219
53	220
53	221
53	222
53	223
53	224
53	225
53	226
53	227
53	228
53	229
53	230
53	231
53	232
53	233
53	234
53	235
53	236
53	237
53	238
53	239
53	240
53	241
54	60
54	61
54	68
54	154
54	159
54	165
54	172
54	176
54	178
54	179
54	182
54	186
54	187
54	192
54	193
54	194
54	195
54	196
54	197
54	198
54	199
54	201
54	202
54	204
54	205
54	206
54	207
54	208
54	209
54	210
54	212
54	213
54	214
54	215
54	216
54	217
54	218
54	219
54	220
54	221
54	222
54	223
54	224
54	225
54	226
54	227
54	228
54	229
54	230
54	231
54	232
54	233
54	234
54	235
54	236
54	237
54	238
54	239
54	240
54	241
55	61
55	68
55	69
55	76
55	105
55	106
55	107
55	112
55	115
55	119
55	120
55	126
55	134
55	135
55	139
55	140
55	142
55	144
55	148
55	150
55	152
55	154
55	156
55	159
55	160
55	162
55	164
55	165
55	166
55	168
55	169
55	170
55	171
55	172
55	175
55	176
55	178
55	179
55	180
55	182
55	183
55	184
55	185
55	186
55	187
55	188
55	191
55	192
55	193
55	194
55	195
55	196
55	197
55	198
55	199
55	200
55	201
55	202
55	203
55	204
55	205
55	206
55	207
55	208
55	209
55	210
55	211
55	212
55	213
55	214
55	215
55	216
55	217
55	218
55	219
55	220
55	221
55	222
55	223
55	224
55	225
55	226
55	227
55	228
55	229
55	230
55	231
55	232
55	233
55	234
55	235
55	236
55	237
55	238
55	239
55	240
55	241
56	61
56	68
56	197
56	198
56	210
56	216
56	217
56	218
56	219
56	220
56	221
56	222
56	223
56	224
56	225
56	226
56	227
56	228
56	229
56	230
56	231
56	232
56	233
56	234
56	235
56	236
56	237
56	238
56	239
56	240
56	241
57	61
57	68
57	159
57	197
57	198
57	200
57	201
57	202
57	203
57	204
57	205
57	206
57	207
57	208
57	209
57	210
57	211
57	212
57	213
57	214
57	215
57	216
57	217
57	218
57	219
57	220
57	221
57	222
57	223
57	224
57	225
57	226
57	227
57	228
57	229
57	230
57	231
57	232
57	233
57	234
57	235
57	236
57	237
57	238
57	239
57	240
57	241
58	61
58	68
58	197
58	198
58	218
58	219
58	220
58	221
58	222
58	223
58	224
58	225
58	226
58	227
58	228
58	229
58	230
58	231
58	232
58	233
58	234
58	235
58	236
58	237
58	238
58	239
58	240
58	241
59	61
59	68
59	197
59	198
59	201
59	202
59	209
59	212
59	213
59	215
59	216
59	217
59	218
59	219
59	220
59	221
59	222
59	223
59	224
59	225
59	226
59	227
59	228
59	229
59	230
59	231
59	232
59	233
59	234
59	235
59	236
59	237
59	238
59	239
59	240
59	241
60	64
60	65
60	66
60	67
60	68
60	69
60	70
60	71
60	74
60	75
60	76
60	77
60	78
60	83
60	84
60	85
60	87
60	88
60	89
60	90
60	91
60	93
60	94
60	96
60	98
60	100
60	101
60	104
60	105
60	106
60	107
60	108
60	109
60	110
60	111
60	112
60	113
60	114
60	115
60	116
60	117
60	118
60	119
60	120
60	121
60	124
60	125
60	126
60	127
60	128
60	129
60	130
60	131
60	132
60	133
60	134
60	135
60	136
60	137
60	138
60	139
60	140
60	141
60	142
60	143
60	144
60	145
60	146
60	147
60	148
60	149
60	150
60	151
60	152
60	153
60	154
60	155
60	156
60	157
60	158
60	159
60	160
60	161
60	162
60	163
60	164
60	165
60	166
60	167
60	168
60	169
60	170
60	171
60	172
60	173
60	174
60	175
60	176
60	177
60	178
60	179
60	180
60	181
60	182
60	183
60	184
60	185
60	186
60	187
60	188
60	189
60	190
60	191
60	192
60	193
60	194
60	195
60	196
60	197
60	198
60	199
60	200
60	201
60	202
60	203
60	204
60	205
60	206
60	207
60	208
60	209
60	210
60	211
60	212
60	213
60	214
60	215
60	216
60	217
60	218
60	219
60	220
60	221
60	222
60	223
60	224
60	225
60	226
60	227
60	228
60	229
60	230
60	231
60	232
60	233
60	234
60	235
60	236
60	237
60	238
60	239
60	240
60	241
61	62
61	63
61	64
61	65
61	66
61	67
61	68
61	69
61	70
61	71
61	72
61	73
61	74
61	75
61	76
61	77
61	78
61	79
61	80
61	81
61	82
61	83
61	84
61	85
61	86
61	87
61	88
61	89
61	90
61	91
61	92
61	93
61	94
61	95
61	96
61	97
61	98
61	99
61	100
61	101
61	102
61	103
61	104
61	105
61	106
61	107
61	108
61	109
61	110
61	111
61	112
61	113
61	114
61	115
61	116
61	117
61	118
61	119
61	120
61	121
61	122
61	123
61	124
61	125
61	126
61	127
61	128
61	129
61	130
61	131
61	132
61	133
61	134
61	135
61	136
61	137
61	138
61	139
61	140
61	141
61	142
61	143
61	144
61	145
61	146
61	147
61	148
61	149
61	150
61	151
61	152
61	153
61	154
61	155
61	156
61	157
61	158
61	159
61	160
61	161
61	162
61	163
61	164
61	165
61	166
61	167
61	168
61	169
61	170
61	171
61	172
61	173
61	174
61	175
61	176
61	177
61	178
61	179
61	180
61	181
61	182
61	183
61	184
61	185
61	186
61	187
61	188
61	189
61	190
61	191
61	192
61	193
61	194
61	195
61	196
61	197
61	198
61	199
61	200
61	201
61	202
61	203
61	204
61	205
61	206
61	207
61	208
61	209
61	210
61	211
61	212
61	213
61	214
61	215
61	216
61	217
61	218
61	219
61	220
61	221
61	222
61	223
61	224
61	225
61	226
61	227
61	228
61	229
61	230
61	231
61	232
61	233
61	234
61	235
61	236
61	237
61	238
61	239
61	240
61	241
62	68
62	198
62	218
62	219
62	220
62	221
62	224
62	225
62	226
62	227
62	228
62	229
62	230
62	231
62	232
62	233
62	234
62	235
62	236
62	237
62	239
62	240
62	241
63	68
63	197
63	198
63	210
63	218
63	219
63	220
63	221
63	224
63	225
63	226
63	227
63	228
63	229
63	230
63	231
63	232
63	233
63	234
63	235
63	236
63	237
63	239
63	240
63	241
64	68
64	197
64	198
64	210
64	218
64	219
64	220
64	221
64	224
64	225
64	226
64	227
64	228
64	229
64	230
64	231
64	232
64	233
64	234
64	235
64	236
64	237
64	239
64	240
64	241
65	68
65	197
65	198
65	210
65	216
65	217
65	218
65	219
65	220
65	221
65	222
65	223
65	224
65	225
65	226
65	227
65	228
65	229
65	230
65	231
65	232
65	233
65	234
65	235
65	236
65	237
65	238
65	239
65	240
65	241
66	68
66	154
66	159
66	194
66	195
66	197
66	198
66	200
66	201
66	202
66	203
66	204
66	205
66	206
66	207
66	208
66	209
66	210
66	211
66	212
66	213
66	214
66	215
66	216
66	217
66	218
66	219
66	220
66	221
66	222
66	223
66	224
66	225
66	226
66	227
66	228
66	229
66	230
66	231
66	232
66	233
66	234
66	235
66	236
66	237
66	238
66	239
66	240
66	241
67	68
67	197
67	198
67	201
67	202
67	209
67	210
67	212
67	216
67	217
67	218
67	219
67	220
67	221
67	222
67	223
67	224
67	225
67	226
67	227
67	228
67	229
67	230
67	231
67	232
67	233
67	234
67	235
67	236
67	237
67	238
67	239
67	240
67	241
68	69
68	70
68	71
68	72
68	73
68	74
68	75
68	76
68	77
68	78
68	79
68	80
68	81
68	82
68	83
68	84
68	85
68	86
68	87
68	88
68	89
68	90
68	91
68	92
68	93
68	94
68	95
68	96
68	97
68	98
68	99
68	100
68	101
68	102
68	103
68	104
68	105
68	106
68	107
68	108
68	109
68	110
68	111
68	112
68	113
68	114
68	115
68	116
68	117
68	118
68	119
68	120
68	121
68	122
68	123
68	124
68	125
68	126
68	127
68	128
68	129
68	130
68	131
68	132
68	133
68	134
68	135
68	136
68	137
68	138
68	139
68	140
68	141
68	142
68	143
68	144
68	145
68	146
68	147
68	148
68	149
68	150
68	151
68	152
68	153
68	154
68	155
68	156
68	157
68	158
68	159
68	160
68	161
68	162
68	163
68	164
68	165
68	166
68	167
68	168
68	169
68	170
68	171
68	172
68	173
68	174
68	175
68	176
68	177
68	178
68	179
68	180
68	181
68	182
68	183
68	184
68	185
68	186
68	187
68	188
68	189
68	190
68	191
68	192
68	193
68	194
68	195
68	196
68	197
68	198
68	199
68	200
68	201
68	202
68	203
68	204
68	205
68	206
68	207
68	208
68	209
68	210
68	211
68	212
68	213
68	214
68	215
68	216
68	217
68	218
68	219
68	220
68	221
68	222
68	223
68	224
68	225
68	226
68	227
68	228
68	229
68	230
68	231
68	232
68	233
68	234
68	235
68	236
68	237
68	238
68	239
68	240
68	241
69	78
69	159
69	164
69	168
69	170
69	171
69	172
69	178
69	183
69	184
69	185
69	187
69	191
69	192
69	194
69	195
69	196
69	197
69	198
69	200
69	201
69	202
69	203
69	204
69	205
69	206
69	207
69	208
69	209
69	210
69	211
69	212
69	213
69	214
69	215
69	216
69	217
69	218
69	219
69	220
69	221
69	222
69	223
69	224
69	225
69	226
69	227
69	228
69	229
69	230
69	231
69	232
69	233
69	234
69	235
69	236
69	237
69	238
69	239
69	240
69	241
70	159
70	197
70	198
70	201
70	202
70	204
70	205
70	206
70	207
70	208
70	209
70	210
70	212
70	213
70	215
70	216
70	217
70	218
70	219
70	220
70	221
70	222
70	223
70	224
70	225
70	226
70	227
70	228
70	229
70	230
70	231
70	232
70	233
70	234
70	235
70	236
70	237
70	238
70	239
70	240
70	241
71	197
71	198
71	201
71	202
71	209
71	210
71	212
71	216
71	217
71	218
71	219
71	220
71	221
71	222
71	223
71	224
71	225
71	226
71	227
71	228
71	229
71	230
71	231
71	232
71	233
71	234
71	235
71	236
71	237
71	238
71	239
71	240
71	241
72	198
72	218
72	219
72	220
72	221
72	224
72	225
72	226
72	227
72	228
72	229
72	230
72	231
72	232
72	233
72	234
72	235
72	236
72	237
72	239
72	240
72	241
73	197
73	198
73	201
73	202
73	209
73	210
73	212
73	216
73	217
73	218
73	219
73	220
73	221
73	222
73	223
73	224
73	225
73	226
73	227
73	228
73	229
73	230
73	231
73	232
73	233
73	234
73	235
73	236
73	237
73	238
73	239
73	240
73	241
74	197
74	198
74	201
74	202
74	209
74	210
74	212
74	216
74	217
74	218
74	219
74	220
74	221
74	222
74	223
74	224
74	225
74	226
74	227
74	228
74	229
74	230
74	231
74	232
74	233
74	234
74	235
74	236
74	237
74	238
74	239
74	240
74	241
75	197
75	198
75	201
75	202
75	209
75	210
75	212
75	216
75	217
75	218
75	219
75	220
75	221
75	222
75	223
75	224
75	225
75	226
75	227
75	228
75	229
75	230
75	231
75	232
75	233
75	234
75	235
75	236
75	237
75	238
75	239
75	240
75	241
76	78
76	159
76	164
76	168
76	170
76	171
76	172
76	178
76	183
76	184
76	185
76	187
76	191
76	192
76	194
76	195
76	196
76	197
76	198
76	200
76	201
76	202
76	203
76	204
76	205
76	206
76	207
76	208
76	209
76	210
76	211
76	212
76	213
76	214
76	215
76	216
76	217
76	218
76	219
76	220
76	221
76	222
76	223
76	224
76	225
76	226
76	227
76	228
76	229
76	230
76	231
76	232
76	233
76	234
76	235
76	236
76	237
76	238
76	239
76	240
76	241
77	197
77	198
77	201
77	202
77	209
77	210
77	212
77	216
77	217
77	218
77	219
77	220
77	221
77	222
77	223
77	224
77	225
77	226
77	227
77	228
77	229
77	230
77	231
77	232
77	233
77	234
77	235
77	236
77	237
77	238
77	239
77	240
77	241
78	104
78	112
78	115
78	119
78	120
78	126
78	134
78	135
78	139
78	140
78	142
78	148
78	152
78	154
78	156
78	159
78	162
78	164
78	165
78	168
78	169
78	170
78	171
78	172
78	175
78	176
78	178
78	179
78	180
78	182
78	183
78	184
78	185
78	186
78	187
78	188
78	191
78	192
78	193
78	194
78	195
78	196
78	197
78	198
78	199
78	200
78	201
78	202
78	203
78	204
78	205
78	206
78	207
78	208
78	209
78	210
78	211
78	212
78	213
78	214
78	215
78	216
78	217
78	218
78	219
78	220
78	221
78	222
78	223
78	224
78	225
78	226
78	227
78	228
78	229
78	230
78	231
78	232
78	233
78	234
78	235
78	236
78	237
78	238
78	239
78	240
78	241
79	159
79	172
79	178
79	187
79	192
79	194
79	195
79	196
79	197
79	198
79	201
79	202
79	204
79	205
79	206
79	207
79	208
79	209
79	210
79	212
79	213
79	214
79	215
79	216
79	217
79	218
79	219
79	220
79	221
79	222
79	223
79	224
79	225
79	226
79	227
79	228
79	229
79	230
79	231
79	232
79	233
79	234
79	235
79	236
79	237
79	238
79	239
79	240
79	241
80	197
80	198
80	201
80	202
80	209
80	212
80	213
80	215
80	216
80	217
80	218
80	219
80	220
80	221
80	222
80	223
80	224
80	225
80	226
80	227
80	228
80	229
80	230
80	231
80	232
80	233
80	234
80	235
80	236
80	237
80	238
80	239
80	240
80	241
81	159
81	197
81	198
81	201
81	202
81	204
81	205
81	206
81	207
81	208
81	209
81	210
81	212
81	213
81	215
81	216
81	217
81	218
81	219
81	220
81	221
81	222
81	223
81	224
81	225
81	226
81	227
81	228
81	229
81	230
81	231
81	232
81	233
81	234
81	235
81	236
81	237
81	238
81	239
81	240
81	241
82	197
82	198
82	201
82	202
82	209
82	212
82	213
82	215
82	216
82	217
82	218
82	219
82	220
82	221
82	222
82	223
82	224
82	225
82	226
82	227
82	228
82	229
82	230
82	231
82	232
82	233
82	234
82	235
82	236
82	237
82	238
82	239
82	240
82	241
83	197
83	198
83	202
83	210
83	212
83	218
83	219
83	220
83	221
83	222
83	223
83	224
83	225
83	226
83	227
83	228
83	229
83	230
83	231
83	232
83	233
83	234
83	235
83	236
83	237
83	238
83	239
83	240
83	241
84	197
84	198
84	202
84	210
84	212
84	218
84	219
84	220
84	221
84	222
84	223
84	224
84	225
84	226
84	227
84	228
84	229
84	230
84	231
84	232
84	233
84	234
84	235
84	236
84	237
84	238
84	239
84	240
84	241
85	197
85	198
85	210
85	218
85	219
85	220
85	221
85	224
85	225
85	226
85	227
85	228
85	229
85	230
85	231
85	232
85	233
85	234
85	235
85	236
85	237
85	239
85	240
85	241
86	198
86	219
86	220
86	221
86	224
86	225
86	226
86	227
86	228
86	229
86	230
86	231
86	232
86	233
86	234
86	235
86	236
86	237
86	239
86	240
86	241
87	198
87	218
87	219
87	220
87	221
87	222
87	223
87	224
87	225
87	226
87	227
87	228
87	229
87	230
87	231
87	232
87	233
87	234
87	235
87	236
87	237
87	238
87	239
87	240
87	241
88	197
88	198
88	201
88	202
88	209
88	212
88	213
88	215
88	216
88	217
88	218
88	219
88	220
88	221
88	222
88	223
88	224
88	225
88	226
88	227
88	228
88	229
88	230
88	231
88	232
88	233
88	234
88	235
88	236
88	237
88	238
88	239
88	240
88	241
89	197
89	198
89	218
89	219
89	220
89	221
89	222
89	223
89	224
89	225
89	226
89	227
89	228
89	229
89	230
89	231
89	232
89	233
89	234
89	235
89	236
89	237
89	239
89	240
89	241
90	197
90	198
90	202
90	212
90	218
90	219
90	220
90	221
90	222
90	223
90	224
90	225
90	226
90	227
90	228
90	229
90	230
90	231
90	232
90	233
90	234
90	235
90	236
90	237
90	238
90	239
90	240
90	241
91	197
91	198
91	216
91	217
91	218
91	219
91	220
91	221
91	222
91	223
91	224
91	225
91	226
91	227
91	228
91	229
91	230
91	231
91	232
91	233
91	234
91	235
91	236
91	237
91	238
91	239
91	240
91	241
92	197
92	198
92	202
92	218
92	219
92	220
92	221
92	224
92	225
92	226
92	227
92	228
92	229
92	230
92	231
92	232
92	233
92	234
92	235
92	236
92	237
92	238
92	239
92	240
92	241
93	197
93	198
93	202
93	218
93	219
93	220
93	221
93	224
93	225
93	226
93	227
93	228
93	229
93	230
93	231
93	232
93	233
93	234
93	235
93	236
93	237
93	238
93	239
93	240
93	241
94	197
94	198
94	218
94	219
94	220
94	221
94	222
94	223
94	224
94	225
94	226
94	227
94	228
94	229
94	230
94	231
94	232
94	233
94	234
94	235
94	236
94	237
94	238
94	239
94	240
94	241
95	198
95	218
95	219
95	220
95	221
95	224
95	225
95	226
95	227
95	228
95	229
95	230
95	231
95	232
95	233
95	234
95	235
95	236
95	237
95	239
95	240
95	241
96	197
96	198
96	201
96	202
96	209
96	212
96	213
96	215
96	216
96	217
96	218
96	219
96	220
96	221
96	222
96	223
96	224
96	225
96	226
96	227
96	228
96	229
96	230
96	231
96	232
96	233
96	234
96	235
96	236
96	237
96	238
96	239
96	240
96	241
97	197
97	198
97	218
97	219
97	220
97	221
97	222
97	223
97	224
97	225
97	226
97	227
97	228
97	229
97	230
97	231
97	232
97	233
97	234
97	235
97	236
97	237
97	239
97	240
97	241
98	198
98	218
98	219
98	220
98	221
98	223
98	224
98	225
98	226
98	227
98	228
98	229
98	230
98	231
98	232
98	233
98	234
98	235
98	236
98	237
98	238
98	239
98	240
98	241
99	197
99	198
99	201
99	202
99	209
99	212
99	213
99	215
99	216
99	217
99	218
99	219
99	220
99	221
99	222
99	223
99	224
99	225
99	226
99	227
99	228
99	229
99	230
99	231
99	232
99	233
99	234
99	235
99	236
99	237
99	238
99	239
99	240
99	241
100	197
100	198
100	202
100	212
100	218
100	219
100	220
100	221
100	222
100	223
100	224
100	225
100	226
100	227
100	228
100	229
100	230
100	231
100	232
100	233
100	234
100	235
100	236
100	237
100	238
100	239
100	240
100	241
101	197
101	198
101	202
101	210
101	218
101	219
101	220
101	221
101	224
101	225
101	226
101	227
101	228
101	229
101	230
101	231
101	232
101	233
101	234
101	235
101	236
101	237
101	238
101	239
101	240
101	241
102	197
102	198
102	201
102	202
102	209
102	212
102	213
102	215
102	216
102	217
102	218
102	219
102	220
102	221
102	222
102	223
102	224
102	225
102	226
102	227
102	228
102	229
102	230
102	231
102	232
102	233
102	234
102	235
102	236
102	237
102	238
102	239
102	240
102	241
103	198
103	218
103	219
103	220
103	221
103	224
103	225
103	226
103	227
103	228
103	229
103	230
103	231
103	232
103	233
103	234
103	235
103	236
103	237
103	239
103	240
103	241
104	197
104	198
104	201
104	202
104	207
104	208
104	209
104	210
104	212
104	213
104	215
104	216
104	217
104	218
104	219
104	220
104	221
104	222
104	223
104	224
104	225
104	226
104	227
104	228
104	229
104	230
104	231
104	232
104	233
104	234
104	235
104	236
104	237
104	238
104	239
104	240
104	241
105	197
105	198
105	201
105	202
105	209
105	212
105	213
105	214
105	215
105	216
105	217
105	218
105	219
105	220
105	221
105	222
105	223
105	224
105	225
105	226
105	227
105	228
105	229
105	230
105	231
105	232
105	233
105	234
105	235
105	236
105	237
105	238
105	239
105	240
105	241
106	197
106	198
106	216
106	217
106	218
106	219
106	220
106	221
106	222
106	223
106	224
106	225
106	226
106	227
106	228
106	229
106	230
106	231
106	232
106	233
106	234
106	235
106	236
106	237
106	239
106	240
106	241
107	197
107	198
107	201
107	202
107	209
107	212
107	213
107	214
107	215
107	216
107	217
107	218
107	219
107	220
107	221
107	222
107	223
107	224
107	225
107	226
107	227
107	228
107	229
107	230
107	231
107	232
107	233
107	234
107	235
107	236
107	237
107	238
107	239
107	240
107	241
108	192
108	197
108	198
108	210
108	218
108	219
108	220
108	221
108	222
108	223
108	224
108	225
108	226
108	227
108	228
108	229
108	230
108	231
108	232
108	233
108	234
108	235
108	236
108	237
108	239
108	240
108	241
109	197
109	198
109	202
109	210
109	212
109	218
109	219
109	220
109	221
109	222
109	223
109	224
109	225
109	226
109	227
109	228
109	229
109	230
109	231
109	232
109	233
109	234
109	235
109	236
109	237
109	238
109	239
109	240
109	241
110	192
110	197
110	198
110	202
110	210
110	212
110	218
110	219
110	220
110	221
110	222
110	223
110	224
110	225
110	226
110	227
110	228
110	229
110	230
110	231
110	232
110	233
110	234
110	235
110	236
110	237
110	238
110	239
110	240
110	241
111	197
111	198
111	219
111	220
111	221
111	224
111	225
111	226
111	227
111	228
111	229
111	230
111	231
111	232
111	233
111	234
111	235
111	236
111	237
111	239
111	240
111	241
112	172
112	178
112	187
112	192
112	197
112	198
112	201
112	202
112	206
112	207
112	208
112	209
112	210
112	212
112	213
112	215
112	216
112	217
112	218
112	219
112	220
112	221
112	222
112	223
112	224
112	225
112	226
112	227
112	228
112	229
112	230
112	231
112	232
112	233
112	234
112	235
112	236
112	237
112	238
112	239
112	240
112	241
113	197
113	198
113	201
113	202
113	209
113	210
113	212
113	216
113	217
113	218
113	219
113	220
113	221
113	222
113	223
113	224
113	225
113	226
113	227
113	228
113	229
113	230
113	231
113	232
113	233
113	234
113	235
113	236
113	237
113	238
113	239
113	240
113	241
114	197
114	198
114	202
114	210
114	212
114	218
114	219
114	220
114	221
114	222
114	223
114	224
114	225
114	226
114	227
114	228
114	229
114	230
114	231
114	232
114	233
114	234
114	235
114	236
114	237
114	238
114	239
114	240
114	241
115	159
115	172
115	178
115	187
115	192
115	196
115	197
115	198
115	201
115	202
115	204
115	205
115	206
115	207
115	208
115	209
115	210
115	212
115	213
115	214
115	215
115	216
115	217
115	218
115	219
115	220
115	221
115	222
115	223
115	224
115	225
115	226
115	227
115	228
115	229
115	230
115	231
115	232
115	233
115	234
115	235
115	236
115	237
115	238
115	239
115	240
115	241
116	197
116	198
116	201
116	202
116	209
116	212
116	213
116	214
116	215
116	216
116	217
116	218
116	219
116	220
116	221
116	222
116	223
116	224
116	225
116	226
116	227
116	228
116	229
116	230
116	231
116	232
116	233
116	234
116	235
116	236
116	237
116	238
116	239
116	240
116	241
117	197
117	198
117	201
117	202
117	206
117	207
117	208
117	209
117	210
117	212
117	213
117	214
117	215
117	216
117	217
117	218
117	219
117	220
117	221
117	222
117	223
117	224
117	225
117	226
117	227
117	228
117	229
117	230
117	231
117	232
117	233
117	234
117	235
117	236
117	237
117	238
117	239
117	240
117	241
118	197
118	198
118	210
118	218
118	219
118	220
118	221
118	222
118	223
118	224
118	225
118	226
118	227
118	228
118	229
118	230
118	231
118	232
118	233
118	234
118	235
118	236
118	237
118	239
118	240
118	241
119	197
119	198
119	210
119	218
119	219
119	220
119	221
119	222
119	223
119	224
119	225
119	226
119	227
119	228
119	229
119	230
119	231
119	232
119	233
119	234
119	235
119	236
119	237
119	239
119	240
119	241
120	197
120	198
120	210
120	218
120	219
120	220
120	221
120	224
120	225
120	226
120	227
120	228
120	229
120	230
120	231
120	232
120	233
120	234
120	235
120	236
120	237
120	239
120	240
120	241
121	197
121	198
121	210
121	218
121	219
121	220
121	221
121	224
121	225
121	226
121	227
121	228
121	229
121	230
121	231
121	232
121	233
121	234
121	235
121	236
121	237
121	239
121	240
121	241
122	198
122	218
122	219
122	220
122	221
122	224
122	225
122	226
122	227
122	228
122	229
122	230
122	231
122	232
122	233
122	234
122	235
122	236
122	237
122	240
122	241
123	198
123	219
123	220
123	221
123	224
123	225
123	226
123	227
123	228
123	229
123	230
123	231
123	232
123	233
123	234
123	235
123	236
123	237
123	239
123	240
123	241
124	197
124	198
124	210
124	218
124	219
124	220
124	221
124	222
124	223
124	224
124	225
124	226
124	227
124	228
124	229
124	230
124	231
124	232
124	233
124	234
124	235
124	236
124	237
124	239
124	240
124	241
125	197
125	198
125	210
125	218
125	219
125	220
125	221
125	224
125	225
125	226
125	227
125	228
125	229
125	230
125	231
125	232
125	233
125	234
125	235
125	236
125	237
125	239
125	240
125	241
126	197
126	198
126	210
126	218
126	219
126	220
126	221
126	224
126	225
126	226
126	227
126	228
126	229
126	230
126	231
126	232
126	233
126	234
126	235
126	236
126	237
126	239
126	240
126	241
127	197
127	198
127	210
127	216
127	217
127	218
127	219
127	220
127	221
127	222
127	223
127	224
127	225
127	226
127	227
127	228
127	229
127	230
127	231
127	232
127	233
127	234
127	235
127	236
127	237
127	239
127	240
127	241
128	197
128	198
128	210
128	218
128	219
128	220
128	221
128	222
128	223
128	224
128	225
128	226
128	227
128	228
128	229
128	230
128	231
128	232
128	233
128	234
128	235
128	236
128	237
128	239
128	240
128	241
129	197
129	198
129	216
129	217
129	218
129	219
129	220
129	221
129	222
129	223
129	224
129	225
129	226
129	227
129	228
129	229
129	230
129	231
129	232
129	233
129	234
129	235
129	236
129	237
129	239
129	240
129	241
130	198
130	218
130	219
130	220
130	221
130	224
130	225
130	226
130	227
130	228
130	229
130	230
130	231
130	232
130	233
130	234
130	235
130	236
130	237
130	239
130	240
130	241
131	197
131	198
131	210
131	218
131	219
131	220
131	221
131	224
131	225
131	226
131	227
131	228
131	229
131	230
131	231
131	232
131	233
131	234
131	235
131	236
131	237
131	239
131	240
131	241
132	198
132	218
132	219
132	220
132	221
132	224
132	225
132	226
132	227
132	228
132	229
132	230
132	231
132	232
132	233
132	234
132	235
132	236
132	237
132	239
132	240
132	241
133	198
133	219
133	220
133	221
133	226
133	228
133	229
133	230
133	231
133	232
133	233
133	234
133	235
133	236
133	237
133	239
133	240
133	241
134	198
134	219
134	220
134	221
134	226
134	228
134	229
134	230
134	231
134	232
134	233
134	234
134	235
134	236
134	237
134	239
134	240
134	241
135	198
135	219
135	220
135	221
135	224
135	225
135	226
135	227
135	228
135	229
135	230
135	231
135	232
135	233
135	234
135	235
135	236
135	237
135	240
135	241
136	198
136	219
136	220
136	221
136	224
136	225
136	226
136	227
136	228
136	229
136	230
136	231
136	232
136	233
136	234
136	235
136	236
136	237
136	239
136	240
136	241
137	198
137	219
137	220
137	221
137	226
137	228
137	229
137	230
137	231
137	232
137	233
137	234
137	235
137	236
137	237
137	239
137	240
137	241
138	198
138	219
138	220
138	221
138	226
138	228
138	229
138	230
138	231
138	232
138	233
138	234
138	235
138	236
138	237
138	239
138	240
138	241
139	198
139	219
139	220
139	221
139	226
139	228
139	229
139	230
139	231
139	232
139	233
139	234
139	235
139	236
139	237
139	239
139	240
139	241
140	198
140	219
140	220
140	221
140	226
140	228
140	229
140	230
140	231
140	232
140	233
140	234
140	235
140	236
140	237
140	239
140	240
140	241
141	198
141	219
141	220
141	221
141	226
141	228
141	229
141	230
141	231
141	232
141	233
141	234
141	235
141	236
141	237
141	240
141	241
142	198
142	219
142	220
142	221
142	226
142	228
142	229
142	230
142	231
142	232
142	233
142	234
142	235
142	236
142	237
142	239
142	240
142	241
143	198
143	219
143	220
143	221
143	226
143	228
143	229
143	230
143	231
143	232
143	233
143	234
143	235
143	236
143	237
143	239
143	240
143	241
144	198
144	219
144	220
144	221
144	226
144	228
144	229
144	230
144	231
144	232
144	233
144	234
144	235
144	236
144	237
144	239
144	240
144	241
145	198
145	219
145	220
145	221
145	226
145	228
145	229
145	230
145	231
145	232
145	233
145	234
145	235
145	236
145	237
145	240
145	241
146	198
146	219
146	220
146	221
146	224
146	225
146	226
146	227
146	228
146	229
146	230
146	231
146	232
146	233
146	234
146	235
146	236
146	237
146	239
146	240
146	241
147	198
147	219
147	220
147	221
147	226
147	228
147	229
147	230
147	231
147	232
147	233
147	234
147	235
147	236
147	237
147	239
147	240
147	241
148	198
148	219
148	220
148	221
148	226
148	228
148	229
148	230
148	231
148	232
148	233
148	234
148	235
148	236
148	237
148	239
148	240
148	241
149	219
149	220
149	221
149	226
149	228
149	229
149	230
149	231
149	232
149	233
149	234
149	235
149	236
149	237
149	240
149	241
150	198
150	218
150	219
150	220
150	221
150	223
150	224
150	225
150	226
150	227
150	228
150	229
150	230
150	231
150	232
150	233
150	234
150	235
150	236
150	237
150	239
150	240
150	241
151	197
151	198
151	218
151	219
151	220
151	221
151	224
151	225
151	226
151	227
151	228
151	229
151	230
151	231
151	232
151	233
151	234
151	235
151	236
151	237
151	239
151	240
151	241
152	198
152	218
152	219
152	220
152	221
152	224
152	225
152	226
152	227
152	228
152	229
152	230
152	231
152	232
152	233
152	234
152	235
152	236
152	237
152	240
152	241
153	198
153	216
153	217
153	218
153	219
153	220
153	221
153	222
153	223
153	224
153	225
153	226
153	227
153	228
153	229
153	230
153	231
153	232
153	233
153	234
153	235
153	236
153	237
153	239
153	240
153	241
154	198
154	216
154	217
154	218
154	219
154	220
154	221
154	222
154	223
154	224
154	225
154	226
154	227
154	228
154	229
154	230
154	231
154	232
154	233
154	234
154	235
154	236
154	237
154	238
154	239
154	240
154	241
155	218
155	219
155	220
155	221
155	224
155	225
155	226
155	227
155	228
155	229
155	230
155	231
155	232
155	233
155	234
155	235
155	236
155	237
155	239
155	240
155	241
156	219
156	220
156	221
156	226
156	228
156	229
156	230
156	231
156	232
156	233
156	234
156	235
156	236
156	237
156	240
156	241
157	198
157	218
157	219
157	220
157	221
157	224
157	225
157	226
157	227
157	228
157	229
157	230
157	231
157	232
157	233
157	234
157	235
157	236
157	237
157	240
157	241
158	198
158	218
158	219
158	220
158	221
158	224
158	225
158	226
158	227
158	228
158	229
158	230
158	231
158	232
158	233
158	234
158	235
158	236
158	237
158	239
158	240
158	241
159	198
159	219
159	220
159	221
159	226
159	228
159	229
159	230
159	231
159	232
159	233
159	234
159	235
159	236
159	237
159	240
159	241
160	198
160	218
160	219
160	220
160	221
160	224
160	225
160	226
160	227
160	228
160	229
160	230
160	231
160	232
160	233
160	234
160	235
160	236
160	237
160	240
160	241
161	198
161	219
161	220
161	221
161	224
161	225
161	226
161	227
161	228
161	229
161	230
161	231
161	232
161	233
161	234
161	235
161	236
161	237
161	240
161	241
162	198
162	218
162	219
162	220
162	221
162	222
162	223
162	224
162	225
162	226
162	227
162	228
162	229
162	230
162	231
162	232
162	233
162	234
162	235
162	236
162	237
162	238
162	239
162	240
162	241
163	198
163	218
163	219
163	220
163	221
163	222
163	223
163	224
163	225
163	226
163	227
163	228
163	229
163	230
163	231
163	232
163	233
163	234
163	235
163	236
163	237
163	239
163	240
163	241
164	197
164	198
164	218
164	219
164	220
164	221
164	222
164	223
164	224
164	225
164	226
164	227
164	228
164	229
164	230
164	231
164	232
164	233
164	234
164	235
164	236
164	237
164	239
164	240
164	241
165	198
165	218
165	219
165	220
165	221
165	224
165	225
165	226
165	227
165	228
165	229
165	230
165	231
165	232
165	233
165	234
165	235
165	236
165	237
165	239
165	240
165	241
166	219
166	220
166	221
166	226
166	228
166	229
166	230
166	231
166	232
166	233
166	234
166	235
166	236
166	237
166	239
166	240
166	241
167	219
167	220
167	221
167	226
167	228
167	229
167	230
167	231
167	232
167	233
167	234
167	235
167	236
167	237
167	239
167	240
167	241
168	197
168	198
168	219
168	220
168	221
168	224
168	225
168	226
168	227
168	228
168	229
168	230
168	231
168	232
168	233
168	234
168	235
168	236
168	237
168	239
168	240
168	241
169	198
169	218
169	219
169	220
169	221
169	224
169	225
169	226
169	227
169	228
169	229
169	230
169	231
169	232
169	233
169	234
169	235
169	236
169	237
169	239
169	240
169	241
170	197
170	198
170	210
170	218
170	219
170	220
170	221
170	222
170	223
170	224
170	225
170	226
170	227
170	228
170	229
170	230
170	231
170	232
170	233
170	234
170	235
170	236
170	237
170	239
170	240
170	241
171	197
171	198
171	218
171	219
171	220
171	221
171	222
171	223
171	224
171	225
171	226
171	227
171	228
171	229
171	230
171	231
171	232
171	233
171	234
171	235
171	236
171	237
171	239
171	240
171	241
172	198
172	218
172	219
172	220
172	221
172	224
172	225
172	226
172	227
172	228
172	229
172	230
172	231
172	232
172	233
172	234
172	235
172	236
172	237
172	239
172	240
172	241
173	198
173	218
173	219
173	220
173	221
173	224
173	225
173	226
173	227
173	228
173	229
173	230
173	231
173	232
173	233
173	234
173	235
173	236
173	237
173	239
173	240
173	241
174	198
174	218
174	219
174	220
174	221
174	222
174	223
174	224
174	225
174	226
174	227
174	228
174	229
174	230
174	231
174	232
174	233
174	234
174	235
174	236
174	237
174	239
174	240
174	241
175	198
175	218
175	219
175	220
175	221
175	224
175	225
175	226
175	227
175	228
175	229
175	230
175	231
175	232
175	233
175	234
175	235
175	236
175	237
175	240
175	241
176	198
176	218
176	219
176	220
176	221
176	224
176	225
176	226
176	227
176	228
176	229
176	230
176	231
176	232
176	233
176	234
176	235
176	236
176	237
176	239
176	240
176	241
177	198
177	218
177	219
177	220
177	221
177	222
177	223
177	224
177	225
177	226
177	227
177	228
177	229
177	230
177	231
177	232
177	233
177	234
177	235
177	236
177	237
177	239
177	240
177	241
178	197
178	198
178	216
178	217
178	218
178	219
178	220
178	221
178	222
178	223
178	224
178	225
178	226
178	227
178	228
178	229
178	230
178	231
178	232
178	233
178	234
178	235
178	236
178	237
178	239
178	240
178	241
179	198
179	218
179	219
179	220
179	221
179	224
179	225
179	226
179	227
179	228
179	229
179	230
179	231
179	232
179	233
179	234
179	235
179	236
179	237
179	239
179	240
179	241
180	197
180	198
180	216
180	217
180	218
180	219
180	220
180	221
180	222
180	223
180	224
180	225
180	226
180	227
180	228
180	229
180	230
180	231
180	232
180	233
180	234
180	235
180	236
180	237
180	239
180	240
180	241
181	197
181	198
181	218
181	219
181	220
181	221
181	222
181	223
181	224
181	225
181	226
181	227
181	228
181	229
181	230
181	231
181	232
181	233
181	234
181	235
181	236
181	237
181	239
181	240
181	241
182	198
182	218
182	219
182	220
182	221
182	224
182	225
182	226
182	227
182	228
182	229
182	230
182	231
182	232
182	233
182	234
182	235
182	236
182	237
182	239
182	240
182	241
183	197
183	198
183	218
183	219
183	220
183	221
183	222
183	223
183	224
183	225
183	226
183	227
183	228
183	229
183	230
183	231
183	232
183	233
183	234
183	235
183	236
183	237
183	239
183	240
183	241
184	198
184	218
184	219
184	220
184	221
184	224
184	225
184	226
184	227
184	228
184	229
184	230
184	231
184	232
184	233
184	234
184	235
184	236
184	237
184	240
184	241
185	197
185	198
185	218
185	219
185	220
185	221
185	222
185	223
185	224
185	225
185	226
185	227
185	228
185	229
185	230
185	231
185	232
185	233
185	234
185	235
185	236
185	237
185	239
185	240
185	241
186	198
186	218
186	219
186	220
186	221
186	224
186	225
186	226
186	227
186	228
186	229
186	230
186	231
186	232
186	233
186	234
186	235
186	236
186	237
186	239
186	240
186	241
187	218
187	219
187	220
187	221
187	224
187	225
187	226
187	227
187	228
187	229
187	230
187	231
187	232
187	233
187	234
187	235
187	236
187	237
187	239
187	240
187	241
188	219
188	220
188	221
188	226
188	228
188	229
188	230
188	231
188	232
188	233
188	234
188	235
188	236
188	237
188	240
188	241
189	198
189	219
189	220
189	221
189	224
189	225
189	226
189	227
189	228
189	229
189	230
189	231
189	232
189	233
189	234
189	235
189	236
189	237
189	238
189	239
189	240
189	241
190	198
190	218
190	219
190	220
190	221
190	222
190	223
190	224
190	225
190	226
190	227
190	228
190	229
190	230
190	231
190	232
190	233
190	234
190	235
190	236
190	237
190	238
190	239
190	240
190	241
191	197
191	198
191	201
191	202
191	209
191	212
191	213
191	214
191	215
191	216
191	217
191	218
191	219
191	220
191	221
191	222
191	223
191	224
191	225
191	226
191	227
191	228
191	229
191	230
191	231
191	232
191	233
191	234
191	235
191	236
191	237
191	238
191	239
191	240
191	241
192	198
192	201
192	202
192	209
192	210
192	212
192	216
192	217
192	218
192	219
192	220
192	221
192	222
192	223
192	224
192	225
192	226
192	227
192	228
192	229
192	230
192	231
192	232
192	233
192	234
192	235
192	236
192	237
192	238
192	239
192	240
192	241
193	219
193	220
193	221
193	226
193	228
193	229
193	230
193	231
193	232
193	233
193	234
193	235
193	236
193	237
193	240
193	241
194	219
194	220
194	221
194	226
194	228
194	229
194	230
194	231
194	232
194	233
194	234
194	235
194	236
194	237
194	240
194	241
195	198
195	219
195	220
195	221
195	226
195	228
195	229
195	230
195	231
195	232
195	233
195	234
195	235
195	236
195	237
195	240
195	241
196	219
196	220
196	221
196	226
196	228
196	229
196	230
196	231
196	232
196	233
196	234
196	235
196	236
196	237
196	240
196	241
197	210
197	217
197	218
197	219
197	220
197	221
197	224
197	225
197	226
197	227
197	228
197	229
197	230
197	231
197	232
197	233
197	234
197	235
197	236
197	237
197	240
197	241
198	199
198	201
198	203
198	208
198	209
198	210
198	211
198	212
198	213
198	215
198	216
198	217
198	218
198	219
198	220
198	221
198	222
198	223
198	224
198	225
198	226
198	227
198	228
198	229
198	230
198	231
198	232
198	233
198	234
198	235
198	236
198	237
198	239
198	240
198	241
199	218
199	219
199	220
199	221
199	224
199	225
199	226
199	227
199	228
199	229
199	230
199	231
199	232
199	233
199	234
199	235
199	236
199	237
199	239
199	240
199	241
200	219
200	220
200	221
200	226
200	228
200	229
200	230
200	231
200	232
200	233
200	234
200	235
200	236
200	237
200	240
200	241
201	219
201	220
201	221
201	226
201	228
201	229
201	230
201	231
201	232
201	233
201	234
201	235
201	236
201	237
201	239
201	240
201	241
202	219
202	220
202	221
202	226
202	228
202	229
202	230
202	231
202	232
202	233
202	234
202	235
202	236
202	237
202	240
202	241
203	218
203	219
203	220
203	221
203	224
203	225
203	226
203	227
203	228
203	229
203	230
203	231
203	232
203	233
203	234
203	235
203	236
203	237
203	240
203	241
204	219
204	220
204	221
204	226
204	228
204	229
204	230
204	231
204	232
204	233
204	234
204	235
204	236
204	237
204	240
204	241
205	219
205	220
205	221
205	226
205	228
205	229
205	230
205	231
205	232
205	233
205	234
205	235
205	236
205	237
205	240
205	241
206	218
206	219
206	220
206	221
206	226
206	228
206	229
206	230
206	231
206	232
206	233
206	234
206	235
206	236
206	237
206	240
206	241
207	219
207	220
207	221
207	226
207	228
207	229
207	230
207	231
207	232
207	233
207	234
207	235
207	236
207	237
207	240
207	241
208	219
208	220
208	221
208	226
208	228
208	229
208	230
208	231
208	232
208	233
208	234
208	235
208	236
208	237
208	240
208	241
209	219
209	220
209	221
209	226
209	228
209	229
209	230
209	231
209	232
209	233
209	234
209	235
209	236
209	237
209	239
209	240
209	241
210	219
210	220
210	221
210	226
210	228
210	229
210	230
210	231
210	232
210	233
210	234
210	235
210	236
210	237
210	239
210	240
210	241
211	219
211	220
211	221
211	226
211	228
211	229
211	230
211	231
211	232
211	233
211	234
211	235
211	236
211	237
211	240
211	241
212	219
212	220
212	221
212	226
212	228
212	229
212	230
212	231
212	232
212	233
212	234
212	235
212	236
212	237
212	239
212	240
212	241
213	219
213	220
213	221
213	226
213	228
213	229
213	230
213	231
213	232
213	233
213	234
213	235
213	236
213	237
213	240
213	241
214	219
214	220
214	221
214	226
214	228
214	229
214	230
214	231
214	232
214	233
214	234
214	235
214	236
214	237
214	240
214	241
215	219
215	220
215	221
215	226
215	228
215	229
215	230
215	231
215	232
215	233
215	234
215	235
215	236
215	237
215	240
215	241
216	219
216	220
216	221
216	226
216	228
216	229
216	230
216	231
216	232
216	233
216	234
216	235
216	236
216	237
216	239
216	240
216	241
217	219
217	220
217	221
217	226
217	228
217	229
217	230
217	231
217	232
217	233
217	234
217	235
217	236
217	237
217	239
217	240
217	241
218	219
218	220
218	221
218	224
218	225
218	226
218	227
218	228
218	229
218	230
218	231
218	232
218	233
218	234
218	235
218	236
218	237
218	238
218	239
218	240
218	241
219	221
219	222
219	223
219	224
219	225
219	226
219	227
219	228
219	229
219	230
219	231
219	232
219	233
219	234
219	235
219	236
219	237
219	238
219	239
219	240
219	241
220	221
220	222
220	223
220	224
220	225
220	226
220	227
220	228
220	229
220	230
220	231
220	232
220	233
220	234
220	235
220	236
220	237
220	238
220	239
220	240
220	241
221	222
221	223
221	224
221	225
221	227
221	228
221	229
221	230
221	231
221	232
221	233
221	234
221	235
221	236
221	237
221	238
221	239
221	240
221	241
222	226
222	228
222	229
222	230
222	231
222	232
222	233
222	234
222	235
222	236
222	237
222	239
222	240
222	241
223	226
223	228
223	229
223	230
223	231
223	232
223	233
223	234
223	235
223	236
223	237
223	239
223	240
223	241
224	226
224	228
224	229
224	230
224	231
224	232
224	233
224	234
224	235
224	236
224	237
224	238
224	239
224	240
224	241
225	226
225	228
225	229
225	230
225	231
225	232
225	233
225	234
225	235
225	236
225	237
225	238
225	239
225	240
225	241
226	227
226	228
226	229
226	230
226	231
226	232
226	233
226	234
226	235
226	236
226	237
226	238
226	239
226	240
226	241
227	228
227	229
227	230
227	231
227	232
227	233
227	234
227	235
227	236
227	237
227	238
227	239
227	240
227	241
228	230
228	231
228	232
228	233
228	234
228	235
228	236
228	237
228	238
228	239
228	240
228	241
229	230
229	231
229	232
229	233
229	234
229	235
229	236
229	237
229	238
229	239
229	240
229	241
230	231
230	232
230	233
230	234
230	235
230	236
230	237
230	238
230	239
230	240
230	241
231	235
231	236
231	237
231	238
231	239
231	240
231	241
232	235
232	236
232	237
232	238
232	239
232	240
232	241
233	235
233	236
233	237
233	238
233	239
233	240
233	241
234	235
234	236
234	237
234	238
234	239
234	240
234	241
235	236
235	237
235	238
235	239
235	240
235	241
236	238
236	239
237	238
237	239
238	240
238	241
239	240
239	241