161	4234
1	59
1	68
1	72
1	73
1	75
1	77
1	78
1	79
1	80
1	81
1	82
1	83
1	84
1	86
1	87
1	89
1	90
1	91
1	92
1	93
1	94
1	95
1	96
1	97
1	99
1	103
1	106
1	108
1	109
1	110
1	112
1	113
1	114
1	117
1	118
1	119
1	121
1	124
1	125
1	126
1	127
1	128
1	129
1	130
1	131
1	132
1	133
1	134
1	135
1	136
1	137
1	138
1	139
1	140
1	141
1	142
1	143
1	144
1	145
1	146
1	147
1	148
1	149
1	150
1	151
1	152
1	153
1	154
1	155
1	156
1	157
1	158
1	159
1	160
1	161
2	59
2	68
2	72
2	73
2	75
2	117
2	126
2	131
2	132
2	134
2	136
2	137
2	138
2	139
2	141
2	142
2	143
2	144
2	145
2	146
2	147
2	148
2	149
2	150
2	151
2	152
2	153
2	154
2	155
2	156
2	157
2	158
2	159
2	160
2	161
3	59
3	68
3	72
3	73
3	75
3	77
3	78
3	79
3	80
3	81
3	82
3	83
3	84
3	86
3	87
3	89
3	90
3	91
3	92
3	93
3	94
3	95
3	96
3	97
3	99
3	103
3	106
3	108
3	109
3	110
3	112
3	113
3	114
3	117
3	118
3	119
3	121
3	124
3	125
3	126
3	127
3	128
3	129
3	130
3	131
3	132
3	133
3	134
3	135
3	136
3	137
3	138
3	139
3	140
3	141
3	142
3	143
3	144
3	145
3	146
3	147
3	148
3	149
3	150
3	151
3	152
3	153
3	154
3	155
3	156
3	157
3	158
3	159
3	160
3	161
4	59
4	68
4	72
4	73
4	75
4	77
4	78
4	79
4	80
4	81
4	82
4	83
4	84
4	86
4	87
4	89
4	90
4	91
4	92
4	93
4	94
4	95
4	96
4	97
4	99
4	103
4	106
4	108
4	109
4	110
4	112
4	113
4	114
4	117
4	118
4	119
4	121
4	124
4	125
4	126
4	127
4	128
4	129
4	130
4	131
4	132
4	133
4	134
4	135
4	136
4	137
4	138
4	139
4	140
4	141
4	142
4	143
4	144
4	145
4	146
4	147
4	148
4	149
4	150
4	151
4	152
4	153
4	154
4	155
4	156
4	157
4	158
4	159
4	160
4	161
5	59
5	68
5	72
5	73
5	75
5	77
5	78
5	79
5	80
5	81
5	82
5	83
5	84
5	86
5	87
5	89
5	90
5	91
5	92
5	93
5	94
5	95
5	96
5	97
5	99
5	103
5	106
5	108
5	109
5	110
5	112
5	113
5	114
5	117
5	118
5	119
5	121
5	124
5	125
5	126
5	127
5	128
5	129
5	130
5	131
5	132
5	133
5	134
5	135
5	136
5	137
5	138
5	139
5	140
5	141
5	142
5	143
5	144
5	145
5	146
5	147
5	148
5	149
5	150
5	151
5	152
5	153
5	154
5	155
5	156
5	157
5	158
5	159
5	160
5	161
6	59
6	68
6	72
6	73
6	75
6	117
6	126
6	131
6	132
6	134
6	136
6	137
6	138
6	139
6	141
6	142
6	143
6	144
6	145
6	146
6	147
6	148
6	149
6	150
6	151
6	152
6	153
6	154
6	155
6	156
6	157
6	158
6	159
6	160
6	161
7	59
7	68
7	72
7	73
7	75
7	117
7	126
7	131
7	132
7	134
7	136
7	137
7	138
7	139
7	141
7	142
7	143
7	144
7	145
7	146
7	147
7	148
7	149
7	150
7	151
7	152
7	153
7	154
7	155
7	156
7	157
7	158
7	159
7	160
7	161
8	59
8	68
8	72
8	73
8	75
8	117
8	126
8	131
8	132
8	134
8	136
8	137
8	138
8	139
8	141
8	142
8	143
8	144
8	145
8	146
8	147
8	148
8	149
8	150
8	151
8	152
8	153
8	154
8	155
8	156
8	157
8	158
8	159
8	160
8	161
9	59
9	68
9	72
9	73
9	75
9	117
9	126
9	131
9	132
9	134
9	136
9	137
9	138
9	139
9	141
9	142
9	143
9	144
9	145
9	146
9	147
9	148
9	149
9	150
9	151
9	152
9	153
9	154
9	155
9	156
9	157
9	158
9	159
9	160
9	161
10	59
10	68
10	72
10	73
10	75
10	82
10	117
10	125
10	126
10	127
10	131
10	132
10	134
10	136
10	137
10	138
10	139
10	140
10	141
10	142
10	143
10	144
10	145
10	146
10	147
10	148
10	149
10	150
10	151
10	152
10	153
10	154
10	155
10	156
10	157
10	158
10	159
10	160
10	161
11	59
11	68
11	72
11	117
11	132
11	134
11	136
11	137
11	138
11	139
11	141
11	142
11	144
11	145
11	146
11	147
11	148
11	149
11	150
11	152
11	153
11	154
11	155
11	156
11	157
11	158
11	159
11	160
11	161
12	59
12	68
12	72
12	117
12	132
12	134
12	136
12	137
12	138
12	139
12	141
12	142
12	143
12	144
12	145
12	146
12	147
12	148
12	149
12	150
12	151
12	152
12	153
12	154
12	155
12	156
12	157
12	158
12	159
12	160
12	161
13	59
13	68
13	72
13	73
13	75
13	117
13	126
13	131
13	132
13	134
13	136
13	137
13	138
13	139
13	141
13	142
13	143
13	144
13	145
13	146
13	147
13	148
13	149
13	150
13	151
13	152
13	153
13	154
13	155
13	156
13	157
13	158
13	159
13	160
13	161
14	59
14	68
14	72
14	73
14	75
14	117
14	126
14	131
14	132
14	134
14	136
14	137
14	138
14	139
14	141
14	142
14	143
14	144
14	145
14	146
14	147
14	148
14	149
14	150
14	151
14	152
14	153
14	154
14	155
14	156
14	157
14	158
14	159
14	160
14	161
15	59
15	68
15	72
15	73
15	75
15	117
15	126
15	131
15	132
15	134
15	136
15	137
15	138
15	139
15	141
15	142
15	143
15	144
15	145
15	146
15	147
15	148
15	149
15	150
15	151
15	152
15	153
15	154
15	155
15	156
15	157
15	158
15	159
15	160
15	161
16	59
16	68
16	72
16	117
16	132
16	134
16	136
16	137
16	138
16	139
16	141
16	142
16	144
16	145
16	146
16	147
16	148
16	149
16	150
16	152
16	153
16	154
16	155
16	156
16	157
16	158
16	159
16	160
16	161
17	59
17	68
17	72
17	73
17	75
17	77
17	78
17	79
17	80
17	81
17	82
17	83
17	84
17	86
17	87
17	89
17	90
17	91
17	92
17	93
17	94
17	95
17	96
17	97
17	99
17	103
17	106
17	108
17	109
17	110
17	112
17	113
17	114
17	117
17	118
17	119
17	121
17	124
17	125
17	126
17	127
17	128
17	129
17	130
17	131
17	132
17	133
17	134
17	135
17	136
17	137
17	138
17	139
17	140
17	141
17	142
17	143
17	144
17	145
17	146
17	147
17	148
17	149
17	150
17	151
17	152
17	153
17	154
17	155
17	156
17	157
17	158
17	159
17	160
17	161
18	59
18	68
18	72
18	73
18	75
18	117
18	126
18	131
18	132
18	134
18	136
18	137
18	138
18	139
18	141
18	142
18	143
18	144
18	145
18	146
18	147
18	148
18	149
18	150
18	151
18	152
18	153
18	154
18	155
18	156
18	157
18	158
18	159
18	160
18	161
19	59
19	68
19	72
19	73
19	75
19	77
19	78
19	79
19	80
19	81
19	82
19	83
19	84
19	86
19	87
19	89
19	90
19	91
19	92
19	93
19	94
19	95
19	96
19	97
19	99
19	103
19	106
19	108
19	109
19	110
19	112
19	113
19	114
19	117
19	118
19	119
19	121
19	124
19	125
19	126
19	127
19	128
19	129
19	130
19	131
19	132
19	133
19	134
19	135
19	136
19	137
19	138
19	139
19	140
19	141
19	142
19	143
19	144
19	145
19	146
19	147
19	148
19	149
19	150
19	151
19	152
19	153
19	154
19	155
19	156
19	157
19	158
19	159
19	160
19	161
20	59
20	68
20	72
20	117
20	132
20	134
20	136
20	137
20	138
20	139
20	141
20	142
20	143
20	144
20	145
20	146
20	147
20	148
20	149
20	150
20	151
20	152
20	153
20	154
20	155
20	156
20	157
20	158
20	159
20	160
20	161
21	59
21	68
21	72
21	73
21	75
21	77
21	78
21	79
21	80
21	81
21	82
21	83
21	84
21	86
21	87
21	89
21	90
21	91
21	92
21	93
21	94
21	95
21	96
21	97
21	99
21	103
21	106
21	108
21	109
21	110
21	112
21	113
21	114
21	117
21	118
21	119
21	121
21	124
21	125
21	126
21	127
21	128
21	129
21	130
21	131
21	132
21	133
21	134
21	135
21	136
21	137
21	138
21	139
21	140
21	141
21	142
21	143
21	144
21	145
21	146
21	147
21	148
21	149
21	150
21	151
21	152
21	153
21	154
21	155
21	156
21	157
21	158
21	159
21	160
21	161
22	59
22	68
22	72
22	73
22	75
22	117
22	126
22	131
22	132
22	134
22	136
22	137
22	138
22	139
22	141
22	142
22	143
22	144
22	145
22	146
22	147
22	148
22	149
22	150
22	151
22	152
22	153
22	154
22	155
22	156
22	157
22	158
22	159
22	160
22	161
23	59
23	68
23	72
23	117
23	132
23	134
23	136
23	137
23	138
23	139
23	141
23	142
23	144
23	145
23	146
23	147
23	148
23	149
23	150
23	152
23	153
23	154
23	155
23	156
23	157
23	158
23	159
23	160
23	161
24	59
24	68
24	72
24	117
24	132
24	134
24	136
24	137
24	138
24	139
24	141
24	142
24	144
24	145
24	146
24	147
24	148
24	149
24	150
24	152
24	153
24	154
24	155
24	156
24	157
24	158
24	159
24	160
24	161
25	59
25	68
25	117
25	132
25	136
25	137
25	138
25	139
25	141
25	142
25	144
25	145
25	146
25	147
25	148
25	149
25	150
25	152
25	153
25	154
25	155
25	156
25	157
25	158
25	159
25	160
25	161
26	59
26	68
26	72
26	117
26	132
26	134
26	136
26	137
26	138
26	139
26	141
26	142
26	144
26	145
26	146
26	147
26	148
26	149
26	150
26	152
26	153
26	154
26	155
26	156
26	157
26	158
26	159
26	160
26	161
27	59
27	68
27	72
27	117
27	132
27	134
27	136
27	137
27	138
27	139
27	141
27	142
27	144
27	145
27	146
27	147
27	148
27	149
27	150
27	152
27	153
27	154
27	155
27	156
27	157
27	158
27	159
27	160
27	161
28	59
28	68
28	72
28	117
28	132
28	134
28	136
28	137
28	138
28	139
28	141
28	142
28	144
28	145
28	146
28	147
28	148
28	149
28	150
28	152
28	153
28	154
28	155
28	156
28	157
28	158
28	159
28	160
28	161
29	59
29	68
29	72
29	117
29	132
29	134
29	136
29	137
29	138
29	139
29	141
29	142
29	144
29	145
29	146
29	147
29	148
29	149
29	150
29	152
29	153
29	154
29	155
29	156
29	157
29	158
29	159
29	160
29	161
30	59
30	68
30	72
30	117
30	132
30	134
30	136
30	137
30	138
30	139
30	141
30	142
30	144
30	145
30	146
30	147
30	148
30	149
30	150
30	152
30	153
30	154
30	155
30	156
30	157
30	158
30	159
30	160
30	161
31	59
31	68
31	72
31	117
31	132
31	134
31	136
31	137
31	138
31	139
31	141
31	142
31	143
31	144
31	145
31	146
31	147
31	148
31	149
31	150
31	151
31	152
31	153
31	154
31	155
31	156
31	157
31	158
31	159
31	160
31	161
32	59
32	68
32	72
32	117
32	132
32	134
32	136
32	137
32	138
32	139
32	141
32	142
32	144
32	145
32	146
32	147
32	148
32	149
32	150
32	152
32	153
32	154
32	155
32	156
32	157
32	158
32	159
32	160
32	161
33	59
33	68
33	72
33	117
33	132
33	134
33	136
33	137
33	138
33	139
33	141
33	142
33	144
33	145
33	146
33	147
33	148
33	149
33	150
33	152
33	153
33	154
33	155
33	156
33	157
33	158
33	159
33	160
33	161
34	59
34	68
34	72
34	117
34	132
34	134
34	136
34	137
34	138
34	139
34	141
34	142
34	144
34	145
34	146
34	147
34	148
34	149
34	150
34	152
34	153
34	154
34	155
34	156
34	157
34	158
34	159
34	160
34	161
35	59
35	68
35	72
35	117
35	132
35	134
35	136
35	137
35	138
35	139
35	141
35	142
35	144
35	145
35	146
35	147
35	148
35	149
35	150
35	152
35	153
35	154
35	155
35	156
35	157
35	158
35	159
35	160
35	161
36	59
36	68
36	72
36	117
36	132
36	134
36	136
36	137
36	138
36	139
36	141
36	142
36	144
36	145
36	146
36	147
36	148
36	149
36	150
36	152
36	153
36	154
36	155
36	156
36	157
36	158
36	159
36	160
36	161
37	59
37	68
37	72
37	117
37	132
37	134
37	136
37	137
37	138
37	139
37	141
37	142
37	144
37	145
37	146
37	147
37	148
37	149
37	150
37	152
37	153
37	154
37	155
37	156
37	157
37	158
37	159
37	160
37	161
38	59
38	68
38	72
38	117
38	132
38	134
38	136
38	137
38	138
38	139
38	141
38	142
38	144
38	145
38	146
38	147
38	148
38	149
38	150
38	152
38	153
38	154
38	155
38	156
38	157
38	158
38	159
38	160
38	161
39	59
39	68
39	72
39	117
39	132
39	134
39	136
39	137
39	138
39	139
39	141
39	142
39	144
39	145
39	146
39	147
39	148
39	149
39	150
39	152
39	153
39	154
39	155
39	156
39	157
39	158
39	159
39	160
39	161
40	59
40	68
40	72
40	117
40	132
40	134
40	136
40	137
40	138
40	139
40	141
40	142
40	144
40	145
40	146
40	147
40	148
40	149
40	150
40	152
40	153
40	154
40	155
40	156
40	157
40	158
40	159
40	160
40	161
41	59
41	68
41	72
41	117
41	132
41	134
41	136
41	137
41	138
41	139
41	141
41	142
41	144
41	145
41	146
41	147
41	148
41	149
41	150
41	152
41	153
41	154
41	155
41	156
41	157
41	158
41	159
41	160
41	161
42	59
42	68
42	72
42	117
42	132
42	134
42	136
42	137
42	138
42	139
42	141
42	142
42	144
42	145
42	146
42	147
42	148
42	149
42	150
42	152
42	153
42	154
42	155
42	156
42	157
42	158
42	159
42	160
42	161
43	59
43	68
43	72
43	117
43	132
43	134
43	136
43	137
43	138
43	139
43	141
43	142
43	144
43	145
43	146
43	147
43	148
43	149
43	150
43	152
43	153
43	154
43	155
43	156
43	157
43	158
43	159
43	160
43	161
44	59
44	68
44	117
44	132
44	136
44	137
44	138
44	139
44	141
44	144
44	146
44	147
44	148
44	149
44	152
44	153
44	154
44	155
44	156
44	157
44	158
44	159
44	160
44	161
45	59
45	68
45	117
45	132
45	134
45	136
45	137
45	138
45	139
45	141
45	142
45	144
45	145
45	146
45	147
45	148
45	149
45	150
45	152
45	153
45	154
45	155
45	156
45	157
45	158
45	159
45	160
45	161
46	59
46	68
46	72
46	117
46	132
46	134
46	136
46	137
46	138
46	139
46	141
46	142
46	144
46	145
46	146
46	147
46	148
46	149
46	150
46	152
46	153
46	154
46	155
46	156
46	157
46	158
46	159
46	160
46	161
47	59
47	68
47	72
47	117
47	132
47	134
47	136
47	137
47	138
47	139
47	141
47	142
47	144
47	145
47	146
47	147
47	148
47	149
47	150
47	152
47	153
47	154
47	155
47	156
47	157
47	158
47	159
47	160
47	161
48	59
48	68
48	72
48	117
48	132
48	134
48	136
48	137
48	138
48	139
48	141
48	142
48	144
48	145
48	146
48	147
48	148
48	149
48	150
48	152
48	153
48	154
48	155
48	156
48	157
48	158
48	159
48	160
48	161
49	59
49	68
49	72
49	117
49	132
49	134
49	136
49	137
49	138
49	139
49	141
49	142
49	144
49	145
49	146
49	147
49	148
49	149
49	150
49	152
49	153
49	154
49	155
49	156
49	157
49	158
49	159
49	160
49	161
50	59
50	68
50	72
50	117
50	132
50	134
50	136
50	137
50	138
50	139
50	141
50	142
50	144
50	145
50	146
50	147
50	148
50	149
50	150
50	152
50	153
50	154
50	155
50	156
50	157
50	158
50	159
50	160
50	161
51	59
51	68
51	72
51	117
51	132
51	134
51	136
51	137
51	138
51	139
51	141
51	142
51	144
51	145
51	146
51	147
51	148
51	149
51	150
51	152
51	153
51	154
51	155
51	156
51	157
51	158
51	159
51	160
51	161
52	59
52	68
52	72
52	73
52	75
52	117
52	126
52	131
52	132
52	134
52	136
52	137
52	138
52	139
52	141
52	142
52	143
52	144
52	145
52	146
52	147
52	148
52	149
52	150
52	151
52	152
52	153
52	154
52	155
52	156
52	157
52	158
52	159
52	160
52	161
53	59
53	68
53	72
53	73
53	75
53	117
53	126
53	131
53	132
53	134
53	136
53	137
53	138
53	139
53	141
53	142
53	143
53	144
53	145
53	146
53	147
53	148
53	149
53	150
53	151
53	152
53	153
53	154
53	155
53	156
53	157
53	158
53	159
53	160
53	161
54	59
54	68
54	72
54	117
54	132
54	134
54	136
54	137
54	138
54	139
54	141
54	142
54	144
54	145
54	146
54	147
54	148
54	149
54	150
54	152
54	153
54	154
54	155
54	156
54	157
54	158
54	159
54	160
54	161
55	59
55	68
55	72
55	73
55	75
55	82
55	117
55	125
55	126
55	127
55	131
55	132
55	134
55	136
55	137
55	138
55	139
55	140
55	141
55	142
55	143
55	144
55	145
55	146
55	147
55	148
55	149
55	150
55	151
55	152
55	153
55	154
55	155
55	156
55	157
55	158
55	159
55	160
55	161
56	59
56	68
56	72
56	117
56	132
56	134
56	136
56	137
56	138
56	139
56	141
56	142
56	143
56	144
56	145
56	146
56	147
56	148
56	149
56	150
56	151
56	152
56	153
56	154
56	155
56	156
56	157
56	158
56	159
56	160
56	161
57	59
57	68
57	72
57	117
57	132
57	134
57	136
57	137
57	138
57	139
57	141
57	142
57	144
57	145
57	146
57	147
57	148
57	149
57	150
57	152
57	153
57	154
57	155
57	156
57	157
57	158
57	159
57	160
57	161
58	59
58	68
58	72
58	73
58	75
58	117
58	126
58	131
58	132
58	134
58	136
58	137
58	138
58	139
58	141
58	142
58	143
58	144
58	145
58	146
58	147
58	148
58	149
58	150
58	151
58	152
58	153
58	154
58	155
58	156
58	157
58	158
58	159
58	160
58	161
59	60
59	61
59	62
59	63
59	64
59	65
59	66
59	67
59	68
59	69
59	70
59	71
59	72
59	73
59	74
59	75
59	76
59	77
59	78
59	79
59	80
59	81
59	82
59	83
59	84
59	85
59	86
59	87
59	88
59	89
59	90
59	91
59	92
59	93
59	94
59	95
59	96
59	97
59	98
59	99
59	100
59	101
59	102
59	103
59	104
59	105
59	106
59	107
59	108
59	109
59	110
59	111
59	112
59	113
59	114
59	115
59	116
59	117
59	118
59	119
59	120
59	121
59	122
59	123
59	124
59	125
59	126
59	127
59	128
59	129
59	130
59	131
59	132
59	133
59	134
59	135
59	136
59	137
59	138
59	139
59	140
59	141
59	142
59	143
59	144
59	145
59	146
59	147
59	148
59	149
59	150
59	151
59	152
59	153
59	154
59	155
59	156
59	157
59	158
59	159
59	160
59	161
60	68
60	72
60	73
60	75
60	117
60	126
60	131
60	132
60	134
60	136
60	137
60	138
60	139
60	141
60	142
60	143
60	144
60	145
60	146
60	147
60	148
60	149
60	150
60	151
60	152
60	153
60	154
60	155
60	156
60	157
60	158
60	159
60	160
60	161
61	68
61	72
61	117
61	132
61	134
61	136
61	137
61	138
61	139
61	141
61	142
61	143
61	144
61	145
61	146
61	147
61	148
61	149
61	150
61	151
61	152
61	153
61	154
61	155
61	156
61	157
61	158
61	159
61	160
61	161
62	68
62	72
62	73
62	75
62	117
62	126
62	131
62	132
62	134
62	136
62	137
62	138
62	139
62	141
62	142
62	143
62	144
62	145
62	146
62	147
62	148
62	149
62	150
62	151
62	152
62	153
62	154
62	155
62	156
62	157
62	158
62	159
62	160
62	161
63	68
63	72
63	75
63	117
63	126
63	131
63	132
63	134
63	136
63	137
63	138
63	139
63	141
63	142
63	143
63	144
63	145
63	146
63	147
63	148
63	149
63	150
63	151
63	152
63	153
63	154
63	155
63	156
63	157
63	158
63	159
63	160
63	161
64	68
64	72
64	73
64	75
64	82
64	117
64	125
64	126
64	127
64	131
64	132
64	134
64	136
64	137
64	138
64	139
64	140
64	141
64	142
64	143
64	144
64	145
64	146
64	147
64	148
64	149
64	150
64	151
64	152
64	153
64	154
64	155
64	156
64	157
64	158
64	159
64	160
64	161
65	68
65	117
65	132
65	136
65	137
65	138
65	139
65	141
65	144
65	146
65	147
65	148
65	149
65	152
65	153
65	154
65	155
65	156
65	157
65	158
65	159
65	160
65	161
66	68
66	117
66	136
66	137
66	138
66	139
66	141
66	144
66	146
66	147
66	148
66	149
66	152
66	153
66	154
66	155
66	156
66	157
66	158
66	159
66	160
66	161
67	68
67	117
67	132
67	136
67	137
67	138
67	139
67	141
67	144
67	146
67	147
67	148
67	149
67	152
67	153
67	154
67	155
67	156
67	157
67	158
67	159
67	160
67	161
68	69
68	70
68	71
68	72
68	73
68	74
68	75
68	76
68	77
68	78
68	79
68	80
68	81
68	82
68	83
68	84
68	85
68	86
68	87
68	88
68	89
68	90
68	91
68	92
68	93
68	94
68	95
68	96
68	97
68	98
68	99
68	100
68	101
68	102
68	103
68	104
68	105
68	106
68	107
68	108
68	109
68	110
68	111
68	112
68	113
68	114
68	115
68	116
68	117
68	118
68	119
68	120
68	121
68	122
68	123
68	124
68	125
68	126
68	127
68	128
68	129
68	130
68	131
68	132
68	133
68	134
68	135
68	136
68	137
68	138
68	139
68	140
68	141
68	142
68	143
68	144
68	145
68	146
68	147
68	148
68	149
68	150
68	151
68	152
68	153
68	154
68	155
68	156
68	157
68	158
68	159
68	160
68	161
69	117
69	132
69	136
69	137
69	138
69	139
69	141
69	144
69	146
69	147
69	148
69	149
69	152
69	153
69	154
69	155
69	156
69	157
69	158
69	159
69	160
69	161
70	117
70	136
70	138
70	139
70	141
70	146
70	147
70	148
70	152
70	153
70	154
70	155
70	156
70	157
70	158
70	159
70	160
70	161
71	117
71	136
71	137
71	138
71	139
71	141
71	144
71	146
71	147
71	148
71	149
71	152
71	153
71	154
71	155
71	156
71	157
71	158
71	159
71	160
71	161
72	117
72	132
72	134
72	136
72	137
72	138
72	139
72	141
72	142
72	143
72	144
72	145
72	146
72	147
72	148
72	149
72	150
72	151
72	152
72	153
72	154
72	155
72	156
72	157
72	158
72	159
72	160
72	161
73	117
73	132
73	136
73	137
73	138
73	139
73	141
73	142
73	144
73	145
73	146
73	147
73	148
73	149
73	150
73	152
73	153
73	154
73	155
73	156
73	157
73	158
73	159
73	160
73	161
74	117
74	136
74	137
74	138
74	139
74	141
74	144
74	146
74	147
74	148
74	149
74	152
74	153
74	154
74	155
74	156
74	157
74	158
74	159
74	160
74	161
75	117
75	132
75	136
75	137
75	138
75	139
75	141
75	142
75	144
75	145
75	146
75	147
75	148
75	149
75	150
75	152
75	153
75	154
75	155
75	156
75	157
75	158
75	159
75	160
75	161
76	117
76	136
76	137
76	138
76	139
76	141
76	144
76	146
76	147
76	148
76	149
76	152
76	153
76	154
76	155
76	156
76	157
76	158
76	159
76	160
76	161
77	117
77	136
77	137
77	138
77	139
77	141
77	144
77	146
77	147
77	148
77	149
77	152
77	153
77	154
77	155
77	156
77	157
77	158
77	159
77	160
77	161
78	117
78	136
78	137
78	138
78	139
78	141
78	144
78	146
78	147
78	148
78	149
78	152
78	153
78	154
78	155
78	156
78	157
78	158
78	159
78	160
78	161
79	117
79	136
79	137
79	138
79	139
79	141
79	144
79	146
79	147
79	148
79	149
79	152
79	153
79	154
79	155
79	156
79	157
79	158
79	159
79	160
79	161
80	117
80	136
80	137
80	138
80	139
80	141
80	144
80	146
80	147
80	148
80	149
80	152
80	153
80	154
80	155
80	156
80	157
80	158
80	159
80	160
80	161
81	117
81	136
81	137
81	138
81	139
81	141
81	144
81	146
81	147
81	148
81	149
81	152
81	153
81	154
81	155
81	156
81	157
81	158
81	159
81	160
81	161
82	117
82	136
82	137
82	138
82	139
82	141
82	144
82	146
82	147
82	148
82	149
82	152
82	153
82	154
82	155
82	156
82	157
82	158
82	159
82	160
82	161
83	117
83	136
83	137
83	138
83	139
83	141
83	144
83	146
83	147
83	148
83	149
83	152
83	153
83	154
83	155
83	156
83	157
83	158
83	159
83	160
83	161
84	117
84	136
84	137
84	138
84	139
84	141
84	144
84	146
84	147
84	148
84	149
84	152
84	153
84	154
84	155
84	156
84	157
84	158
84	159
84	160
84	161
85	117
85	136
85	137
85	138
85	139
85	141
85	144
85	146
85	147
85	148
85	149
85	152
85	153
85	154
85	155
85	156
85	157
85	158
85	159
85	160
85	161
86	117
86	132
86	136
86	137
86	138
86	139
86	141
86	144
86	146
86	147
86	148
86	149
86	152
86	153
86	154
86	155
86	156
86	157
86	158
86	159
86	160
86	161
87	117
87	136
87	137
87	138
87	139
87	141
87	144
87	146
87	147
87	148
87	149
87	152
87	153
87	154
87	155
87	156
87	157
87	158
87	159
87	160
87	161
88	117
88	136
88	138
88	139
88	141
88	146
88	147
88	148
88	152
88	153
88	154
88	155
88	156
88	157
88	158
88	159
88	160
88	161
89	117
89	136
89	137
89	138
89	139
89	141
89	144
89	146
89	147
89	148
89	149
89	152
89	153
89	154
89	155
89	156
89	157
89	158
89	159
89	160
89	161
90	117
90	136
90	137
90	138
90	139
90	141
90	144
90	146
90	147
90	148
90	149
90	152
90	153
90	154
90	155
90	156
90	157
90	158
90	159
90	160
90	161
91	117
91	136
91	137
91	138
91	139
91	141
91	144
91	146
91	147
91	148
91	149
91	152
91	153
91	154
91	155
91	156
91	157
91	158
91	159
91	160
91	161
92	117
92	136
92	137
92	138
92	139
92	141
92	144
92	146
92	147
92	148
92	149
92	152
92	153
92	154
92	155
92	156
92	157
92	158
92	159
92	160
92	161
93	117
93	136
93	137
93	138
93	139
93	141
93	144
93	146
93	147
93	148
93	149
93	152
93	153
93	154
93	155
93	156
93	157
93	158
93	159
93	160
93	161
94	117
94	136
94	137
94	138
94	139
94	141
94	144
94	146
94	147
94	148
94	149
94	152
94	153
94	154
94	155
94	156
94	157
94	158
94	159
94	160
94	161
95	117
95	136
95	137
95	138
95	139
95	141
95	144
95	146
95	147
95	148
95	149
95	152
95	153
95	154
95	155
95	156
95	157
95	158
95	159
95	160
95	161
96	117
96	136
96	137
96	138
96	139
96	141
96	144
96	146
96	147
96	148
96	149
96	152
96	153
96	154
96	155
96	156
96	157
96	158
96	159
96	160
96	161
97	117
97	136
97	137
97	138
97	139
97	141
97	144
97	146
97	147
97	148
97	149
97	152
97	153
97	154
97	155
97	156
97	157
97	158
97	159
97	160
97	161
98	117
98	136
98	137
98	138
98	139
98	141
98	144
98	146
98	147
98	148
98	149
98	152
98	153
98	154
98	155
98	156
98	157
98	158
98	159
98	160
98	161
99	117
99	136
99	137
99	138
99	139
99	141
99	144
99	146
99	147
99	148
99	149
99	152
99	153
99	154
99	155
99	156
99	157
99	158
99	159
99	160
99	161
100	117
100	136
100	137
100	138
100	139
100	141
100	144
100	146
100	147
100	148
100	149
100	152
100	153
100	154
100	155
100	156
100	157
100	158
100	159
100	160
100	161
101	117
101	136
101	138
101	139
101	141
101	146
101	147
101	148
101	152
101	153
101	154
101	155
101	156
101	157
101	158
101	159
101	160
101	161
102	117
102	136
102	138
102	139
102	141
102	146
102	147
102	148
102	152
102	153
102	154
102	155
102	156
102	157
102	158
102	159
102	160
102	161
103	117
103	136
103	137
103	138
103	139
103	141
103	144
103	146
103	147
103	148
103	149
103	152
103	153
103	154
103	155
103	156
103	157
103	158
103	159
103	160
103	161
104	117
104	136
104	137
104	138
104	139
104	141
104	144
104	146
104	147
104	148
104	149
104	152
104	153
104	154
104	155
104	156
104	157
104	158
104	159
104	160
104	161
105	117
105	139
105	141
105	146
105	147
105	148
105	152
105	153
105	154
105	155
105	156
105	157
105	158
105	159
105	160
105	161
106	117
106	136
106	137
106	138
106	139
106	141
106	144
106	146
106	147
106	148
106	149
106	152
106	153
106	154
106	155
106	156
106	157
106	158
106	159
106	160
106	161
107	117
107	136
107	137
107	138
107	139
107	141
107	144
107	146
107	147
107	148
107	149
107	152
107	153
107	154
107	155
107	156
107	157
107	158
107	159
107	160
107	161
108	117
108	136
108	137
108	138
108	139
108	141
108	144
108	146
108	147
108	148
108	149
108	152
108	153
108	154
108	155
108	156
108	157
108	158
108	159
108	160
108	161
109	117
109	136
109	137
109	138
109	139
109	141
109	142
109	144
109	145
109	146
109	147
109	148
109	149
109	150
109	152
109	153
109	154
109	155
109	156
109	157
109	158
109	159
109	160
109	161
110	117
110	136
110	137
110	138
110	139
110	141
110	144
110	146
110	147
110	148
110	149
110	152
110	153
110	154
110	155
110	156
110	157
110	158
110	159
110	160
110	161
111	117
111	136
111	137
111	138
111	139
111	141
111	144
111	146
111	147
111	148
111	149
111	152
111	153
111	154
111	155
111	156
111	157
111	158
111	159
111	160
111	161
112	117
112	132
112	136
112	137
112	138
112	139
112	141
112	142
112	144
112	145
112	146
112	147
112	148
112	149
112	150
112	152
112	153
112	154
112	155
112	156
112	157
112	158
112	159
112	160
112	161
113	117
113	136
113	137
113	138
113	139
113	141
113	144
113	146
113	147
113	148
113	149
113	152
113	153
113	154
113	155
113	156
113	157
113	158
113	159
113	160
113	161
114	117
114	136
114	137
114	138
114	139
114	141
114	144
114	146
114	147
114	148
114	149
114	152
114	153
114	154
114	155
114	156
114	157
114	158
114	159
114	160
114	161
115	117
115	136
115	138
115	139
115	141
115	146
115	147
115	148
115	152
115	153
115	154
115	155
115	156
115	157
115	158
115	159
115	160
115	161
116	117
116	136
116	137
116	138
116	139
116	141
116	144
116	146
116	147
116	148
116	149
116	152
116	153
116	154
116	155
116	156
116	157
116	158
116	159
116	160
116	161
117	118
117	119
117	120
117	121
117	122
117	123
117	124
117	125
117	126
117	127
117	128
117	129
117	130
117	131
117	132
117	133
117	134
117	135
117	136
117	137
117	138
117	139
117	140
117	141
117	142
117	143
117	144
117	145
117	146
117	147
117	148
117	149
117	150
117	151
117	152
117	153
117	154
117	155
117	156
117	157
117	158
117	159
117	160
117	161
118	136
118	137
118	138
118	139
118	141
118	144
118	146
118	147
118	148
118	149
118	152
118	153
118	154
118	155
118	156
118	157
118	158
118	159
118	160
118	161
119	132
119	136
119	138
119	139
119	141
119	146
119	147
119	148
119	152
119	153
119	154
119	155
119	156
119	157
119	158
119	159
119	160
119	161
120	136
120	137
120	138
120	139
120	141
120	144
120	146
120	147
120	148
120	149
120	152
120	153
120	154
120	155
120	156
120	157
120	158
120	159
120	160
120	161
121	136
121	137
121	138
121	139
121	141
121	142
121	144
121	145
121	146
121	147
121	148
121	149
121	150
121	152
121	153
121	154
121	155
121	156
121	157
121	158
121	159
121	160
121	161
122	136
122	137
122	138
122	139
122	141
122	144
122	146
122	147
122	148
122	149
122	152
122	153
122	154
122	155
122	156
122	157
122	158
122	159
122	160
122	161
123	136
123	137
123	138
123	139
123	141
123	144
123	146
123	147
123	148
123	149
123	152
123	153
123	154
123	155
123	156
123	157
123	158
123	159
123	160
123	161
124	132
124	136
124	137
124	138
124	139
124	141
124	142
124	144
124	145
124	146
124	147
124	148
124	149
124	150
124	152
124	153
124	154
124	155
124	156
124	157
124	158
124	159
124	160
124	161
125	136
125	137
125	138
125	139
125	141
125	144
125	146
125	147
125	148
125	149
125	152
125	153
125	154
125	155
125	156
125	157
125	158
125	159
125	160
125	161
126	136
126	137
126	138
126	139
126	141
126	142
126	144
126	145
126	146
126	147
126	148
126	149
126	150
126	152
126	153
126	154
126	155
126	156
126	157
126	158
126	159
126	160
126	161
127	136
127	137
127	138
127	139
127	141
127	144
127	146
127	147
127	148
127	149
127	152
127	153
127	154
127	155
127	156
127	157
127	158
127	159
127	160
127	161
128	136
128	137
128	138
128	139
128	141
128	144
128	146
128	147
128	148
128	149
128	152
128	153
128	154
128	155
128	156
128	157
128	158
128	159
128	160
128	161
129	136
129	137
129	138
129	139
129	141
129	144
129	146
129	147
129	148
129	149
129	152
129	153
129	154
129	155
129	156
129	157
129	158
129	159
129	160
129	161
130	136
130	137
130	138
130	139
130	141
130	144
130	146
130	147
130	148
130	149
130	152
130	153
130	154
130	155
130	156
130	157
130	158
130	159
130	160
130	161
131	136
131	137
131	138
131	139
131	141
131	142
131	144
131	145
131	146
131	147
131	148
131	149
131	150
131	152
131	153
131	154
131	155
131	156
131	157
131	158
131	159
131	160
131	161
132	135
132	136
132	137
132	138
132	139
132	140
132	141
132	142
132	143
132	144
132	145
132	146
132	147
132	148
132	149
132	150
132	151
132	152
132	153
132	154
132	155
132	156
132	157
132	158
132	159
132	160
132	161
133	136
133	137
133	138
133	139
133	141
133	144
133	146
133	147
133	148
133	149
133	152
133	153
133	154
133	155
133	156
133	157
133	158
133	159
133	160
133	161
134	136
134	137
134	138
134	139
134	141
134	142
134	143
134	144
134	145
134	146
134	147
134	148
134	149
134	150
134	151
134	152
134	153
134	154
134	155
134	156
134	157
134	158
134	159
134	160
134	161
135	136
135	137
135	138
135	139
135	141
135	142
135	144
135	145
135	146
135	147
135	148
135	149
135	150
135	152
135	153
135	154
135	155
135	156
135	157
135	158
135	159
135	160
135	161
136	139
136	141
136	146
136	147
136	148
136	152
136	153
136	154
136	155
136	156
136	157
136	158
136	159
136	160
136	161
137	139
137	141
137	146
137	147
137	148
137	152
137	153
137	154
137	155
137	156
137	157
137	158
137	159
137	160
137	161
138	139
138	141
138	146
138	147
138	148
138	152
138	153
138	154
138	155
138	156
138	157
138	158
138	159
138	160
138	161
139	140
139	141
139	142
139	143
139	144
139	145
139	146
139	147
139	148
139	149
139	150
139	151
139	152
139	153
139	154
139	155
139	156
139	157
139	158
139	159
139	160
139	161
140	141
140	146
140	147
140	148
140	152
140	153
140	154
140	155
140	156
140	157
140	158
140	159
140	160
140	161
141	142
141	143
141	144
141	145
141	147
141	148
141	149
141	150
141	151
141	152
141	153
141	154
141	155
141	156
141	157
141	158
141	159
141	160
141	161
142	146
142	147
142	148
142	152
142	153
142	154
142	155
142	156
142	157
142	158
142	159
142	160
142	161
143	146
143	147
143	148
143	152
143	153
143	154
143	155
143	156
143	157
143	158
143	159
143	160
143	161
144	146
144	147
144	148
144	152
144	153
144	154
144	155
144	156
144	157
144	158
144	159
144	160
144	161
145	146
145	147
145	148
145	152
145	153
145	154
145	155
145	156
145	157
145	158
145	159
145	160
145	161
146	147
146	148
146	149
146	150
146	151
146	152
146	153
146	154
146	155
146	156
146	157
146	158
146	159
146	160
146	161
147	149
147	150
147	151
147	152
147	153
147	154
147	155
147	156
147	157
147	158
147	159
147	160
147	161
148	149
148	150
148	151
148	152
148	153
148	154
148	155
148	156
148	157
148	158
148	159
148	160
148	161
149	152
149	153
149	154
149	155
149	156
149	157
149	158
149	159
149	160
149	161
150	152
150	153
150	154
150	155
150	156
150	157
150	158
150	159
150	160
150	161
151	152
151	153
151	154
151	155
151	156
151	157
151	158
151	159
151	160
151	161
152	154
152	155
152	156
152	157
152	158
152	159
152	160
152	161
153	154
153	155
153	156
153	157
153	158
153	159
153	160
153	161
154	156
154	157
154	158
154	160
154	161
155	156
155	157
155	158
155	160
155	161
156	158
156	159
157	158
157	159
158	159
158	160
158	161
159	160
159	161