206	6473
1	7
1	132
1	139
1	151
1	152
1	154
1	167
1	169
1	170
1	171
1	172
1	173
1	174
1	175
1	176
1	178
1	179
1	180
1	181
1	182
1	183
1	184
1	185
1	186
1	187
1	188
1	189
1	190
1	191
1	192
1	193
1	194
1	195
1	196
1	197
1	198
1	199
1	200
1	201
1	202
1	203
1	204
1	205
1	206
2	7
2	132
2	139
2	145
2	147
2	148
2	151
2	152
2	154
2	155
2	156
2	157
2	159
2	162
2	163
2	164
2	165
2	166
2	167
2	168
2	169
2	170
2	171
2	172
2	173
2	174
2	175
2	176
2	177
2	178
2	179
2	180
2	181
2	182
2	183
2	184
2	185
2	186
2	187
2	188
2	189
2	190
2	191
2	192
2	193
2	194
2	195
2	196
2	197
2	198
2	199
2	200
2	201
2	202
2	203
2	204
2	205
2	206
3	7
3	132
3	139
3	145
3	147
3	148
3	151
3	152
3	154
3	155
3	156
3	157
3	159
3	162
3	163
3	164
3	165
3	166
3	167
3	168
3	169
3	170
3	171
3	172
3	173
3	174
3	175
3	176
3	177
3	178
3	179
3	180
3	181
3	182
3	183
3	184
3	185
3	186
3	187
3	188
3	189
3	190
3	191
3	192
3	193
3	194
3	195
3	196
3	197
3	198
3	199
3	200
3	201
3	202
3	203
3	204
3	205
3	206
4	7
4	132
4	139
4	145
4	147
4	148
4	151
4	152
4	154
4	155
4	156
4	157
4	159
4	162
4	163
4	164
4	165
4	166
4	167
4	168
4	169
4	170
4	171
4	172
4	173
4	174
4	175
4	176
4	177
4	178
4	179
4	180
4	181
4	182
4	183
4	184
4	185
4	186
4	187
4	188
4	189
4	190
4	191
4	192
4	193
4	194
4	195
4	196
4	197
4	198
4	199
4	200
4	201
4	202
4	203
4	204
4	205
4	206
5	7
5	132
5	139
5	145
5	147
5	148
5	151
5	152
5	154
5	155
5	156
5	157
5	159
5	162
5	163
5	164
5	165
5	166
5	167
5	168
5	169
5	170
5	171
5	172
5	173
5	174
5	175
5	176
5	177
5	178
5	179
5	180
5	181
5	182
5	183
5	184
5	185
5	186
5	187
5	188
5	189
5	190
5	191
5	192
5	193
5	194
5	195
5	196
5	197
5	198
5	199
5	200
5	201
5	202
5	203
5	204
5	205
5	206
6	7
6	132
6	139
6	145
6	147
6	148
6	151
6	152
6	154
6	155
6	156
6	157
6	159
6	162
6	163
6	164
6	165
6	166
6	167
6	168
6	169
6	170
6	171
6	172
6	173
6	174
6	175
6	176
6	177
6	178
6	179
6	180
6	181
6	182
6	183
6	184
6	185
6	186
6	187
6	188
6	189
6	190
6	191
6	192
6	193
6	194
6	195
6	196
6	197
6	198
6	199
6	200
6	201
6	202
6	203
6	204
6	205
6	206
7	8
7	9
7	10
7	11
7	12
7	13
7	14
7	15
7	16
7	17
7	18
7	19
7	20
7	21
7	22
7	23
7	24
7	25
7	26
7	27
7	28
7	29
7	30
7	31
7	32
7	33
7	34
7	35
7	36
7	37
7	38
7	39
7	40
7	41
7	42
7	43
7	44
7	45
7	46
7	47
7	48
7	49
7	50
7	51
7	52
7	53
7	54
7	55
7	56
7	57
7	58
7	59
7	60
7	61
7	62
7	63
7	64
7	65
7	66
7	67
7	68
7	69
7	70
7	71
7	72
7	73
7	74
7	75
7	76
7	77
7	78
7	79
7	80
7	81
7	82
7	83
7	84
7	85
7	86
7	87
7	88
7	89
7	90
7	91
7	92
7	93
7	94
7	95
7	96
7	97
7	98
7	99
7	100
7	101
7	102
7	103
7	104
7	105
7	106
7	107
7	108
7	109
7	110
7	111
7	112
7	113
7	114
7	115
7	116
7	117
7	118
7	119
7	120
7	121
7	122
7	123
7	124
7	125
7	126
7	127
7	128
7	129
7	130
7	131
7	132
7	133
7	134
7	135
7	136
7	137
7	138
7	139
7	140
7	141
7	142
7	143
7	144
7	145
7	146
7	147
7	148
7	149
7	150
7	151
7	152
7	153
7	154
7	155
7	156
7	157
7	158
7	159
7	160
7	161
7	162
7	163
7	164
7	165
7	166
7	167
7	168
7	169
7	170
7	171
7	172
7	173
7	174
7	175
7	176
7	177
7	178
7	179
7	180
7	181
7	182
7	183
7	184
7	185
7	186
7	187
7	188
7	189
7	190
7	191
7	192
7	193
7	194
7	195
7	196
7	197
7	198
7	199
7	200
7	201
7	202
7	203
7	204
7	205
7	206
8	132
8	139
8	145
8	147
8	148
8	151
8	152
8	154
8	155
8	156
8	157
8	159
8	162
8	163
8	164
8	165
8	166
8	167
8	168
8	169
8	170
8	171
8	172
8	173
8	174
8	175
8	176
8	177
8	178
8	179
8	180
8	181
8	182
8	183
8	184
8	185
8	186
8	187
8	188
8	189
8	190
8	191
8	192
8	193
8	194
8	195
8	196
8	197
8	198
8	199
8	200
8	201
8	202
8	203
8	204
8	205
8	206
9	132
9	137
9	139
9	140
9	144
9	145
9	146
9	147
9	148
9	149
9	150
9	151
9	152
9	153
9	154
9	155
9	156
9	157
9	158
9	159
9	160
9	161
9	162
9	163
9	164
9	165
9	166
9	167
9	168
9	169
9	170
9	171
9	172
9	173
9	174
9	175
9	176
9	177
9	178
9	179
9	180
9	181
9	182
9	183
9	184
9	185
9	186
9	187
9	188
9	189
9	190
9	191
9	192
9	193
9	194
9	195
9	196
9	197
9	198
9	199
9	200
9	201
9	202
9	203
9	204
9	205
9	206
10	132
10	139
10	145
10	147
10	148
10	151
10	152
10	154
10	155
10	156
10	157
10	159
10	162
10	163
10	164
10	165
10	166
10	167
10	168
10	169
10	170
10	171
10	172
10	173
10	174
10	175
10	176
10	177
10	178
10	179
10	180
10	181
10	182
10	183
10	184
10	185
10	186
10	187
10	188
10	189
10	190
10	191
10	192
10	193
10	194
10	195
10	196
10	197
10	198
10	199
10	200
10	201
10	202
10	203
10	204
10	205
10	206
11	132
11	139
11	151
11	152
11	154
11	167
11	169
11	170
11	171
11	172
11	173
11	174
11	175
11	176
11	178
11	179
11	180
11	181
11	182
11	183
11	184
11	185
11	186
11	187
11	188
11	189
11	190
11	191
11	192
11	193
11	194
11	195
11	196
11	197
11	198
11	199
11	200
11	201
11	202
11	203
11	204
11	205
11	206
12	132
12	139
12	145
12	147
12	148
12	151
12	152
12	154
12	155
12	156
12	157
12	159
12	162
12	163
12	164
12	165
12	166
12	167
12	168
12	169
12	170
12	171
12	172
12	173
12	174
12	175
12	176
12	177
12	178
12	179
12	180
12	181
12	182
12	183
12	184
12	185
12	186
12	187
12	188
12	189
12	190
12	191
12	192
12	193
12	194
12	195
12	196
12	197
12	198
12	199
12	200
12	201
12	202
12	203
12	204
12	205
12	206
13	132
13	139
13	145
13	147
13	148
13	151
13	152
13	154
13	155
13	156
13	157
13	159
13	162
13	163
13	164
13	165
13	166
13	167
13	168
13	169
13	170
13	171
13	172
13	173
13	174
13	175
13	176
13	177
13	178
13	179
13	180
13	181
13	182
13	183
13	184
13	185
13	186
13	187
13	188
13	189
13	190
13	191
13	192
13	193
13	194
13	195
13	196
13	197
13	198
13	199
13	200
13	201
13	202
13	203
13	204
13	205
13	206
14	132
14	139
14	145
14	147
14	148
14	151
14	152
14	154
14	155
14	156
14	157
14	159
14	162
14	163
14	164
14	165
14	166
14	167
14	168
14	169
14	170
14	171
14	172
14	173
14	174
14	175
14	176
14	177
14	178
14	179
14	180
14	181
14	182
14	183
14	184
14	185
14	186
14	187
14	188
14	189
14	190
14	191
14	192
14	193
14	194
14	195
14	196
14	197
14	198
14	199
14	200
14	201
14	202
14	203
14	204
14	205
14	206
15	132
15	139
15	145
15	147
15	148
15	151
15	152
15	154
15	155
15	156
15	157
15	159
15	162
15	163
15	164
15	165
15	166
15	167
15	168
15	169
15	170
15	171
15	172
15	173
15	174
15	175
15	176
15	177
15	178
15	179
15	180
15	181
15	182
15	183
15	184
15	185
15	186
15	187
15	188
15	189
15	190
15	191
15	192
15	193
15	194
15	195
15	196
15	197
15	198
15	199
15	200
15	201
15	202
15	203
15	204
15	205
15	206
16	132
16	139
16	145
16	147
16	148
16	151
16	152
16	154
16	155
16	156
16	157
16	159
16	162
16	163
16	164
16	165
16	166
16	167
16	168
16	169
16	170
16	171
16	172
16	173
16	174
16	175
16	176
16	177
16	178
16	179
16	180
16	181
16	182
16	183
16	184
16	185
16	186
16	187
16	188
16	189
16	190
16	191
16	192
16	193
16	194
16	195
16	196
16	197
16	198
16	199
16	200
16	201
16	202
16	203
16	204
16	205
16	206
17	132
17	139
17	145
17	147
17	148
17	151
17	152
17	154
17	155
17	156
17	157
17	159
17	162
17	163
17	164
17	165
17	166
17	167
17	168
17	169
17	170
17	171
17	172
17	173
17	174
17	175
17	176
17	177
17	178
17	179
17	180
17	181
17	182
17	183
17	184
17	185
17	186
17	187
17	188
17	189
17	190
17	191
17	192
17	193
17	194
17	195
17	196
17	197
17	198
17	199
17	200
17	201
17	202
17	203
17	204
17	205
17	206
18	132
18	139
18	145
18	147
18	148
18	151
18	152
18	154
18	155
18	156
18	157
18	159
18	162
18	163
18	164
18	165
18	166
18	167
18	168
18	169
18	170
18	171
18	172
18	173
18	174
18	175
18	176
18	177
18	178
18	179
18	180
18	181
18	182
18	183
18	184
18	185
18	186
18	187
18	188
18	189
18	190
18	191
18	192
18	193
18	194
18	195
18	196
18	197
18	198
18	199
18	200
18	201
18	202
18	203
18	204
18	205
18	206
19	132
19	137
19	139
19	140
19	144
19	145
19	146
19	147
19	148
19	149
19	150
19	151
19	152
19	153
19	154
19	155
19	156
19	157
19	158
19	159
19	160
19	161
19	162
19	163
19	164
19	165
19	166
19	167
19	168
19	169
19	170
19	171
19	172
19	173
19	174
19	175
19	176
19	177
19	178
19	179
19	180
19	181
19	182
19	183
19	184
19	185
19	186
19	187
19	188
19	189
19	190
19	191
19	192
19	193
19	194
19	195
19	196
19	197
19	198
19	199
19	200
19	201
19	202
19	203
19	204
19	205
19	206
20	132
20	139
20	145
20	147
20	148
20	151
20	152
20	154
20	155
20	156
20	157
20	159
20	162
20	163
20	164
20	165
20	166
20	167
20	168
20	169
20	170
20	171
20	172
20	173
20	174
20	175
20	176
20	177
20	178
20	179
20	180
20	181
20	182
20	183
20	184
20	185
20	186
20	187
20	188
20	189
20	190
20	191
20	192
20	193
20	194
20	195
20	196
20	197
20	198
20	199
20	200
20	201
20	202
20	203
20	204
20	205
20	206
21	132
21	139
21	151
21	152
21	154
21	167
21	169
21	170
21	171
21	172
21	173
21	174
21	175
21	176
21	178
21	179
21	180
21	181
21	182
21	183
21	184
21	185
21	186
21	187
21	188
21	189
21	190
21	191
21	192
21	193
21	194
21	195
21	196
21	197
21	198
21	199
21	200
21	201
21	202
21	203
21	204
21	205
21	206
22	132
22	139
22	145
22	147
22	148
22	151
22	152
22	154
22	155
22	156
22	157
22	159
22	162
22	163
22	164
22	165
22	166
22	167
22	168
22	169
22	170
22	171
22	172
22	173
22	174
22	175
22	176
22	177
22	178
22	179
22	180
22	181
22	182
22	183
22	184
22	185
22	186
22	187
22	188
22	189
22	190
22	191
22	192
22	193
22	194
22	195
22	196
22	197
22	198
22	199
22	200
22	201
22	202
22	203
22	204
22	205
22	206
23	132
23	139
23	145
23	147
23	148
23	151
23	152
23	154
23	155
23	156
23	157
23	159
23	162
23	163
23	164
23	165
23	166
23	167
23	168
23	169
23	170
23	171
23	172
23	173
23	174
23	175
23	176
23	177
23	178
23	179
23	180
23	181
23	182
23	183
23	184
23	185
23	186
23	187
23	188
23	189
23	190
23	191
23	192
23	193
23	194
23	195
23	196
23	197
23	198
23	199
23	200
23	201
23	202
23	203
23	204
23	205
23	206
24	132
24	139
24	145
24	147
24	148
24	151
24	152
24	154
24	155
24	156
24	157
24	159
24	162
24	163
24	164
24	165
24	166
24	167
24	168
24	169
24	170
24	171
24	172
24	173
24	174
24	175
24	176
24	177
24	178
24	179
24	180
24	181
24	182
24	183
24	184
24	185
24	186
24	187
24	188
24	189
24	190
24	191
24	192
24	193
24	194
24	195
24	196
24	197
24	198
24	199
24	200
24	201
24	202
24	203
24	204
24	205
24	206
25	132
25	139
25	152
25	154
25	171
25	172
25	175
25	179
25	180
25	181
25	182
25	184
25	185
25	186
25	187
25	188
25	189
25	190
25	192
25	194
25	196
25	197
25	198
25	199
25	200
25	201
25	202
25	203
25	204
25	205
25	206
26	132
26	139
26	151
26	152
26	154
26	167
26	169
26	170
26	171
26	172
26	173
26	174
26	175
26	176
26	178
26	179
26	180
26	181
26	182
26	183
26	184
26	185
26	186
26	187
26	188
26	189
26	190
26	191
26	192
26	193
26	194
26	195
26	196
26	197
26	198
26	199
26	200
26	201
26	202
26	203
26	204
26	205
26	206
27	132
27	139
27	145
27	147
27	148
27	151
27	152
27	154
27	155
27	156
27	157
27	159
27	162
27	163
27	164
27	165
27	166
27	167
27	168
27	169
27	170
27	171
27	172
27	173
27	174
27	175
27	176
27	177
27	178
27	179
27	180
27	181
27	182
27	183
27	184
27	185
27	186
27	187
27	188
27	189
27	190
27	191
27	192
27	193
27	194
27	195
27	196
27	197
27	198
27	199
27	200
27	201
27	202
27	203
27	204
27	205
27	206
28	132
28	139
28	151
28	152
28	154
28	167
28	169
28	170
28	171
28	172
28	173
28	174
28	175
28	176
28	178
28	179
28	180
28	181
28	182
28	183
28	184
28	185
28	186
28	187
28	188
28	189
28	190
28	191
28	192
28	193
28	194
28	195
28	196
28	197
28	198
28	199
28	200
28	201
28	202
28	203
28	204
28	205
28	206
29	132
29	139
29	145
29	147
29	148
29	151
29	152
29	154
29	155
29	156
29	157
29	159
29	162
29	163
29	164
29	165
29	166
29	167
29	168
29	169
29	170
29	171
29	172
29	173
29	174
29	175
29	176
29	177
29	178
29	179
29	180
29	181
29	182
29	183
29	184
29	185
29	186
29	187
29	188
29	189
29	190
29	191
29	192
29	193
29	194
29	195
29	196
29	197
29	198
29	199
29	200
29	201
29	202
29	203
29	204
29	205
29	206
30	132
30	139
30	151
30	152
30	154
30	167
30	169
30	170
30	171
30	172
30	173
30	174
30	175
30	176
30	178
30	179
30	180
30	181
30	182
30	183
30	184
30	185
30	186
30	187
30	188
30	189
30	190
30	191
30	192
30	193
30	194
30	195
30	196
30	197
30	198
30	199
30	200
30	201
30	202
30	203
30	204
30	205
30	206
31	132
31	139
31	145
31	147
31	148
31	151
31	152
31	154
31	155
31	156
31	157
31	159
31	162
31	163
31	164
31	165
31	166
31	167
31	168
31	169
31	170
31	171
31	172
31	173
31	174
31	175
31	176
31	177
31	178
31	179
31	180
31	181
31	182
31	183
31	184
31	185
31	186
31	187
31	188
31	189
31	190
31	191
31	192
31	193
31	194
31	195
31	196
31	197
31	198
31	199
31	200
31	201
31	202
31	203
31	204
31	205
31	206
32	132
32	139
32	151
32	152
32	154
32	167
32	169
32	170
32	171
32	172
32	173
32	174
32	175
32	176
32	178
32	179
32	180
32	181
32	182
32	183
32	184
32	185
32	186
32	187
32	188
32	189
32	190
32	191
32	192
32	193
32	194
32	195
32	196
32	197
32	198
32	199
32	200
32	201
32	202
32	203
32	204
32	205
32	206
33	132
33	139
33	145
33	147
33	148
33	151
33	152
33	154
33	155
33	156
33	157
33	159
33	162
33	163
33	164
33	165
33	166
33	167
33	168
33	169
33	170
33	171
33	172
33	173
33	174
33	175
33	176
33	177
33	178
33	179
33	180
33	181
33	182
33	183
33	184
33	185
33	186
33	187
33	188
33	189
33	190
33	191
33	192
33	193
33	194
33	195
33	196
33	197
33	198
33	199
33	200
33	201
33	202
33	203
33	204
33	205
33	206
34	132
34	139
34	151
34	152
34	154
34	167
34	169
34	170
34	171
34	172
34	173
34	174
34	175
34	176
34	178
34	179
34	180
34	181
34	182
34	183
34	184
34	185
34	186
34	187
34	188
34	189
34	190
34	191
34	192
34	193
34	194
34	195
34	196
34	197
34	198
34	199
34	200
34	201
34	202
34	203
34	204
34	205
34	206
35	132
35	139
35	145
35	147
35	148
35	151
35	152
35	154
35	155
35	156
35	157
35	159
35	162
35	163
35	164
35	165
35	166
35	167
35	168
35	169
35	170
35	171
35	172
35	173
35	174
35	175
35	176
35	177
35	178
35	179
35	180
35	181
35	182
35	183
35	184
35	185
35	186
35	187
35	188
35	189
35	190
35	191
35	192
35	193
35	194
35	195
35	196
35	197
35	198
35	199
35	200
35	201
35	202
35	203
35	204
35	205
35	206
36	132
36	139
36	152
36	154
36	171
36	172
36	175
36	179
36	180
36	181
36	182
36	184
36	185
36	186
36	187
36	188
36	189
36	190
36	192
36	194
36	196
36	197
36	198
36	199
36	200
36	201
36	202
36	203
36	204
36	205
36	206
37	132
37	139
37	145
37	147
37	148
37	151
37	152
37	154
37	155
37	156
37	157
37	159
37	162
37	163
37	164
37	165
37	166
37	167
37	168
37	169
37	170
37	171
37	172
37	173
37	174
37	175
37	176
37	177
37	178
37	179
37	180
37	181
37	182
37	183
37	184
37	185
37	186
37	187
37	188
37	189
37	190
37	191
37	192
37	193
37	194
37	195
37	196
37	197
37	198
37	199
37	200
37	201
37	202
37	203
37	204
37	205
37	206
38	132
38	139
38	145
38	147
38	148
38	151
38	152
38	154
38	155
38	156
38	157
38	159
38	162
38	163
38	164
38	165
38	166
38	167
38	168
38	169
38	170
38	171
38	172
38	173
38	174
38	175
38	176
38	177
38	178
38	179
38	180
38	181
38	182
38	183
38	184
38	185
38	186
38	187
38	188
38	189
38	190
38	191
38	192
38	193
38	194
38	195
38	196
38	197
38	198
38	199
38	200
38	201
38	202
38	203
38	204
38	205
38	206
39	132
39	139
39	145
39	147
39	148
39	151
39	152
39	154
39	155
39	156
39	157
39	159
39	162
39	163
39	164
39	165
39	166
39	167
39	168
39	169
39	170
39	171
39	172
39	173
39	174
39	175
39	176
39	177
39	178
39	179
39	180
39	181
39	182
39	183
39	184
39	185
39	186
39	187
39	188
39	189
39	190
39	191
39	192
39	193
39	194
39	195
39	196
39	197
39	198
39	199
39	200
39	201
39	202
39	203
39	204
39	205
39	206
40	124
40	132
40	135
40	136
40	137
40	138
40	139
40	140
40	141
40	142
40	143
40	144
40	145
40	146
40	147
40	148
40	149
40	150
40	151
40	152
40	153
40	154
40	155
40	156
40	157
40	158
40	159
40	160
40	161
40	162
40	163
40	164
40	165
40	166
40	167
40	168
40	169
40	170
40	171
40	172
40	173
40	174
40	175
40	176
40	177
40	178
40	179
40	180
40	181
40	182
40	183
40	184
40	185
40	186
40	187
40	188
40	189
40	190
40	191
40	192
40	193
40	194
40	195
40	196
40	197
40	198
40	199
40	200
40	201
40	202
40	203
40	204
40	205
40	206
41	132
41	139
41	145
41	147
41	148
41	151
41	152
41	154
41	155
41	156
41	157
41	159
41	162
41	163
41	164
41	165
41	166
41	167
41	168
41	169
41	170
41	171
41	172
41	173
41	174
41	175
41	176
41	177
41	178
41	179
41	180
41	181
41	182
41	183
41	184
41	185
41	186
41	187
41	188
41	189
41	190
41	191
41	192
41	193
41	194
41	195
41	196
41	197
41	198
41	199
41	200
41	201
41	202
41	203
41	204
41	205
41	206
42	132
42	139
42	145
42	147
42	148
42	151
42	152
42	154
42	155
42	156
42	157
42	159
42	162
42	163
42	164
42	165
42	166
42	167
42	168
42	169
42	170
42	171
42	172
42	173
42	174
42	175
42	176
42	177
42	178
42	179
42	180
42	181
42	182
42	183
42	184
42	185
42	186
42	187
42	188
42	189
42	190
42	191
42	192
42	193
42	194
42	195
42	196
42	197
42	198
42	199
42	200
42	201
42	202
42	203
42	204
42	205
42	206
43	132
43	137
43	139
43	140
43	144
43	145
43	146
43	147
43	148
43	149
43	150
43	151
43	152
43	153
43	154
43	155
43	156
43	157
43	158
43	159
43	160
43	161
43	162
43	163
43	164
43	165
43	166
43	167
43	168
43	169
43	170
43	171
43	172
43	173
43	174
43	175
43	176
43	177
43	178
43	179
43	180
43	181
43	182
43	183
43	184
43	185
43	186
43	187
43	188
43	189
43	190
43	191
43	192
43	193
43	194
43	195
43	196
43	197
43	198
43	199
43	200
43	201
43	202
43	203
43	204
43	205
43	206
44	132
44	139
44	145
44	147
44	148
44	151
44	152
44	154
44	155
44	156
44	157
44	159
44	162
44	163
44	164
44	165
44	166
44	167
44	168
44	169
44	170
44	171
44	172
44	173
44	174
44	175
44	176
44	177
44	178
44	179
44	180
44	181
44	182
44	183
44	184
44	185
44	186
44	187
44	188
44	189
44	190
44	191
44	192
44	193
44	194
44	195
44	196
44	197
44	198
44	199
44	200
44	201
44	202
44	203
44	204
44	205
44	206
45	132
45	139
45	151
45	152
45	154
45	167
45	169
45	170
45	171
45	172
45	173
45	174
45	175
45	176
45	178
45	179
45	180
45	181
45	182
45	183
45	184
45	185
45	186
45	187
45	188
45	189
45	190
45	191
45	192
45	193
45	194
45	195
45	196
45	197
45	198
45	199
45	200
45	201
45	202
45	203
45	204
45	205
45	206
46	132
46	139
46	145
46	147
46	148
46	151
46	152
46	154
46	155
46	156
46	157
46	159
46	162
46	163
46	164
46	165
46	166
46	167
46	168
46	169
46	170
46	171
46	172
46	173
46	174
46	175
46	176
46	177
46	178
46	179
46	180
46	181
46	182
46	183
46	184
46	185
46	186
46	187
46	188
46	189
46	190
46	191
46	192
46	193
46	194
46	195
46	196
46	197
46	198
46	199
46	200
46	201
46	202
46	203
46	204
46	205
46	206
47	132
47	139
47	151
47	152
47	154
47	167
47	169
47	170
47	171
47	172
47	173
47	174
47	175
47	176
47	178
47	179
47	180
47	181
47	182
47	183
47	184
47	185
47	186
47	187
47	188
47	189
47	190
47	191
47	192
47	193
47	194
47	195
47	196
47	197
47	198
47	199
47	200
47	201
47	202
47	203
47	204
47	205
47	206
48	132
48	139
48	145
48	147
48	148
48	151
48	152
48	154
48	155
48	156
48	157
48	159
48	162
48	163
48	164
48	165
48	166
48	167
48	168
48	169
48	170
48	171
48	172
48	173
48	174
48	175
48	176
48	177
48	178
48	179
48	180
48	181
48	182
48	183
48	184
48	185
48	186
48	187
48	188
48	189
48	190
48	191
48	192
48	193
48	194
48	195
48	196
48	197
48	198
48	199
48	200
48	201
48	202
48	203
48	204
48	205
48	206
49	132
49	139
49	151
49	152
49	154
49	167
49	169
49	170
49	171
49	172
49	173
49	174
49	175
49	176
49	178
49	179
49	180
49	181
49	182
49	183
49	184
49	185
49	186
49	187
49	188
49	189
49	190
49	191
49	192
49	193
49	194
49	195
49	196
49	197
49	198
49	199
49	200
49	201
49	202
49	203
49	204
49	205
49	206
50	132
50	139
50	145
50	147
50	148
50	151
50	152
50	154
50	155
50	156
50	157
50	159
50	162
50	163
50	164
50	165
50	166
50	167
50	168
50	169
50	170
50	171
50	172
50	173
50	174
50	175
50	176
50	177
50	178
50	179
50	180
50	181
50	182
50	183
50	184
50	185
50	186
50	187
50	188
50	189
50	190
50	191
50	192
50	193
50	194
50	195
50	196
50	197
50	198
50	199
50	200
50	201
50	202
50	203
50	204
50	205
50	206
51	132
51	139
51	151
51	152
51	154
51	167
51	169
51	170
51	171
51	172
51	173
51	174
51	175
51	176
51	178
51	179
51	180
51	181
51	182
51	183
51	184
51	185
51	186
51	187
51	188
51	189
51	190
51	191
51	192
51	193
51	194
51	195
51	196
51	197
51	198
51	199
51	200
51	201
51	202
51	203
51	204
51	205
51	206
52	132
52	139
52	145
52	147
52	148
52	151
52	152
52	154
52	155
52	156
52	157
52	159
52	162
52	163
52	164
52	165
52	166
52	167
52	168
52	169
52	170
52	171
52	172
52	173
52	174
52	175
52	176
52	177
52	178
52	179
52	180
52	181
52	182
52	183
52	184
52	185
52	186
52	187
52	188
52	189
52	190
52	191
52	192
52	193
52	194
52	195
52	196
52	197
52	198
52	199
52	200
52	201
52	202
52	203
52	204
52	205
52	206
53	132
53	139
53	151
53	152
53	154
53	167
53	169
53	170
53	171
53	172
53	173
53	174
53	175
53	176
53	178
53	179
53	180
53	181
53	182
53	183
53	184
53	185
53	186
53	187
53	188
53	189
53	190
53	191
53	192
53	193
53	194
53	195
53	196
53	197
53	198
53	199
53	200
53	201
53	202
53	203
53	204
53	205
53	206
54	132
54	139
54	151
54	152
54	154
54	167
54	169
54	170
54	171
54	172
54	173
54	174
54	175
54	176
54	178
54	179
54	180
54	181
54	182
54	183
54	184
54	185
54	186
54	187
54	188
54	189
54	190
54	191
54	192
54	193
54	194
54	195
54	196
54	197
54	198
54	199
54	200
54	201
54	202
54	203
54	204
54	205
54	206
55	132
55	139
55	151
55	152
55	154
55	167
55	169
55	170
55	171
55	172
55	173
55	174
55	175
55	176
55	178
55	179
55	180
55	181
55	182
55	183
55	184
55	185
55	186
55	187
55	188
55	189
55	190
55	191
55	192
55	193
55	194
55	195
55	196
55	197
55	198
55	199
55	200
55	201
55	202
55	203
55	204
55	205
55	206
56	132
56	139
56	151
56	152
56	154
56	167
56	169
56	170
56	171
56	172
56	173
56	174
56	175
56	176
56	178
56	179
56	180
56	181
56	182
56	183
56	184
56	185
56	186
56	187
56	188
56	189
56	190
56	191
56	192
56	193
56	194
56	195
56	196
56	197
56	198
56	199
56	200
56	201
56	202
56	203
56	204
56	205
56	206
57	132
57	139
57	152
57	154
57	171
57	172
57	175
57	179
57	180
57	181
57	182
57	184
57	185
57	186
57	187
57	188
57	189
57	190
57	192
57	194
57	196
57	197
57	198
57	199
57	200
57	201
57	202
57	203
57	204
57	205
57	206
58	132
58	139
58	145
58	147
58	148
58	151
58	152
58	154
58	155
58	156
58	157
58	159
58	162
58	163
58	164
58	165
58	166
58	167
58	168
58	169
58	170
58	171
58	172
58	173
58	174
58	175
58	176
58	177
58	178
58	179
58	180
58	181
58	182
58	183
58	184
58	185
58	186
58	187
58	188
58	189
58	190
58	191
58	192
58	193
58	194
58	195
58	196
58	197
58	198
58	199
58	200
58	201
58	202
58	203
58	204
58	205
58	206
59	132
59	139
59	151
59	152
59	154
59	167
59	169
59	170
59	171
59	172
59	173
59	174
59	175
59	176
59	178
59	179
59	180
59	181
59	182
59	183
59	184
59	185
59	186
59	187
59	188
59	189
59	190
59	191
59	192
59	193
59	194
59	195
59	196
59	197
59	198
59	199
59	200
59	201
59	202
59	203
59	204
59	205
59	206
60	132
60	139
60	151
60	152
60	154
60	167
60	169
60	170
60	171
60	172
60	173
60	174
60	175
60	176
60	178
60	179
60	180
60	181
60	182
60	183
60	184
60	185
60	186
60	187
60	188
60	189
60	190
60	191
60	192
60	193
60	194
60	195
60	196
60	197
60	198
60	199
60	200
60	201
60	202
60	203
60	204
60	205
60	206
61	132
61	139
61	145
61	147
61	148
61	151
61	152
61	154
61	155
61	156
61	157
61	159
61	162
61	163
61	164
61	165
61	166
61	167
61	168
61	169
61	170
61	171
61	172
61	173
61	174
61	175
61	176
61	177
61	178
61	179
61	180
61	181
61	182
61	183
61	184
61	185
61	186
61	187
61	188
61	189
61	190
61	191
61	192
61	193
61	194
61	195
61	196
61	197
61	198
61	199
61	200
61	201
61	202
61	203
61	204
61	205
61	206
62	132
62	139
62	151
62	152
62	154
62	167
62	169
62	170
62	171
62	172
62	173
62	174
62	175
62	176
62	178
62	179
62	180
62	181
62	182
62	183
62	184
62	185
62	186
62	187
62	188
62	189
62	190
62	191
62	192
62	193
62	194
62	195
62	196
62	197
62	198
62	199
62	200
62	201
62	202
62	203
62	204
62	205
62	206
63	132
63	139
63	151
63	152
63	154
63	167
63	169
63	170
63	171
63	172
63	173
63	174
63	175
63	176
63	178
63	179
63	180
63	181
63	182
63	183
63	184
63	185
63	186
63	187
63	188
63	189
63	190
63	191
63	192
63	193
63	194
63	195
63	196
63	197
63	198
63	199
63	200
63	201
63	202
63	203
63	204
63	205
63	206
64	132
64	139
64	151
64	152
64	154
64	167
64	169
64	170
64	171
64	172
64	173
64	174
64	175
64	176
64	178
64	179
64	180
64	181
64	182
64	183
64	184
64	185
64	186
64	187
64	188
64	189
64	190
64	191
64	192
64	193
64	194
64	195
64	196
64	197
64	198
64	199
64	200
64	201
64	202
64	203
64	204
64	205
64	206
65	132
65	139
65	151
65	152
65	154
65	167
65	169
65	170
65	171
65	172
65	173
65	174
65	175
65	176
65	178
65	179
65	180
65	181
65	182
65	183
65	184
65	185
65	186
65	187
65	188
65	189
65	190
65	191
65	192
65	193
65	194
65	195
65	196
65	197
65	198
65	199
65	200
65	201
65	202
65	203
65	204
65	205
65	206
66	132
66	139
66	145
66	147
66	148
66	151
66	152
66	154
66	155
66	156
66	157
66	159
66	162
66	163
66	164
66	165
66	166
66	167
66	168
66	169
66	170
66	171
66	172
66	173
66	174
66	175
66	176
66	177
66	178
66	179
66	180
66	181
66	182
66	183
66	184
66	185
66	186
66	187
66	188
66	189
66	190
66	191
66	192
66	193
66	194
66	195
66	196
66	197
66	198
66	199
66	200
66	201
66	202
66	203
66	204
66	205
66	206
67	132
67	139
67	151
67	152
67	154
67	167
67	169
67	170
67	171
67	172
67	173
67	174
67	175
67	176
67	178
67	179
67	180
67	181
67	182
67	183
67	184
67	185
67	186
67	187
67	188
67	189
67	190
67	191
67	192
67	193
67	194
67	195
67	196
67	197
67	198
67	199
67	200
67	201
67	202
67	203
67	204
67	205
67	206
68	132
68	139
68	151
68	152
68	154
68	167
68	169
68	170
68	171
68	172
68	173
68	174
68	175
68	176
68	178
68	179
68	180
68	181
68	182
68	183
68	184
68	185
68	186
68	187
68	188
68	189
68	190
68	191
68	192
68	193
68	194
68	195
68	196
68	197
68	198
68	199
68	200
68	201
68	202
68	203
68	204
68	205
68	206
69	132
69	139
69	151
69	152
69	154
69	167
69	169
69	170
69	171
69	172
69	173
69	174
69	175
69	176
69	178
69	179
69	180
69	181
69	182
69	183
69	184
69	185
69	186
69	187
69	188
69	189
69	190
69	191
69	192
69	193
69	194
69	195
69	196
69	197
69	198
69	199
69	200
69	201
69	202
69	203
69	204
69	205
69	206
70	132
70	139
70	151
70	152
70	154
70	167
70	169
70	170
70	171
70	172
70	173
70	174
70	175
70	176
70	178
70	179
70	180
70	181
70	182
70	183
70	184
70	185
70	186
70	187
70	188
70	189
70	190
70	191
70	192
70	193
70	194
70	195
70	196
70	197
70	198
70	199
70	200
70	201
70	202
70	203
70	204
70	205
70	206
71	132
71	139
71	151
71	152
71	154
71	167
71	169
71	170
71	171
71	172
71	173
71	174
71	175
71	176
71	178
71	179
71	180
71	181
71	182
71	183
71	184
71	185
71	186
71	187
71	188
71	189
71	190
71	191
71	192
71	193
71	194
71	195
71	196
71	197
71	198
71	199
71	200
71	201
71	202
71	203
71	204
71	205
71	206
72	132
72	139
72	151
72	152
72	154
72	167
72	169
72	170
72	171
72	172
72	173
72	174
72	175
72	176
72	178
72	179
72	180
72	181
72	182
72	183
72	184
72	185
72	186
72	187
72	188
72	189
72	190
72	191
72	192
72	193
72	194
72	195
72	196
72	197
72	198
72	199
72	200
72	201
72	202
72	203
72	204
72	205
72	206
73	132
73	139
73	145
73	147
73	148
73	151
73	152
73	154
73	155
73	156
73	157
73	159
73	162
73	163
73	164
73	165
73	166
73	167
73	168
73	169
73	170
73	171
73	172
73	173
73	174
73	175
73	176
73	177
73	178
73	179
73	180
73	181
73	182
73	183
73	184
73	185
73	186
73	187
73	188
73	189
73	190
73	191
73	192
73	193
73	194
73	195
73	196
73	197
73	198
73	199
73	200
73	201
73	202
73	203
73	204
73	205
73	206
74	132
74	139
74	152
74	154
74	171
74	172
74	175
74	179
74	180
74	181
74	182
74	184
74	185
74	186
74	187
74	188
74	189
74	190
74	192
74	194
74	196
74	197
74	198
74	199
74	200
74	201
74	202
74	203
74	204
74	205
74	206
75	132
75	139
75	145
75	147
75	148
75	151
75	152
75	154
75	155
75	156
75	157
75	159
75	162
75	163
75	164
75	165
75	166
75	167
75	168
75	169
75	170
75	171
75	172
75	173
75	174
75	175
75	176
75	177
75	178
75	179
75	180
75	181
75	182
75	183
75	184
75	185
75	186
75	187
75	188
75	189
75	190
75	191
75	192
75	193
75	194
75	195
75	196
75	197
75	198
75	199
75	200
75	201
75	202
75	203
75	204
75	205
75	206
76	132
76	139
76	151
76	152
76	154
76	167
76	169
76	170
76	171
76	172
76	173
76	174
76	175
76	176
76	178
76	179
76	180
76	181
76	182
76	183
76	184
76	185
76	186
76	187
76	188
76	189
76	190
76	191
76	192
76	193
76	194
76	195
76	196
76	197
76	198
76	199
76	200
76	201
76	202
76	203
76	204
76	205
76	206
77	132
77	139
77	145
77	147
77	148
77	151
77	152
77	154
77	155
77	156
77	157
77	159
77	162
77	163
77	164
77	165
77	166
77	167
77	168
77	169
77	170
77	171
77	172
77	173
77	174
77	175
77	176
77	177
77	178
77	179
77	180
77	181
77	182
77	183
77	184
77	185
77	186
77	187
77	188
77	189
77	190
77	191
77	192
77	193
77	194
77	195
77	196
77	197
77	198
77	199
77	200
77	201
77	202
77	203
77	204
77	205
77	206
78	132
78	139
78	145
78	147
78	148
78	151
78	152
78	154
78	155
78	156
78	157
78	159
78	162
78	163
78	164
78	165
78	166
78	167
78	168
78	169
78	170
78	171
78	172
78	173
78	174
78	175
78	176
78	177
78	178
78	179
78	180
78	181
78	182
78	183
78	184
78	185
78	186
78	187
78	188
78	189
78	190
78	191
78	192
78	193
78	194
78	195
78	196
78	197
78	198
78	199
78	200
78	201
78	202
78	203
78	204
78	205
78	206
79	132
79	139
79	145
79	147
79	148
79	151
79	152
79	154
79	155
79	156
79	157
79	159
79	162
79	163
79	164
79	165
79	166
79	167
79	168
79	169
79	170
79	171
79	172
79	173
79	174
79	175
79	176
79	177
79	178
79	179
79	180
79	181
79	182
79	183
79	184
79	185
79	186
79	187
79	188
79	189
79	190
79	191
79	192
79	193
79	194
79	195
79	196
79	197
79	198
79	199
79	200
79	201
79	202
79	203
79	204
79	205
79	206
80	132
80	139
80	145
80	147
80	148
80	151
80	152
80	154
80	155
80	156
80	157
80	159
80	162
80	163
80	164
80	165
80	166
80	167
80	168
80	169
80	170
80	171
80	172
80	173
80	174
80	175
80	176
80	177
80	178
80	179
80	180
80	181
80	182
80	183
80	184
80	185
80	186
80	187
80	188
80	189
80	190
80	191
80	192
80	193
80	194
80	195
80	196
80	197
80	198
80	199
80	200
80	201
80	202
80	203
80	204
80	205
80	206
81	132
81	139
81	151
81	152
81	154
81	167
81	169
81	170
81	171
81	172
81	173
81	174
81	175
81	176
81	178
81	179
81	180
81	181
81	182
81	183
81	184
81	185
81	186
81	187
81	188
81	189
81	190
81	191
81	192
81	193
81	194
81	195
81	196
81	197
81	198
81	199
81	200
81	201
81	202
81	203
81	204
81	205
81	206
82	132
82	139
82	145
82	147
82	148
82	151
82	152
82	154
82	155
82	156
82	157
82	159
82	162
82	163
82	164
82	165
82	166
82	167
82	168
82	169
82	170
82	171
82	172
82	173
82	174
82	175
82	176
82	177
82	178
82	179
82	180
82	181
82	182
82	183
82	184
82	185
82	186
82	187
82	188
82	189
82	190
82	191
82	192
82	193
82	194
82	195
82	196
82	197
82	198
82	199
82	200
82	201
82	202
82	203
82	204
82	205
82	206
83	132
83	139
83	145
83	147
83	148
83	151
83	152
83	154
83	155
83	156
83	157
83	159
83	162
83	163
83	164
83	165
83	166
83	167
83	168
83	169
83	170
83	171
83	172
83	173
83	174
83	175
83	176
83	177
83	178
83	179
83	180
83	181
83	182
83	183
83	184
83	185
83	186
83	187
83	188
83	189
83	190
83	191
83	192
83	193
83	194
83	195
83	196
83	197
83	198
83	199
83	200
83	201
83	202
83	203
83	204
83	205
83	206
84	132
84	139
84	145
84	147
84	148
84	151
84	152
84	154
84	155
84	156
84	157
84	159
84	162
84	163
84	164
84	165
84	166
84	167
84	168
84	169
84	170
84	171
84	172
84	173
84	174
84	175
84	176
84	177
84	178
84	179
84	180
84	181
84	182
84	183
84	184
84	185
84	186
84	187
84	188
84	189
84	190
84	191
84	192
84	193
84	194
84	195
84	196
84	197
84	198
84	199
84	200
84	201
84	202
84	203
84	204
84	205
84	206
85	132
85	137
85	139
85	140
85	144
85	145
85	146
85	147
85	148
85	149
85	150
85	151
85	152
85	153
85	154
85	155
85	156
85	157
85	158
85	159
85	160
85	161
85	162
85	163
85	164
85	165
85	166
85	167
85	168
85	169
85	170
85	171
85	172
85	173
85	174
85	175
85	176
85	177
85	178
85	179
85	180
85	181
85	182
85	183
85	184
85	185
85	186
85	187
85	188
85	189
85	190
85	191
85	192
85	193
85	194
85	195
85	196
85	197
85	198
85	199
85	200
85	201
85	202
85	203
85	204
85	205
85	206
86	132
86	137
86	139
86	140
86	144
86	145
86	146
86	147
86	148
86	149
86	150
86	151
86	152
86	153
86	154
86	155
86	156
86	157
86	158
86	159
86	160
86	161
86	162
86	163
86	164
86	165
86	166
86	167
86	168
86	169
86	170
86	171
86	172
86	173
86	174
86	175
86	176
86	177
86	178
86	179
86	180
86	181
86	182
86	183
86	184
86	185
86	186
86	187
86	188
86	189
86	190
86	191
86	192
86	193
86	194
86	195
86	196
86	197
86	198
86	199
86	200
86	201
86	202
86	203
86	204
86	205
86	206
87	132
87	139
87	145
87	147
87	148
87	151
87	152
87	154
87	155
87	156
87	157
87	159
87	162
87	163
87	164
87	165
87	166
87	167
87	168
87	169
87	170
87	171
87	172
87	173
87	174
87	175
87	176
87	177
87	178
87	179
87	180
87	181
87	182
87	183
87	184
87	185
87	186
87	187
87	188
87	189
87	190
87	191
87	192
87	193
87	194
87	195
87	196
87	197
87	198
87	199
87	200
87	201
87	202
87	203
87	204
87	205
87	206
88	132
88	139
88	151
88	152
88	154
88	167
88	169
88	170
88	171
88	172
88	173
88	174
88	175
88	176
88	178
88	179
88	180
88	181
88	182
88	183
88	184
88	185
88	186
88	187
88	188
88	189
88	190
88	191
88	192
88	193
88	194
88	195
88	196
88	197
88	198
88	199
88	200
88	201
88	202
88	203
88	204
88	205
88	206
89	132
89	139
89	151
89	152
89	154
89	167
89	169
89	170
89	171
89	172
89	173
89	174
89	175
89	176
89	178
89	179
89	180
89	181
89	182
89	183
89	184
89	185
89	186
89	187
89	188
89	189
89	190
89	191
89	192
89	193
89	194
89	195
89	196
89	197
89	198
89	199
89	200
89	201
89	202
89	203
89	204
89	205
89	206
90	132
90	139
90	145
90	147
90	148
90	151
90	152
90	154
90	155
90	156
90	157
90	159
90	162
90	163
90	164
90	165
90	166
90	167
90	168
90	169
90	170
90	171
90	172
90	173
90	174
90	175
90	176
90	177
90	178
90	179
90	180
90	181
90	182
90	183
90	184
90	185
90	186
90	187
90	188
90	189
90	190
90	191
90	192
90	193
90	194
90	195
90	196
90	197
90	198
90	199
90	200
90	201
90	202
90	203
90	204
90	205
90	206
91	132
91	139
91	145
91	147
91	148
91	151
91	152
91	154
91	155
91	156
91	157
91	159
91	162
91	163
91	164
91	165
91	166
91	167
91	168
91	169
91	170
91	171
91	172
91	173
91	174
91	175
91	176
91	177
91	178
91	179
91	180
91	181
91	182
91	183
91	184
91	185
91	186
91	187
91	188
91	189
91	190
91	191
91	192
91	193
91	194
91	195
91	196
91	197
91	198
91	199
91	200
91	201
91	202
91	203
91	204
91	205
91	206
92	132
92	137
92	139
92	140
92	144
92	145
92	146
92	147
92	148
92	149
92	150
92	151
92	152
92	153
92	154
92	155
92	156
92	157
92	158
92	159
92	160
92	161
92	162
92	163
92	164
92	165
92	166
92	167
92	168
92	169
92	170
92	171
92	172
92	173
92	174
92	175
92	176
92	177
92	178
92	179
92	180
92	181
92	182
92	183
92	184
92	185
92	186
92	187
92	188
92	189
92	190
92	191
92	192
92	193
92	194
92	195
92	196
92	197
92	198
92	199
92	200
92	201
92	202
92	203
92	204
92	205
92	206
93	132
93	139
93	145
93	147
93	148
93	151
93	152
93	154
93	155
93	156
93	157
93	159
93	162
93	163
93	164
93	165
93	166
93	167
93	168
93	169
93	170
93	171
93	172
93	173
93	174
93	175
93	176
93	177
93	178
93	179
93	180
93	181
93	182
93	183
93	184
93	185
93	186
93	187
93	188
93	189
93	190
93	191
93	192
93	193
93	194
93	195
93	196
93	197
93	198
93	199
93	200
93	201
93	202
93	203
93	204
93	205
93	206
94	132
94	139
94	152
94	154
94	171
94	172
94	175
94	179
94	180
94	181
94	182
94	184
94	185
94	186
94	187
94	188
94	189
94	190
94	192
94	194
94	196
94	197
94	198
94	199
94	200
94	201
94	202
94	203
94	204
94	205
94	206
95	132
95	139
95	145
95	147
95	148
95	151
95	152
95	154
95	155
95	156
95	157
95	159
95	162
95	163
95	164
95	165
95	166
95	167
95	168
95	169
95	170
95	171
95	172
95	173
95	174
95	175
95	176
95	177
95	178
95	179
95	180
95	181
95	182
95	183
95	184
95	185
95	186
95	187
95	188
95	189
95	190
95	191
95	192
95	193
95	194
95	195
95	196
95	197
95	198
95	199
95	200
95	201
95	202
95	203
95	204
95	205
95	206
96	132
96	139
96	151
96	152
96	154
96	167
96	169
96	170
96	171
96	172
96	173
96	174
96	175
96	176
96	178
96	179
96	180
96	181
96	182
96	183
96	184
96	185
96	186
96	187
96	188
96	189
96	190
96	191
96	192
96	193
96	194
96	195
96	196
96	197
96	198
96	199
96	200
96	201
96	202
96	203
96	204
96	205
96	206
97	132
97	139
97	151
97	152
97	154
97	167
97	169
97	170
97	171
97	172
97	173
97	174
97	175
97	176
97	178
97	179
97	180
97	181
97	182
97	183
97	184
97	185
97	186
97	187
97	188
97	189
97	190
97	191
97	192
97	193
97	194
97	195
97	196
97	197
97	198
97	199
97	200
97	201
97	202
97	203
97	204
97	205
97	206
98	132
98	139
98	151
98	152
98	154
98	167
98	169
98	170
98	171
98	172
98	173
98	174
98	175
98	176
98	178
98	179
98	180
98	181
98	182
98	183
98	184
98	185
98	186
98	187
98	188
98	189
98	190
98	191
98	192
98	193
98	194
98	195
98	196
98	197
98	198
98	199
98	200
98	201
98	202
98	203
98	204
98	205
98	206
99	132
99	139
99	154
99	179
99	180
99	181
99	184
99	190
99	198
99	199
99	200
99	201
99	202
99	203
99	204
100	132
100	139
100	152
100	154
100	171
100	172
100	175
100	179
100	180
100	181
100	182
100	184
100	185
100	186
100	187
100	188
100	189
100	190
100	192
100	194
100	196
100	197
100	198
100	199
100	200
100	201
100	202
100	203
100	204
100	205
100	206
101	132
101	139
101	145
101	147
101	148
101	151
101	152
101	154
101	155
101	156
101	157
101	159
101	162
101	163
101	164
101	165
101	166
101	167
101	168
101	169
101	170
101	171
101	172
101	173
101	174
101	175
101	176
101	177
101	178
101	179
101	180
101	181
101	182
101	183
101	184
101	185
101	186
101	187
101	188
101	189
101	190
101	191
101	192
101	193
101	194
101	195
101	196
101	197
101	198
101	199
101	200
101	201
101	202
101	203
101	204
101	205
101	206
102	132
102	139
102	151
102	152
102	154
102	167
102	169
102	170
102	171
102	172
102	173
102	174
102	175
102	176
102	178
102	179
102	180
102	181
102	182
102	183
102	184
102	185
102	186
102	187
102	188
102	189
102	190
102	191
102	192
102	193
102	194
102	195
102	196
102	197
102	198
102	199
102	200
102	201
102	202
102	203
102	204
102	205
102	206
103	132
103	139
103	152
103	154
103	171
103	172
103	175
103	179
103	180
103	181
103	182
103	184
103	185
103	186
103	187
103	188
103	189
103	190
103	192
103	194
103	196
103	197
103	198
103	199
103	200
103	201
103	202
103	203
103	204
103	205
103	206
104	132
104	139
104	154
104	179
104	180
104	181
104	184
104	190
104	198
104	199
104	200
104	201
104	202
104	203
104	204
105	132
105	139
105	151
105	152
105	154
105	167
105	169
105	170
105	171
105	172
105	173
105	174
105	175
105	176
105	178
105	179
105	180
105	181
105	182
105	183
105	184
105	185
105	186
105	187
105	188
105	189
105	190
105	191
105	192
105	193
105	194
105	195
105	196
105	197
105	198
105	199
105	200
105	201
105	202
105	203
105	204
105	205
105	206
106	132
106	139
106	151
106	152
106	154
106	167
106	169
106	170
106	171
106	172
106	173
106	174
106	175
106	176
106	178
106	179
106	180
106	181
106	182
106	183
106	184
106	185
106	186
106	187
106	188
106	189
106	190
106	191
106	192
106	193
106	194
106	195
106	196
106	197
106	198
106	199
106	200
106	201
106	202
106	203
106	204
106	205
106	206
107	132
107	139
107	151
107	152
107	154
107	167
107	169
107	170
107	171
107	172
107	173
107	174
107	175
107	176
107	178
107	179
107	180
107	181
107	182
107	183
107	184
107	185
107	186
107	187
107	188
107	189
107	190
107	191
107	192
107	193
107	194
107	195
107	196
107	197
107	198
107	199
107	200
107	201
107	202
107	203
107	204
107	205
107	206
108	132
108	139
108	152
108	154
108	171
108	172
108	175
108	179
108	180
108	181
108	182
108	184
108	185
108	186
108	187
108	188
108	189
108	190
108	192
108	194
108	196
108	197
108	198
108	199
108	200
108	201
108	202
108	203
108	204
108	205
108	206
109	132
109	139
109	151
109	152
109	154
109	167
109	169
109	170
109	171
109	172
109	173
109	174
109	175
109	176
109	178
109	179
109	180
109	181
109	182
109	183
109	184
109	185
109	186
109	187
109	188
109	189
109	190
109	191
109	192
109	193
109	194
109	195
109	196
109	197
109	198
109	199
109	200
109	201
109	202
109	203
109	204
109	205
109	206
110	132
110	139
110	151
110	152
110	154
110	167
110	169
110	170
110	171
110	172
110	173
110	174
110	175
110	176
110	178
110	179
110	180
110	181
110	182
110	183
110	184
110	185
110	186
110	187
110	188
110	189
110	190
110	191
110	192
110	193
110	194
110	195
110	196
110	197
110	198
110	199
110	200
110	201
110	202
110	203
110	204
110	205
110	206
111	132
111	139
111	151
111	152
111	154
111	167
111	169
111	170
111	171
111	172
111	173
111	174
111	175
111	176
111	178
111	179
111	180
111	181
111	182
111	183
111	184
111	185
111	186
111	187
111	188
111	189
111	190
111	191
111	192
111	193
111	194
111	195
111	196
111	197
111	198
111	199
111	200
111	201
111	202
111	203
111	204
111	205
111	206
112	132
112	139
112	152
112	154
112	171
112	172
112	175
112	179
112	180
112	181
112	182
112	184
112	185
112	186
112	187
112	188
112	189
112	190
112	192
112	194
112	196
112	197
112	198
112	199
112	200
112	201
112	202
112	203
112	204
112	205
112	206
113	132
113	139
113	152
113	154
113	171
113	172
113	175
113	179
113	180
113	181
113	182
113	184
113	185
113	186
113	187
113	188
113	189
113	190
113	192
113	194
113	196
113	197
113	198
113	199
113	200
113	201
113	202
113	203
113	204
113	205
113	206
114	132
114	139
114	152
114	154
114	171
114	172
114	175
114	179
114	180
114	181
114	182
114	184
114	185
114	186
114	187
114	188
114	189
114	190
114	192
114	194
114	196
114	197
114	198
114	199
114	200
114	201
114	202
114	203
114	204
114	205
114	206
115	132
115	139
115	154
115	179
115	180
115	181
115	184
115	190
115	198
115	199
115	200
115	201
115	202
115	203
115	204
116	132
116	139
116	152
116	154
116	171
116	172
116	175
116	179
116	180
116	181
116	182
116	184
116	185
116	186
116	187
116	188
116	189
116	190
116	192
116	194
116	196
116	197
116	198
116	199
116	200
116	201
116	202
116	203
116	204
116	205
116	206
117	132
117	139
117	154
117	179
117	180
117	181
117	184
117	190
117	198
117	199
117	200
117	201
117	202
117	203
117	204
118	132
118	139
118	152
118	154
118	171
118	172
118	175
118	179
118	180
118	181
118	182
118	184
118	185
118	186
118	187
118	188
118	189
118	190
118	192
118	194
118	196
118	197
118	198
118	199
118	200
118	201
118	202
118	203
118	204
118	205
118	206
119	132
119	139
119	154
119	180
119	200
119	201
120	132
120	139
120	154
120	179
120	180
120	200
120	201
120	202
120	203
121	132
121	139
121	154
121	179
121	180
121	200
121	201
121	202
121	203
122	132
122	139
122	154
122	179
122	180
122	181
122	184
122	190
122	198
122	199
122	200
122	201
122	202
122	203
122	204
123	132
123	139
123	154
123	179
123	180
123	181
123	184
123	190
123	198
123	199
123	200
123	201
123	202
123	203
123	204
124	132
124	139
124	154
124	179
124	180
124	181
124	184
124	190
124	198
124	199
124	200
124	201
124	202
124	203
124	204
125	132
125	137
125	139
125	140
125	144
125	145
125	146
125	147
125	148
125	149
125	150
125	151
125	152
125	153
125	154
125	155
125	156
125	157
125	158
125	159
125	160
125	161
125	162
125	163
125	164
125	165
125	166
125	167
125	168
125	169
125	170
125	171
125	172
125	173
125	174
125	175
125	176
125	177
125	178
125	179
125	180
125	181
125	182
125	183
125	184
125	185
125	186
125	187
125	188
125	189
125	190
125	191
125	192
125	193
125	194
125	195
125	196
125	197
125	198
125	199
125	200
125	201
125	202
125	203
125	204
125	205
125	206
126	132
126	139
126	145
126	147
126	148
126	151
126	152
126	154
126	155
126	156
126	157
126	159
126	162
126	163
126	164
126	165
126	166
126	167
126	168
126	169
126	170
126	171
126	172
126	173
126	174
126	175
126	176
126	177
126	178
126	179
126	180
126	181
126	182
126	183
126	184
126	185
126	186
126	187
126	188
126	189
126	190
126	191
126	192
126	193
126	194
126	195
126	196
126	197
126	198
126	199
126	200
126	201
126	202
126	203
126	204
126	205
126	206
127	132
127	139
127	154
127	179
127	180
127	181
127	184
127	190
127	198
127	199
127	200
127	201
127	202
127	203
127	204
128	132
128	139
128	154
128	179
128	180
128	200
128	201
128	202
128	203
129	132
129	139
129	154
129	179
129	180
129	181
129	184
129	190
129	198
129	199
129	200
129	201
129	202
129	203
129	204
130	132
130	139
130	154
130	179
130	180
130	200
130	201
130	202
130	203
131	132
131	139
131	154
131	179
131	180
131	200
131	201
131	202
131	203
132	133
132	134
132	135
132	136
132	137
132	138
132	139
132	140
132	141
132	142
132	143
132	144
132	145
132	146
132	147
132	148
132	149
132	150
132	151
132	152
132	153
132	154
132	155
132	156
132	157
132	158
132	159
132	160
132	161
132	162
132	163
132	164
132	165
132	166
132	167
132	168
132	169
132	170
132	171
132	172
132	173
132	174
132	175
132	176
132	177
132	178
132	179
132	180
132	181
132	182
132	183
132	184
132	185
132	186
132	187
132	188
132	189
132	190
132	191
132	192
132	193
132	194
132	195
132	196
132	197
132	198
132	199
132	200
132	201
132	202
132	203
132	204
132	205
132	206
133	139
133	154
133	180
133	200
134	139
134	154
134	180
134	200
134	201
135	139
135	154
135	180
135	200
136	139
136	154
136	180
136	200
136	201
137	139
137	154
137	180
137	200
138	139
138	154
138	180
138	200
139	140
139	141
139	142
139	143
139	144
139	145
139	146
139	147
139	148
139	149
139	150
139	151
139	152
139	153
139	154
139	155
139	156
139	157
139	158
139	159
139	160
139	161
139	162
139	163
139	164
139	165
139	166
139	167
139	168
139	169
139	170
139	171
139	172
139	173
139	174
139	175
139	176
139	177
139	178
139	179
139	180
139	181
139	182
139	183
139	184
139	185
139	186
139	187
139	188
139	189
139	190
139	191
139	192
139	193
139	194
139	195
139	196
139	197
139	198
139	199
139	200
139	201
139	202
139	203
139	204
139	205
139	206
140	154
140	180
140	200
141	154
141	180
141	200
142	154
142	180
142	200
142	201
143	154
143	180
143	200
143	201
144	154
144	180
144	200
145	154
145	180
145	200
146	154
146	180
146	200
146	201
147	154
147	180
147	200
148	154
148	180
148	200
149	154
149	180
149	200
150	154
150	180
150	200
151	154
151	180
151	200
152	154
152	180
152	200
153	154
153	180
153	200
154	155
154	156
154	157
154	158
154	159
154	160
154	161
154	162
154	163
154	164
154	165
154	166
154	167
154	168
154	169
154	170
154	171
154	172
154	173
154	174
154	175
154	176
154	177
154	178
154	179
154	180
154	181
154	182
154	183
154	184
154	185
154	186
154	187
154	188
154	189
154	190
154	191
154	192
154	193
154	194
154	195
154	196
154	197
154	198
154	199
154	200
154	201
154	202
154	203
154	204
154	205
154	206
155	180
155	200
156	180
156	200
157	180
157	200
158	180
158	200
159	180
159	200
160	180
160	200
161	180
161	200
162	180
162	200
163	180
163	200
164	180
164	200
165	180
165	200
166	180
166	200
167	180
167	200
168	180
168	200
169	180
169	200
170	180
170	200
171	180
171	200
172	180
172	200
173	180
173	200
174	180
174	200
175	180
175	200
176	180
176	200
177	180
177	200
178	180
178	200
179	180
179	200
179	201
180	181
180	182
180	183
180	184
180	185
180	186
180	187
180	188
180	189
180	190
180	191
180	192
180	193
180	194
180	195
180	196
180	197
180	198
180	199
180	200
180	201
180	202
180	203
180	204
180	205
180	206
181	200
182	200
183	200
184	200
185	200
186	200
187	200
188	200
189	200
190	200
191	200
192	200
193	200
194	200
195	200
196	200
197	200
198	200
199	200
200	201
200	202
200	203
200	204
200	205
200	206