206	1226
1	7
1	132
1	139
1	154
1	180
1	200
2	7
2	132
2	139
2	154
2	180
2	200
3	7
3	132
3	139
3	154
3	180
3	200
4	7
4	132
4	139
4	154
4	180
4	200
5	7
5	132
5	139
5	154
5	180
5	200
6	7
6	132
6	139
6	154
6	180
6	200
7	8
7	9
7	10
7	11
7	12
7	13
7	14
7	15
7	16
7	17
7	18
7	19
7	20
7	21
7	22
7	23
7	24
7	25
7	26
7	27
7	28
7	29
7	30
7	31
7	32
7	33
7	34
7	35
7	36
7	37
7	38
7	39
7	40
7	41
7	42
7	43
7	44
7	45
7	46
7	47
7	48
7	49
7	50
7	51
7	52
7	53
7	54
7	55
7	56
7	57
7	58
7	59
7	60
7	61
7	62
7	63
7	64
7	65
7	66
7	67
7	68
7	69
7	70
7	71
7	72
7	73
7	74
7	75
7	76
7	77
7	78
7	79
7	80
7	81
7	82
7	83
7	84
7	85
7	86
7	87
7	88
7	89
7	90
7	91
7	92
7	93
7	94
7	95
7	96
7	97
7	98
7	99
7	100
7	101
7	102
7	103
7	104
7	105
7	106
7	107
7	108
7	109
7	110
7	111
7	112
7	113
7	114
7	115
7	116
7	117
7	118
7	119
7	120
7	121
7	122
7	123
7	124
7	125
7	126
7	127
7	128
7	129
7	130
7	131
7	132
7	133
7	134
7	135
7	136
7	137
7	138
7	139
7	140
7	141
7	142
7	143
7	144
7	145
7	146
7	147
7	148
7	149
7	150
7	151
7	152
7	153
7	154
7	155
7	156
7	157
7	158
7	159
7	160
7	161
7	162
7	163
7	164
7	165
7	166
7	167
7	168
7	169
7	170
7	171
7	172
7	173
7	174
7	175
7	176
7	177
7	178
7	179
7	180
7	181
7	182
7	183
7	184
7	185
7	186
7	187
7	188
7	189
7	190
7	191
7	192
7	193
7	194
7	195
7	196
7	197
7	198
7	199
7	200
7	201
7	202
7	203
7	204
7	205
7	206
8	132
8	139
8	154
8	180
8	200
9	132
9	139
9	154
9	180
9	200
9	201
10	132
10	139
10	154
10	180
10	200
11	132
11	139
11	154
11	180
11	200
12	132
12	139
12	154
12	180
12	200
13	132
13	139
13	154
13	180
13	200
14	132
14	139
14	154
14	180
14	200
15	132
15	139
15	154
15	180
15	200
16	132
16	139
16	154
16	180
16	200
17	132
17	139
17	154
17	180
17	200
18	132
18	139
18	154
18	180
18	200
19	132
19	139
19	154
19	180
19	200
19	201
20	132
20	139
20	154
20	180
20	200
21	132
21	139
21	154
21	180
21	200
22	132
22	139
22	154
22	180
22	200
23	132
23	139
23	154
23	180
23	200
24	132
24	139
24	154
24	180
24	200
25	132
25	139
25	154
25	180
25	200
26	132
26	139
26	154
26	180
26	200
27	132
27	139
27	154
27	180
27	200
28	132
28	139
28	154
28	180
28	200
29	132
29	139
29	154
29	180
29	200
30	132
30	139
30	154
30	180
30	200
31	132
31	139
31	154
31	180
31	200
32	132
32	139
32	154
32	180
32	200
33	132
33	139
33	154
33	180
33	200
34	132
34	139
34	154
34	180
34	200
35	132
35	139
35	154
35	180
35	200
36	132
36	139
36	154
36	180
36	200
37	132
37	139
37	154
37	180
37	200
38	132
38	139
38	154
38	180
38	200
39	132
39	139
39	154
39	180
39	200
40	132
40	139
40	154
40	179
40	180
40	200
40	201
40	202
40	203
41	132
41	139
41	154
41	180
41	200
42	132
42	139
42	154
42	180
42	200
43	132
43	139
43	154
43	180
43	200
43	201
44	132
44	139
44	154
44	180
44	200
45	132
45	139
45	154
45	180
45	200
46	132
46	139
46	154
46	180
46	200
47	132
47	139
47	154
47	180
47	200
48	132
48	139
48	154
48	180
48	200
49	132
49	139
49	154
49	180
49	200
50	132
50	139
50	154
50	180
50	200
51	132
51	139
51	154
51	180
51	200
52	132
52	139
52	154
52	180
52	200
53	132
53	139
53	154
53	180
53	200
54	132
54	139
54	154
54	180
54	200
55	132
55	139
55	154
55	180
55	200
56	132
56	139
56	154
56	180
56	200
57	132
57	139
57	154
57	180
57	200
58	132
58	139
58	154
58	180
58	200
59	132
59	139
59	154
59	180
59	200
60	132
60	139
60	154
60	180
60	200
61	132
61	139
61	154
61	180
61	200
62	132
62	139
62	154
62	180
62	200
63	132
63	139
63	154
63	180
63	200
64	132
64	139
64	154
64	180
64	200
65	132
65	139
65	154
65	180
65	200
66	132
66	139
66	154
66	180
66	200
67	132
67	139
67	154
67	180
67	200
68	132
68	139
68	154
68	180
68	200
69	132
69	139
69	154
69	180
69	200
70	132
70	139
70	154
70	180
70	200
71	132
71	139
71	154
71	180
71	200
72	132
72	139
72	154
72	180
72	200
73	132
73	139
73	154
73	180
73	200
74	132
74	139
74	154
74	180
74	200
75	132
75	139
75	154
75	180
75	200
76	132
76	139
76	154
76	180
76	200
77	132
77	139
77	154
77	180
77	200
78	132
78	139
78	154
78	180
78	200
79	132
79	139
79	154
79	180
79	200
80	132
80	139
80	154
80	180
80	200
81	132
81	139
81	154
81	180
81	200
82	132
82	139
82	154
82	180
82	200
83	132
83	139
83	154
83	180
83	200
84	132
84	139
84	154
84	180
84	200
85	132
85	139
85	154
85	180
85	200
85	201
86	132
86	139
86	154
86	180
86	200
86	201
87	132
87	139
87	154
87	180
87	200
88	132
88	139
88	154
88	180
88	200
89	132
89	139
89	154
89	180
89	200
90	132
90	139
90	154
90	180
90	200
91	132
91	139
91	154
91	180
91	200
92	132
92	139
92	154
92	180
92	200
92	201
93	132
93	139
93	154
93	180
93	200
94	132
94	139
94	154
94	180
94	200
95	132
95	139
95	154
95	180
95	200
96	132
96	139
96	154
96	180
96	200
97	132
97	139
97	154
97	180
97	200
98	132
98	139
98	154
98	180
98	200
99	132
99	139
99	154
99	180
99	200
100	132
100	139
100	154
100	180
100	200
101	132
101	139
101	154
101	180
101	200
102	132
102	139
102	154
102	180
102	200
103	132
103	139
103	154
103	180
103	200
104	132
104	139
104	154
104	180
104	200
105	132
105	139
105	154
105	180
105	200
106	132
106	139
106	154
106	180
106	200
107	132
107	139
107	154
107	180
107	200
108	132
108	139
108	154
108	180
108	200
109	132
109	139
109	154
109	180
109	200
110	132
110	139
110	154
110	180
110	200
111	132
111	139
111	154
111	180
111	200
112	132
112	139
112	154
112	180
112	200
113	132
113	139
113	154
113	180
113	200
114	132
114	139
114	154
114	180
114	200
115	132
115	139
115	154
115	180
115	200
116	132
116	139
116	154
116	180
116	200
117	132
117	139
117	154
117	180
117	200
118	132
118	139
118	154
118	180
118	200
119	132
119	139
119	154
119	180
119	200
120	132
120	139
120	154
120	180
120	200
121	132
121	139
121	154
121	180
121	200
122	132
122	139
122	154
122	180
122	200
123	132
123	139
123	154
123	180
123	200
124	132
124	139
124	154
124	180
124	200
125	132
125	139
125	154
125	180
125	200
125	201
126	132
126	139
126	154
126	180
126	200
127	132
127	139
127	154
127	180
127	200
128	132
128	139
128	154
128	180
128	200
129	132
129	139
129	154
129	180
129	200
130	132
130	139
130	154
130	180
130	200
131	132
131	139
131	154
131	180
131	200
132	133
132	134
132	135
132	136
132	137
132	138
132	139
132	140
132	141
132	142
132	143
132	144
132	145
132	146
132	147
132	148
132	149
132	150
132	151
132	152
132	153
132	154
132	155
132	156
132	157
132	158
132	159
132	160
132	161
132	162
132	163
132	164
132	165
132	166
132	167
132	168
132	169
132	170
132	171
132	172
132	173
132	174
132	175
132	176
132	177
132	178
132	179
132	180
132	181
132	182
132	183
132	184
132	185
132	186
132	187
132	188
132	189
132	190
132	191
132	192
132	193
132	194
132	195
132	196
132	197
132	198
132	199
132	200
132	201
132	202
132	203
132	204
132	205
132	206
133	139
133	154
133	180
133	200
134	139
134	154
134	180
134	200
135	139
135	154
135	180
135	200
136	139
136	154
136	180
136	200
137	139
137	154
137	180
137	200
138	139
138	154
138	180
138	200
139	140
139	141
139	142
139	143
139	144
139	145
139	146
139	147
139	148
139	149
139	150
139	151
139	152
139	153
139	154
139	155
139	156
139	157
139	158
139	159
139	160
139	161
139	162
139	163
139	164
139	165
139	166
139	167
139	168
139	169
139	170
139	171
139	172
139	173
139	174
139	175
139	176
139	177
139	178
139	179
139	180
139	181
139	182
139	183
139	184
139	185
139	186
139	187
139	188
139	189
139	190
139	191
139	192
139	193
139	194
139	195
139	196
139	197
139	198
139	199
139	200
139	201
139	202
139	203
139	204
139	205
139	206
140	154
140	180
140	200
141	154
141	180
141	200
142	154
142	180
142	200
143	154
143	180
143	200
144	154
144	180
144	200
145	154
145	180
145	200
146	154
146	180
146	200
147	154
147	180
147	200
148	154
148	180
148	200
149	154
149	180
149	200
150	154
150	180
150	200
151	154
151	180
151	200
152	154
152	180
152	200
153	154
153	180
153	200
154	155
154	156
154	157
154	158
154	159
154	160
154	161
154	162
154	163
154	164
154	165
154	166
154	167
154	168
154	169
154	170
154	171
154	172
154	173
154	174
154	175
154	176
154	177
154	178
154	179
154	180
154	181
154	182
154	183
154	184
154	185
154	186
154	187
154	188
154	189
154	190
154	191
154	192
154	193
154	194
154	195
154	196
154	197
154	198
154	199
154	200
154	201
154	202
154	203
154	204
154	205
154	206
155	180
155	200
156	180
156	200
157	180
157	200
158	180
158	200
159	180
159	200
160	180
160	200
161	180
161	200
162	180
162	200
163	180
163	200
164	180
164	200
165	180
165	200
166	180
166	200
167	180
167	200
168	180
168	200
169	180
169	200
170	180
170	200
171	180
171	200
172	180
172	200
173	180
173	200
174	180
174	200
175	180
175	200
176	180
176	200
177	180
177	200
178	180
178	200
179	180
179	200
180	181
180	182
180	183
180	184
180	185
180	186
180	187
180	188
180	189
180	190
180	191
180	192
180	193
180	194
180	195
180	196
180	197
180	198
180	199
180	200
180	201
180	202
180	203
180	204
180	205
180	206
181	200
182	200
183	200
184	200
185	200
186	200
187	200
188	200
189	200
190	200
191	200
192	200
193	200
194	200
195	200
196	200
197	200
198	200
199	200
200	201
200	202
200	203
200	204
200	205
200	206