0 206 
0 185 
0 227 
0 217 
0 226 
0 229 
0 228 
1 2 
1 185 
1 407 
2 185 
2 1 
2 407 
2 6 
2 242 
2 237 
3 146 
3 403 
3 144 
3 242 
3 5 
3 240 
4 147 
4 185 
5 60 
5 219 
5 221 
5 168 
5 166 
5 169 
5 156 
5 158 
5 6 
5 244 
5 242 
5 425 
5 3 
5 240 
5 157 
5 373 
5 226 
5 407 
5 107 
5 227 
5 349 
5 359 
5 427 
6 5 
6 242 
6 2 
6 237 
6 226 
6 98 
6 227 
6 146 
6 67 
6 144 
7 22 
7 352 
7 351 
7 14 
8 11 
8 181 
8 175 
8 15 
9 386 
9 407 
9 385 
9 298 
9 299 
9 450 
9 448 
10 299 
10 407 
10 298 
10 383 
10 382 
11 181 
11 248 
11 175 
11 8 
12 88 
12 192 
12 204 
12 111 
12 185 
12 152 
12 230 
13 146 
13 201 
13 204 
13 144 
13 407 
13 375 
13 370 
14 352 
14 351 
14 355 
14 7 
15 8 
15 181 
15 175 
15 16 
16 15 
16 181 
16 175 
16 17 
17 353 
17 18 
17 351 
17 16 
17 181 
17 175 
18 17 
18 353 
18 351 
18 19 
19 18 
19 353 
19 351 
19 20 
20 19 
20 353 
20 351 
20 21 
21 20 
21 353 
21 351 
21 22 
22 21 
22 353 
22 351 
22 352 
22 7 
23 185 
23 286 
23 226 
23 101 
23 227 
24 185 
24 288 
24 226 
24 102 
24 227 
25 185 
25 291 
25 226 
25 104 
25 227 
26 38 
26 229 
26 228 
26 185 
26 391 
26 227 
26 226 
27 43 
27 229 
27 228 
27 227 
27 226 
27 30 
27 185 
28 226 
28 29 
28 227 
28 75 
28 185 
29 89 
29 152 
29 28 
29 226 
29 227 
30 204 
30 88 
30 211 
30 27 
30 185 
31 185 
31 297 
31 391 
31 154 
31 75 
32 36 
32 146 
32 144 
32 152 
32 389 
32 407 
33 371 
33 185 
33 165 
33 370 
34 398 
34 436 
35 44 
35 229 
35 228 
35 146 
35 36 
35 144 
36 35 
36 146 
36 144 
36 32 
37 43 
37 87 
37 426 
37 152 
38 426 
38 152 
38 229 
38 26 
38 228 
38 227 
38 226 
39 117 
39 172 
39 185 
39 173 
39 116 
40 78 
40 185 
40 226 
40 76 
40 227 
41 42 
41 185 
41 154 
41 226 
41 48 
41 227 
42 185 
42 41 
42 154 
42 395 
43 37 
43 229 
43 27 
43 228 
43 227 
43 226 
44 229 
44 35 
44 228 
44 185 
44 296 
44 297 
44 154 
45 185 
45 287 
45 226 
45 103 
45 227 
46 226 
46 106 
46 227 
46 185 
46 290 
47 185 
47 289 
47 226 
47 105 
47 227 
48 41 
48 226 
48 227 
48 154 
48 152 
48 421 
49 260 
49 185 
49 226 
49 227 
49 405 
50 185 
50 446 
50 358 
50 71 
51 185 
51 445 
51 68 
51 311 
51 70 
52 53 
52 146 
52 144 
52 153 
52 149 
52 425 
53 146 
53 52 
53 144 
54 153 
54 149 
54 425 
55 216 
55 152 
55 273 
55 122 
55 432 
56 60 
56 152 
56 185 
56 249 
57 58 
57 152 
57 146 
57 197 
57 59 
57 144 
57 407 
58 152 
58 57 
58 69 
58 146 
58 144 
58 407 
59 57 
59 146 
59 197 
59 144 
59 407 
59 123 
59 364 
60 56 
60 152 
60 185 
60 219 
60 5 
60 221 
61 146 
61 204 
61 62 
61 144 
61 407 
61 123 
61 127 
61 131 
61 247 
61 124 
62 61 
62 146 
62 204 
62 144 
62 407 
62 363 
63 64 
63 226 
63 227 
63 185 
63 412 
64 226 
64 63 
64 227 
65 185 
65 66 
65 407 
65 163 
66 65 
66 185 
66 407 
67 226 
67 108 
67 227 
67 228 
67 229 
67 107 
67 144 
67 146 
67 90 
67 6 
68 185 
68 445 
68 51 
68 311 
68 70 
69 146 
69 58 
69 144 
69 407 
69 124 
69 185 
69 207 
69 204 
70 51 
70 185 
70 311 
70 68 
70 372 
71 50 
71 185 
71 358 
72 280 
72 348 
72 425 
72 146 
72 347 
72 145 
73 339 
73 407 
73 382 
73 443 
73 444 
73 448 
73 341 
74 185 
74 297 
74 391 
74 154 
74 99 
75 185 
75 28 
75 31 
76 40 
76 226 
76 227 
76 154 
76 297 
76 421 
77 172 
77 78 
77 173 
77 154 
77 269 
77 342 
78 77 
78 172 
78 173 
78 185 
78 40 
79 80 
79 229 
79 232 
79 185 
79 228 
79 272 
79 155 
79 271 
80 229 
80 232 
80 79 
80 185 
80 228 
80 82 
80 272 
80 271 
81 84 
81 229 
81 232 
81 185 
81 228 
81 272 
81 83 
81 271 
82 83 
82 229 
82 232 
82 185 
82 228 
82 272 
82 80 
82 271 
83 229 
83 232 
83 82 
83 185 
83 228 
83 81 
83 272 
83 271 
84 229 
84 232 
84 81 
84 185 
84 228 
84 100 
84 152 
85 164 
85 88 
85 267 
85 120 
85 226 
85 227 
86 89 
86 152 
86 99 
86 226 
86 227 
87 426 
87 37 
87 152 
87 185 
87 210 
87 230 
87 200 
87 201 
87 220 
88 30 
88 204 
88 211 
88 207 
88 227 
88 226 
88 230 
88 185 
88 229 
88 228 
88 108 
88 268 
88 113 
88 435 
88 115 
88 170 
88 394 
88 152 
88 276 
88 388 
88 216 
88 206 
88 197 
88 408 
88 12 
88 192 
88 281 
88 222 
88 85 
88 164 
88 267 
88 89 
88 213 
88 391 
88 223 
89 86 
89 152 
89 204 
89 88 
89 213 
89 29 
90 185 
90 416 
90 67 
91 146 
91 407 
91 185 
91 145 
92 442 
92 300 
92 411 
92 439 
92 146 
92 302 
92 144 
93 185 
93 94 
93 407 
93 149 
93 284 
93 151 
94 93 
94 185 
94 407 
95 219 
95 413 
95 152 
95 154 
95 229 
95 171 
95 228 
96 97 
96 185 
96 143 
96 407 
97 96 
97 185 
97 229 
97 228 
97 431 
98 6 
98 226 
98 227 
98 219 
98 426 
98 192 
99 74 
99 185 
99 226 
99 86 
99 227 
100 118 
100 277 
100 425 
100 84 
100 152 
101 23 
101 226 
101 227 
101 154 
101 297 
101 401 
102 24 
102 226 
102 227 
102 154 
102 297 
102 308 
103 45 
103 226 
103 227 
103 154 
103 297 
103 336 
104 25 
104 226 
104 227 
104 154 
104 279 
104 297 
105 47 
105 226 
105 227 
105 154 
105 297 
105 400 
106 46 
106 226 
106 227 
106 154 
106 297 
106 393 
107 5 
107 226 
107 407 
107 227 
107 144 
107 67 
107 146 
107 359 
107 427 
108 204 
108 88 
108 268 
108 67 
108 226 
108 227 
108 228 
108 229 
109 146 
109 431 
109 144 
109 416 
109 265 
109 407 
110 185 
110 152 
110 189 
110 230 
110 128 
111 129 
111 185 
111 12 
111 152 
111 230 
112 185 
112 451 
112 261 
113 88 
113 204 
113 435 
113 152 
114 119 
114 185 
114 295 
114 364 
115 116 
115 185 
115 227 
115 226 
115 88 
115 170 
115 204 
116 185 
116 227 
116 115 
116 226 
116 39 
117 172 
117 185 
117 39 
117 173 
118 277 
118 100 
118 425 
118 315 
118 426 
119 232 
119 384 
119 114 
120 156 
120 226 
120 227 
120 85 
121 229 
121 198 
121 228 
121 407 
121 146 
121 197 
121 144 
122 55 
122 273 
122 432 
122 224 
123 130 
123 134 
123 425 
123 59 
123 364 
123 61 
123 127 
123 131 
124 146 
124 185 
124 207 
124 69 
124 144 
124 204 
124 407 
124 61 
124 247 
124 127 
125 132 
125 146 
125 145 
125 407 
126 185 
126 375 
126 127 
126 219 
126 334 
126 142 
126 331 
126 274 
126 230 
126 343 
127 142 
127 229 
127 228 
127 146 
127 204 
127 144 
127 407 
127 440 
127 126 
127 185 
127 375 
127 219 
127 274 
127 230 
127 343 
127 61 
127 123 
127 131 
127 247 
127 124 
127 133 
127 209 
127 215 
128 229 
128 444 
128 228 
128 185 
128 110 
129 229 
129 448 
129 228 
129 185 
129 111 
130 134 
130 123 
130 425 
131 185 
131 187 
131 61 
131 123 
131 127 
132 146 
132 125 
132 145 
132 407 
133 209 
133 127 
133 215 
134 303 
134 249 
134 425 
134 146 
134 166 
134 145 
134 405 
134 406 
134 298 
134 130 
134 123 
134 185 
134 207 
134 135 
134 204 
134 382 
134 182 
135 134 
135 185 
135 207 
135 204 
135 425 
135 146 
135 375 
135 144 
135 247 
135 407 
136 183 
136 185 
136 204 
136 140 
136 447 
137 231 
138 140 
138 229 
138 228 
138 141 
139 159 
139 185 
139 228 
139 152 
139 167 
139 229 
140 136 
140 185 
140 447 
140 229 
140 138 
140 228 
141 138 
141 229 
141 228 
142 146 
142 204 
142 348 
142 144 
142 407 
142 229 
142 127 
142 228 
142 126 
142 334 
142 331 
143 156 
143 185 
143 416 
143 407 
143 96 
144 35 
144 146 
144 36 
144 32 
144 152 
144 389 
144 407 
144 299 
144 145 
144 204 
144 348 
144 142 
144 127 
144 440 
144 183 
144 175 
144 197 
144 121 
144 210 
144 415 
144 148 
144 153 
144 322 
144 324 
144 151 
144 185 
144 230 
144 310 
144 317 
144 53 
144 52 
144 319 
144 321 
144 320 
144 323 
144 341 
144 334 
144 325 
144 327 
144 326 
144 328 
144 332 
144 443 
144 331 
144 333 
144 335 
144 431 
144 109 
144 61 
144 62 
144 363 
144 403 
144 3 
144 158 
144 157 
144 416 
144 426 
144 161 
144 163 
144 107 
144 67 
144 404 
144 372 
144 284 
144 207 
144 201 
144 13 
144 375 
144 370 
144 205 
144 182 
144 154 
144 367 
144 369 
144 184 
144 305 
144 421 
144 398 
144 257 
144 258 
144 423 
144 424 
144 57 
144 59 
144 69 
144 58 
144 124 
144 135 
144 247 
144 408 
144 429 
144 174 
144 430 
144 166 
144 302 
144 92 
144 6 
144 234 
144 236 
144 235 
144 237 
144 244 
144 243 
144 450 
145 132 
145 146 
145 125 
145 407 
145 154 
145 412 
145 413 
145 425 
145 294 
145 297 
145 299 
145 144 
145 347 
145 72 
145 183 
145 175 
145 185 
145 187 
145 230 
145 418 
145 197 
145 207 
145 196 
145 204 
145 91 
145 199 
145 195 
145 166 
145 134 
145 158 
145 157 
145 404 
145 163 
145 301 
145 364 
145 245 
145 182 
145 298 
146 132 
146 125 
146 145 
146 407 
146 154 
146 412 
146 413 
146 425 
146 294 
146 297 
146 35 
146 36 
146 144 
146 32 
146 152 
146 389 
146 299 
146 204 
146 348 
146 142 
146 127 
146 440 
146 347 
146 72 
146 183 
146 175 
146 185 
146 418 
146 197 
146 207 
146 196 
146 121 
146 210 
146 415 
146 91 
146 148 
146 153 
146 322 
146 324 
146 151 
146 230 
146 310 
146 199 
146 195 
146 317 
146 53 
146 52 
146 319 
146 321 
146 320 
146 323 
146 341 
146 334 
146 325 
146 327 
146 326 
146 328 
146 332 
146 443 
146 331 
146 333 
146 335 
146 431 
146 109 
146 166 
146 134 
146 61 
146 62 
146 363 
146 403 
146 3 
146 158 
146 157 
146 416 
146 426 
146 161 
146 163 
146 107 
146 67 
146 372 
146 284 
146 201 
146 13 
146 375 
146 370 
146 205 
146 182 
146 367 
146 369 
146 184 
146 305 
146 421 
146 398 
146 245 
146 215 
146 272 
146 257 
146 258 
146 423 
146 424 
146 57 
146 59 
146 69 
146 58 
146 124 
146 135 
146 247 
146 408 
146 429 
146 174 
146 172 
146 430 
146 437 
146 302 
146 92 
146 6 
146 234 
146 236 
146 235 
146 237 
146 244 
146 243 
146 450 
147 185 
147 4 
148 146 
148 144 
148 153 
148 428 
148 185 
148 322 
148 411 
148 151 
148 351 
148 354 
149 54 
149 153 
149 425 
149 52 
149 284 
149 93 
149 151 
150 153 
150 284 
150 425 
151 146 
151 144 
151 148 
151 317 
151 149 
151 284 
151 93 
152 87 
152 426 
152 37 
152 232 
152 281 
152 384 
152 88 
152 394 
152 276 
152 226 
152 388 
152 227 
152 32 
152 146 
152 144 
152 389 
152 407 
152 56 
152 60 
152 185 
152 420 
152 100 
152 84 
152 305 
152 230 
152 310 
152 139 
152 228 
152 167 
152 229 
152 207 
152 204 
152 406 
152 243 
152 113 
152 172 
152 369 
152 173 
152 285 
152 390 
152 269 
152 86 
152 89 
152 29 
152 216 
152 55 
152 58 
152 57 
152 264 
152 414 
152 270 
152 38 
152 219 
152 413 
152 95 
152 154 
152 110 
152 189 
152 111 
152 12 
152 391 
152 275 
152 48 
152 421 
153 146 
153 148 
153 144 
153 351 
153 354 
153 284 
153 150 
153 425 
153 54 
153 149 
153 52 
153 207 
153 244 
153 204 
153 407 
153 230 
154 106 
154 297 
154 393 
154 104 
154 279 
154 146 
154 412 
154 145 
154 413 
154 425 
154 296 
154 105 
154 400 
154 103 
154 336 
154 101 
154 401 
154 102 
154 308 
154 294 
154 276 
154 342 
154 436 
154 175 
154 407 
154 183 
154 434 
154 185 
154 408 
154 316 
154 44 
154 381 
154 214 
154 367 
154 144 
154 369 
154 269 
154 77 
154 76 
154 421 
154 391 
154 74 
154 31 
154 270 
154 219 
154 266 
154 433 
154 263 
154 95 
154 152 
154 42 
154 41 
154 48 
154 226 
154 227 
154 275 
154 387 
155 79 
155 272 
155 271 
156 185 
156 416 
156 143 
156 407 
156 226 
156 120 
156 227 
156 158 
156 5 
156 168 
156 169 
157 146 
157 158 
157 144 
157 5 
157 373 
157 145 
157 349 
158 156 
158 5 
158 168 
158 169 
158 146 
158 144 
158 157 
158 163 
158 145 
158 160 
158 185 
158 230 
159 185 
159 139 
159 163 
159 228 
159 229 
160 185 
160 158 
160 230 
160 258 
160 294 
161 146 
161 144 
161 163 
161 185 
161 392 
161 403 
162 244 
162 237 
162 242 
162 425 
163 228 
163 159 
163 229 
163 65 
163 146 
163 161 
163 144 
163 158 
163 404 
163 145 
164 85 
164 88 
164 267 
165 360 
165 361 
165 426 
165 33 
165 185 
165 370 
166 5 
166 168 
166 169 
166 146 
166 134 
166 145 
166 167 
166 430 
166 144 
167 166 
167 169 
167 139 
167 228 
167 152 
167 229 
168 5 
168 166 
168 169 
168 156 
168 158 
169 5 
169 168 
169 166 
169 167 
169 158 
169 156 
170 88 
170 115 
170 204 
170 381 
170 426 
171 172 
171 173 
171 433 
171 95 
171 229 
171 228 
172 413 
172 173 
172 289 
172 400 
172 290 
172 393 
172 287 
172 336 
172 286 
172 401 
172 291 
172 279 
172 288 
172 308 
172 285 
172 117 
172 185 
172 39 
172 434 
172 364 
172 284 
172 373 
172 369 
172 152 
172 77 
172 78 
172 146 
172 174 
172 425 
172 171 
172 433 
172 387 
172 395 
173 172 
173 413 
173 289 
173 400 
173 290 
173 393 
173 287 
173 336 
173 286 
173 401 
173 291 
173 279 
173 288 
173 308 
173 285 
173 117 
173 185 
173 39 
173 434 
173 364 
173 284 
173 373 
173 369 
173 152 
173 77 
173 78 
173 171 
173 433 
173 387 
173 395 
174 146 
174 429 
174 144 
174 172 
174 425 
175 407 
175 436 
175 154 
175 183 
175 434 
175 145 
175 144 
175 146 
175 181 
175 248 
175 11 
175 8 
175 15 
175 16 
175 17 
175 294 
175 297 
175 182 
175 187 
175 197 
175 301 
175 185 
175 419 
175 425 
176 329 
176 229 
176 179 
176 228 
177 229 
177 180 
177 228 
177 178 
178 181 
178 185 
178 177 
179 176 
179 229 
179 228 
180 177 
180 229 
180 228 
181 248 
181 11 
181 175 
181 8 
181 15 
181 16 
181 17 
181 178 
181 185 
182 185 
182 309 
182 146 
182 144 
182 175 
182 229 
182 187 
182 228 
182 230 
182 207 
182 245 
182 145 
182 204 
182 425 
182 134 
182 382 
183 175 
183 407 
183 436 
183 154 
183 434 
183 145 
183 144 
183 146 
183 294 
183 297 
183 309 
183 185 
183 136 
183 204 
183 346 
183 187 
183 197 
183 301 
184 305 
184 185 
184 144 
184 407 
184 146 
184 233 
184 186 
184 232 
184 452 
185 288 
185 24 
185 286 
185 23 
185 291 
185 25 
185 63 
185 226 
185 227 
185 412 
185 287 
185 45 
185 289 
185 47 
185 290 
185 46 
185 285 
185 190 
185 27 
185 30 
185 88 
185 230 
185 204 
185 229 
185 228 
185 268 
185 219 
185 407 
185 435 
185 434 
185 114 
185 295 
185 364 
185 116 
185 115 
185 117 
185 172 
185 39 
185 173 
185 283 
185 282 
185 292 
185 294 
185 214 
185 297 
185 408 
185 154 
185 316 
185 278 
185 388 
185 296 
185 44 
185 184 
185 305 
185 299 
185 386 
185 298 
185 430 
185 293 
185 145 
185 187 
185 418 
185 146 
185 206 
185 194 
185 216 
185 449 
185 0 
185 232 
185 304 
185 399 
185 196 
185 197 
185 415 
185 220 
185 126 
185 375 
185 127 
185 307 
185 284 
185 374 
185 372 
185 91 
185 148 
185 428 
185 322 
185 411 
185 309 
185 182 
185 313 
185 255 
185 312 
185 314 
185 437 
185 56 
185 60 
185 152 
185 84 
185 81 
185 83 
185 82 
185 80 
185 79 
185 144 
185 310 
185 202 
185 426 
185 441 
185 318 
185 448 
185 201 
185 438 
185 317 
185 450 
185 337 
185 340 
185 323 
185 334 
185 338 
185 341 
185 330 
185 329 
185 335 
185 425 
185 96 
185 97 
185 156 
185 416 
185 143 
185 242 
185 238 
185 159 
185 139 
185 65 
185 66 
185 2 
185 1 
185 181 
185 178 
185 90 
185 207 
185 260 
185 49 
185 183 
185 136 
185 140 
185 447 
185 346 
185 345 
185 344 
185 383 
185 382 
185 186 
185 370 
185 410 
185 210 
185 87 
185 209 
185 200 
185 451 
185 112 
185 261 
185 78 
185 40 
185 147 
185 4 
185 301 
185 245 
185 385 
185 381 
185 392 
185 161 
185 403 
185 215 
185 272 
185 33 
185 165 
185 259 
185 193 
185 218 
185 254 
185 251 
185 252 
185 250 
185 253 
185 160 
185 158 
185 258 
185 391 
185 74 
185 99 
185 31 
185 75 
185 28 
185 439 
185 442 
185 417 
185 380 
185 93 
185 94 
185 419 
185 175 
185 134 
185 135 
185 124 
185 69 
185 131 
185 26 
185 271 
185 225 
185 362 
185 445 
185 51 
185 68 
185 311 
185 70 
185 446 
185 50 
185 358 
185 71 
185 110 
185 189 
185 128 
185 203 
185 212 
185 237 
185 368 
185 333 
185 409 
185 129 
185 111 
185 12 
185 42 
185 41 
185 395 
185 306 
185 246 
186 232 
186 424 
186 422 
186 370 
186 185 
186 410 
186 380 
186 381 
186 225 
186 362 
186 375 
186 184 
186 233 
187 145 
187 185 
187 230 
187 182 
187 229 
187 228 
187 183 
187 197 
187 175 
187 301 
187 407 
187 226 
187 227 
187 245 
187 131 
188 360 
188 361 
188 426 
189 110 
189 185 
189 152 
189 230 
190 226 
190 227 
190 296 
190 185 
190 285 
191 292 
191 375 
192 12 
192 88 
192 204 
192 381 
192 375 
192 426 
192 219 
192 211 
192 390 
192 98 
192 223 
192 391 
193 185 
193 259 
193 218 
194 216 
194 449 
194 185 
194 195 
194 364 
195 146 
195 197 
195 199 
195 145 
195 425 
195 194 
195 364 
196 185 
196 197 
196 230 
196 146 
196 207 
196 145 
196 204 
196 425 
197 185 
197 196 
197 230 
197 88 
197 204 
197 408 
197 146 
197 207 
197 145 
197 425 
197 121 
197 144 
197 199 
197 195 
197 310 
197 260 
197 407 
197 364 
197 183 
197 187 
197 175 
197 301 
197 57 
197 59 
198 121 
198 229 
198 228 
198 407 
198 210 
198 227 
198 226 
199 216 
199 310 
199 407 
199 146 
199 197 
199 145 
199 195 
199 425 
200 209 
200 219 
200 185 
200 87 
200 201 
200 230 
201 185 
201 230 
201 438 
201 441 
201 426 
201 146 
201 204 
201 13 
201 144 
201 407 
201 200 
201 87 
201 266 
201 294 
201 219 
202 185 
202 230 
202 426 
202 441 
203 221 
203 232 
203 425 
203 185 
203 204 
203 212 
204 30 
204 88 
204 211 
204 207 
204 227 
204 226 
204 230 
204 185 
204 229 
204 228 
204 108 
204 268 
204 113 
204 435 
204 115 
204 170 
204 146 
204 348 
204 142 
204 144 
204 407 
204 127 
204 440 
204 216 
204 206 
204 197 
204 408 
204 145 
204 196 
204 425 
204 12 
204 192 
204 315 
204 303 
204 426 
204 281 
204 222 
204 61 
204 62 
204 363 
204 152 
204 310 
204 201 
204 13 
204 396 
204 262 
204 205 
204 183 
204 136 
204 346 
204 245 
204 182 
204 89 
204 213 
204 134 
204 135 
204 124 
204 69 
204 391 
204 223 
204 203 
204 212 
204 244 
204 153 
205 146 
205 204 
205 144 
205 229 
205 206 
205 228 
205 407 
206 88 
206 216 
206 204 
206 226 
206 185 
206 227 
206 0 
206 205 
206 229 
206 228 
206 407 
207 88 
207 227 
207 204 
207 226 
207 146 
207 197 
207 145 
207 196 
207 425 
207 315 
207 303 
207 426 
207 152 
207 185 
207 144 
207 310 
207 407 
207 230 
207 245 
207 182 
207 134 
207 135 
207 124 
207 69 
207 244 
207 153 
208 230 
208 451 
209 219 
209 185 
209 200 
209 271 
209 299 
209 133 
209 127 
209 215 
210 198 
210 229 
210 228 
210 227 
210 226 
210 146 
210 144 
210 415 
210 185 
210 87 
210 230 
211 30 
211 204 
211 88 
211 426 
211 192 
211 390 
212 185 
212 203 
212 204 
213 89 
213 204 
213 88 
214 185 
214 364 
214 226 
214 227 
214 408 
214 297 
214 381 
214 154 
215 146 
215 185 
215 272 
215 407 
215 425 
215 133 
215 209 
215 127 
216 194 
216 449 
216 88 
216 204 
216 206 
216 185 
216 310 
216 199 
216 407 
216 55 
216 152 
217 0 
217 227 
217 226 
217 229 
217 228 
217 231 
218 185 
218 259 
218 193 
219 185 
219 268 
219 407 
219 126 
219 375 
219 127 
219 60 
219 5 
219 221 
219 192 
219 426 
219 209 
219 200 
219 297 
219 154 
219 266 
219 413 
219 95 
219 152 
219 98 
219 230 
219 438 
219 201 
220 185 
220 415 
220 407 
220 292 
220 375 
220 87 
220 230 
221 60 
221 219 
221 5 
221 232 
221 203 
221 425 
222 204 
222 281 
222 88 
223 204 
223 391 
223 88 
223 426 
223 192 
224 273 
224 432 
224 122 
225 185 
225 232 
225 186 
225 362 
225 375 
226 64 
226 63 
226 227 
226 46 
226 106 
226 24 
226 102 
226 23 
226 101 
226 25 
226 104 
226 185 
226 412 
226 45 
226 103 
226 190 
226 296 
226 47 
226 105 
226 43 
226 27 
226 88 
226 207 
226 204 
226 230 
226 67 
226 108 
226 435 
226 434 
226 116 
226 115 
226 214 
226 408 
226 388 
226 152 
226 206 
226 0 
226 217 
226 198 
226 210 
226 420 
226 281 
226 156 
226 120 
226 85 
226 292 
226 294 
226 356 
226 242 
226 238 
226 380 
226 381 
226 6 
226 98 
226 5 
226 407 
226 107 
226 284 
226 373 
226 49 
226 405 
226 40 
226 76 
226 187 
226 245 
226 99 
226 86 
226 28 
226 29 
226 38 
226 26 
226 41 
226 48 
226 154 
226 421 
227 64 
227 226 
227 63 
227 46 
227 106 
227 24 
227 102 
227 23 
227 101 
227 25 
227 104 
227 185 
227 412 
227 45 
227 103 
227 190 
227 296 
227 47 
227 105 
227 43 
227 27 
227 88 
227 207 
227 204 
227 230 
227 67 
227 108 
227 435 
227 434 
227 116 
227 115 
227 214 
227 408 
227 388 
227 152 
227 206 
227 0 
227 217 
227 198 
227 210 
227 420 
227 281 
227 156 
227 120 
227 85 
227 292 
227 294 
227 356 
227 242 
227 238 
227 380 
227 381 
227 6 
227 98 
227 5 
227 407 
227 107 
227 284 
227 373 
227 49 
227 405 
227 40 
227 76 
227 187 
227 245 
227 99 
227 86 
227 28 
227 29 
227 38 
227 26 
227 41 
227 48 
227 154 
227 421 
228 43 
228 229 
228 27 
228 88 
228 230 
228 185 
228 204 
228 67 
228 108 
228 435 
228 434 
228 292 
228 294 
228 44 
228 35 
228 142 
228 127 
228 0 
228 217 
228 121 
228 198 
228 407 
228 210 
228 84 
228 232 
228 81 
228 83 
228 82 
228 80 
228 79 
228 176 
228 179 
228 97 
228 431 
228 139 
228 152 
228 167 
228 163 
228 159 
228 177 
228 180 
228 284 
228 373 
228 205 
228 206 
228 182 
228 187 
228 140 
228 138 
228 141 
228 388 
228 38 
228 26 
228 95 
228 171 
228 444 
228 128 
228 448 
228 129 
229 43 
229 27 
229 228 
229 88 
229 230 
229 185 
229 204 
229 67 
229 108 
229 435 
229 434 
229 292 
229 294 
229 44 
229 35 
229 142 
229 127 
229 0 
229 217 
229 121 
229 198 
229 407 
229 210 
229 84 
229 232 
229 81 
229 83 
229 82 
229 80 
229 79 
229 176 
229 179 
229 97 
229 431 
229 139 
229 152 
229 167 
229 163 
229 159 
229 177 
229 180 
229 284 
229 373 
229 205 
229 206 
229 182 
229 187 
229 140 
229 138 
229 141 
229 388 
229 38 
229 26 
229 95 
229 171 
229 444 
229 128 
229 448 
229 129 
230 88 
230 227 
230 185 
230 204 
230 226 
230 229 
230 228 
230 299 
230 386 
230 293 
230 294 
230 145 
230 187 
230 196 
230 197 
230 315 
230 303 
230 426 
230 146 
230 152 
230 144 
230 310 
230 407 
230 202 
230 441 
230 318 
230 448 
230 201 
230 438 
230 317 
230 450 
230 337 
230 340 
230 323 
230 334 
230 338 
230 341 
230 207 
230 364 
230 396 
230 262 
230 127 
230 274 
230 126 
230 343 
230 182 
230 210 
230 87 
230 200 
230 208 
230 451 
230 160 
230 158 
230 219 
230 220 
230 110 
230 189 
230 111 
230 12 
230 244 
230 153 
231 137 
231 217 
232 384 
232 119 
232 281 
232 152 
232 304 
232 185 
232 399 
232 84 
232 229 
232 81 
232 228 
232 83 
232 82 
232 80 
232 79 
232 424 
232 186 
232 422 
232 380 
232 381 
232 225 
232 362 
232 375 
232 184 
232 233 
232 221 
232 203 
232 425 
233 184 
233 186 
233 232 
234 146 
234 144 
234 236 
234 235 
235 146 
235 443 
235 144 
235 234 
236 146 
236 234 
236 144 
237 239 
237 256 
237 248 
237 162 
237 244 
237 242 
237 425 
237 377 
237 378 
237 6 
237 2 
237 368 
237 185 
237 333 
237 409 
237 442 
237 411 
237 428 
237 146 
237 144 
237 243 
238 241 
238 185 
238 226 
238 242 
238 227 
239 354 
239 243 
239 256 
239 237 
239 248 
240 3 
240 242 
240 5 
241 238 
242 185 
242 226 
242 227 
242 238 
242 162 
242 244 
242 237 
242 425 
242 5 
242 377 
242 378 
242 6 
242 2 
242 3 
242 240 
243 239 
243 354 
243 256 
243 406 
243 152 
243 146 
243 144 
243 237 
243 450 
244 162 
244 237 
244 242 
244 425 
244 5 
244 146 
244 144 
244 207 
244 153 
244 204 
244 407 
244 230 
245 146 
245 185 
245 207 
245 145 
245 182 
245 204 
245 425 
245 187 
245 226 
245 227 
245 306 
245 246 
246 185 
246 306 
246 245 
247 135 
247 146 
247 375 
247 144 
247 407 
247 61 
247 124 
247 127 
248 181 
248 11 
248 175 
248 239 
248 256 
248 237 
249 134 
249 303 
249 425 
249 56 
250 185 
250 254 
250 253 
251 185 
251 254 
251 252 
252 185 
252 254 
252 251 
253 185 
253 254 
253 250 
254 185 
254 251 
254 252 
254 250 
254 253 
255 185 
255 313 
255 312 
256 239 
256 354 
256 243 
256 237 
256 248 
257 146 
257 144 
257 258 
258 146 
258 257 
258 144 
258 185 
258 160 
258 294 
259 185 
259 193 
259 218 
260 197 
260 310 
260 407 
260 49 
260 185 
261 112 
261 185 
262 204 
262 396 
262 230 
263 413 
263 433 
263 154 
264 152 
264 414 
265 109 
265 416 
265 407 
265 315 
266 219 
266 297 
266 154 
266 438 
266 201 
266 294 
267 85 
267 164 
267 88 
268 185 
268 219 
268 407 
268 108 
268 204 
268 88 
269 390 
269 394 
269 152 
269 154 
269 77 
269 342 
270 394 
270 426 
270 152 
270 154 
270 297 
270 342 
271 81 
271 272 
271 83 
271 82 
271 80 
271 79 
271 155 
271 185 
271 209 
271 299 
272 81 
272 83 
272 271 
272 82 
272 80 
272 79 
272 155 
272 146 
272 185 
272 215 
272 407 
272 425 
273 55 
273 122 
273 432 
273 224 
274 127 
274 126 
274 230 
274 343 
275 391 
275 394 
275 152 
275 154 
275 342 
275 387 
276 154 
276 342 
276 436 
276 88 
276 394 
276 152 
277 118 
277 100 
277 425 
278 316 
278 185 
278 388 
279 172 
279 173 
279 288 
279 104 
279 154 
279 297 
280 72 
280 348 
280 425 
281 232 
281 152 
281 384 
281 226 
281 420 
281 227 
281 204 
281 88 
281 222 
282 185 
282 283 
282 407 
283 185 
283 282 
283 407 
284 185 
284 307 
284 374 
284 372 
284 153 
284 150 
284 425 
284 146 
284 144 
284 172 
284 173 
284 373 
284 226 
284 227 
284 228 
284 229 
284 149 
284 93 
284 151 
285 172 
285 308 
285 173 
285 185 
285 190 
285 369 
285 152 
286 185 
286 23 
286 172 
286 336 
286 173 
287 172 
287 393 
287 173 
287 185 
287 45 
288 185 
288 24 
288 172 
288 279 
288 173 
289 172 
289 413 
289 173 
289 185 
289 47 
290 172 
290 400 
290 173 
290 185 
290 46 
291 185 
291 25 
291 172 
291 401 
291 173 
292 185 
292 228 
292 229 
292 294 
292 191 
292 375 
292 226 
292 227 
292 356 
292 220 
293 185 
293 230 
293 294 
294 185 
294 228 
294 292 
294 229 
294 146 
294 154 
294 145 
294 297 
294 425 
294 293 
294 230 
294 226 
294 227 
294 183 
294 175 
294 407 
294 258 
294 160 
294 266 
294 438 
294 201 
295 114 
295 185 
295 364 
296 190 
296 226 
296 227 
296 154 
296 297 
296 185 
296 44 
297 106 
297 154 
297 393 
297 104 
297 279 
297 296 
297 105 
297 400 
297 103 
297 336 
297 101 
297 401 
297 102 
297 308 
297 146 
297 294 
297 145 
297 425 
297 185 
297 408 
297 316 
297 44 
297 381 
297 214 
297 183 
297 175 
297 407 
297 76 
297 421 
297 391 
297 74 
297 31 
297 270 
297 342 
297 219 
297 266 
298 9 
298 299 
298 407 
298 185 
298 430 
298 10 
298 134 
298 145 
298 425 
299 185 
299 230 
299 386 
299 9 
299 298 
299 407 
299 430 
299 146 
299 144 
299 145 
299 10 
299 271 
299 209 
300 92 
300 442 
300 411 
300 439 
301 185 
301 145 
301 364 
301 183 
301 187 
301 197 
301 175 
301 407 
302 146 
302 437 
302 425 
302 92 
302 144 
303 207 
303 315 
303 204 
303 426 
303 134 
303 249 
303 425 
303 230 
304 232 
304 185 
304 399 
305 184 
305 185 
305 152 
305 146 
305 421 
305 144 
305 398 
305 407 
305 426 
305 408 
306 185 
306 245 
306 246 
307 185 
307 284 
307 374 
308 172 
308 173 
308 285 
308 102 
308 154 
308 297 
309 185 
309 182 
309 183 
309 407 
310 146 
310 152 
310 185 
310 230 
310 144 
310 407 
310 216 
310 199 
310 207 
310 204 
310 197 
310 260 
311 185 
311 445 
311 51 
311 68 
311 70 
311 372 
312 185 
312 313 
312 255 
313 185 
313 255 
313 312 
313 314 
313 437 
314 185 
314 313 
314 437 
315 207 
315 204 
315 303 
315 426 
315 230 
315 420 
315 118 
315 265 
315 407 
316 185 
316 297 
316 408 
316 154 
316 278 
317 146 
317 144 
317 151 
317 185 
317 230 
317 450 
318 185 
318 230 
318 448 
319 146 
319 144 
319 321 
319 320 
320 146 
320 144 
320 319 
321 146 
321 319 
321 144 
322 148 
322 428 
322 185 
322 411 
322 146 
322 144 
322 324 
322 323 
323 146 
323 144 
323 322 
323 185 
323 230 
323 334 
324 146 
324 322 
324 144 
325 146 
325 144 
325 327 
325 326 
326 146 
326 144 
326 325 
327 146 
327 325 
327 144 
328 146 
328 144 
328 332 
328 331 
329 330 
329 185 
329 176 
330 185 
330 329 
331 146 
331 443 
331 144 
331 328 
331 126 
331 334 
331 142 
332 146 
332 328 
332 144 
333 146 
333 144 
333 335 
333 334 
333 237 
333 368 
333 185 
333 409 
333 442 
333 411 
333 428 
334 185 
334 323 
334 230 
334 146 
334 341 
334 144 
334 333 
334 335 
334 425 
334 126 
334 142 
334 331 
335 146 
335 333 
335 144 
335 185 
335 334 
335 425 
336 172 
336 173 
336 286 
336 103 
336 154 
336 297 
337 185 
337 230 
337 340 
338 185 
338 230 
338 341 
339 407 
339 73 
339 382 
340 185 
340 337 
340 230 
341 146 
341 144 
341 334 
341 185 
341 338 
341 230 
341 73 
341 448 
341 407 
342 154 
342 276 
342 436 
342 269 
342 77 
342 270 
342 297 
342 275 
342 387 
343 127 
343 274 
343 126 
343 230 
344 185 
344 345 
344 407 
344 347 
344 379 
345 185 
345 346 
345 425 
345 344 
345 407 
346 183 
346 185 
346 204 
346 345 
346 425 
347 146 
347 72 
347 145 
347 344 
347 379 
348 146 
348 204 
348 142 
348 144 
348 407 
348 72 
348 280 
348 425 
349 157 
349 5 
350 389 
350 365 
350 425 
351 153 
351 148 
351 354 
351 14 
351 352 
351 355 
351 17 
351 353 
351 18 
351 19 
351 20 
351 21 
351 22 
351 7 
352 14 
352 351 
352 355 
352 22 
352 7 
353 17 
353 18 
353 351 
353 19 
353 20 
353 21 
353 22 
354 153 
354 351 
354 148 
354 239 
354 243 
354 256 
355 14 
355 352 
355 351 
356 226 
356 227 
356 292 
357 425 
358 185 
358 446 
358 50 
358 71 
359 5 
359 407 
359 107 
359 427 
360 165 
360 361 
360 426 
360 188 
361 165 
361 360 
361 426 
361 188 
362 185 
362 225 
362 232 
362 186 
362 375 
363 62 
363 146 
363 204 
363 144 
363 407 
364 114 
364 185 
364 295 
364 172 
364 434 
364 173 
364 214 
364 195 
364 194 
364 197 
364 230 
364 301 
364 145 
364 59 
364 123 
365 350 
365 389 
365 425 
366 389 
366 402 
367 146 
367 154 
367 144 
367 369 
367 407 
368 237 
368 185 
368 333 
368 409 
369 172 
369 152 
369 173 
369 285 
369 146 
369 154 
369 367 
369 144 
369 407 
370 13 
370 146 
370 375 
370 144 
370 407 
370 186 
370 185 
370 410 
370 33 
370 165 
371 397 
371 33 
372 185 
372 374 
372 284 
372 146 
372 144 
372 70 
372 311 
373 157 
373 5 
373 172 
373 284 
373 173 
373 226 
373 227 
373 228 
373 229 
374 185 
374 307 
374 284 
374 372 
375 191 
375 292 
375 126 
375 185 
375 127 
375 219 
375 192 
375 381 
375 426 
375 13 
375 146 
375 144 
375 370 
375 407 
375 135 
375 247 
375 225 
375 232 
375 186 
375 362 
375 220 
376 378 
377 242 
377 237 
377 378 
378 242 
378 377 
378 237 
378 376 
379 344 
379 347 
380 226 
380 227 
380 381 
380 185 
380 417 
380 407 
380 232 
380 186 
381 170 
381 426 
381 297 
381 154 
381 214 
381 388 
381 434 
381 226 
381 380 
381 227 
381 192 
381 375 
381 185 
381 232 
381 186 
382 339 
382 407 
382 73 
382 185 
382 383 
382 430 
382 10 
382 134 
382 182 
382 425 
383 185 
383 382 
383 430 
383 407 
383 10 
384 232 
384 119 
384 281 
384 152 
385 386 
385 407 
385 9 
385 185 
385 430 
386 407 
386 9 
386 385 
386 185 
386 299 
386 230 
386 430 
387 172 
387 173 
387 395 
387 154 
387 275 
387 342 
388 185 
388 278 
388 226 
388 88 
388 152 
388 227 
388 381 
388 434 
388 228 
388 229 
389 32 
389 146 
389 144 
389 152 
389 407 
389 350 
389 365 
389 425 
389 366 
389 402 
390 211 
390 426 
390 192 
390 394 
390 152 
390 269 
391 185 
391 297 
391 74 
391 154 
391 31 
391 26 
391 204 
391 88 
391 223 
391 426 
391 192 
391 394 
391 152 
391 275 
392 185 
392 161 
392 403 
393 106 
393 154 
393 297 
393 172 
393 173 
393 287 
394 88 
394 152 
394 276 
394 390 
394 269 
394 426 
394 270 
394 391 
394 275 
395 172 
395 387 
395 173 
395 185 
395 42 
396 204 
396 230 
396 262 
397 371 
398 34 
398 146 
398 305 
398 421 
398 144 
398 407 
399 232 
399 304 
399 185 
400 172 
400 173 
400 290 
400 105 
400 154 
400 297 
401 172 
401 173 
401 291 
401 101 
401 154 
401 297 
402 366 
402 389 
403 146 
403 3 
403 144 
403 185 
403 392 
403 161 
404 144 
404 145 
404 163 
405 134 
405 406 
405 425 
405 49 
405 226 
405 227 
406 152 
406 243 
406 134 
406 405 
406 425 
407 132 
407 146 
407 125 
407 145 
407 185 
407 268 
407 219 
407 283 
407 282 
407 175 
407 436 
407 154 
407 183 
407 434 
407 32 
407 144 
407 152 
407 389 
407 386 
407 9 
407 385 
407 298 
407 299 
407 10 
407 204 
407 348 
407 142 
407 127 
407 440 
407 121 
407 229 
407 198 
407 228 
407 415 
407 220 
407 91 
407 230 
407 310 
407 216 
407 199 
407 450 
407 448 
407 339 
407 73 
407 382 
407 156 
407 416 
407 143 
407 109 
407 265 
407 96 
407 315 
407 294 
407 297 
407 61 
407 62 
407 363 
407 65 
407 66 
407 2 
407 1 
407 5 
407 226 
407 107 
407 227 
407 359 
407 427 
407 207 
407 197 
407 260 
407 201 
407 13 
407 375 
407 370 
407 205 
407 206 
407 309 
407 345 
407 344 
407 367 
407 369 
407 383 
407 184 
407 305 
407 421 
407 398 
407 187 
407 301 
407 215 
407 272 
407 425 
407 417 
407 380 
407 93 
407 94 
407 57 
407 59 
407 69 
407 58 
407 124 
407 135 
407 247 
407 426 
407 408 
407 443 
407 444 
407 341 
407 244 
407 153 
408 214 
408 226 
408 227 
408 185 
408 297 
408 154 
408 316 
408 88 
408 197 
408 204 
408 146 
408 305 
408 426 
408 144 
408 407 
409 237 
409 368 
409 185 
409 333 
410 186 
410 370 
410 185 
411 148 
411 428 
411 185 
411 322 
411 92 
411 442 
411 300 
411 439 
411 438 
411 237 
411 333 
412 63 
412 185 
412 226 
412 227 
412 146 
412 154 
412 145 
412 413 
412 425 
413 172 
413 173 
413 289 
413 146 
413 154 
413 412 
413 145 
413 425 
413 433 
413 263 
413 219 
413 95 
413 152 
414 264 
414 152 
415 185 
415 220 
415 407 
415 146 
415 210 
415 144 
416 156 
416 185 
416 143 
416 407 
416 109 
416 265 
416 90 
416 144 
416 146 
416 426 
417 185 
417 380 
417 407 
418 185 
418 145 
418 146 
419 185 
419 175 
419 425 
420 315 
420 226 
420 152 
420 227 
420 281 
421 146 
421 305 
421 144 
421 398 
421 407 
421 76 
421 154 
421 297 
421 48 
421 226 
421 152 
421 227 
422 232 
422 424 
422 186 
423 146 
423 144 
423 424 
424 232 
424 186 
424 422 
424 146 
424 423 
424 144 
425 146 
425 154 
425 412 
425 145 
425 413 
425 294 
425 297 
425 350 
425 389 
425 365 
425 357 
425 72 
425 280 
425 348 
425 197 
425 207 
425 196 
425 204 
425 134 
425 303 
425 249 
425 118 
425 277 
425 100 
425 199 
425 195 
425 185 
425 335 
425 334 
425 162 
425 244 
425 237 
425 242 
425 5 
425 153 
425 284 
425 150 
425 405 
425 406 
425 346 
425 345 
425 245 
425 182 
425 54 
425 149 
425 215 
425 272 
425 407 
425 52 
425 419 
425 175 
425 298 
425 130 
425 123 
425 135 
425 382 
425 174 
425 172 
425 437 
425 302 
425 221 
425 232 
425 203 
426 87 
426 37 
426 152 
426 170 
426 381 
426 207 
426 315 
426 204 
426 303 
426 230 
426 118 
426 185 
426 202 
426 441 
426 201 
426 438 
426 165 
426 360 
426 361 
426 192 
426 375 
426 219 
426 144 
426 416 
426 146 
426 211 
426 390 
426 188 
426 394 
426 270 
426 305 
426 407 
426 408 
426 38 
426 98 
426 223 
426 391 
427 5 
427 359 
427 407 
427 107 
428 148 
428 185 
428 322 
428 411 
428 237 
428 333 
429 146 
429 144 
429 174 
430 185 
430 299 
430 298 
430 383 
430 382 
430 386 
430 385 
430 146 
430 144 
430 166 
431 97 
431 229 
431 228 
431 146 
431 109 
431 144 
432 55 
432 273 
432 122 
432 224 
433 171 
433 172 
433 173 
433 413 
433 154 
433 263 
434 185 
434 226 
434 435 
434 227 
434 228 
434 229 
434 175 
434 407 
434 436 
434 154 
434 183 
434 172 
434 173 
434 364 
434 388 
434 381 
435 88 
435 113 
435 204 
435 185 
435 226 
435 227 
435 434 
435 228 
435 229 
436 154 
436 276 
436 342 
436 175 
436 407 
436 183 
436 434 
436 34 
437 185 
437 314 
437 313 
437 146 
437 302 
437 425 
438 185 
438 201 
438 230 
438 441 
438 426 
438 439 
438 442 
438 411 
438 266 
438 294 
438 219 
439 92 
439 442 
439 300 
439 411 
439 185 
439 438 
440 127 
440 146 
440 204 
440 144 
440 407 
441 185 
441 202 
441 230 
441 426 
441 201 
441 438 
442 92 
442 300 
442 411 
442 439 
442 185 
442 438 
442 237 
442 333 
443 146 
443 144 
443 331 
443 407 
443 73 
443 444 
443 235 
444 407 
444 443 
444 73 
444 229 
444 128 
444 228 
445 185 
445 51 
445 68 
445 311 
446 185 
446 50 
446 358 
447 136 
447 185 
447 140 
448 185 
448 318 
448 230 
448 407 
448 450 
448 9 
448 229 
448 129 
448 228 
448 73 
448 341 
449 194 
449 216 
449 185 
450 185 
450 317 
450 230 
450 407 
450 9 
450 448 
450 146 
450 144 
450 243 
451 185 
451 112 
451 208 
451 230 
452 184 
