139	690
1	30
1	59
1	60
1	62
1	63
1	64
1	78
1	106
1	109
1	111
1	112
1	113
1	114
1	115
1	116
1	119
1	120
1	121
1	122
1	124
1	128
1	129
1	130
1	132
1	133
1	136
1	137
1	138
1	139
2	30
2	59
2	60
2	62
2	63
2	64
2	78
2	106
2	109
2	111
2	112
2	113
2	114
2	115
2	116
2	119
2	120
2	121
2	122
2	124
2	128
2	129
2	130
2	132
2	133
2	136
2	137
2	138
2	139
3	30
3	59
3	60
3	61
3	62
3	63
3	64
3	65
3	67
3	68
3	69
3	70
3	72
3	73
3	74
3	75
3	77
3	78
3	79
3	80
3	81
3	82
3	83
3	84
3	85
3	86
3	87
3	88
3	89
3	90
3	91
3	92
3	93
3	94
3	95
3	96
3	97
3	98
3	99
3	100
3	101
3	102
3	103
3	104
3	105
3	106
3	107
3	108
3	109
3	110
3	111
3	112
3	113
3	114
3	115
3	116
3	117
3	118
3	119
3	120
3	121
3	122
3	123
3	124
3	125
3	126
3	127
3	128
3	129
3	130
3	131
3	132
3	133
3	134
3	135
3	136
3	137
3	138
3	139
4	30
4	59
4	60
4	61
4	62
4	63
4	64
4	67
4	77
4	78
4	81
4	82
4	83
4	86
4	88
4	93
4	96
4	98
4	100
4	101
4	102
4	103
4	104
4	105
4	106
4	107
4	108
4	109
4	110
4	111
4	112
4	113
4	114
4	115
4	116
4	117
4	118
4	119
4	120
4	121
4	122
4	123
4	124
4	125
4	126
4	127
4	128
4	129
4	130
4	131
4	132
4	133
4	134
4	135
4	136
4	137
4	138
4	139
5	30
5	59
5	60
5	62
5	63
5	64
5	78
5	106
5	109
5	111
5	112
5	113
5	114
5	115
5	116
5	119
5	120
5	121
5	122
5	124
5	128
5	129
5	130
5	132
5	133
5	136
5	137
5	138
5	139
6	30
6	59
6	60
6	61
6	62
6	63
6	64
6	67
6	77
6	78
6	81
6	82
6	83
6	86
6	88
6	93
6	96
6	98
6	100
6	101
6	102
6	103
6	104
6	105
6	106
6	107
6	108
6	109
6	110
6	111
6	112
6	113
6	114
6	115
6	116
6	117
6	118
6	119
6	120
6	121
6	122
6	123
6	124
6	125
6	126
6	127
6	128
6	129
6	130
6	131
6	132
6	133
6	134
6	135
6	136
6	137
6	138
6	139
7	30
7	59
7	60
7	61
7	62
7	63
7	64
7	67
7	77
7	78
7	81
7	82
7	83
7	86
7	88
7	93
7	96
7	98
7	100
7	101
7	102
7	103
7	104
7	105
7	106
7	107
7	108
7	109
7	110
7	111
7	112
7	113
7	114
7	115
7	116
7	117
7	118
7	119
7	120
7	121
7	122
7	123
7	124
7	125
7	126
7	127
7	128
7	129
7	130
7	131
7	132
7	133
7	134
7	135
7	136
7	137
7	138
7	139
8	30
8	59
8	60
8	61
8	62
8	63
8	64
8	65
8	67
8	68
8	69
8	70
8	72
8	73
8	74
8	75
8	77
8	78
8	79
8	80
8	81
8	82
8	83
8	84
8	85
8	86
8	87
8	88
8	89
8	90
8	91
8	92
8	93
8	94
8	95
8	96
8	97
8	98
8	99
8	100
8	101
8	102
8	103
8	104
8	105
8	106
8	107
8	108
8	109
8	110
8	111
8	112
8	113
8	114
8	115
8	116
8	117
8	118
8	119
8	120
8	121
8	122
8	123
8	124
8	125
8	126
8	127
8	128
8	129
8	130
8	131
8	132
8	133
8	134
8	135
8	136
8	137
8	138
8	139
9	30
9	59
9	60
9	133
9	137
10	30
10	59
11	30
11	59
11	60
11	62
11	63
11	64
11	78
11	106
11	109
11	111
11	112
11	113
11	114
11	115
11	116
11	119
11	120
11	121
11	122
11	124
11	128
11	129
11	130
11	132
11	133
11	136
11	137
11	138
11	139
12	30
12	59
12	60
12	133
12	137
13	30
13	59
14	30
14	59
15	30
15	59
15	60
15	133
15	137
16	30
16	59
16	60
16	133
16	137
17	30
17	59
17	60
17	133
17	137
18	30
18	59
18	60
18	133
18	137
19	30
19	59
19	60
19	133
19	137
20	30
20	59
20	60
20	133
20	137
21	30
21	59
21	60
21	62
21	63
21	64
21	78
21	106
21	109
21	111
21	112
21	113
21	114
21	115
21	116
21	119
21	120
21	121
21	122
21	124
21	128
21	129
21	130
21	132
21	133
21	136
21	137
21	138
21	139
22	30
22	59
22	60
22	133
22	137
23	30
23	59
24	30
24	59
25	30
25	59
26	30
26	59
27	30
27	59
27	60
27	62
27	63
27	64
27	78
27	106
27	109
27	111
27	112
27	113
27	114
27	115
27	116
27	119
27	120
27	121
27	122
27	124
27	128
27	129
27	130
27	132
27	133
27	136
27	137
27	138
27	139
28	30
28	59
28	60
28	133
28	137
29	30
29	59
30	31
30	32
30	33
30	34
30	35
30	36
30	37
30	38
30	39
30	40
30	41
30	42
30	43
30	44
30	45
30	46
30	47
30	48
30	49
30	50
30	51
30	52
30	53
30	54
30	55
30	56
30	57
30	58
30	59
30	60
30	61
30	62
30	63
30	64
30	65
30	66
30	67
30	68
30	69
30	70
30	71
30	72
30	73
30	74
30	75
30	76
30	77
30	78
30	79
30	80
30	81
30	82
30	83
30	84
30	85
30	86
30	87
30	88
30	89
30	90
30	91
30	92
30	93
30	94
30	95
30	96
30	97
30	98
30	99
30	100
30	101
30	102
30	103
30	104
30	105
30	106
30	107
30	108
30	109
30	110
30	111
30	112
30	113
30	114
30	115
30	116
30	117
30	118
30	119
30	120
30	121
30	122
30	123
30	124
30	125
30	126
30	127
30	128
30	129
30	130
30	131
30	132
30	133
30	134
30	135
30	136
30	137
30	138
30	139
31	59
32	59
34	59
35	59
36	59
40	59
49	59
59	133
59	137