139	1261
1	30
1	59
1	60
1	61
1	62
1	63
1	64
1	67
1	77
1	78
1	81
1	82
1	83
1	86
1	88
1	93
1	96
1	98
1	100
1	101
1	102
1	103
1	104
1	105
1	106
1	107
1	108
1	109
1	110
1	111
1	112
1	113
1	114
1	115
1	116
1	117
1	118
1	119
1	120
1	121
1	122
1	123
1	124
1	125
1	126
1	127
1	128
1	129
1	130
1	131
1	132
1	133
1	134
1	135
1	136
1	137
1	138
1	139
2	30
2	59
2	60
2	61
2	62
2	63
2	64
2	67
2	77
2	78
2	81
2	82
2	83
2	86
2	88
2	93
2	96
2	98
2	100
2	101
2	102
2	103
2	104
2	105
2	106
2	107
2	108
2	109
2	110
2	111
2	112
2	113
2	114
2	115
2	116
2	117
2	118
2	119
2	120
2	121
2	122
2	123
2	124
2	125
2	126
2	127
2	128
2	129
2	130
2	131
2	132
2	133
2	134
2	135
2	136
2	137
2	138
2	139
3	30
3	51
3	54
3	56
3	59
3	60
3	61
3	62
3	63
3	64
3	65
3	66
3	67
3	68
3	69
3	70
3	71
3	72
3	73
3	74
3	75
3	76
3	77
3	78
3	79
3	80
3	81
3	82
3	83
3	84
3	85
3	86
3	87
3	88
3	89
3	90
3	91
3	92
3	93
3	94
3	95
3	96
3	97
3	98
3	99
3	100
3	101
3	102
3	103
3	104
3	105
3	106
3	107
3	108
3	109
3	110
3	111
3	112
3	113
3	114
3	115
3	116
3	117
3	118
3	119
3	120
3	121
3	122
3	123
3	124
3	125
3	126
3	127
3	128
3	129
3	130
3	131
3	132
3	133
3	134
3	135
3	136
3	137
3	138
3	139
4	30
4	59
4	60
4	61
4	62
4	63
4	64
4	65
4	67
4	68
4	69
4	70
4	72
4	73
4	74
4	75
4	77
4	78
4	79
4	80
4	81
4	82
4	83
4	84
4	85
4	86
4	87
4	88
4	89
4	90
4	91
4	92
4	93
4	94
4	95
4	96
4	97
4	98
4	99
4	100
4	101
4	102
4	103
4	104
4	105
4	106
4	107
4	108
4	109
4	110
4	111
4	112
4	113
4	114
4	115
4	116
4	117
4	118
4	119
4	120
4	121
4	122
4	123
4	124
4	125
4	126
4	127
4	128
4	129
4	130
4	131
4	132
4	133
4	134
4	135
4	136
4	137
4	138
4	139
5	30
5	59
5	60
5	61
5	62
5	63
5	64
5	67
5	77
5	78
5	81
5	82
5	83
5	86
5	88
5	93
5	96
5	98
5	100
5	101
5	102
5	103
5	104
5	105
5	106
5	107
5	108
5	109
5	110
5	111
5	112
5	113
5	114
5	115
5	116
5	117
5	118
5	119
5	120
5	121
5	122
5	123
5	124
5	125
5	126
5	127
5	128
5	129
5	130
5	131
5	132
5	133
5	134
5	135
5	136
5	137
5	138
5	139
6	30
6	59
6	60
6	61
6	62
6	63
6	64
6	65
6	67
6	68
6	69
6	70
6	72
6	73
6	74
6	75
6	77
6	78
6	79
6	80
6	81
6	82
6	83
6	84
6	85
6	86
6	87
6	88
6	89
6	90
6	91
6	92
6	93
6	94
6	95
6	96
6	97
6	98
6	99
6	100
6	101
6	102
6	103
6	104
6	105
6	106
6	107
6	108
6	109
6	110
6	111
6	112
6	113
6	114
6	115
6	116
6	117
6	118
6	119
6	120
6	121
6	122
6	123
6	124
6	125
6	126
6	127
6	128
6	129
6	130
6	131
6	132
6	133
6	134
6	135
6	136
6	137
6	138
6	139
7	30
7	59
7	60
7	61
7	62
7	63
7	64
7	65
7	67
7	68
7	69
7	70
7	72
7	73
7	74
7	75
7	77
7	78
7	79
7	80
7	81
7	82
7	83
7	84
7	85
7	86
7	87
7	88
7	89
7	90
7	91
7	92
7	93
7	94
7	95
7	96
7	97
7	98
7	99
7	100
7	101
7	102
7	103
7	104
7	105
7	106
7	107
7	108
7	109
7	110
7	111
7	112
7	113
7	114
7	115
7	116
7	117
7	118
7	119
7	120
7	121
7	122
7	123
7	124
7	125
7	126
7	127
7	128
7	129
7	130
7	131
7	132
7	133
7	134
7	135
7	136
7	137
7	138
7	139
8	30
8	51
8	54
8	56
8	59
8	60
8	61
8	62
8	63
8	64
8	65
8	66
8	67
8	68
8	69
8	70
8	71
8	72
8	73
8	74
8	75
8	76
8	77
8	78
8	79
8	80
8	81
8	82
8	83
8	84
8	85
8	86
8	87
8	88
8	89
8	90
8	91
8	92
8	93
8	94
8	95
8	96
8	97
8	98
8	99
8	100
8	101
8	102
8	103
8	104
8	105
8	106
8	107
8	108
8	109
8	110
8	111
8	112
8	113
8	114
8	115
8	116
8	117
8	118
8	119
8	120
8	121
8	122
8	123
8	124
8	125
8	126
8	127
8	128
8	129
8	130
8	131
8	132
8	133
8	134
8	135
8	136
8	137
8	138
8	139
9	30
9	59
9	60
9	62
9	63
9	64
9	78
9	106
9	109
9	111
9	112
9	113
9	114
9	115
9	116
9	119
9	120
9	121
9	122
9	124
9	128
9	129
9	130
9	132
9	133
9	136
9	137
9	138
9	139
10	30
10	59
10	60
10	133
10	137
11	30
11	59
11	60
11	61
11	62
11	63
11	64
11	67
11	77
11	78
11	81
11	82
11	83
11	86
11	88
11	93
11	96
11	98
11	100
11	101
11	102
11	103
11	104
11	105
11	106
11	107
11	108
11	109
11	110
11	111
11	112
11	113
11	114
11	115
11	116
11	117
11	118
11	119
11	120
11	121
11	122
11	123
11	124
11	125
11	126
11	127
11	128
11	129
11	130
11	131
11	132
11	133
11	134
11	135
11	136
11	137
11	138
11	139
12	30
12	59
12	60
12	62
12	63
12	64
12	78
12	106
12	109
12	111
12	112
12	113
12	114
12	115
12	116
12	119
12	120
12	121
12	122
12	124
12	128
12	129
12	130
12	132
12	133
12	136
12	137
12	138
12	139
13	30
13	59
13	60
13	133
13	137
14	30
14	59
14	60
14	133
14	137
15	30
15	59
15	60
15	62
15	63
15	64
15	78
15	106
15	109
15	111
15	112
15	113
15	114
15	115
15	116
15	119
15	120
15	121
15	122
15	124
15	128
15	129
15	130
15	132
15	133
15	136
15	137
15	138
15	139
16	30
16	59
16	60
16	62
16	63
16	64
16	78
16	106
16	109
16	111
16	112
16	113
16	114
16	115
16	116
16	119
16	120
16	121
16	122
16	124
16	128
16	129
16	130
16	132
16	133
16	136
16	137
16	138
16	139
17	30
17	59
17	60
17	62
17	63
17	64
17	78
17	106
17	109
17	111
17	112
17	113
17	114
17	115
17	116
17	119
17	120
17	121
17	122
17	124
17	128
17	129
17	130
17	132
17	133
17	136
17	137
17	138
17	139
18	30
18	59
18	60
18	62
18	63
18	64
18	78
18	106
18	109
18	111
18	112
18	113
18	114
18	115
18	116
18	119
18	120
18	121
18	122
18	124
18	128
18	129
18	130
18	132
18	133
18	136
18	137
18	138
18	139
19	30
19	59
19	60
19	62
19	63
19	64
19	78
19	106
19	109
19	111
19	112
19	113
19	114
19	115
19	116
19	119
19	120
19	121
19	122
19	124
19	128
19	129
19	130
19	132
19	133
19	136
19	137
19	138
19	139
20	30
20	59
20	60
20	62
20	63
20	64
20	78
20	106
20	109
20	111
20	112
20	113
20	114
20	115
20	116
20	119
20	120
20	121
20	122
20	124
20	128
20	129
20	130
20	132
20	133
20	136
20	137
20	138
20	139
21	30
21	59
21	60
21	61
21	62
21	63
21	64
21	67
21	77
21	78
21	81
21	82
21	83
21	86
21	88
21	93
21	96
21	98
21	100
21	101
21	102
21	103
21	104
21	105
21	106
21	107
21	108
21	109
21	110
21	111
21	112
21	113
21	114
21	115
21	116
21	117
21	118
21	119
21	120
21	121
21	122
21	123
21	124
21	125
21	126
21	127
21	128
21	129
21	130
21	131
21	132
21	133
21	134
21	135
21	136
21	137
21	138
21	139
22	30
22	59
22	60
22	62
22	63
22	64
22	78
22	106
22	109
22	111
22	112
22	113
22	114
22	115
22	116
22	119
22	120
22	121
22	122
22	124
22	128
22	129
22	130
22	132
22	133
22	136
22	137
22	138
22	139
23	30
23	59
23	60
23	133
23	137
24	30
24	59
24	60
24	133
24	137
25	30
25	59
25	60
25	133
25	137
26	30
26	59
26	60
26	133
26	137
27	30
27	59
27	60
27	61
27	62
27	63
27	64
27	67
27	77
27	78
27	81
27	82
27	83
27	86
27	88
27	93
27	96
27	98
27	100
27	101
27	102
27	103
27	104
27	105
27	106
27	107
27	108
27	109
27	110
27	111
27	112
27	113
27	114
27	115
27	116
27	117
27	118
27	119
27	120
27	121
27	122
27	123
27	124
27	125
27	126
27	127
27	128
27	129
27	130
27	131
27	132
27	133
27	134
27	135
27	136
27	137
27	138
27	139
28	30
28	59
28	60
28	62
28	63
28	64
28	78
28	106
28	109
28	111
28	112
28	113
28	114
28	115
28	116
28	119
28	120
28	121
28	122
28	124
28	128
28	129
28	130
28	132
28	133
28	136
28	137
28	138
28	139
29	30
29	59
29	60
29	133
29	137
30	31
30	32
30	33
30	34
30	35
30	36
30	37
30	38
30	39
30	40
30	41
30	42
30	43
30	44
30	45
30	46
30	47
30	48
30	49
30	50
30	51
30	52
30	53
30	54
30	55
30	56
30	57
30	58
30	59
30	60
30	61
30	62
30	63
30	64
30	65
30	66
30	67
30	68
30	69
30	70
30	71
30	72
30	73
30	74
30	75
30	76
30	77
30	78
30	79
30	80
30	81
30	82
30	83
30	84
30	85
30	86
30	87
30	88
30	89
30	90
30	91
30	92
30	93
30	94
30	95
30	96
30	97
30	98
30	99
30	100
30	101
30	102
30	103
30	104
30	105
30	106
30	107
30	108
30	109
30	110
30	111
30	112
30	113
30	114
30	115
30	116
30	117
30	118
30	119
30	120
30	121
30	122
30	123
30	124
30	125
30	126
30	127
30	128
30	129
30	130
30	131
30	132
30	133
30	134
30	135
30	136
30	137
30	138
30	139
31	59
31	60
31	133
31	137
32	59
32	60
32	133
32	137
33	59
34	59
34	60
34	133
34	137
35	59
35	60
35	133
35	137
36	59
36	60
36	133
36	137
37	59
38	59
39	59
40	59
40	60
40	133
40	137
41	59
42	59
43	59
44	59
47	59
49	59
49	60
49	113
49	119
49	133
49	137
49	138
51	59
57	59
58	59
59	106
59	109
59	111
59	112
59	113
59	114
59	115
59	116
59	119
59	120
59	121
59	122
59	124
59	128
59	129
59	130
59	132
59	133
59	136
59	137
59	138
59	139
60	133
60	137