0 36
0 38
0 6
0 7
0 10
0 11
0 12
0 21
0 22
0 33
0 34
1 38
1 6
1 7
1 8
1 10
1 11
1 12
1 21
1 22
1 34
1 35
2 38
2 13
2 14
2 15
2 16
2 17
2 35
3 36
3 38
3 16
3 35
4 38
4 5
4 34
4 33
5 38
5 4
5 6
5 34
6 38
6 0
6 1
6 5
6 7
6 8
6 10
6 11
6 12
6 34
7 37
7 38
7 0
7 1
7 6
7 8
7 9
7 19
7 20
7 21
7 22
7 23
7 34
8 38
8 1
8 6
8 7
8 9
8 34
8 35
9 38
9 7
9 8
9 34
9 35
10 38
10 0
10 1
10 6
10 18
10 35
10 34
11 37
11 38
11 0
11 1
11 6
11 18
11 25
11 35
11 34
12 37
12 38
12 0
12 1
12 6
12 35
12 34
13 38
13 2
13 24
13 25
13 26
13 27
13 28
13 35
14 38
14 2
14 18
14 24
14 25
14 26
14 27
14 28
14 35
15 38
15 2
15 18
15 26
15 35
16 38
16 2
16 3
16 35
17 38
17 2
17 18
17 24
17 25
17 26
17 28
17 31
17 35
18 37
18 38
18 10
18 11
18 14
18 15
18 17
18 32
18 35
19 37
19 38
19 7
19 35
20 37
20 38
20 7
20 32
20 35
21 37
21 38
21 0
21 1
21 7
21 26
21 27
21 29
21 30
21 31
21 32
21 35
21 34
22 37
22 38
22 0
22 1
22 7
22 29
22 31
22 32
22 35
22 34
23 37
23 38
23 7
23 35
24 37
24 38
24 13
24 14
24 17
24 35
25 37
25 38
25 11
25 13
25 14
25 17
25 35
26 37
26 38
26 13
26 14
26 15
26 17
26 21
26 29
26 35
27 37
27 38
27 13
27 14
27 21
27 35
28 37
28 38
28 13
28 14
28 17
28 35
29 37
29 38
29 21
29 22
29 26
29 35
30 37
30 38
30 21
30 31
30 35
31 37
31 38
31 17
31 21
31 22
31 30
31 35
32 37
32 38
32 18
32 20
32 21
32 22
32 35
33 36
33 0
33 4
34 36
34 0
34 1
34 4
34 5
34 6
34 7
34 8
34 9
34 10
34 11
34 12
34 21
34 22
34 35
35 1
35 2
35 3
35 8
35 9
35 10
35 11
35 12
35 13
35 14
35 15
35 16
35 17
35 18
35 19
35 20
35 21
35 22
35 23
35 24
35 25
35 26
35 27
35 28
35 29
35 30
35 31
35 32
35 34
36 0
36 3
36 33
36 34
37 7
37 11
37 12
37 18
37 19
37 20
37 21
37 22
37 23
37 24
37 25
37 26
37 27
37 28
37 29
37 30
37 31
37 32
38 0
38 1
38 2
38 3
38 4
38 5
38 6
38 7
38 8
38 9
38 10
38 11
38 12
38 13
38 14
38 15
38 16
38 17
38 18
38 19
38 20
38 21
38 22
38 23
38 24
38 25
38 26
38 27
38 28
38 29
38 30
38 31
38 32
