173	1519
1	3
1	4
1	95
1	98
1	99
1	111
1	113
1	114
1	125
1	129
1	133
1	134
1	141
1	142
1	143
1	144
1	146
1	147
1	148
1	149
1	150
1	151
1	152
1	153
1	154
1	155
1	156
1	157
1	158
1	159
1	160
1	161
1	162
1	163
1	164
1	165
1	166
1	167
1	168
1	169
1	170
1	171
1	172
1	173
2	3
2	4
2	33
2	95
2	98
2	99
2	111
2	113
2	114
2	125
2	126
2	127
2	129
2	133
2	134
2	141
2	142
2	143
2	144
2	146
2	147
2	148
2	149
2	150
2	151
2	152
2	153
2	154
2	155
2	156
2	157
2	158
2	159
2	160
2	161
2	162
2	163
2	164
2	165
2	166
2	167
2	168
2	169
2	170
2	171
2	172
2	173
3	5
3	6
3	7
3	8
3	9
3	10
3	11
3	12
3	13
3	14
3	15
3	16
3	17
3	18
3	19
3	20
3	21
3	22
3	23
3	24
3	25
3	26
3	27
3	28
3	29
3	30
3	31
3	32
3	33
3	34
3	35
3	36
3	37
3	38
3	39
3	40
3	41
3	42
3	43
3	44
3	45
3	46
3	47
3	48
3	49
3	50
3	51
3	52
3	53
3	54
3	55
3	56
3	57
3	58
3	59
3	60
3	61
3	62
3	63
3	64
3	65
3	66
3	67
3	68
3	69
3	70
3	71
3	72
3	73
3	74
3	75
3	76
3	77
3	78
3	79
3	80
3	81
3	82
3	83
3	84
3	85
3	86
3	87
3	88
3	89
3	90
3	91
3	92
3	93
3	94
3	95
3	96
3	97
3	98
3	99
3	100
3	101
3	102
3	103
3	104
3	105
3	106
3	107
3	108
3	109
3	110
3	111
3	112
3	113
3	114
3	115
3	116
3	117
3	118
3	119
3	120
3	121
3	122
3	123
3	124
3	125
3	126
3	127
3	128
3	129
3	130
3	131
3	132
3	133
3	134
3	135
3	136
3	137
3	138
3	139
3	140
3	141
3	142
3	143
3	144
3	145
3	146
3	147
3	148
3	149
3	150
3	151
3	152
3	153
3	154
3	155
3	156
3	157
3	158
3	159
3	160
3	161
3	162
3	163
3	164
3	165
3	166
3	167
3	168
3	169
3	170
3	171
3	172
3	173
4	5
4	6
4	7
4	8
4	9
4	10
4	11
4	12
4	13
4	14
4	15
4	16
4	17
4	18
4	19
4	20
4	21
4	22
4	23
4	24
4	25
4	26
4	27
4	28
4	29
4	30
4	31
4	32
4	33
4	34
4	35
4	36
4	37
4	38
4	39
4	40
4	41
4	42
4	43
4	44
4	45
4	46
4	47
4	48
4	49
4	50
4	51
4	52
4	53
4	54
4	55
4	56
4	57
4	58
4	59
4	60
4	61
4	62
4	63
4	64
4	65
4	66
4	67
4	68
4	69
4	70
4	71
4	72
4	73
4	74
4	75
4	76
4	77
4	78
4	79
4	80
4	81
4	82
4	83
4	84
4	85
4	86
4	87
4	88
4	89
4	90
4	91
4	92
4	93
4	94
4	95
4	96
4	97
4	98
4	99
4	100
4	101
4	102
4	103
4	104
4	105
4	106
4	107
4	108
4	109
4	110
4	111
4	112
4	113
4	114
4	115
4	116
4	117
4	118
4	119
4	120
4	121
4	122
4	123
4	124
4	125
4	126
4	127
4	128
4	129
4	130
4	131
4	132
4	133
4	134
4	135
4	136
4	137
4	138
4	139
4	140
4	141
4	142
4	143
4	144
4	145
4	146
4	147
4	148
4	149
4	150
4	151
4	152
4	153
4	154
4	155
4	156
4	157
4	158
4	159
4	160
4	161
4	162
4	163
4	164
4	165
4	166
4	167
4	168
4	169
4	170
4	171
4	172
4	173
5	33
5	95
5	98
5	99
5	111
5	113
5	114
5	125
5	126
5	127
5	129
5	133
5	134
5	141
5	142
5	143
5	144
5	146
5	147
5	148
5	149
5	150
5	151
5	152
5	153
5	154
5	155
5	156
5	157
5	158
5	159
5	160
5	161
5	162
5	163
5	164
5	165
5	166
5	167
5	168
5	169
5	170
5	171
5	172
5	173
6	33
6	38
6	46
6	57
6	58
6	95
6	98
6	99
6	111
6	113
6	114
6	125
6	126
6	127
6	129
6	133
6	134
6	141
6	142
6	143
6	144
6	146
6	147
6	148
6	149
6	150
6	151
6	152
6	153
6	154
6	155
6	156
6	157
6	158
6	159
6	160
6	161
6	162
6	163
6	164
6	165
6	166
6	167
6	168
6	169
6	170
6	171
6	172
6	173
7	98
7	99
7	114
7	147
7	148
7	153
7	154
7	161
7	162
7	164
7	165
7	170
7	171
8	33
8	95
8	98
8	99
8	111
8	113
8	114
8	125
8	126
8	127
8	129
8	133
8	134
8	141
8	142
8	143
8	144
8	146
8	147
8	148
8	149
8	150
8	151
8	152
8	153
8	154
8	155
8	156
8	157
8	158
8	159
8	160
8	161
8	162
8	163
8	164
8	165
8	166
8	167
8	168
8	169
8	170
8	171
8	172
8	173
9	98
9	99
9	114
9	147
9	148
9	153
9	154
9	161
9	162
9	164
9	165
9	170
9	171
10	98
10	99
10	114
10	147
10	148
10	153
10	154
10	161
10	162
10	164
10	165
10	170
10	171
11	98
11	99
11	164
12	98
12	99
12	114
12	147
12	148
12	153
12	154
12	161
12	162
12	164
12	165
12	170
12	171
13	98
13	99
13	114
13	147
13	148
13	153
13	154
13	161
13	162
13	164
13	165
13	170
13	171
14	98
14	99
14	114
14	147
14	148
14	153
14	154
14	161
14	162
14	164
14	165
14	170
14	171
15	98
15	99
15	114
15	147
15	148
15	153
15	154
15	161
15	162
15	164
15	165
15	170
15	171
16	98
16	99
16	114
16	147
16	148
16	153
16	154
16	161
16	162
16	164
16	165
16	170
16	171
17	95
17	98
17	99
17	111
17	113
17	114
17	125
17	129
17	133
17	134
17	141
17	142
17	143
17	144
17	146
17	147
17	148
17	149
17	150
17	151
17	152
17	153
17	154
17	155
17	156
17	157
17	158
17	159
17	160
17	161
17	162
17	163
17	164
17	165
17	166
17	167
17	168
17	169
17	170
17	171
17	172
17	173
18	98
18	99
18	114
18	147
18	148
18	153
18	154
18	161
18	162
18	164
18	165
18	170
18	171
19	98
19	99
19	164
20	98
20	99
20	114
20	147
20	148
20	153
20	154
20	161
20	162
20	164
20	165
20	170
20	171
21	98
21	99
21	114
21	147
21	148
21	153
21	154
21	161
21	162
21	164
21	165
21	170
21	171
22	98
22	99
22	164
23	98
23	99
23	164
24	98
24	99
25	98
25	99
25	114
25	147
25	148
25	153
25	154
25	161
25	162
25	164
25	165
25	170
25	171
26	98
26	99
26	114
26	147
26	148
26	153
26	154
26	161
26	162
26	164
26	165
26	170
26	171
27	98
27	99
27	164
28	98
28	99
28	164
29	98
29	99
29	164
30	98
30	99
30	164
31	98
31	99
31	114
31	147
31	148
31	153
31	154
31	161
31	162
31	164
31	165
31	170
31	171
32	98
32	99
32	114
32	147
32	148
32	153
32	154
32	161
32	162
32	164
32	165
32	170
32	171
33	98
33	99
33	113
33	114
33	125
33	126
33	127
33	129
33	133
33	134
33	141
33	142
33	143
33	144
33	146
33	147
33	148
33	149
33	150
33	151
33	152
33	153
33	154
33	155
33	156
33	157
33	158
33	159
33	160
33	161
33	162
33	163
33	164
33	165
33	166
33	167
33	168
33	169
33	170
33	171
33	172
33	173
34	98
34	99
34	114
34	147
34	148
34	153
34	154
34	161
34	162
34	164
34	165
34	170
34	171
35	98
35	99
35	114
35	147
35	148
35	153
35	154
35	161
35	162
35	164
35	165
35	170
35	171
36	98
36	99
36	114
36	147
36	148
36	153
36	154
36	161
36	162
36	164
36	165
36	170
36	171
37	98
37	99
37	114
37	147
37	148
37	153
37	154
37	161
37	162
37	164
37	165
37	170
37	171
38	98
38	99
38	113
38	114
38	125
38	126
38	127
38	129
38	133
38	134
38	141
38	142
38	143
38	144
38	146
38	147
38	148
38	149
38	150
38	151
38	152
38	153
38	154
38	155
38	156
38	157
38	158
38	159
38	160
38	161
38	162
38	163
38	164
38	165
38	166
38	167
38	168
38	169
38	170
38	171
38	172
38	173
39	98
39	99
39	114
39	147
39	148
39	153
39	154
39	161
39	162
39	164
39	165
39	170
39	171
40	98
40	99
40	164
41	98
41	99
41	164
42	98
42	99
42	164
43	98
43	99
43	162
43	164
43	165
43	171
44	98
44	99
44	164
45	98
45	99
45	164
46	98
46	99
46	114
46	147
46	148
46	153
46	154
46	161
46	162
46	164
46	165
46	170
46	171
47	98
47	99
47	114
47	147
47	148
47	153
47	154
47	161
47	162
47	164
47	165
47	170
47	171
48	98
48	99
48	164
49	98
49	99
49	114
49	147
49	148
49	153
49	154
49	161
49	162
49	164
49	165
49	170
49	171
50	98
50	99
50	164
51	98
51	99
51	114
51	147
51	148
51	153
51	154
51	161
51	162
51	164
51	165
51	170
51	171
52	98
52	99
52	164
53	98
53	99
53	114
53	147
53	148
53	153
53	154
53	161
53	162
53	164
53	165
53	170
53	171
54	98
54	99
54	114
54	147
54	148
54	153
54	154
54	161
54	162
54	164
54	165
54	170
54	171
55	98
55	99
55	114
55	147
55	148
55	153
55	154
55	161
55	162
55	164
55	165
55	170
55	171
56	98
56	99
56	114
56	147
56	148
56	153
56	154
56	161
56	162
56	164
56	165
56	170
56	171
57	98
57	99
57	113
57	114
57	129
57	133
57	134
57	141
57	142
57	143
57	144
57	146
57	147
57	148
57	149
57	150
57	151
57	152
57	153
57	154
57	155
57	156
57	157
57	158
57	159
57	160
57	161
57	162
57	163
57	164
57	165
57	166
57	167
57	168
57	169
57	170
57	171
57	172
57	173
58	98
58	99
58	114
58	147
58	148
58	153
58	154
58	161
58	162
58	164
58	165
58	170
58	171
59	98
59	99
59	114
59	147
59	148
59	153
59	154
59	161
59	162
59	164
59	165
59	170
59	171
60	98
60	99
60	114
60	147
60	148
60	153
60	154
60	161
60	162
60	164
60	165
60	170
60	171
61	98
61	99
61	164
62	98
62	99
62	164
63	98
63	99
63	114
63	147
63	148
63	153
63	154
63	161
63	162
63	164
63	165
63	170
63	171
64	98
64	99
64	114
64	147
64	148
64	153
64	154
64	161
64	162
64	164
64	165
64	170
64	171
65	98
65	99
65	164
66	98
66	99
66	164
67	98
67	99
67	114
67	147
67	148
67	153
67	154
67	161
67	162
67	164
67	165
67	170
67	171
68	98
68	99
68	114
68	147
68	148
68	153
68	154
68	161
68	162
68	164
68	165
68	170
68	171
69	98
69	99
69	114
69	147
69	148
69	153
69	154
69	161
69	162
69	164
69	165
69	170
69	171
70	98
70	99
70	164
71	98
71	99
71	114
71	161
71	162
71	164
71	165
71	171
72	98
72	99
72	164
73	98
73	99
73	164
74	98
74	99
74	164
75	98
75	99
75	164
76	98
76	99
76	114
76	147
76	148
76	153
76	154
76	161
76	162
76	164
76	165
76	170
76	171
77	98
77	99
77	164
78	98
78	99
78	164
79	98
79	99
80	98
80	99
81	98
81	99
81	164
82	98
82	99
82	164
83	98
83	99
84	98
84	99
84	164
85	98
85	99
85	164
86	98
86	99
87	98
87	99
87	164
88	98
88	99
88	164
89	98
89	99
89	164
90	98
90	99
90	164
91	98
91	99
91	164
92	98
92	99
92	164
93	98
93	99
93	164
94	98
94	99
94	164
95	98
95	99
95	164
95	165
95	171
96	98
96	99
97	98
97	99
98	100
98	101
98	102
98	103
98	104
98	105
98	106
98	107
98	108
98	109
98	110
98	111
98	112
98	113
98	114
98	115
98	116
98	117
98	118
98	119
98	120
98	121
98	122
98	123
98	124
98	125
98	126
98	127
98	128
98	129
98	130
98	131
98	132
98	133
98	134
98	135
98	136
98	137
98	138
98	139
98	140
98	141
98	142
98	143
98	144
98	145
98	146
98	147
98	148
98	149
98	150
98	151
98	152
98	153
98	154
98	155
98	156
98	157
98	158
98	159
98	160
98	161
98	162
98	163
98	164
98	165
98	166
98	167
98	168
98	169
98	170
98	171
98	172
98	173
99	100
99	101
99	102
99	103
99	104
99	105
99	106
99	107
99	108
99	109
99	110
99	111
99	112
99	113
99	114
99	115
99	116
99	117
99	118
99	119
99	120
99	121
99	122
99	123
99	124
99	125
99	126
99	127
99	128
99	129
99	130
99	131
99	132
99	133
99	134
99	135
99	136
99	137
99	138
99	139
99	140
99	141
99	142
99	143
99	144
99	145
99	146
99	147
99	148
99	149
99	150
99	151
99	152
99	153
99	154
99	155
99	156
99	157
99	158
99	159
99	160
99	161
99	162
99	163
99	164
99	165
99	166
99	167
99	168
99	169
99	170
99	171
99	172
99	173
102	164
114	164
116	164
117	164
125	164
126	164
127	164