173	3637
1	3
1	4
1	33
1	38
1	43
1	44
1	56
1	57
1	59
1	78
1	89
1	90
1	91
1	92
1	93
1	94
1	95
1	98
1	99
1	100
1	102
1	103
1	104
1	107
1	110
1	111
1	112
1	113
1	114
1	117
1	118
1	119
1	120
1	122
1	123
1	125
1	126
1	127
1	128
1	129
1	130
1	131
1	132
1	133
1	134
1	135
1	136
1	137
1	138
1	139
1	140
1	141
1	142
1	143
1	144
1	145
1	146
1	147
1	148
1	149
1	150
1	151
1	152
1	153
1	154
1	155
1	156
1	157
1	158
1	159
1	160
1	161
1	162
1	163
1	164
1	165
1	166
1	167
1	168
1	169
1	170
1	171
1	172
1	173
2	3
2	4
2	33
2	34
2	38
2	43
2	44
2	46
2	51
2	54
2	55
2	57
2	58
2	59
2	62
2	67
2	68
2	69
2	71
2	72
2	73
2	75
2	76
2	77
2	78
2	81
2	82
2	84
2	85
2	86
2	87
2	88
2	89
2	90
2	91
2	92
2	93
2	94
2	95
2	98
2	99
2	100
2	102
2	103
2	104
2	105
2	107
2	108
2	110
2	111
2	112
2	113
2	114
2	116
2	117
2	118
2	119
2	120
2	121
2	122
2	123
2	125
2	126
2	127
2	128
2	129
2	130
2	131
2	132
2	133
2	134
2	135
2	136
2	137
2	138
2	139
2	140
2	141
2	142
2	143
2	144
2	145
2	146
2	147
2	148
2	149
2	150
2	151
2	152
2	153
2	154
2	155
2	156
2	157
2	158
2	159
2	160
2	161
2	162
2	163
2	164
2	165
2	166
2	167
2	168
2	169
2	170
2	171
2	172
2	173
3	5
3	6
3	7
3	8
3	9
3	10
3	11
3	12
3	13
3	14
3	15
3	16
3	17
3	18
3	19
3	20
3	21
3	22
3	23
3	24
3	25
3	26
3	27
3	28
3	29
3	30
3	31
3	32
3	33
3	34
3	35
3	36
3	37
3	38
3	39
3	40
3	41
3	42
3	43
3	44
3	45
3	46
3	47
3	48
3	49
3	50
3	51
3	52
3	53
3	54
3	55
3	56
3	57
3	58
3	59
3	60
3	61
3	62
3	63
3	64
3	65
3	66
3	67
3	68
3	69
3	70
3	71
3	72
3	73
3	74
3	75
3	76
3	77
3	78
3	79
3	80
3	81
3	82
3	83
3	84
3	85
3	86
3	87
3	88
3	89
3	90
3	91
3	92
3	93
3	94
3	95
3	96
3	97
3	98
3	99
3	100
3	101
3	102
3	103
3	104
3	105
3	106
3	107
3	108
3	109
3	110
3	111
3	112
3	113
3	114
3	115
3	116
3	117
3	118
3	119
3	120
3	121
3	122
3	123
3	124
3	125
3	126
3	127
3	128
3	129
3	130
3	131
3	132
3	133
3	134
3	135
3	136
3	137
3	138
3	139
3	140
3	141
3	142
3	143
3	144
3	145
3	146
3	147
3	148
3	149
3	150
3	151
3	152
3	153
3	154
3	155
3	156
3	157
3	158
3	159
3	160
3	161
3	162
3	163
3	164
3	165
3	166
3	167
3	168
3	169
3	170
3	171
3	172
3	173
4	5
4	6
4	7
4	8
4	9
4	10
4	11
4	12
4	13
4	14
4	15
4	16
4	17
4	18
4	19
4	20
4	21
4	22
4	23
4	24
4	25
4	26
4	27
4	28
4	29
4	30
4	31
4	32
4	33
4	34
4	35
4	36
4	37
4	38
4	39
4	40
4	41
4	42
4	43
4	44
4	45
4	46
4	47
4	48
4	49
4	50
4	51
4	52
4	53
4	54
4	55
4	56
4	57
4	58
4	59
4	60
4	61
4	62
4	63
4	64
4	65
4	66
4	67
4	68
4	69
4	70
4	71
4	72
4	73
4	74
4	75
4	76
4	77
4	78
4	79
4	80
4	81
4	82
4	83
4	84
4	85
4	86
4	87
4	88
4	89
4	90
4	91
4	92
4	93
4	94
4	95
4	96
4	97
4	98
4	99
4	100
4	101
4	102
4	103
4	104
4	105
4	106
4	107
4	108
4	109
4	110
4	111
4	112
4	113
4	114
4	115
4	116
4	117
4	118
4	119
4	120
4	121
4	122
4	123
4	124
4	125
4	126
4	127
4	128
4	129
4	130
4	131
4	132
4	133
4	134
4	135
4	136
4	137
4	138
4	139
4	140
4	141
4	142
4	143
4	144
4	145
4	146
4	147
4	148
4	149
4	150
4	151
4	152
4	153
4	154
4	155
4	156
4	157
4	158
4	159
4	160
4	161
4	162
4	163
4	164
4	165
4	166
4	167
4	168
4	169
4	170
4	171
4	172
4	173
5	33
5	34
5	38
5	43
5	44
5	46
5	51
5	54
5	55
5	56
5	57
5	58
5	59
5	62
5	67
5	68
5	69
5	71
5	72
5	73
5	75
5	76
5	77
5	78
5	81
5	82
5	84
5	85
5	87
5	89
5	90
5	91
5	92
5	93
5	94
5	95
5	98
5	99
5	100
5	102
5	103
5	104
5	105
5	107
5	108
5	110
5	111
5	112
5	113
5	114
5	116
5	117
5	118
5	119
5	120
5	121
5	122
5	123
5	125
5	126
5	127
5	128
5	129
5	130
5	131
5	132
5	133
5	134
5	135
5	136
5	137
5	138
5	139
5	140
5	141
5	142
5	143
5	144
5	145
5	146
5	147
5	148
5	149
5	150
5	151
5	152
5	153
5	154
5	155
5	156
5	157
5	158
5	159
5	160
5	161
5	162
5	163
5	164
5	165
5	166
5	167
5	168
5	169
5	170
5	171
5	172
5	173
6	33
6	34
6	38
6	39
6	43
6	44
6	46
6	47
6	49
6	50
6	51
6	54
6	55
6	56
6	57
6	58
6	59
6	60
6	62
6	63
6	64
6	66
6	67
6	68
6	69
6	71
6	72
6	73
6	74
6	75
6	76
6	77
6	78
6	81
6	82
6	84
6	85
6	86
6	87
6	88
6	89
6	90
6	91
6	92
6	93
6	94
6	95
6	98
6	99
6	100
6	102
6	103
6	104
6	105
6	107
6	108
6	110
6	111
6	112
6	113
6	114
6	116
6	117
6	118
6	119
6	120
6	121
6	122
6	123
6	125
6	126
6	127
6	128
6	129
6	130
6	131
6	132
6	133
6	134
6	135
6	136
6	137
6	138
6	139
6	140
6	141
6	142
6	143
6	144
6	145
6	146
6	147
6	148
6	149
6	150
6	151
6	152
6	153
6	154
6	155
6	156
6	157
6	158
6	159
6	160
6	161
6	162
6	163
6	164
6	165
6	166
6	167
6	168
6	169
6	170
6	171
6	172
6	173
7	33
7	38
7	46
7	57
7	58
7	95
7	98
7	99
7	111
7	113
7	114
7	125
7	126
7	127
7	129
7	133
7	134
7	141
7	142
7	143
7	144
7	146
7	147
7	148
7	149
7	150
7	151
7	152
7	153
7	154
7	155
7	156
7	157
7	158
7	159
7	160
7	161
7	162
7	163
7	164
7	165
7	166
7	167
7	168
7	169
7	170
7	171
7	172
7	173
8	33
8	34
8	38
8	43
8	44
8	46
8	51
8	54
8	55
8	56
8	57
8	58
8	59
8	62
8	67
8	68
8	69
8	71
8	72
8	73
8	75
8	76
8	77
8	78
8	81
8	82
8	84
8	85
8	87
8	89
8	90
8	91
8	92
8	93
8	94
8	95
8	98
8	99
8	100
8	102
8	103
8	104
8	105
8	107
8	108
8	110
8	111
8	112
8	113
8	114
8	116
8	117
8	118
8	119
8	120
8	121
8	122
8	123
8	125
8	126
8	127
8	128
8	129
8	130
8	131
8	132
8	133
8	134
8	135
8	136
8	137
8	138
8	139
8	140
8	141
8	142
8	143
8	144
8	145
8	146
8	147
8	148
8	149
8	150
8	151
8	152
8	153
8	154
8	155
8	156
8	157
8	158
8	159
8	160
8	161
8	162
8	163
8	164
8	165
8	166
8	167
8	168
8	169
8	170
8	171
8	172
8	173
9	33
9	38
9	46
9	57
9	58
9	95
9	98
9	99
9	111
9	113
9	114
9	125
9	126
9	127
9	129
9	133
9	134
9	141
9	142
9	143
9	144
9	146
9	147
9	148
9	149
9	150
9	151
9	152
9	153
9	154
9	155
9	156
9	157
9	158
9	159
9	160
9	161
9	162
9	163
9	164
9	165
9	166
9	167
9	168
9	169
9	170
9	171
9	172
9	173
10	33
10	95
10	98
10	99
10	111
10	113
10	114
10	125
10	126
10	127
10	129
10	133
10	134
10	141
10	142
10	143
10	144
10	146
10	147
10	148
10	149
10	150
10	151
10	152
10	153
10	154
10	155
10	156
10	157
10	158
10	159
10	160
10	161
10	162
10	163
10	164
10	165
10	166
10	167
10	168
10	169
10	170
10	171
10	172
10	173
11	98
11	99
11	114
11	147
11	148
11	153
11	154
11	161
11	162
11	164
11	165
11	170
11	171
12	33
12	38
12	46
12	57
12	58
12	95
12	98
12	99
12	111
12	113
12	114
12	125
12	126
12	127
12	129
12	133
12	134
12	141
12	142
12	143
12	144
12	146
12	147
12	148
12	149
12	150
12	151
12	152
12	153
12	154
12	155
12	156
12	157
12	158
12	159
12	160
12	161
12	162
12	163
12	164
12	165
12	166
12	167
12	168
12	169
12	170
12	171
12	172
12	173
13	33
13	38
13	46
13	57
13	58
13	95
13	98
13	99
13	111
13	113
13	114
13	125
13	126
13	127
13	129
13	133
13	134
13	141
13	142
13	143
13	144
13	146
13	147
13	148
13	149
13	150
13	151
13	152
13	153
13	154
13	155
13	156
13	157
13	158
13	159
13	160
13	161
13	162
13	163
13	164
13	165
13	166
13	167
13	168
13	169
13	170
13	171
13	172
13	173
14	33
14	95
14	98
14	99
14	111
14	113
14	114
14	125
14	126
14	127
14	129
14	133
14	134
14	141
14	142
14	143
14	144
14	146
14	147
14	148
14	149
14	150
14	151
14	152
14	153
14	154
14	155
14	156
14	157
14	158
14	159
14	160
14	161
14	162
14	163
14	164
14	165
14	166
14	167
14	168
14	169
14	170
14	171
14	172
14	173
15	33
15	95
15	98
15	99
15	111
15	113
15	114
15	125
15	126
15	127
15	129
15	133
15	134
15	141
15	142
15	143
15	144
15	146
15	147
15	148
15	149
15	150
15	151
15	152
15	153
15	154
15	155
15	156
15	157
15	158
15	159
15	160
15	161
15	162
15	163
15	164
15	165
15	166
15	167
15	168
15	169
15	170
15	171
15	172
15	173
16	33
16	95
16	98
16	99
16	111
16	113
16	114
16	125
16	126
16	127
16	129
16	133
16	134
16	141
16	142
16	143
16	144
16	146
16	147
16	148
16	149
16	150
16	151
16	152
16	153
16	154
16	155
16	156
16	157
16	158
16	159
16	160
16	161
16	162
16	163
16	164
16	165
16	166
16	167
16	168
16	169
16	170
16	171
16	172
16	173
17	33
17	38
17	56
17	57
17	59
17	78
17	89
17	90
17	94
17	95
17	98
17	99
17	100
17	102
17	103
17	104
17	107
17	110
17	111
17	112
17	113
17	114
17	117
17	118
17	119
17	120
17	122
17	123
17	125
17	126
17	127
17	128
17	129
17	130
17	131
17	132
17	133
17	134
17	135
17	136
17	137
17	138
17	139
17	140
17	141
17	142
17	143
17	144
17	145
17	146
17	147
17	148
17	149
17	150
17	151
17	152
17	153
17	154
17	155
17	156
17	157
17	158
17	159
17	160
17	161
17	162
17	163
17	164
17	165
17	166
17	167
17	168
17	169
17	170
17	171
17	172
17	173
18	33
18	95
18	98
18	99
18	111
18	113
18	114
18	125
18	126
18	127
18	129
18	133
18	134
18	141
18	142
18	143
18	144
18	146
18	147
18	148
18	149
18	150
18	151
18	152
18	153
18	154
18	155
18	156
18	157
18	158
18	159
18	160
18	161
18	162
18	163
18	164
18	165
18	166
18	167
18	168
18	169
18	170
18	171
18	172
18	173
19	98
19	99
19	114
19	147
19	148
19	153
19	154
19	161
19	162
19	164
19	165
19	170
19	171
20	95
20	98
20	99
20	111
20	113
20	114
20	125
20	129
20	133
20	134
20	141
20	142
20	143
20	144
20	146
20	147
20	148
20	149
20	150
20	151
20	152
20	153
20	154
20	155
20	156
20	157
20	158
20	159
20	160
20	161
20	162
20	163
20	164
20	165
20	166
20	167
20	168
20	169
20	170
20	171
20	172
20	173
21	33
21	38
21	57
21	95
21	98
21	99
21	111
21	113
21	114
21	125
21	129
21	133
21	134
21	141
21	142
21	143
21	144
21	146
21	147
21	148
21	149
21	151
21	152
21	153
21	154
21	155
21	157
21	158
21	159
21	160
21	161
21	162
21	163
21	164
21	165
21	166
21	167
21	168
21	169
21	170
21	171
21	172
21	173
22	98
22	99
22	114
22	147
22	148
22	153
22	154
22	161
22	162
22	164
22	165
22	170
22	171
23	98
23	99
23	114
23	147
23	148
23	153
23	154
23	161
23	162
23	164
23	165
23	170
23	171
24	98
24	99
24	164
25	33
25	38
25	46
25	57
25	58
25	95
25	98
25	99
25	111
25	113
25	114
25	125
25	126
25	127
25	129
25	133
25	134
25	141
25	142
25	143
25	144
25	146
25	147
25	148
25	149
25	150
25	151
25	152
25	153
25	154
25	155
25	156
25	157
25	158
25	159
25	160
25	161
25	162
25	163
25	164
25	165
25	166
25	167
25	168
25	169
25	170
25	171
25	172
25	173
26	33
26	95
26	98
26	99
26	111
26	113
26	114
26	125
26	126
26	127
26	129
26	133
26	134
26	141
26	142
26	143
26	144
26	146
26	147
26	148
26	149
26	150
26	151
26	152
26	153
26	154
26	155
26	156
26	157
26	158
26	159
26	160
26	161
26	162
26	163
26	164
26	165
26	166
26	167
26	168
26	169
26	170
26	171
26	172
26	173
27	98
27	99
27	114
27	147
27	148
27	153
27	154
27	161
27	162
27	164
27	165
27	170
27	171
28	98
28	99
28	114
28	147
28	148
28	153
28	154
28	161
28	162
28	164
28	165
28	170
28	171
29	98
29	99
29	114
29	147
29	148
29	153
29	154
29	161
29	162
29	164
29	165
29	170
29	171
30	98
30	99
30	114
30	147
30	148
30	153
30	154
30	161
30	162
30	164
30	165
30	170
30	171
31	95
31	98
31	99
31	111
31	113
31	114
31	125
31	126
31	127
31	129
31	133
31	134
31	141
31	142
31	143
31	144
31	146
31	147
31	148
31	149
31	150
31	151
31	152
31	153
31	154
31	155
31	156
31	157
31	158
31	159
31	160
31	161
31	162
31	163
31	164
31	165
31	166
31	167
31	168
31	169
31	170
31	171
31	172
31	173
32	95
32	98
32	99
32	111
32	113
32	114
32	125
32	126
32	127
32	129
32	133
32	134
32	141
32	142
32	143
32	144
32	146
32	147
32	148
32	149
32	150
32	151
32	152
32	153
32	154
32	155
32	156
32	157
32	158
32	159
32	160
32	161
32	162
32	163
32	164
32	165
32	166
32	167
32	168
32	169
32	170
32	171
32	172
32	173
33	41
33	43
33	44
33	56
33	59
33	77
33	78
33	85
33	89
33	90
33	91
33	95
33	98
33	99
33	100
33	102
33	103
33	104
33	105
33	107
33	108
33	110
33	111
33	112
33	113
33	114
33	116
33	117
33	118
33	119
33	120
33	121
33	122
33	123
33	125
33	126
33	127
33	128
33	129
33	130
33	131
33	132
33	133
33	134
33	135
33	136
33	137
33	138
33	139
33	140
33	141
33	142
33	143
33	144
33	145
33	146
33	147
33	148
33	149
33	150
33	151
33	152
33	153
33	154
33	155
33	156
33	157
33	158
33	159
33	160
33	161
33	162
33	163
33	164
33	165
33	166
33	167
33	168
33	169
33	170
33	171
33	172
33	173
34	98
34	99
34	113
34	114
34	125
34	126
34	127
34	129
34	133
34	134
34	141
34	142
34	143
34	144
34	146
34	147
34	148
34	149
34	150
34	151
34	152
34	153
34	154
34	155
34	156
34	157
34	158
34	159
34	160
34	161
34	162
34	163
34	164
34	165
34	166
34	167
34	168
34	169
34	170
34	171
34	172
34	173
35	98
35	99
35	113
35	114
35	129
35	133
35	134
35	141
35	142
35	143
35	144
35	146
35	147
35	148
35	149
35	151
35	152
35	153
35	154
35	155
35	157
35	158
35	159
35	160
35	161
35	162
35	163
35	164
35	165
35	166
35	167
35	168
35	169
35	170
35	171
35	172
35	173
36	95
36	98
36	99
36	111
36	113
36	114
36	125
36	126
36	127
36	129
36	133
36	134
36	141
36	142
36	143
36	144
36	146
36	147
36	148
36	149
36	150
36	151
36	152
36	153
36	154
36	155
36	156
36	157
36	158
36	159
36	160
36	161
36	162
36	163
36	164
36	165
36	166
36	167
36	168
36	169
36	170
36	171
36	172
36	173
37	95
37	98
37	99
37	111
37	113
37	114
37	125
37	126
37	127
37	129
37	133
37	134
37	141
37	142
37	143
37	144
37	146
37	147
37	148
37	149
37	150
37	151
37	152
37	153
37	154
37	155
37	156
37	157
37	158
37	159
37	160
37	161
37	162
37	163
37	164
37	165
37	166
37	167
37	168
37	169
37	170
37	171
37	172
37	173
38	43
38	44
38	77
38	85
38	89
38	90
38	95
38	98
38	99
38	100
38	102
38	103
38	104
38	107
38	108
38	110
38	111
38	112
38	113
38	114
38	116
38	117
38	118
38	119
38	120
38	121
38	122
38	123
38	125
38	126
38	127
38	128
38	129
38	130
38	131
38	132
38	133
38	134
38	135
38	136
38	137
38	138
38	139
38	140
38	141
38	142
38	143
38	144
38	145
38	146
38	147
38	148
38	149
38	150
38	151
38	152
38	153
38	154
38	155
38	156
38	157
38	158
38	159
38	160
38	161
38	162
38	163
38	164
38	165
38	166
38	167
38	168
38	169
38	170
38	171
38	172
38	173
39	98
39	99
39	113
39	114
39	125
39	126
39	127
39	129
39	133
39	134
39	141
39	142
39	143
39	144
39	146
39	147
39	148
39	149
39	150
39	151
39	152
39	153
39	154
39	155
39	156
39	157
39	158
39	159
39	160
39	161
39	162
39	163
39	164
39	165
39	166
39	167
39	168
39	169
39	170
39	171
39	172
39	173
40	98
40	99
40	114
40	147
40	148
40	153
40	154
40	161
40	162
40	164
40	165
40	170
40	171
41	98
41	99
41	114
41	129
41	147
41	148
41	153
41	154
41	161
41	162
41	164
41	165
41	170
41	171
41	172
41	173
42	98
42	99
42	114
42	147
42	148
42	153
42	154
42	161
42	162
42	164
42	165
42	170
42	171
43	57
43	95
43	98
43	99
43	114
43	129
43	133
43	141
43	142
43	143
43	144
43	147
43	148
43	153
43	154
43	155
43	158
43	160
43	161
43	162
43	164
43	165
43	166
43	167
43	170
43	171
43	172
43	173
44	98
44	99
44	162
44	164
44	165
44	171
44	172
44	173
45	98
45	99
45	114
45	147
45	148
45	153
45	154
45	161
45	162
45	164
45	165
45	170
45	171
46	95
46	98
46	99
46	111
46	113
46	114
46	129
46	132
46	133
46	134
46	141
46	142
46	143
46	144
46	146
46	147
46	148
46	149
46	150
46	151
46	152
46	153
46	154
46	155
46	156
46	157
46	158
46	159
46	160
46	161
46	162
46	163
46	164
46	165
46	166
46	167
46	168
46	169
46	170
46	171
46	172
46	173
47	98
47	99
47	113
47	114
47	129
47	133
47	134
47	141
47	142
47	143
47	144
47	146
47	147
47	148
47	149
47	151
47	152
47	153
47	154
47	155
47	157
47	158
47	159
47	160
47	161
47	162
47	163
47	164
47	165
47	166
47	167
47	168
47	169
47	170
47	171
47	172
47	173
48	98
48	99
48	114
48	147
48	148
48	153
48	154
48	161
48	162
48	164
48	165
48	170
48	171
49	98
49	99
49	113
49	114
49	129
49	133
49	134
49	141
49	142
49	143
49	144
49	146
49	147
49	148
49	149
49	150
49	151
49	152
49	153
49	154
49	155
49	156
49	157
49	158
49	159
49	160
49	161
49	162
49	163
49	164
49	165
49	166
49	167
49	168
49	169
49	170
49	171
49	172
49	173
50	98
50	99
50	114
50	147
50	148
50	153
50	154
50	161
50	162
50	164
50	165
50	170
50	171
51	98
51	99
51	113
51	114
51	125
51	126
51	127
51	129
51	133
51	134
51	141
51	142
51	143
51	144
51	146
51	147
51	148
51	149
51	150
51	151
51	152
51	153
51	154
51	155
51	156
51	157
51	158
51	159
51	160
51	161
51	162
51	163
51	164
51	165
51	166
51	167
51	168
51	169
51	170
51	171
51	172
51	173
52	98
52	99
52	114
52	147
52	148
52	153
52	154
52	161
52	162
52	164
52	165
52	170
52	171
53	95
53	98
53	99
53	111
53	113
53	114
53	129
53	133
53	134
53	141
53	142
53	143
53	144
53	146
53	147
53	148
53	149
53	150
53	151
53	152
53	153
53	154
53	155
53	156
53	157
53	158
53	159
53	160
53	161
53	162
53	163
53	164
53	165
53	166
53	167
53	168
53	169
53	170
53	171
53	172
53	173
54	95
54	98
54	99
54	111
54	113
54	114
54	125
54	126
54	127
54	129
54	133
54	134
54	141
54	142
54	143
54	144
54	146
54	147
54	148
54	149
54	150
54	151
54	152
54	153
54	154
54	155
54	156
54	157
54	158
54	159
54	160
54	161
54	162
54	163
54	164
54	165
54	166
54	167
54	168
54	169
54	170
54	171
54	172
54	173
55	95
55	98
55	99
55	111
55	113
55	114
55	125
55	126
55	127
55	129
55	133
55	134
55	141
55	142
55	143
55	144
55	146
55	147
55	148
55	149
55	150
55	151
55	152
55	153
55	154
55	155
55	156
55	157
55	158
55	159
55	160
55	161
55	162
55	163
55	164
55	165
55	166
55	167
55	168
55	169
55	170
55	171
55	172
55	173
56	95
56	98
56	99
56	111
56	113
56	114
56	125
56	126
56	127
56	129
56	133
56	134
56	141
56	142
56	143
56	144
56	146
56	147
56	148
56	149
56	150
56	151
56	152
56	153
56	154
56	155
56	156
56	157
56	158
56	159
56	160
56	161
56	162
56	163
56	164
56	165
56	166
56	167
56	168
56	169
56	170
56	171
56	172
56	173
57	89
57	90
57	95
57	98
57	99
57	100
57	102
57	103
57	104
57	107
57	110
57	111
57	112
57	113
57	114
57	118
57	119
57	120
57	122
57	125
57	126
57	127
57	128
57	129
57	130
57	131
57	132
57	133
57	134
57	135
57	136
57	137
57	138
57	139
57	140
57	141
57	142
57	143
57	144
57	145
57	146
57	147
57	148
57	149
57	150
57	151
57	152
57	153
57	154
57	155
57	156
57	157
57	158
57	159
57	160
57	161
57	162
57	163
57	164
57	165
57	166
57	167
57	168
57	169
57	170
57	171
57	172
57	173
58	95
58	98
58	99
58	111
58	113
58	114
58	129
58	132
58	133
58	134
58	141
58	142
58	143
58	144
58	146
58	147
58	148
58	149
58	150
58	151
58	152
58	153
58	154
58	155
58	156
58	157
58	158
58	159
58	160
58	161
58	162
58	163
58	164
58	165
58	166
58	167
58	168
58	169
58	170
58	171
58	172
58	173
59	95
59	98
59	99
59	111
59	113
59	114
59	125
59	126
59	127
59	129
59	133
59	134
59	141
59	142
59	143
59	144
59	146
59	147
59	148
59	149
59	150
59	151
59	152
59	153
59	154
59	155
59	156
59	157
59	158
59	159
59	160
59	161
59	162
59	163
59	164
59	165
59	166
59	167
59	168
59	169
59	170
59	171
59	172
59	173
60	98
60	99
60	113
60	114
60	129
60	133
60	134
60	141
60	142
60	143
60	144
60	146
60	147
60	148
60	149
60	150
60	151
60	152
60	153
60	154
60	155
60	156
60	157
60	158
60	159
60	160
60	161
60	162
60	163
60	164
60	165
60	166
60	167
60	168
60	169
60	170
60	171
60	172
60	173
61	98
61	99
61	114
61	147
61	148
61	153
61	154
61	161
61	162
61	164
61	165
61	170
61	171
62	98
62	99
62	114
62	133
62	141
62	142
62	143
62	147
62	148
62	153
62	154
62	158
62	160
62	161
62	162
62	164
62	165
62	166
62	167
62	170
62	171
63	95
63	98
63	99
63	111
63	113
63	114
63	129
63	133
63	134
63	141
63	142
63	143
63	144
63	146
63	147
63	148
63	149
63	150
63	151
63	152
63	153
63	154
63	155
63	156
63	157
63	158
63	159
63	160
63	161
63	162
63	163
63	164
63	165
63	166
63	167
63	168
63	169
63	170
63	171
63	172
63	173
64	98
64	99
64	113
64	114
64	129
64	133
64	134
64	141
64	142
64	143
64	144
64	146
64	147
64	148
64	149
64	151
64	152
64	153
64	154
64	155
64	157
64	158
64	159
64	160
64	161
64	162
64	163
64	164
64	165
64	166
64	167
64	168
64	169
64	170
64	171
64	172
64	173
65	98
65	99
65	114
65	147
65	148
65	153
65	154
65	161
65	162
65	164
65	165
65	170
65	171
66	98
66	99
66	114
66	129
66	147
66	148
66	153
66	154
66	161
66	162
66	164
66	165
66	170
66	171
66	172
66	173
67	98
67	99
67	113
67	114
67	125
67	126
67	127
67	129
67	133
67	134
67	141
67	142
67	143
67	144
67	146
67	147
67	148
67	149
67	151
67	152
67	153
67	154
67	155
67	157
67	158
67	159
67	160
67	161
67	162
67	163
67	164
67	165
67	166
67	167
67	168
67	169
67	170
67	171
67	172
67	173
68	98
68	99
68	113
68	114
68	129
68	133
68	134
68	141
68	142
68	143
68	144
68	146
68	147
68	148
68	149
68	150
68	151
68	152
68	153
68	154
68	155
68	156
68	157
68	158
68	159
68	160
68	161
68	162
68	163
68	164
68	165
68	166
68	167
68	168
68	169
68	170
68	171
68	172
68	173
69	98
69	99
69	113
69	114
69	129
69	133
69	134
69	141
69	142
69	143
69	144
69	146
69	147
69	148
69	149
69	150
69	151
69	152
69	153
69	154
69	155
69	156
69	157
69	158
69	159
69	160
69	161
69	162
69	163
69	164
69	165
69	166
69	167
69	168
69	169
69	170
69	171
69	172
69	173
70	98
70	99
70	114
70	161
70	162
70	164
70	165
70	171
71	98
71	99
71	113
71	114
71	129
71	133
71	134
71	141
71	142
71	143
71	144
71	146
71	147
71	148
71	153
71	154
71	155
71	157
71	158
71	159
71	160
71	161
71	162
71	163
71	164
71	165
71	166
71	167
71	170
71	171
71	172
71	173
72	98
72	99
72	114
72	147
72	148
72	153
72	154
72	161
72	162
72	164
72	165
72	170
72	171
73	98
73	99
73	114
73	129
73	147
73	148
73	153
73	154
73	161
73	162
73	164
73	165
73	170
73	171
73	172
73	173
74	98
74	99
74	114
74	129
74	147
74	148
74	153
74	154
74	161
74	162
74	164
74	165
74	170
74	171
74	172
74	173
75	98
75	99
75	114
75	129
75	147
75	148
75	153
75	154
75	161
75	162
75	164
75	165
75	170
75	171
75	172
75	173
76	98
76	99
76	113
76	114
76	129
76	133
76	134
76	141
76	142
76	143
76	144
76	146
76	147
76	148
76	149
76	151
76	152
76	153
76	154
76	155
76	157
76	158
76	159
76	160
76	161
76	162
76	163
76	164
76	165
76	166
76	167
76	168
76	169
76	170
76	171
76	172
76	173
77	98
77	99
77	114
77	133
77	141
77	142
77	143
77	147
77	148
77	153
77	154
77	158
77	160
77	161
77	162
77	164
77	165
77	166
77	167
77	170
77	171
78	95
78	98
78	99
78	114
78	129
78	147
78	148
78	153
78	154
78	161
78	162
78	164
78	165
78	170
78	171
78	172
78	173
79	98
79	99
79	114
79	164
80	98
80	99
80	164
81	98
81	99
81	114
81	147
81	148
81	153
81	154
81	161
81	162
81	164
81	165
81	170
81	171
82	98
82	99
82	114
82	147
82	148
82	153
82	154
82	161
82	162
82	164
82	165
82	170
82	171
83	98
83	99
83	164
84	95
84	98
84	99
84	114
84	129
84	147
84	148
84	153
84	154
84	161
84	162
84	164
84	165
84	170
84	171
84	172
84	173
85	98
85	99
85	114
85	129
85	147
85	148
85	153
85	154
85	161
85	162
85	164
85	165
85	170
85	171
85	172
85	173
86	98
86	99
86	164
87	98
87	99
87	164
87	165
87	171
88	98
88	99
88	114
88	129
88	147
88	148
88	153
88	154
88	161
88	162
88	164
88	165
88	170
88	171
88	172
88	173
89	98
89	99
89	164
89	165
89	171
90	98
90	99
90	114
90	147
90	148
90	153
90	154
90	161
90	162
90	164
90	165
90	170
90	171
91	98
91	99
91	114
91	129
91	147
91	148
91	153
91	154
91	161
91	162
91	164
91	165
91	170
91	171
91	172
91	173
92	98
92	99
92	114
92	129
92	147
92	148
92	153
92	154
92	161
92	162
92	164
92	165
92	170
92	171
92	172
92	173
93	98
93	99
93	114
93	133
93	141
93	142
93	143
93	147
93	148
93	153
93	154
93	158
93	160
93	161
93	162
93	164
93	165
93	166
93	167
93	170
93	171
94	98
94	99
94	164
94	165
94	171
95	98
95	99
95	103
95	104
95	114
95	120
95	125
95	126
95	127
95	133
95	139
95	140
95	141
95	142
95	143
95	144
95	150
95	155
95	156
95	158
95	160
95	161
95	162
95	164
95	165
95	171
95	172
95	173
96	98
96	99
96	164
97	98
97	99
97	164
98	100
98	101
98	102
98	103
98	104
98	105
98	106
98	107
98	108
98	109
98	110
98	111
98	112
98	113
98	114
98	115
98	116
98	117
98	118
98	119
98	120
98	121
98	122
98	123
98	124
98	125
98	126
98	127
98	128
98	129
98	130
98	131
98	132
98	133
98	134
98	135
98	136
98	137
98	138
98	139
98	140
98	141
98	142
98	143
98	144
98	145
98	146
98	147
98	148
98	149
98	150
98	151
98	152
98	153
98	154
98	155
98	156
98	157
98	158
98	159
98	160
98	161
98	162
98	163
98	164
98	165
98	166
98	167
98	168
98	169
98	170
98	171
98	172
98	173
99	100
99	101
99	102
99	103
99	104
99	105
99	106
99	107
99	108
99	109
99	110
99	111
99	112
99	113
99	114
99	115
99	116
99	117
99	118
99	119
99	120
99	121
99	122
99	123
99	124
99	125
99	126
99	127
99	128
99	129
99	130
99	131
99	132
99	133
99	134
99	135
99	136
99	137
99	138
99	139
99	140
99	141
99	142
99	143
99	144
99	145
99	146
99	147
99	148
99	149
99	150
99	151
99	152
99	153
99	154
99	155
99	156
99	157
99	158
99	159
99	160
99	161
99	162
99	163
99	164
99	165
99	166
99	167
99	168
99	169
99	170
99	171
99	172
99	173
100	164
101	164
102	164
102	165
102	171
103	164
104	164
105	164
107	164
108	164
109	164
111	164
113	164
114	116
114	117
114	126
114	127
114	139
114	140
114	162
114	164
114	165
114	171
114	172
114	173
116	147
116	148
116	153
116	154
116	161
116	162
116	164
116	165
116	170
116	171
117	147
117	148
117	153
117	154
117	161
117	162
117	164
117	165
117	170
117	171
118	164
119	164
120	164
121	164
122	164
123	164
124	164
125	162
125	164
125	165
125	171
125	172
125	173
126	147
126	148
126	153
126	154
126	161
126	162
126	164
126	165
126	170
126	171
127	147
127	148
127	153
127	154
127	161
127	162
127	164
127	165
127	170
127	171
130	164
132	164
133	164
139	161
144	164
147	164
148	164
160	164
161	164
164	168
164	172
164	173