222	5820
1	2
1	3
1	4
1	5
1	6
1	7
1	8
1	9
1	10
1	11
1	12
1	13
1	14
1	15
1	16
1	17
1	18
1	19
1	20
1	21
1	22
1	23
1	24
1	25
1	26
1	27
1	28
1	29
1	30
1	31
1	32
1	33
1	34
1	35
1	36
1	37
1	38
1	39
1	40
1	41
1	42
1	43
1	44
1	45
1	46
1	47
1	48
1	49
1	50
1	51
1	52
1	53
1	54
1	55
1	56
1	57
1	58
1	59
1	60
1	61
1	62
1	63
1	64
1	65
1	66
1	67
1	68
1	69
1	70
1	71
1	72
1	73
1	74
1	75
1	76
1	77
1	78
1	79
1	80
1	81
1	82
1	83
1	84
1	85
1	86
1	87
1	88
1	89
1	90
1	91
1	92
1	93
1	94
1	95
1	96
1	97
1	98
1	99
1	100
1	101
1	102
1	103
1	104
1	105
1	106
1	107
1	108
1	109
1	110
1	111
1	112
1	113
1	114
1	115
1	116
1	117
1	118
1	119
1	120
1	121
1	122
1	123
1	124
1	125
1	126
1	127
1	128
1	129
1	130
1	131
1	132
1	133
1	134
1	135
1	136
1	137
1	138
1	139
1	140
1	141
1	142
1	143
1	144
1	145
1	146
1	147
1	148
1	149
1	150
1	151
1	152
1	153
1	154
1	155
1	156
1	157
1	158
1	159
1	160
1	161
1	162
1	163
1	164
1	165
1	166
1	167
1	168
1	169
1	170
1	171
1	172
1	173
1	174
1	175
1	176
1	177
1	178
1	179
1	180
1	181
1	182
1	183
1	184
1	185
1	186
1	187
1	188
1	189
1	190
1	191
1	192
1	193
1	194
1	195
1	196
1	197
1	198
1	199
1	200
1	201
1	202
1	203
1	204
1	205
1	206
1	207
1	208
1	209
1	210
1	211
1	212
1	213
1	214
1	215
1	216
1	217
1	218
1	219
1	220
1	221
1	222
2	12
2	123
2	126
2	128
2	136
2	137
2	139
2	141
2	142
2	149
2	150
2	151
2	152
2	153
2	154
2	155
2	156
2	157
2	158
2	159
2	160
2	161
2	162
2	163
2	164
2	165
2	166
2	167
2	168
2	169
2	170
2	171
2	172
2	173
2	174
2	175
2	176
2	177
2	178
2	179
2	180
2	181
2	182
2	183
2	184
2	185
2	186
2	187
2	188
2	189
2	190
2	191
2	192
2	193
2	194
2	195
2	196
2	197
2	198
2	199
2	200
2	201
2	202
2	203
2	204
2	205
2	206
2	207
2	208
2	209
2	210
2	211
2	212
2	213
2	214
2	215
2	216
2	217
2	218
2	219
2	220
2	221
2	222
3	12
3	118
3	119
3	120
3	122
3	123
3	124
3	125
3	126
3	127
3	128
3	129
3	130
3	131
3	133
3	134
3	135
3	136
3	137
3	138
3	139
3	140
3	141
3	142
3	143
3	144
3	145
3	146
3	147
3	148
3	149
3	150
3	151
3	152
3	153
3	154
3	155
3	156
3	157
3	158
3	159
3	160
3	161
3	162
3	163
3	164
3	165
3	166
3	167
3	168
3	169
3	170
3	171
3	172
3	173
3	174
3	175
3	176
3	177
3	178
3	179
3	180
3	181
3	182
3	183
3	184
3	185
3	186
3	187
3	188
3	189
3	190
3	191
3	192
3	193
3	194
3	195
3	196
3	197
3	198
3	199
3	200
3	201
3	202
3	203
3	204
3	205
3	206
3	207
3	208
3	209
3	210
3	211
3	212
3	213
3	214
3	215
3	216
3	217
3	218
3	219
3	220
3	221
3	222
4	12
4	118
4	119
4	120
4	122
4	123
4	124
4	125
4	126
4	127
4	128
4	129
4	130
4	131
4	133
4	134
4	135
4	136
4	137
4	138
4	139
4	140
4	141
4	142
4	143
4	144
4	145
4	146
4	147
4	148
4	149
4	150
4	151
4	152
4	153
4	154
4	155
4	156
4	157
4	158
4	159
4	160
4	161
4	162
4	163
4	164
4	165
4	166
4	167
4	168
4	169
4	170
4	171
4	172
4	173
4	174
4	175
4	176
4	177
4	178
4	179
4	180
4	181
4	182
4	183
4	184
4	185
4	186
4	187
4	188
4	189
4	190
4	191
4	192
4	193
4	194
4	195
4	196
4	197
4	198
4	199
4	200
4	201
4	202
4	203
4	204
4	205
4	206
4	207
4	208
4	209
4	210
4	211
4	212
4	213
4	214
4	215
4	216
4	217
4	218
4	219
4	220
4	221
4	222
5	12
5	118
5	119
5	120
5	122
5	123
5	124
5	125
5	126
5	127
5	128
5	129
5	130
5	131
5	133
5	134
5	135
5	136
5	137
5	138
5	139
5	140
5	141
5	142
5	143
5	144
5	145
5	146
5	147
5	148
5	149
5	150
5	151
5	152
5	153
5	154
5	155
5	156
5	157
5	158
5	159
5	160
5	161
5	162
5	163
5	164
5	165
5	166
5	167
5	168
5	169
5	170
5	171
5	172
5	173
5	174
5	175
5	176
5	177
5	178
5	179
5	180
5	181
5	182
5	183
5	184
5	185
5	186
5	187
5	188
5	189
5	190
5	191
5	192
5	193
5	194
5	195
5	196
5	197
5	198
5	199
5	200
5	201
5	202
5	203
5	204
5	205
5	206
5	207
5	208
5	209
5	210
5	211
5	212
5	213
5	214
5	215
5	216
5	217
5	218
5	219
5	220
5	221
5	222
6	12
6	154
6	155
6	156
6	157
6	158
6	159
6	160
6	161
6	162
6	163
6	164
6	165
6	166
6	167
6	168
6	169
6	170
6	171
6	172
6	174
6	175
6	176
6	177
6	178
6	179
6	180
6	181
6	182
6	183
6	184
6	185
6	186
6	187
6	188
6	189
6	190
6	191
6	192
6	193
6	194
6	195
6	196
6	197
6	198
6	199
6	200
6	201
6	202
6	203
6	204
6	205
6	206
6	207
6	208
6	209
6	210
6	211
6	212
6	213
6	214
6	215
6	216
6	217
6	218
6	219
6	220
6	221
6	222
7	12
7	154
7	155
7	156
7	157
7	158
7	159
7	160
7	161
7	162
7	163
7	164
7	165
7	166
7	167
7	168
7	169
7	170
7	171
7	172
7	174
7	175
7	176
7	177
7	178
7	179
7	180
7	181
7	182
7	183
7	184
7	185
7	186
7	187
7	188
7	189
7	190
7	191
7	192
7	193
7	194
7	195
7	196
7	197
7	198
7	199
7	200
7	201
7	202
7	203
7	204
7	205
7	206
7	207
7	208
7	209
7	210
7	211
7	212
7	213
7	214
7	215
7	216
7	217
7	218
7	219
7	220
7	221
7	222
8	12
8	78
8	103
8	104
8	105
8	106
8	107
8	108
8	110
8	111
8	112
8	113
8	116
8	117
8	118
8	119
8	120
8	121
8	122
8	123
8	124
8	125
8	126
8	127
8	128
8	129
8	130
8	131
8	132
8	133
8	134
8	135
8	136
8	137
8	138
8	139
8	140
8	141
8	142
8	143
8	144
8	145
8	146
8	147
8	148
8	149
8	150
8	151
8	152
8	153
8	154
8	155
8	156
8	157
8	158
8	159
8	160
8	161
8	162
8	163
8	164
8	165
8	166
8	167
8	168
8	169
8	170
8	171
8	172
8	173
8	174
8	175
8	176
8	177
8	178
8	179
8	180
8	181
8	182
8	183
8	184
8	185
8	186
8	187
8	188
8	189
8	190
8	191
8	192
8	193
8	194
8	195
8	196
8	197
8	198
8	199
8	200
8	201
8	202
8	203
8	204
8	205
8	206
8	207
8	208
8	209
8	210
8	211
8	212
8	213
8	214
8	215
8	216
8	217
8	218
8	219
8	220
8	221
8	222
9	12
9	118
9	119
9	120
9	122
9	123
9	124
9	125
9	126
9	127
9	128
9	129
9	130
9	131
9	133
9	134
9	135
9	136
9	137
9	138
9	139
9	140
9	141
9	142
9	143
9	144
9	145
9	146
9	147
9	148
9	149
9	150
9	151
9	152
9	153
9	154
9	155
9	156
9	157
9	158
9	159
9	160
9	161
9	162
9	163
9	164
9	165
9	166
9	167
9	168
9	169
9	170
9	171
9	172
9	173
9	174
9	175
9	176
9	177
9	178
9	179
9	180
9	181
9	182
9	183
9	184
9	185
9	186
9	187
9	188
9	189
9	190
9	191
9	192
9	193
9	194
9	195
9	196
9	197
9	198
9	199
9	200
9	201
9	202
9	203
9	204
9	205
9	206
9	207
9	208
9	209
9	210
9	211
9	212
9	213
9	214
9	215
9	216
9	217
9	218
9	219
9	220
9	221
9	222
10	12
10	154
10	155
10	156
10	157
10	158
10	159
10	160
10	161
10	162
10	163
10	164
10	165
10	166
10	167
10	168
10	169
10	170
10	171
10	172
10	174
10	175
10	176
10	177
10	178
10	179
10	180
10	181
10	182
10	183
10	184
10	185
10	186
10	187
10	188
10	189
10	190
10	191
10	192
10	193
10	194
10	195
10	196
10	197
10	198
10	199
10	200
10	201
10	202
10	203
10	204
10	205
10	206
10	207
10	208
10	209
10	210
10	211
10	212
10	213
10	214
10	215
10	216
10	217
10	218
10	219
10	220
10	221
10	222
11	12
11	123
11	126
11	128
11	136
11	137
11	139
11	141
11	142
11	149
11	150
11	151
11	152
11	153
11	154
11	155
11	156
11	157
11	158
11	159
11	160
11	161
11	162
11	163
11	164
11	165
11	166
11	167
11	168
11	169
11	170
11	171
11	172
11	173
11	174
11	175
11	176
11	177
11	178
11	179
11	180
11	181
11	182
11	183
11	184
11	185
11	186
11	187
11	188
11	189
11	190
11	191
11	192
11	193
11	194
11	195
11	196
11	197
11	198
11	199
11	200
11	201
11	202
11	203
11	204
11	205
11	206
11	207
11	208
11	209
11	210
11	211
11	212
11	213
11	214
11	215
11	216
11	217
11	218
11	219
11	220
11	221
11	222
12	13
12	14
12	15
12	16
12	17
12	18
12	19
12	20
12	21
12	22
12	23
12	24
12	25
12	26
12	27
12	28
12	29
12	30
12	31
12	32
12	33
12	34
12	35
12	36
12	37
12	38
12	39
12	40
12	41
12	42
12	43
12	44
12	45
12	46
12	47
12	48
12	49
12	50
12	51
12	52
12	53
12	54
12	55
12	56
12	57
12	58
12	59
12	60
12	61
12	62
12	63
12	64
12	65
12	66
12	67
12	68
12	69
12	70
12	71
12	72
12	73
12	74
12	75
12	76
12	77
12	78
12	79
12	80
12	81
12	82
12	83
12	84
12	85
12	86
12	87
12	88
12	89
12	90
12	91
12	92
12	93
12	94
12	95
12	96
12	97
12	98
12	99
12	100
12	101
12	102
12	103
12	104
12	105
12	106
12	107
12	108
12	109
12	110
12	111
12	112
12	113
12	114
12	115
12	116
12	117
12	118
12	119
12	120
12	121
12	122
12	123
12	124
12	125
12	126
12	127
12	128
12	129
12	130
12	131
12	132
12	133
12	134
12	135
12	136
12	137
12	138
12	139
12	140
12	141
12	142
12	143
12	144
12	145
12	146
12	147
12	148
12	149
12	150
12	151
12	152
12	153
12	154
12	155
12	156
12	157
12	158
12	159
12	160
12	161
12	162
12	163
12	164
12	165
12	166
12	167
12	168
12	169
12	170
12	171
12	172
12	173
12	174
12	175
12	176
12	177
12	178
12	179
12	180
12	181
12	182
12	183
12	184
12	185
12	186
12	187
12	188
12	189
12	190
12	191
12	192
12	193
12	194
12	195
12	196
12	197
12	198
12	199
12	200
12	201
12	202
12	203
12	204
12	205
12	206
12	207
12	208
12	209
12	210
12	211
12	212
12	213
12	214
12	215
12	216
12	217
12	218
12	219
12	220
12	221
12	222
13	157
13	158
13	159
13	160
13	161
13	162
13	163
13	164
13	168
13	169
13	170
13	175
13	178
13	179
13	180
13	184
13	186
13	187
13	188
13	189
13	190
13	191
13	192
13	193
13	194
13	195
13	196
13	197
13	198
13	199
13	200
13	201
13	202
13	203
13	204
13	205
13	206
13	207
13	208
13	209
13	210
13	211
13	212
13	213
13	214
13	215
13	216
13	217
13	218
13	219
13	220
13	221
13	222
14	154
14	155
14	156
14	157
14	158
14	159
14	160
14	161
14	162
14	163
14	164
14	165
14	166
14	167
14	168
14	169
14	170
14	171
14	172
14	174
14	175
14	176
14	177
14	178
14	179
14	180
14	181
14	182
14	183
14	184
14	185
14	186
14	187
14	188
14	189
14	190
14	191
14	192
14	193
14	194
14	195
14	196
14	197
14	198
14	199
14	200
14	201
14	202
14	203
14	204
14	205
14	206
14	207
14	208
14	209
14	210
14	211
14	212
14	213
14	214
14	215
14	216
14	217
14	218
14	219
14	220
14	221
14	222
15	123
15	126
15	128
15	136
15	137
15	139
15	141
15	142
15	149
15	150
15	151
15	152
15	153
15	154
15	155
15	156
15	157
15	158
15	159
15	160
15	161
15	162
15	163
15	164
15	165
15	166
15	167
15	168
15	169
15	170
15	171
15	172
15	173
15	174
15	175
15	176
15	177
15	178
15	179
15	180
15	181
15	182
15	183
15	184
15	185
15	186
15	187
15	188
15	189
15	190
15	191
15	192
15	193
15	194
15	195
15	196
15	197
15	198
15	199
15	200
15	201
15	202
15	203
15	204
15	205
15	206
15	207
15	208
15	209
15	210
15	211
15	212
15	213
15	214
15	215
15	216
15	217
15	218
15	219
15	220
15	221
15	222
16	154
16	155
16	156
16	157
16	158
16	159
16	160
16	161
16	162
16	163
16	164
16	165
16	166
16	167
16	168
16	169
16	170
16	171
16	172
16	174
16	175
16	176
16	177
16	178
16	179
16	180
16	181
16	182
16	183
16	184
16	185
16	186
16	187
16	188
16	189
16	190
16	191
16	192
16	193
16	194
16	195
16	196
16	197
16	198
16	199
16	200
16	201
16	202
16	203
16	204
16	205
16	206
16	207
16	208
16	209
16	210
16	211
16	212
16	213
16	214
16	215
16	216
16	217
16	218
16	219
16	220
16	221
16	222
17	123
17	126
17	128
17	136
17	137
17	139
17	141
17	142
17	149
17	150
17	151
17	152
17	153
17	154
17	155
17	156
17	157
17	158
17	159
17	160
17	161
17	162
17	163
17	164
17	165
17	166
17	167
17	168
17	169
17	170
17	171
17	172
17	173
17	174
17	175
17	176
17	177
17	178
17	179
17	180
17	181
17	182
17	183
17	184
17	185
17	186
17	187
17	188
17	189
17	190
17	191
17	192
17	193
17	194
17	195
17	196
17	197
17	198
17	199
17	200
17	201
17	202
17	203
17	204
17	205
17	206
17	207
17	208
17	209
17	210
17	211
17	212
17	213
17	214
17	215
17	216
17	217
17	218
17	219
17	220
17	221
17	222
18	123
18	126
18	128
18	136
18	137
18	139
18	141
18	142
18	149
18	150
18	151
18	152
18	153
18	154
18	155
18	156
18	157
18	158
18	159
18	160
18	161
18	162
18	163
18	164
18	165
18	166
18	167
18	168
18	169
18	170
18	171
18	172
18	173
18	174
18	175
18	176
18	177
18	178
18	179
18	180
18	181
18	182
18	183
18	184
18	185
18	186
18	187
18	188
18	189
18	190
18	191
18	192
18	193
18	194
18	195
18	196
18	197
18	198
18	199
18	200
18	201
18	202
18	203
18	204
18	205
18	206
18	207
18	208
18	209
18	210
18	211
18	212
18	213
18	214
18	215
18	216
18	217
18	218
18	219
18	220
18	221
18	222
19	123
19	126
19	128
19	136
19	137
19	139
19	141
19	142
19	149
19	150
19	151
19	152
19	153
19	154
19	155
19	156
19	157
19	158
19	159
19	160
19	161
19	162
19	163
19	164
19	165
19	166
19	167
19	168
19	169
19	170
19	171
19	172
19	173
19	174
19	175
19	176
19	177
19	178
19	179
19	180
19	181
19	182
19	183
19	184
19	185
19	186
19	187
19	188
19	189
19	190
19	191
19	192
19	193
19	194
19	195
19	196
19	197
19	198
19	199
19	200
19	201
19	202
19	203
19	204
19	205
19	206
19	207
19	208
19	209
19	210
19	211
19	212
19	213
19	214
19	215
19	216
19	217
19	218
19	219
19	220
19	221
19	222
20	118
20	119
20	120
20	122
20	123
20	124
20	125
20	126
20	127
20	128
20	129
20	130
20	131
20	133
20	134
20	135
20	136
20	137
20	138
20	139
20	140
20	141
20	142
20	143
20	144
20	145
20	146
20	147
20	148
20	149
20	150
20	151
20	152
20	153
20	154
20	155
20	156
20	157
20	158
20	159
20	160
20	161
20	162
20	163
20	164
20	165
20	166
20	167
20	168
20	169
20	170
20	171
20	172
20	173
20	174
20	175
20	176
20	177
20	178
20	179
20	180
20	181
20	182
20	183
20	184
20	185
20	186
20	187
20	188
20	189
20	190
20	191
20	192
20	193
20	194
20	195
20	196
20	197
20	198
20	199
20	200
20	201
20	202
20	203
20	204
20	205
20	206
20	207
20	208
20	209
20	210
20	211
20	212
20	213
20	214
20	215
20	216
20	217
20	218
20	219
20	220
20	221
20	222
21	123
21	126
21	128
21	136
21	137
21	139
21	141
21	142
21	149
21	150
21	151
21	152
21	153
21	154
21	155
21	156
21	157
21	158
21	159
21	160
21	161
21	162
21	163
21	164
21	165
21	166
21	167
21	168
21	169
21	170
21	171
21	172
21	173
21	174
21	175
21	176
21	177
21	178
21	179
21	180
21	181
21	182
21	183
21	184
21	185
21	186
21	187
21	188
21	189
21	190
21	191
21	192
21	193
21	194
21	195
21	196
21	197
21	198
21	199
21	200
21	201
21	202
21	203
21	204
21	205
21	206
21	207
21	208
21	209
21	210
21	211
21	212
21	213
21	214
21	215
21	216
21	217
21	218
21	219
21	220
21	221
21	222
22	123
22	126
22	128
22	136
22	137
22	139
22	141
22	142
22	149
22	150
22	151
22	152
22	153
22	154
22	155
22	156
22	157
22	158
22	159
22	160
22	161
22	162
22	163
22	164
22	165
22	166
22	167
22	168
22	169
22	170
22	171
22	172
22	173
22	174
22	175
22	176
22	177
22	178
22	179
22	180
22	181
22	182
22	183
22	184
22	185
22	186
22	187
22	188
22	189
22	190
22	191
22	192
22	193
22	194
22	195
22	196
22	197
22	198
22	199
22	200
22	201
22	202
22	203
22	204
22	205
22	206
22	207
22	208
22	209
22	210
22	211
22	212
22	213
22	214
22	215
22	216
22	217
22	218
22	219
22	220
22	221
22	222
23	123
23	126
23	128
23	136
23	137
23	139
23	141
23	142
23	149
23	150
23	151
23	152
23	153
23	154
23	155
23	156
23	157
23	158
23	159
23	160
23	161
23	162
23	163
23	164
23	165
23	166
23	167
23	168
23	169
23	170
23	171
23	172
23	173
23	174
23	175
23	176
23	177
23	178
23	179
23	180
23	181
23	182
23	183
23	184
23	185
23	186
23	187
23	188
23	189
23	190
23	191
23	192
23	193
23	194
23	195
23	196
23	197
23	198
23	199
23	200
23	201
23	202
23	203
23	204
23	205
23	206
23	207
23	208
23	209
23	210
23	211
23	212
23	213
23	214
23	215
23	216
23	217
23	218
23	219
23	220
23	221
23	222
24	154
24	155
24	156
24	157
24	158
24	159
24	160
24	161
24	162
24	163
24	164
24	165
24	166
24	167
24	168
24	169
24	170
24	171
24	172
24	174
24	175
24	176
24	177
24	178
24	179
24	180
24	181
24	182
24	183
24	184
24	185
24	186
24	187
24	188
24	189
24	190
24	191
24	192
24	193
24	194
24	195
24	196
24	197
24	198
24	199
24	200
24	201
24	202
24	203
24	204
24	205
24	206
24	207
24	208
24	209
24	210
24	211
24	212
24	213
24	214
24	215
24	216
24	217
24	218
24	219
24	220
24	221
24	222
25	123
25	126
25	128
25	136
25	137
25	139
25	141
25	142
25	149
25	150
25	151
25	152
25	153
25	154
25	155
25	156
25	157
25	158
25	159
25	160
25	161
25	162
25	163
25	164
25	165
25	166
25	167
25	168
25	169
25	170
25	171
25	172
25	173
25	174
25	175
25	176
25	177
25	178
25	179
25	180
25	181
25	182
25	183
25	184
25	185
25	186
25	187
25	188
25	189
25	190
25	191
25	192
25	193
25	194
25	195
25	196
25	197
25	198
25	199
25	200
25	201
25	202
25	203
25	204
25	205
25	206
25	207
25	208
25	209
25	210
25	211
25	212
25	213
25	214
25	215
25	216
25	217
25	218
25	219
25	220
25	221
25	222
26	157
26	158
26	159
26	160
26	161
26	162
26	163
26	164
26	165
26	168
26	169
26	170
26	171
26	172
26	174
26	175
26	176
26	177
26	178
26	179
26	180
26	181
26	182
26	183
26	184
26	185
26	186
26	187
26	188
26	189
26	190
26	191
26	192
26	193
26	194
26	195
26	196
26	197
26	198
26	199
26	200
26	201
26	202
26	203
26	204
26	205
26	206
26	207
26	208
26	209
26	210
26	211
26	212
26	213
26	214
26	215
26	216
26	217
26	218
26	219
26	220
26	221
26	222
27	118
27	119
27	120
27	122
27	123
27	124
27	125
27	126
27	127
27	128
27	129
27	130
27	131
27	133
27	134
27	135
27	136
27	137
27	138
27	139
27	140
27	141
27	142
27	143
27	144
27	145
27	146
27	147
27	148
27	149
27	150
27	151
27	152
27	153
27	154
27	155
27	156
27	157
27	158
27	159
27	160
27	161
27	162
27	163
27	164
27	165
27	166
27	167
27	168
27	169
27	170
27	171
27	172
27	173
27	174
27	175
27	176
27	177
27	178
27	179
27	180
27	181
27	182
27	183
27	184
27	185
27	186
27	187
27	188
27	189
27	190
27	191
27	192
27	193
27	194
27	195
27	196
27	197
27	198
27	199
27	200
27	201
27	202
27	203
27	204
27	205
27	206
27	207
27	208
27	209
27	210
27	211
27	212
27	213
27	214
27	215
27	216
27	217
27	218
27	219
27	220
27	221
27	222
28	118
28	119
28	120
28	122
28	123
28	124
28	125
28	126
28	127
28	128
28	129
28	130
28	131
28	133
28	134
28	135
28	136
28	137
28	138
28	139
28	140
28	141
28	142
28	143
28	144
28	145
28	146
28	147
28	148
28	149
28	150
28	151
28	152
28	153
28	154
28	155
28	156
28	157
28	158
28	159
28	160
28	161
28	162
28	163
28	164
28	165
28	166
28	167
28	168
28	169
28	170
28	171
28	172
28	173
28	174
28	175
28	176
28	177
28	178
28	179
28	180
28	181
28	182
28	183
28	184
28	185
28	186
28	187
28	188
28	189
28	190
28	191
28	192
28	193
28	194
28	195
28	196
28	197
28	198
28	199
28	200
28	201
28	202
28	203
28	204
28	205
28	206
28	207
28	208
28	209
28	210
28	211
28	212
28	213
28	214
28	215
28	216
28	217
28	218
28	219
28	220
28	221
28	222
29	159
29	160
29	180
29	187
29	188
29	189
29	192
29	194
29	195
29	196
29	197
29	198
29	199
29	200
29	208
29	209
29	210
29	211
29	212
29	213
29	214
29	215
29	216
29	217
29	218
29	219
29	220
29	221
29	222
30	157
30	158
30	159
30	160
30	161
30	162
30	163
30	164
30	165
30	168
30	169
30	170
30	171
30	172
30	174
30	175
30	176
30	177
30	178
30	179
30	180
30	181
30	182
30	183
30	184
30	185
30	186
30	187
30	188
30	189
30	190
30	191
30	192
30	193
30	194
30	195
30	196
30	197
30	198
30	199
30	200
30	201
30	202
30	203
30	204
30	205
30	206
30	207
30	208
30	209
30	210
30	211
30	212
30	213
30	214
30	215
30	216
30	217
30	218
30	219
30	220
30	221
30	222
31	159
31	160
31	161
31	170
31	179
31	180
31	184
31	186
31	187
31	188
31	189
31	190
31	191
31	192
31	193
31	194
31	195
31	196
31	197
31	198
31	199
31	200
31	201
31	202
31	203
31	204
31	205
31	206
31	207
31	208
31	209
31	210
31	211
31	212
31	213
31	214
31	215
31	216
31	217
31	218
31	219
31	220
31	221
31	222
32	142
32	154
32	155
32	156
32	157
32	158
32	159
32	160
32	161
32	162
32	163
32	164
32	165
32	166
32	167
32	168
32	169
32	170
32	171
32	172
32	173
32	174
32	175
32	176
32	177
32	178
32	179
32	180
32	181
32	182
32	183
32	184
32	185
32	186
32	187
32	188
32	189
32	190
32	191
32	192
32	193
32	194
32	195
32	196
32	197
32	198
32	199
32	200
32	201
32	202
32	203
32	204
32	205
32	206
32	207
32	208
32	209
32	210
32	211
32	212
32	213
32	214
32	215
32	216
32	217
32	218
32	219
32	220
32	221
32	222
33	180
33	189
33	192
33	194
33	197
33	211
33	212
33	213
33	214
33	215
33	216
33	217
33	218
33	219
33	220
33	221
33	222
34	180
34	189
34	192
34	194
34	197
34	211
34	212
34	213
34	214
34	215
34	216
34	217
34	218
34	219
34	220
34	221
34	222
35	180
35	187
35	188
35	189
35	192
35	194
35	195
35	196
35	197
35	198
35	199
35	200
35	209
35	210
35	211
35	212
35	213
35	214
35	215
35	216
35	217
35	218
35	219
35	220
35	221
35	222
36	180
36	187
36	188
36	189
36	192
36	194
36	195
36	196
36	197
36	198
36	199
36	200
36	209
36	210
36	211
36	212
36	213
36	214
36	215
36	216
36	217
36	218
36	219
36	220
36	221
36	222
37	159
37	160
37	180
37	187
37	188
37	189
37	192
37	194
37	195
37	196
37	197
37	198
37	199
37	200
37	208
37	209
37	210
37	211
37	212
37	213
37	214
37	215
37	216
37	217
37	218
37	219
37	220
37	221
37	222
38	180
38	189
38	192
38	194
38	197
38	211
38	212
38	213
38	214
38	215
38	216
38	217
38	218
38	219
38	220
38	221
38	222
39	159
39	160
39	180
39	187
39	188
39	189
39	192
39	194
39	195
39	196
39	197
39	198
39	199
39	200
39	208
39	209
39	210
39	211
39	212
39	213
39	214
39	215
39	216
39	217
39	218
39	219
39	220
39	221
39	222
40	180
40	189
40	192
40	194
40	197
40	211
40	212
40	213
40	214
40	215
40	216
40	217
40	218
40	219
40	220
40	221
40	222
41	159
41	160
41	180
41	187
41	188
41	189
41	192
41	194
41	195
41	196
41	197
41	198
41	199
41	200
41	208
41	209
41	210
41	211
41	212
41	213
41	214
41	215
41	216
41	217
41	218
41	219
41	220
41	221
41	222
42	159
42	160
42	161
42	170
42	179
42	180
42	184
42	186
42	187
42	188
42	189
42	190
42	191
42	192
42	193
42	194
42	195
42	196
42	197
42	198
42	199
42	200
42	201
42	202
42	203
42	204
42	205
42	206
42	207
42	208
42	209
42	210
42	211
42	212
42	213
42	214
42	215
42	216
42	217
42	218
42	219
42	220
42	221
42	222
43	159
43	160
43	161
43	170
43	179
43	180
43	184
43	186
43	187
43	188
43	189
43	190
43	191
43	192
43	193
43	194
43	195
43	196
43	197
43	198
43	199
43	200
43	201
43	202
43	203
43	204
43	205
43	206
43	207
43	208
43	209
43	210
43	211
43	212
43	213
43	214
43	215
43	216
43	217
43	218
43	219
43	220
43	221
43	222
44	180
44	187
44	188
44	189
44	192
44	194
44	195
44	196
44	197
44	198
44	199
44	200
44	209
44	210
44	211
44	212
44	213
44	214
44	215
44	216
44	217
44	218
44	219
44	220
44	221
44	222
45	180
45	189
45	192
45	194
45	197
45	211
45	212
45	213
45	214
45	215
45	216
45	217
45	218
45	219
45	220
45	221
45	222
46	180
46	192
46	194
46	211
46	212
46	213
46	214
46	215
46	216
46	217
46	218
46	219
46	220
46	221
46	222
47	180
47	187
47	188
47	189
47	192
47	194
47	195
47	196
47	197
47	198
47	199
47	200
47	209
47	210
47	211
47	212
47	213
47	214
47	215
47	216
47	217
47	218
47	219
47	220
47	221
47	222
48	180
48	187
48	188
48	189
48	192
48	194
48	195
48	196
48	197
48	198
48	199
48	200
48	209
48	210
48	211
48	212
48	213
48	214
48	215
48	216
48	217
48	218
48	219
48	220
48	221
48	222
49	159
49	160
49	161
49	170
49	179
49	180
49	184
49	186
49	187
49	188
49	189
49	190
49	191
49	192
49	193
49	194
49	195
49	196
49	197
49	198
49	199
49	200
49	201
49	202
49	203
49	204
49	205
49	206
49	207
49	208
49	209
49	210
49	211
49	212
49	213
49	214
49	215
49	216
49	217
49	218
49	219
49	220
49	221
49	222
50	180
50	189
50	192
50	194
50	197
50	211
50	212
50	213
50	214
50	215
50	216
50	217
50	218
50	219
50	220
50	221
50	222
51	180
51	187
51	188
51	189
51	192
51	194
51	195
51	196
51	197
51	198
51	199
51	200
51	209
51	210
51	211
51	212
51	213
51	214
51	215
51	216
51	217
51	218
51	219
51	220
51	221
51	222
52	180
52	189
52	192
52	194
52	197
52	211
52	212
52	213
52	214
52	215
52	216
52	217
52	218
52	219
52	220
52	221
52	222
53	180
53	187
53	188
53	189
53	192
53	194
53	195
53	196
53	197
53	198
53	199
53	200
53	209
53	210
53	211
53	212
53	213
53	214
53	215
53	216
53	217
53	218
53	219
53	220
53	221
53	222
54	159
54	160
54	180
54	187
54	188
54	189
54	192
54	194
54	195
54	196
54	197
54	198
54	199
54	200
54	208
54	209
54	210
54	211
54	212
54	213
54	214
54	215
54	216
54	217
54	218
54	219
54	220
54	221
54	222
55	180
55	189
55	192
55	194
55	197
55	211
55	212
55	213
55	214
55	215
55	216
55	217
55	218
55	219
55	220
55	221
55	222
56	180
56	189
56	192
56	194
56	197
56	211
56	212
56	213
56	214
56	215
56	216
56	217
56	218
56	219
56	220
56	221
56	222
57	180
57	189
57	192
57	194
57	197
57	211
57	212
57	213
57	214
57	215
57	216
57	217
57	218
57	219
57	220
57	221
57	222
58	180
58	189
58	192
58	194
58	197
58	211
58	212
58	213
58	214
58	215
58	216
58	217
58	218
58	219
58	220
58	221
58	222
59	180
59	189
59	192
59	194
59	197
59	211
59	212
59	213
59	214
59	215
59	216
59	217
59	218
59	219
59	220
59	221
59	222
60	180
60	189
60	192
60	194
60	197
60	211
60	212
60	213
60	214
60	215
60	216
60	217
60	218
60	219
60	220
60	221
60	222
61	180
61	189
61	192
61	194
61	197
61	211
61	212
61	213
61	214
61	215
61	216
61	217
61	218
61	219
61	220
61	221
61	222
62	180
62	192
62	194
62	211
62	212
62	213
62	214
62	215
62	216
62	217
62	218
62	219
62	220
62	221
62	222
63	180
63	189
63	192
63	194
63	197
63	211
63	212
63	213
63	214
63	215
63	216
63	217
63	218
63	219
63	220
63	221
63	222
64	180
64	189
64	192
64	194
64	197
64	211
64	212
64	213
64	214
64	215
64	216
64	217
64	218
64	219
64	220
64	221
64	222
65	180
65	189
65	192
65	194
65	197
65	211
65	212
65	213
65	214
65	215
65	216
65	217
65	218
65	219
65	220
65	221
65	222
66	180
66	192
66	194
66	211
66	212
66	213
66	214
66	215
66	216
66	217
66	218
66	219
66	220
66	221
66	222
67	180
67	189
67	192
67	194
67	197
67	211
67	212
67	213
67	214
67	215
67	216
67	217
67	218
67	219
67	220
67	221
67	222
68	180
68	189
68	192
68	194
68	197
68	211
68	212
68	213
68	214
68	215
68	216
68	217
68	218
68	219
68	220
68	221
68	222
69	180
69	189
69	192
69	194
69	197
69	211
69	212
69	213
69	214
69	215
69	216
69	217
69	218
69	219
69	220
69	221
69	222
70	180
70	189
70	192
70	194
70	197
70	211
70	212
70	213
70	214
70	215
70	216
70	217
70	218
70	219
70	220
70	221
70	222
71	180
71	192
71	194
71	211
71	212
71	213
71	214
71	215
71	216
71	217
71	218
71	219
71	220
71	221
71	222
72	180
72	189
72	192
72	194
72	197
72	211
72	212
72	213
72	214
72	215
72	216
72	217
72	218
72	219
72	220
72	221
72	222
73	180
73	189
73	192
73	194
73	197
73	211
73	212
73	213
73	214
73	215
73	216
73	217
73	218
73	219
73	220
73	221
73	222
74	180
74	189
74	192
74	194
74	197
74	211
74	212
74	213
74	214
74	215
74	216
74	217
74	218
74	219
74	220
74	221
74	222
75	180
75	192
75	194
75	211
75	212
75	213
75	214
75	215
75	216
75	217
75	218
75	219
75	220
75	221
75	222
76	180
76	189
76	192
76	194
76	197
76	211
76	212
76	213
76	214
76	215
76	216
76	217
76	218
76	219
76	220
76	221
76	222
77	180
77	192
77	194
77	211
77	212
77	213
77	214
77	215
77	216
77	217
77	218
77	219
77	220
77	221
77	222
78	180
78	189
78	192
78	194
78	197
78	211
78	212
78	213
78	214
78	215
78	216
78	217
78	218
78	219
78	220
78	221
78	222
79	180
79	192
79	194
79	211
79	212
79	213
79	214
79	215
79	216
79	217
79	218
79	219
79	220
79	221
79	222
80	180
80	192
80	194
80	211
80	212
80	213
80	214
80	215
80	216
80	217
80	218
80	219
80	220
80	221
80	222
81	180
81	189
81	192
81	194
81	197
81	211
81	212
81	213
81	214
81	215
81	216
81	217
81	218
81	219
81	220
81	221
81	222
82	180
82	192
82	194
82	211
82	212
82	213
82	214
82	215
82	216
82	217
82	218
82	219
82	220
82	221
82	222
83	180
83	192
83	194
83	211
83	212
83	213
83	214
83	215
83	216
83	217
83	218
83	219
83	220
83	221
83	222
84	180
84	192
84	194
84	211
84	212
84	213
84	214
84	215
84	216
84	217
84	218
84	219
84	220
84	221
84	222
85	180
85	189
85	192
85	194
85	197
85	211
85	212
85	213
85	214
85	215
85	216
85	217
85	218
85	219
85	220
85	221
85	222
86	180
86	192
86	194
86	211
86	212
86	213
86	214
86	215
86	216
86	217
86	218
86	219
86	220
86	221
86	222
87	180
87	192
87	194
87	211
87	212
87	213
87	214
87	215
87	216
87	217
87	218
87	219
87	220
87	221
87	222
88	180
88	192
88	194
88	211
88	212
88	213
88	214
88	215
88	216
88	217
88	218
88	219
88	220
88	221
88	222
89	180
89	192
89	194
89	211
89	212
89	213
89	214
89	215
89	216
89	217
89	218
89	219
89	220
89	221
89	222
90	180
90	192
90	194
90	211
90	212
90	213
90	214
90	215
90	216
90	217
90	218
90	219
90	220
90	221
90	222
91	180
91	192
91	194
91	211
91	212
91	213
91	214
91	215
91	216
91	217
91	218
91	219
91	220
91	221
91	222
92	180
92	192
92	194
92	211
92	212
92	213
92	214
92	215
92	216
92	217
92	218
92	219
92	220
92	221
92	222
93	180
93	189
93	192
93	194
93	197
93	211
93	212
93	213
93	214
93	215
93	216
93	217
93	218
93	219
93	220
93	221
93	222
94	180
94	192
94	194
94	211
94	212
94	213
94	214
94	215
94	216
94	217
94	218
94	219
94	220
94	221
94	222
95	180
95	192
95	194
95	211
95	212
95	213
95	214
95	215
95	216
95	217
95	218
95	219
95	220
95	221
95	222
96	180
96	192
96	194
96	211
96	212
96	213
96	214
96	215
96	216
96	217
96	218
96	219
96	220
96	221
96	222
97	180
97	192
97	194
97	211
97	212
97	213
97	214
97	215
97	216
97	217
97	218
97	219
97	220
97	221
97	222
98	180
98	192
98	194
98	211
98	212
98	213
98	214
98	215
98	216
98	217
98	218
98	219
98	220
98	221
98	222
99	180
99	192
99	194
99	211
99	212
99	213
99	214
99	215
99	216
99	217
99	218
99	219
99	220
99	221
99	222
100	180
100	192
100	194
100	211
100	212
100	213
100	214
100	215
100	216
100	217
100	218
100	219
100	220
100	221
100	222
101	180
101	192
101	194
101	211
101	212
101	213
101	214
101	215
101	216
101	217
101	218
101	219
101	220
101	221
101	222
102	180
102	192
102	194
102	211
102	212
102	213
102	214
102	215
102	216
102	217
102	218
102	219
102	220
102	221
102	222
103	180
103	192
103	194
103	211
103	212
103	213
103	214
103	215
103	216
103	217
103	218
103	219
103	220
103	221
103	222
104	180
104	192
104	194
104	211
104	212
104	213
104	214
104	215
104	216
104	217
104	218
104	219
104	220
104	221
104	222
105	180
105	192
105	194
105	211
105	212
105	213
105	214
105	215
105	216
105	217
105	218
105	219
105	220
105	221
105	222
106	180
106	192
106	194
106	211
106	212
106	213
106	214
106	215
106	216
106	217
106	218
106	219
106	220
106	221
106	222
107	180
107	192
107	194
107	211
107	212
107	213
107	214
107	215
107	216
107	217
107	218
107	219
107	220
107	221
107	222
108	180
108	192
108	194
108	211
108	212
108	213
108	214
108	215
108	216
108	217
108	218
108	219
108	220
108	221
108	222
109	180
109	192
109	194
109	211
109	212
109	213
109	214
109	215
109	216
109	217
109	218
109	219
109	220
109	221
109	222
110	180
110	192
110	194
110	211
110	212
110	213
110	214
110	215
110	216
110	217
110	218
110	219
110	220
110	221
110	222
111	180
111	192
111	194
111	211
111	212
111	213
111	214
111	215
111	216
111	217
111	218
111	219
111	220
111	221
111	222
112	180
112	192
112	194
112	211
112	212
112	213
112	214
112	215
112	216
112	217
112	218
112	219
112	220
112	221
112	222
113	180
113	192
113	194
113	211
113	212
113	213
113	214
113	215
113	216
113	217
113	218
113	219
113	220
113	221
113	222
114	180
114	192
114	194
114	211
114	212
114	213
114	214
114	215
114	216
114	217
114	218
114	219
114	220
114	221
114	222
115	180
115	192
115	194
115	211
115	212
115	213
115	214
115	215
115	216
115	217
115	218
115	219
115	220
115	221
115	222
116	180
116	192
116	194
116	211
116	212
116	213
116	214
116	215
116	216
116	217
116	218
116	219
116	220
116	221
116	222
117	180
117	192
117	194
117	211
117	212
117	213
117	214
117	215
117	216
117	217
117	218
117	219
117	220
117	221
117	222
118	180
118	189
118	192
118	194
118	197
118	211
118	212
118	213
118	214
118	215
118	216
118	217
118	218
118	219
118	220
118	221
118	222
119	180
119	192
119	194
119	211
119	212
119	213
119	214
119	215
119	216
119	217
119	218
119	219
119	220
119	221
119	222
120	180
120	192
120	194
120	211
120	212
120	213
120	214
120	215
120	216
120	217
120	218
120	219
120	220
120	221
120	222
121	180
121	192
121	194
121	211
121	212
121	213
121	214
121	215
121	216
121	217
121	218
121	219
121	220
121	221
121	222
122	180
122	192
122	194
122	211
122	212
122	213
122	214
122	215
122	216
122	217
122	218
122	219
122	220
122	221
122	222
123	180
123	192
123	194
123	211
123	212
123	213
123	214
123	215
123	216
123	217
123	218
123	219
123	220
123	221
123	222
124	180
124	192
124	194
124	211
124	212
124	213
124	214
124	215
124	216
124	217
124	218
124	219
124	220
124	221
124	222
125	180
125	192
125	194
125	211
125	212
125	213
125	214
125	215
125	216
125	217
125	218
125	219
125	220
125	221
125	222
126	180
126	189
126	192
126	194
126	197
126	211
126	212
126	213
126	214
126	215
126	216
126	217
126	218
126	219
126	220
126	221
126	222
127	180
127	192
127	194
127	211
127	212
127	213
127	214
127	215
127	216
127	217
127	218
127	219
127	220
127	221
127	222
128	180
128	189
128	192
128	194
128	197
128	211
128	212
128	213
128	214
128	215
128	216
128	217
128	218
128	219
128	220
128	221
128	222
129	180
129	192
129	194
129	211
129	212
129	213
129	214
129	215
129	216
129	217
129	218
129	219
129	220
129	221
129	222
130	180
130	192
130	194
130	211
130	212
130	213
130	214
130	215
130	216
130	217
130	218
130	219
130	220
130	221
130	222
131	180
131	192
131	194
131	211
131	212
131	213
131	214
131	215
131	216
131	217
131	218
131	219
131	220
131	221
131	222
132	180
132	192
132	194
132	211
132	212
132	213
132	214
132	215
132	216
132	217
132	218
132	219
132	220
132	221
132	222
133	180
133	192
133	194
133	211
133	212
133	213
133	214
133	215
133	216
133	217
133	218
133	219
133	220
133	221
133	222
134	180
134	192
134	194
134	211
134	212
134	213
134	214
134	215
134	216
134	217
134	218
134	219
134	220
134	221
134	222
135	180
135	192
135	194
135	211
135	212
135	213
135	214
135	215
135	216
135	217
135	218
135	219
135	220
135	221
135	222
136	180
136	192
136	194
136	211
136	212
136	213
136	214
136	215
136	216
136	217
136	218
136	219
136	220
136	221
136	222
137	180
137	192
137	194
137	211
137	212
137	213
137	214
137	215
137	216
137	217
137	218
137	219
137	220
137	221
137	222
138	180
138	192
138	194
138	211
138	212
138	213
138	214
138	215
138	216
138	217
138	218
138	219
138	220
138	221
138	222
139	180
139	192
139	194
139	211
139	212
139	213
139	214
139	215
139	216
139	217
139	218
139	219
139	220
139	221
139	222
140	180
140	192
140	194
140	211
140	212
140	213
140	214
140	215
140	216
140	217
140	218
140	219
140	220
140	221
140	222
141	180
141	192
141	194
141	211
141	212
141	213
141	214
141	215
141	216
141	217
141	218
141	219
141	220
141	221
141	222
142	180
142	192
142	194
142	211
142	212
142	213
142	214
142	215
142	216
142	217
142	218
142	219
142	220
142	221
142	222
143	180
143	192
143	194
143	211
143	212
143	213
143	214
143	215
143	216
143	217
143	218
143	219
143	220
143	221
143	222
144	180
144	192
144	194
144	211
144	212
144	213
144	214
144	215
144	216
144	217
144	218
144	219
144	220
144	221
144	222
145	180
145	192
145	194
145	211
145	212
145	213
145	214
145	215
145	216
145	217
145	218
145	219
145	220
145	221
145	222
146	180
146	192
146	194
146	211
146	212
146	213
146	214
146	215
146	216
146	217
146	218
146	219
146	220
146	221
146	222
147	180
147	192
147	194
147	211
147	212
147	213
147	214
147	215
147	216
147	217
147	218
147	219
147	220
147	221
147	222
148	180
148	192
148	194
148	211
148	212
148	213
148	214
148	215
148	216
148	217
148	218
148	219
148	220
148	221
148	222
149	180
149	192
149	194
149	211
149	212
149	213
149	214
149	215
149	216
149	217
149	218
149	219
149	220
149	221
149	222
150	180
150	192
150	194
150	211
150	212
150	213
150	214
150	215
150	216
150	217
150	218
150	219
150	220
150	221
150	222
151	180
151	192
151	194
151	211
151	212
151	213
151	214
151	215
151	216
151	217
151	218
151	219
151	220
151	221
151	222
152	180
152	192
152	194
152	211
152	212
152	213
152	214
152	215
152	216
152	217
152	218
152	219
152	220
152	221
152	222
153	180
153	192
153	194
153	211
153	212
153	213
153	214
153	215
153	216
153	217
153	218
153	219
153	220
153	221
153	222
154	180
154	192
154	194
154	211
154	212
154	213
154	214
154	215
154	216
154	217
154	218
154	219
154	220
154	221
154	222
155	180
155	192
155	194
155	211
155	212
155	213
155	214
155	215
155	216
155	217
155	218
155	219
155	220
155	221
155	222
156	180
156	192
156	194
156	211
156	212
156	213
156	214
156	215
156	216
156	217
156	218
156	219
156	220
156	221
156	222
157	180
157	192
157	194
157	211
157	212
157	213
157	214
157	215
157	216
157	217
157	218
157	219
157	220
157	221
157	222
158	180
158	192
158	194
158	211
158	212
158	213
158	214
158	215
158	216
158	217
158	218
158	219
158	220
158	221
158	222
159	180
159	192
159	194
159	211
159	212
159	213
159	214
159	215
159	216
159	217
159	218
159	219
159	220
159	221
159	222
160	180
160	192
160	194
160	211
160	212
160	213
160	214
160	215
160	216
160	217
160	218
160	219
160	220
160	221
160	222
161	180
161	192
161	194
161	211
161	212
161	213
161	214
161	215
161	216
161	217
161	218
161	219
161	220
161	221
161	222
162	180
162	192
162	194
162	211
162	212
162	213
162	214
162	215
162	216
162	217
162	218
162	219
162	220
162	221
162	222
163	180
163	192
163	194
163	211
163	212
163	213
163	214
163	215
163	216
163	217
163	218
163	219
163	220
163	221
163	222
164	180
164	192
164	194
164	211
164	212
164	213
164	214
164	215
164	216
164	217
164	218
164	219
164	220
164	221
164	222
165	180
165	192
165	194
165	211
165	212
165	213
165	214
165	215
165	216
165	217
165	218
165	219
165	220
165	221
165	222
166	180
166	192
166	194
166	211
166	212
166	213
166	214
166	215
166	216
166	217
166	218
166	219
166	220
166	221
166	222
167	180
167	192
167	194
167	211
167	212
167	213
167	214
167	215
167	216
167	217
167	218
167	219
167	220
167	221
167	222
168	180
168	192
168	194
168	211
168	212
168	213
168	214
168	215
168	216
168	217
168	218
168	219
168	220
168	221
168	222
169	180
169	192
169	194
169	211
169	212
169	213
169	214
169	215
169	216
169	217
169	218
169	219
169	220
169	221
169	222
170	180
170	192
170	194
170	211
170	212
170	213
170	214
170	215
170	216
170	217
170	218
170	219
170	220
170	221
170	222
171	180
171	192
171	194
171	211
171	212
171	213
171	214
171	215
171	216
171	217
171	218
171	219
171	220
171	221
171	222
172	180
172	192
172	194
172	211
172	212
172	213
172	214
172	215
172	216
172	217
172	218
172	219
172	220
172	221
172	222
173	180
173	192
173	194
173	211
173	212
173	213
173	214
173	215
173	216
173	217
173	218
173	219
173	220
173	221
173	222
174	180
174	192
174	194
174	211
174	212
174	213
174	214
174	215
174	216
174	217
174	218
174	219
174	220
174	221
174	222
175	180
175	192
175	194
175	211
175	212
175	213
175	214
175	215
175	216
175	217
175	218
175	219
175	220
175	221
175	222
176	180
176	192
176	194
176	211
176	212
176	213
176	214
176	215
176	216
176	217
176	218
176	219
176	220
176	221
176	222
177	180
177	192
177	194
177	211
177	212
177	213
177	214
177	215
177	216
177	217
177	218
177	219
177	220
177	221
177	222
178	180
178	192
178	194
178	211
178	212
178	213
178	214
178	215
178	216
178	217
178	218
178	219
178	220
178	221
178	222
179	180
179	192
179	194
179	211
179	212
179	213
179	214
179	215
179	216
179	217
179	218
179	219
179	220
179	221
179	222
180	181
180	182
180	183
180	184
180	185
180	186
180	187
180	188
180	189
180	190
180	191
180	192
180	193
180	194
180	195
180	196
180	197
180	198
180	199
180	200
180	201
180	202
180	203
180	204
180	205
180	206
180	207
180	208
180	209
180	210
180	211
180	212
180	213
180	214
180	215
180	216
180	217
180	218
180	219
180	220
180	221
180	222
181	192
181	194
181	211
181	212
181	213
181	214
181	215
181	216
181	217
181	218
181	219
181	220
181	221
181	222
182	192
182	194
182	211
182	212
182	213
182	214
182	215
182	216
182	217
182	218
182	219
182	220
182	221
182	222
183	192
183	194
183	211
183	212
183	213
183	214
183	215
183	216
183	217
183	218
183	219
183	220
183	221
183	222
184	192
184	194
184	211
184	212
184	213
184	214
184	215
184	216
184	217
184	218
184	219
184	220
184	221
184	222
185	192
185	194
185	211
185	212
185	213
185	214
185	215
185	216
185	217
185	218
185	219
185	220
185	221
185	222
186	192
186	194
186	211
186	212
186	213
186	214
186	215
186	216
186	217
186	218
186	219
186	220
186	221
186	222
187	192
187	194
187	211
187	212
187	213
187	214
187	215
187	216
187	217
187	218
187	219
187	220
187	221
187	222
188	192
188	194
188	211
188	212
188	213
188	214
188	215
188	216
188	217
188	218
188	219
188	220
188	221
188	222
189	192
189	194
189	211
189	212
189	213
189	214
189	215
189	216
189	217
189	218
189	219
189	220
189	221
189	222
190	192
190	194
190	211
190	212
190	213
190	214
190	215
190	216
190	217
190	218
190	219
190	220
190	221
190	222
191	192
191	194
191	211
191	212
191	213
191	214
191	215
191	216
191	217
191	218
191	219
191	220
191	221
191	222
192	193
192	195
192	196
192	197
192	198
192	199
192	200
192	201
192	202
192	203
192	204
192	205
192	206
192	207
192	208
192	209
192	210
192	211
192	212
192	213
192	214
192	215
192	216
192	217
192	218
192	219
192	220
192	221
192	222
193	194
193	211
193	212
193	213
193	214
193	215
193	216
193	217
193	218
193	219
193	220
193	221
193	222
194	195
194	196
194	197
194	198
194	199
194	200
194	201
194	202
194	203
194	204
194	205
194	206
194	207
194	208
194	209
194	210
194	211
194	212
194	213
194	214
194	215
194	216
194	217
194	218
194	219
194	220
194	221
194	222
195	211
195	212
195	213
195	214
195	215
195	216
195	217
195	218
195	219
195	220
195	221
195	222
196	211
196	212
196	213
196	214
196	215
196	216
196	217
196	218
196	219
196	220
196	221
196	222
197	211
197	212
197	213
197	214
197	215
197	216
197	217
197	218
197	219
197	220
197	221
197	222
198	211
198	212
198	213
198	214
198	215
198	216
198	217
198	218
198	219
198	220
198	221
198	222
199	211
199	212
199	213
199	214
199	215
199	216
199	217
199	218
199	219
199	220
199	221
199	222
200	211
200	212
200	213
200	214
200	215
200	216
200	217
200	218
200	219
200	220
200	221
200	222
201	211
201	212
201	213
201	214
201	215
201	216
201	217
201	218
201	219
201	220
201	221
201	222
202	211
202	212
202	213
202	214
202	215
202	216
202	217
202	218
202	219
202	220
202	221
202	222
203	211
203	212
203	213
203	214
203	215
203	216
203	217
203	218
203	219
203	220
203	221
203	222
204	211
204	212
204	213
204	214
204	215
204	216
204	217
204	218
204	219
204	220
204	221
204	222
205	211
205	212
205	213
205	214
205	215
205	216
205	217
205	218
205	219
205	220
205	221
205	222
206	211
206	212
206	213
206	214
206	215
206	216
206	217
206	218
206	219
206	220
206	221
206	222
207	211
207	212
207	213
207	214
207	215
207	216
207	217
207	218
207	219
207	220
207	221
207	222
208	211
208	212
208	213
208	214
208	215
208	216
208	217
208	218
208	219
208	220
208	221
208	222
209	211
209	212
209	213
209	214
209	215
209	216
209	217
209	218
209	219
209	220
209	221
209	222
210	211
210	212
210	213
210	214
210	215
210	216
210	217
210	218
210	219
210	220
210	221
210	222
211	212
211	213
211	214
211	215
211	216
211	217
211	218
211	219
211	220
211	221
211	222
212	214
212	215
212	216
212	217
212	218
212	219
212	220
212	221
212	222
213	214
213	215
213	216
213	217
213	218
213	219
213	220
213	221
213	222
214	220
214	221
215	220
215	221
216	220
216	221
217	220
217	221
218	220
218	221
219	220
219	221
220	222
221	222