170	7086
1	5
1	6
1	8
1	10
1	11
1	12
1	13
1	16
1	28
1	29
1	30
1	31
1	37
1	38
1	39
1	41
1	43
1	44
1	45
1	46
1	47
1	48
1	49
1	50
1	51
1	52
1	53
1	54
1	56
1	57
1	58
1	59
1	60
1	61
1	62
1	63
1	64
1	65
1	66
1	67
1	68
1	69
1	70
1	71
1	72
1	73
1	74
1	75
1	76
1	77
1	78
1	79
1	80
1	81
1	82
1	83
1	84
1	85
1	86
1	87
1	88
1	89
1	90
1	91
1	92
1	93
1	94
1	95
1	96
1	97
1	98
1	99
1	100
1	101
1	102
1	103
1	104
1	105
1	106
1	107
1	108
1	109
1	110
1	111
1	112
1	113
1	114
1	115
1	116
1	117
1	118
1	119
1	120
1	121
1	122
1	123
1	124
1	125
1	126
1	127
1	128
1	129
1	130
1	131
1	132
1	133
1	134
1	135
1	136
1	137
1	138
1	139
1	140
1	141
1	142
1	143
1	144
1	145
1	146
1	147
1	148
1	149
1	150
1	151
1	152
1	153
1	154
1	155
1	156
1	157
1	158
1	159
1	160
1	161
1	162
1	163
1	164
1	165
1	166
1	167
1	168
1	169
1	170
2	5
2	6
2	8
2	10
2	11
2	12
2	28
2	29
2	30
2	31
2	38
2	39
2	41
2	42
2	43
2	44
2	45
2	46
2	48
2	49
2	51
2	52
2	53
2	54
2	56
2	57
2	58
2	59
2	60
2	61
2	65
2	66
2	67
2	69
2	70
2	71
2	72
2	73
2	74
2	75
2	76
2	77
2	79
2	80
2	81
2	82
2	83
2	84
2	85
2	86
2	87
2	88
2	89
2	90
2	91
2	92
2	96
2	97
2	98
2	99
2	100
2	101
2	102
2	103
2	104
2	106
2	107
2	108
2	109
2	110
2	111
2	112
2	113
2	114
2	115
2	116
2	117
2	118
2	119
2	120
2	121
2	122
2	123
2	124
2	125
2	126
2	127
2	128
2	129
2	130
2	131
2	132
2	133
2	134
2	135
2	136
2	137
2	138
2	139
2	140
2	141
2	142
2	143
2	144
2	145
2	146
2	147
2	148
2	149
2	150
2	151
2	152
2	153
2	154
2	155
2	156
2	157
2	158
2	159
2	160
2	161
2	162
2	163
2	164
2	165
2	166
2	167
2	168
2	169
2	170
3	11
3	48
3	49
3	53
3	54
3	57
3	60
3	61
3	79
3	82
3	83
3	88
3	89
3	108
3	109
3	111
3	113
3	114
3	116
3	118
3	119
3	120
3	122
3	123
3	124
3	125
3	127
3	129
3	130
3	131
3	132
3	134
3	135
3	136
3	137
3	138
3	140
3	141
3	142
3	143
3	144
3	145
3	146
3	147
3	148
3	149
3	150
3	151
3	152
3	153
3	154
3	155
3	156
3	157
3	158
3	159
3	160
3	161
3	162
3	163
3	164
3	165
3	166
3	167
3	168
3	169
3	170
4	5
4	6
4	8
4	10
4	11
4	12
4	25
4	28
4	29
4	30
4	31
4	38
4	39
4	41
4	42
4	43
4	44
4	45
4	46
4	48
4	49
4	51
4	52
4	53
4	54
4	56
4	57
4	58
4	59
4	60
4	61
4	65
4	66
4	67
4	69
4	70
4	71
4	72
4	73
4	74
4	75
4	76
4	77
4	79
4	80
4	81
4	82
4	83
4	84
4	85
4	86
4	87
4	88
4	89
4	90
4	91
4	92
4	96
4	97
4	98
4	99
4	100
4	101
4	102
4	103
4	104
4	106
4	107
4	108
4	109
4	110
4	111
4	112
4	113
4	114
4	115
4	116
4	117
4	118
4	119
4	120
4	121
4	122
4	123
4	124
4	125
4	126
4	127
4	128
4	129
4	130
4	131
4	132
4	133
4	134
4	135
4	136
4	137
4	138
4	139
4	140
4	141
4	142
4	143
4	144
4	145
4	146
4	147
4	148
4	149
4	150
4	151
4	152
4	153
4	154
4	155
4	156
4	157
4	158
4	159
4	160
4	161
4	162
4	163
4	164
4	165
4	166
4	167
4	168
4	169
4	170
5	9
5	10
5	11
5	12
5	13
5	20
5	21
5	22
5	23
5	24
5	26
5	29
5	31
5	37
5	38
5	39
5	40
5	41
5	43
5	44
5	45
5	46
5	47
5	48
5	49
5	50
5	51
5	52
5	53
5	54
5	55
5	56
5	57
5	58
5	59
5	60
5	61
5	62
5	63
5	64
5	65
5	66
5	67
5	68
5	69
5	70
5	71
5	72
5	73
5	74
5	75
5	76
5	77
5	78
5	79
5	80
5	81
5	82
5	83
5	84
5	85
5	86
5	87
5	88
5	89
5	90
5	91
5	92
5	93
5	94
5	95
5	96
5	97
5	98
5	99
5	100
5	101
5	102
5	103
5	104
5	105
5	106
5	107
5	108
5	109
5	110
5	111
5	112
5	113
5	114
5	115
5	116
5	117
5	118
5	119
5	120
5	121
5	122
5	123
5	124
5	125
5	126
5	127
5	128
5	129
5	130
5	131
5	132
5	133
5	134
5	135
5	136
5	137
5	138
5	139
5	140
5	141
5	142
5	143
5	144
5	145
5	146
5	147
5	148
5	149
5	150
5	151
5	152
5	153
5	154
5	155
5	156
5	157
5	158
5	159
5	160
5	161
5	162
5	163
5	164
5	165
5	166
5	167
5	168
5	169
5	170
6	9
6	10
6	11
6	12
6	13
6	20
6	23
6	37
6	38
6	39
6	40
6	41
6	43
6	44
6	45
6	46
6	47
6	48
6	49
6	50
6	51
6	52
6	53
6	54
6	55
6	56
6	57
6	58
6	59
6	60
6	61
6	62
6	63
6	64
6	65
6	66
6	67
6	68
6	69
6	70
6	71
6	72
6	73
6	74
6	75
6	76
6	77
6	78
6	79
6	80
6	81
6	82
6	83
6	84
6	85
6	86
6	87
6	88
6	89
6	90
6	91
6	92
6	93
6	94
6	95
6	96
6	97
6	98
6	99
6	100
6	101
6	102
6	103
6	104
6	105
6	106
6	107
6	108
6	109
6	110
6	111
6	112
6	113
6	114
6	115
6	116
6	117
6	118
6	119
6	120
6	121
6	122
6	123
6	124
6	125
6	126
6	127
6	128
6	129
6	130
6	131
6	132
6	133
6	134
6	135
6	136
6	137
6	138
6	139
6	140
6	141
6	142
6	143
6	144
6	145
6	146
6	147
6	148
6	149
6	150
6	151
6	152
6	153
6	154
6	155
6	156
6	157
6	158
6	159
6	160
6	161
6	162
6	163
6	164
6	165
6	166
6	167
6	168
6	169
6	170
7	9
7	10
7	11
7	12
7	13
7	37
7	38
7	39
7	46
7	47
7	48
7	49
7	50
7	51
7	52
7	53
7	54
7	56
7	57
7	58
7	59
7	60
7	61
7	62
7	63
7	64
7	65
7	66
7	67
7	68
7	69
7	70
7	71
7	72
7	73
7	74
7	75
7	76
7	77
7	78
7	79
7	80
7	81
7	82
7	83
7	84
7	85
7	86
7	87
7	88
7	89
7	90
7	91
7	92
7	93
7	94
7	95
7	96
7	97
7	98
7	99
7	100
7	101
7	102
7	103
7	104
7	105
7	106
7	107
7	108
7	109
7	110
7	111
7	112
7	113
7	114
7	115
7	116
7	117
7	118
7	119
7	120
7	121
7	122
7	123
7	124
7	125
7	126
7	127
7	128
7	129
7	130
7	131
7	132
7	133
7	134
7	135
7	136
7	137
7	138
7	139
7	140
7	141
7	142
7	143
7	144
7	145
7	146
7	147
7	148
7	149
7	150
7	151
7	152
7	153
7	154
7	155
7	156
7	157
7	158
7	159
7	160
7	161
7	162
7	163
7	164
7	165
7	166
7	167
7	168
7	169
7	170
8	9
8	10
8	11
8	12
8	13
8	20
8	21
8	22
8	23
8	24
8	26
8	29
8	31
8	37
8	38
8	39
8	40
8	41
8	43
8	44
8	45
8	46
8	47
8	48
8	49
8	50
8	51
8	52
8	53
8	54
8	55
8	56
8	57
8	58
8	59
8	60
8	61
8	62
8	63
8	64
8	65
8	66
8	67
8	68
8	69
8	70
8	71
8	72
8	73
8	74
8	75
8	76
8	77
8	78
8	79
8	80
8	81
8	82
8	83
8	84
8	85
8	86
8	87
8	88
8	89
8	90
8	91
8	92
8	93
8	94
8	95
8	96
8	97
8	98
8	99
8	100
8	101
8	102
8	103
8	104
8	105
8	106
8	107
8	108
8	109
8	110
8	111
8	112
8	113
8	114
8	115
8	116
8	117
8	118
8	119
8	120
8	121
8	122
8	123
8	124
8	125
8	126
8	127
8	128
8	129
8	130
8	131
8	132
8	133
8	134
8	135
8	136
8	137
8	138
8	139
8	140
8	141
8	142
8	143
8	144
8	145
8	146
8	147
8	148
8	149
8	150
8	151
8	152
8	153
8	154
8	155
8	156
8	157
8	158
8	159
8	160
8	161
8	162
8	163
8	164
8	165
8	166
8	167
8	168
8	169
8	170
9	11
9	12
9	13
9	14
9	16
9	17
9	22
9	27
9	28
9	29
9	30
9	31
9	33
9	37
9	38
9	39
9	46
9	47
9	48
9	49
9	50
9	51
9	52
9	53
9	54
9	56
9	57
9	58
9	59
9	60
9	61
9	62
9	63
9	64
9	65
9	66
9	67
9	68
9	69
9	70
9	71
9	72
9	73
9	74
9	75
9	76
9	77
9	78
9	79
9	80
9	81
9	82
9	83
9	84
9	85
9	86
9	87
9	88
9	89
9	90
9	91
9	92
9	93
9	94
9	95
9	96
9	97
9	98
9	99
9	100
9	101
9	102
9	103
9	104
9	105
9	106
9	107
9	108
9	109
9	110
9	111
9	112
9	113
9	114
9	115
9	116
9	117
9	118
9	119
9	120
9	121
9	122
9	123
9	124
9	125
9	126
9	127
9	128
9	129
9	130
9	131
9	132
9	133
9	134
9	135
9	136
9	137
9	138
9	139
9	140
9	141
9	142
9	143
9	144
9	145
9	146
9	147
9	148
9	149
9	150
9	151
9	152
9	153
9	154
9	155
9	156
9	157
9	158
9	159
9	160
9	161
9	162
9	163
9	164
9	165
9	166
9	167
9	168
9	169
9	170
10	11
10	12
10	13
10	14
10	15
10	16
10	17
10	18
10	21
10	22
10	23
10	24
10	25
10	26
10	27
10	28
10	29
10	30
10	31
10	32
10	33
10	34
10	35
10	36
10	37
10	38
10	39
10	41
10	42
10	43
10	44
10	45
10	46
10	47
10	48
10	49
10	50
10	51
10	52
10	53
10	54
10	55
10	56
10	57
10	58
10	59
10	60
10	61
10	62
10	63
10	64
10	65
10	66
10	67
10	68
10	69
10	70
10	71
10	72
10	73
10	74
10	75
10	76
10	77
10	78
10	79
10	80
10	81
10	82
10	83
10	84
10	85
10	86
10	87
10	88
10	89
10	90
10	91
10	92
10	93
10	94
10	95
10	96
10	97
10	98
10	99
10	100
10	101
10	102
10	103
10	104
10	105
10	106
10	107
10	108
10	109
10	110
10	111
10	112
10	113
10	114
10	115
10	116
10	117
10	118
10	119
10	120
10	121
10	122
10	123
10	124
10	125
10	126
10	127
10	128
10	129
10	130
10	131
10	132
10	133
10	134
10	135
10	136
10	137
10	138
10	139
10	140
10	141
10	142
10	143
10	144
10	145
10	146
10	147
10	148
10	149
10	150
10	151
10	152
10	153
10	154
10	155
10	156
10	157
10	158
10	159
10	160
10	161
10	162
10	163
10	164
10	165
10	166
10	167
10	168
10	169
10	170
11	12
11	13
11	14
11	15
11	16
11	17
11	18
11	19
11	20
11	21
11	22
11	23
11	24
11	25
11	26
11	27
11	28
11	29
11	30
11	31
11	32
11	33
11	34
11	35
11	36
11	37
11	38
11	39
11	40
11	41
11	42
11	43
11	44
11	45
11	46
11	47
11	48
11	49
11	50
11	51
11	52
11	53
11	54
11	55
11	56
11	57
11	58
11	59
11	60
11	61
11	62
11	63
11	64
11	65
11	66
11	67
11	68
11	69
11	70
11	71
11	72
11	73
11	74
11	75
11	76
11	77
11	78
11	79
11	80
11	81
11	82
11	83
11	84
11	85
11	86
11	87
11	88
11	89
11	90
11	91
11	92
11	93
11	94
11	95
11	96
11	97
11	98
11	99
11	100
11	101
11	102
11	103
11	104
11	105
11	106
11	107
11	108
11	109
11	110
11	111
11	112
11	113
11	114
11	115
11	116
11	117
11	118
11	119
11	120
11	121
11	122
11	123
11	124
11	125
11	126
11	127
11	128
11	129
11	130
11	131
11	132
11	133
11	134
11	135
11	136
11	137
11	138
11	139
11	140
11	141
11	142
11	143
11	144
11	145
11	146
11	147
11	148
11	149
11	150
11	151
11	152
11	153
11	154
11	155
11	156
11	157
11	158
11	159
11	160
11	161
11	162
11	163
11	164
11	165
11	166
11	167
11	168
11	169
11	170
12	14
12	15
12	16
12	17
12	19
12	20
12	25
12	26
12	27
12	28
12	29
12	30
12	31
12	32
12	33
12	35
12	36
12	37
12	38
12	39
12	40
12	41
12	42
12	43
12	44
12	45
12	46
12	47
12	48
12	49
12	50
12	51
12	52
12	53
12	54
12	55
12	56
12	57
12	58
12	59
12	60
12	61
12	62
12	63
12	64
12	65
12	66
12	67
12	68
12	69
12	70
12	71
12	72
12	73
12	74
12	75
12	76
12	77
12	78
12	79
12	80
12	81
12	82
12	83
12	84
12	85
12	86
12	87
12	88
12	89
12	90
12	91
12	92
12	93
12	94
12	95
12	96
12	97
12	98
12	99
12	100
12	101
12	102
12	103
12	104
12	105
12	106
12	107
12	108
12	109
12	110
12	111
12	112
12	113
12	114
12	115
12	116
12	117
12	118
12	119
12	120
12	121
12	122
12	123
12	124
12	125
12	126
12	127
12	128
12	129
12	130
12	131
12	132
12	133
12	134
12	135
12	136
12	137
12	138
12	139
12	140
12	141
12	142
12	143
12	144
12	145
12	146
12	147
12	148
12	149
12	150
12	151
12	152
12	153
12	154
12	155
12	156
12	157
12	158
12	159
12	160
12	161
12	162
12	163
12	164
12	165
12	166
12	167
12	168
12	169
12	170
13	16
13	28
13	29
13	31
13	37
13	38
13	39
13	40
13	41
13	42
13	43
13	44
13	45
13	46
13	47
13	48
13	49
13	50
13	51
13	52
13	53
13	54
13	56
13	57
13	58
13	59
13	60
13	61
13	62
13	63
13	64
13	65
13	66
13	67
13	68
13	69
13	70
13	71
13	72
13	73
13	74
13	75
13	76
13	77
13	78
13	79
13	80
13	81
13	82
13	83
13	84
13	85
13	86
13	87
13	88
13	89
13	90
13	91
13	92
13	93
13	94
13	95
13	96
13	97
13	98
13	99
13	100
13	101
13	102
13	103
13	104
13	105
13	106
13	107
13	108
13	109
13	110
13	111
13	112
13	113
13	114
13	115
13	116
13	117
13	118
13	119
13	120
13	121
13	122
13	123
13	124
13	125
13	126
13	127
13	128
13	129
13	130
13	131
13	132
13	133
13	134
13	135
13	136
13	137
13	138
13	139
13	140
13	141
13	142
13	143
13	144
13	145
13	146
13	147
13	148
13	149
13	150
13	151
13	152
13	153
13	154
13	155
13	156
13	157
13	158
13	159
13	160
13	161
13	162
13	163
13	164
13	165
13	166
13	167
13	168
13	169
13	170
14	37
14	38
14	39
14	40
14	43
14	46
14	47
14	48
14	49
14	50
14	51
14	52
14	53
14	54
14	56
14	57
14	58
14	59
14	60
14	61
14	62
14	63
14	64
14	65
14	66
14	67
14	68
14	69
14	70
14	71
14	72
14	73
14	74
14	75
14	76
14	77
14	78
14	79
14	80
14	81
14	82
14	83
14	84
14	85
14	86
14	87
14	88
14	89
14	90
14	91
14	92
14	93
14	94
14	95
14	96
14	97
14	98
14	99
14	100
14	101
14	102
14	103
14	104
14	105
14	106
14	107
14	108
14	109
14	110
14	111
14	112
14	113
14	114
14	115
14	116
14	117
14	118
14	119
14	120
14	121
14	122
14	123
14	124
14	125
14	126
14	127
14	128
14	129
14	130
14	131
14	132
14	133
14	134
14	135
14	136
14	137
14	138
14	139
14	140
14	141
14	142
14	143
14	144
14	145
14	146
14	147
14	148
14	149
14	150
14	151
14	152
14	153
14	154
14	155
14	156
14	157
14	158
14	159
14	160
14	161
14	162
14	163
14	164
14	165
14	166
14	167
14	168
14	169
14	170
15	38
15	39
15	43
15	46
15	48
15	49
15	51
15	52
15	53
15	54
15	56
15	57
15	58
15	59
15	60
15	61
15	65
15	66
15	67
15	69
15	70
15	71
15	72
15	73
15	74
15	75
15	76
15	77
15	79
15	80
15	81
15	82
15	83
15	84
15	85
15	86
15	87
15	88
15	89
15	90
15	91
15	92
15	96
15	97
15	98
15	99
15	100
15	101
15	102
15	103
15	104
15	106
15	107
15	108
15	109
15	110
15	111
15	112
15	113
15	114
15	115
15	116
15	117
15	118
15	119
15	120
15	121
15	122
15	123
15	124
15	125
15	126
15	127
15	128
15	129
15	130
15	131
15	132
15	133
15	134
15	135
15	136
15	137
15	138
15	139
15	140
15	141
15	142
15	143
15	144
15	145
15	146
15	147
15	148
15	149
15	150
15	151
15	152
15	153
15	154
15	155
15	156
15	157
15	158
15	159
15	160
15	161
15	162
15	163
15	164
15	165
15	166
15	167
15	168
15	169
15	170
16	37
16	38
16	39
16	40
16	43
16	46
16	47
16	48
16	49
16	50
16	51
16	52
16	53
16	54
16	56
16	57
16	58
16	59
16	60
16	61
16	62
16	63
16	64
16	65
16	66
16	67
16	68
16	69
16	70
16	71
16	72
16	73
16	74
16	75
16	76
16	77
16	78
16	79
16	80
16	81
16	82
16	83
16	84
16	85
16	86
16	87
16	88
16	89
16	90
16	91
16	92
16	93
16	94
16	95
16	96
16	97
16	98
16	99
16	100
16	101
16	102
16	103
16	104
16	105
16	106
16	107
16	108
16	109
16	110
16	111
16	112
16	113
16	114
16	115
16	116
16	117
16	118
16	119
16	120
16	121
16	122
16	123
16	124
16	125
16	126
16	127
16	128
16	129
16	130
16	131
16	132
16	133
16	134
16	135
16	136
16	137
16	138
16	139
16	140
16	141
16	142
16	143
16	144
16	145
16	146
16	147
16	148
16	149
16	150
16	151
16	152
16	153
16	154
16	155
16	156
16	157
16	158
16	159
16	160
16	161
16	162
16	163
16	164
16	165
16	166
16	167
16	168
16	169
16	170
17	39
17	46
17	48
17	49
17	50
17	51
17	52
17	53
17	54
17	56
17	57
17	58
17	59
17	60
17	61
17	62
17	63
17	64
17	65
17	66
17	67
17	68
17	69
17	70
17	71
17	72
17	73
17	74
17	75
17	76
17	77
17	78
17	79
17	80
17	81
17	82
17	83
17	84
17	85
17	86
17	87
17	88
17	89
17	90
17	91
17	92
17	93
17	94
17	95
17	96
17	97
17	98
17	99
17	100
17	101
17	102
17	103
17	104
17	105
17	106
17	107
17	108
17	109
17	110
17	111
17	112
17	113
17	114
17	115
17	116
17	117
17	118
17	119
17	120
17	121
17	122
17	123
17	124
17	125
17	126
17	127
17	128
17	129
17	130
17	131
17	132
17	133
17	134
17	135
17	136
17	137
17	138
17	139
17	140
17	141
17	142
17	143
17	144
17	145
17	146
17	147
17	148
17	149
17	150
17	151
17	152
17	153
17	154
17	155
17	156
17	157
17	158
17	159
17	160
17	161
17	162
17	163
17	164
17	165
17	166
17	167
17	168
17	169
17	170
18	38
18	39
18	46
18	48
18	49
18	51
18	52
18	53
18	54
18	56
18	57
18	58
18	59
18	60
18	61
18	65
18	66
18	67
18	69
18	70
18	71
18	72
18	73
18	74
18	75
18	76
18	77
18	79
18	80
18	81
18	82
18	83
18	84
18	85
18	86
18	87
18	88
18	89
18	90
18	91
18	92
18	96
18	97
18	98
18	99
18	100
18	101
18	102
18	103
18	104
18	106
18	107
18	108
18	109
18	110
18	111
18	112
18	113
18	114
18	115
18	116
18	117
18	118
18	119
18	120
18	121
18	122
18	123
18	124
18	125
18	126
18	127
18	128
18	129
18	130
18	131
18	132
18	133
18	134
18	135
18	136
18	137
18	138
18	139
18	140
18	141
18	142
18	143
18	144
18	145
18	146
18	147
18	148
18	149
18	150
18	151
18	152
18	153
18	154
18	155
18	156
18	157
18	158
18	159
18	160
18	161
18	162
18	163
18	164
18	165
18	166
18	167
18	168
18	169
18	170
19	37
19	38
19	39
19	46
19	47
19	48
19	49
19	50
19	51
19	52
19	53
19	54
19	56
19	57
19	58
19	59
19	60
19	61
19	62
19	63
19	64
19	65
19	66
19	67
19	68
19	69
19	70
19	71
19	72
19	73
19	74
19	75
19	76
19	77
19	78
19	79
19	80
19	81
19	82
19	83
19	84
19	85
19	86
19	87
19	88
19	89
19	90
19	91
19	92
19	93
19	94
19	95
19	96
19	97
19	98
19	99
19	100
19	101
19	102
19	103
19	104
19	105
19	106
19	107
19	108
19	109
19	110
19	111
19	112
19	113
19	114
19	115
19	116
19	117
19	118
19	119
19	120
19	121
19	122
19	123
19	124
19	125
19	126
19	127
19	128
19	129
19	130
19	131
19	132
19	133
19	134
19	135
19	136
19	137
19	138
19	139
19	140
19	141
19	142
19	143
19	144
19	145
19	146
19	147
19	148
19	149
19	150
19	151
19	152
19	153
19	154
19	155
19	156
19	157
19	158
19	159
19	160
19	161
19	162
19	163
19	164
19	165
19	166
19	167
19	168
19	169
19	170
20	28
20	29
20	30
20	39
20	46
20	48
20	49
20	51
20	52
20	53
20	54
20	56
20	57
20	58
20	59
20	60
20	61
20	65
20	66
20	67
20	69
20	70
20	71
20	72
20	73
20	74
20	75
20	76
20	77
20	79
20	80
20	81
20	82
20	83
20	84
20	85
20	86
20	87
20	88
20	89
20	90
20	91
20	92
20	96
20	97
20	98
20	99
20	100
20	101
20	102
20	103
20	104
20	106
20	107
20	108
20	109
20	110
20	111
20	112
20	113
20	114
20	115
20	116
20	117
20	118
20	119
20	120
20	121
20	122
20	123
20	124
20	125
20	126
20	127
20	128
20	129
20	130
20	131
20	132
20	133
20	134
20	135
20	136
20	137
20	138
20	139
20	140
20	141
20	142
20	143
20	144
20	145
20	146
20	147
20	148
20	149
20	150
20	151
20	152
20	153
20	154
20	155
20	156
20	157
20	158
20	159
20	160
20	161
20	162
20	163
20	164
20	165
20	166
20	167
20	168
20	169
20	170
21	38
21	39
21	43
21	44
21	46
21	48
21	49
21	51
21	52
21	53
21	54
21	56
21	57
21	58
21	59
21	60
21	61
21	65
21	66
21	67
21	69
21	70
21	71
21	72
21	73
21	74
21	75
21	76
21	77
21	79
21	80
21	81
21	82
21	83
21	84
21	85
21	86
21	87
21	88
21	89
21	90
21	91
21	92
21	96
21	97
21	98
21	99
21	100
21	101
21	102
21	103
21	104
21	106
21	107
21	108
21	109
21	110
21	111
21	112
21	113
21	114
21	115
21	116
21	117
21	118
21	119
21	120
21	121
21	122
21	123
21	124
21	125
21	126
21	127
21	128
21	129
21	130
21	131
21	132
21	133
21	134
21	135
21	136
21	137
21	138
21	139
21	140
21	141
21	142
21	143
21	144
21	145
21	146
21	147
21	148
21	149
21	150
21	151
21	152
21	153
21	154
21	155
21	156
21	157
21	158
21	159
21	160
21	161
21	162
21	163
21	164
21	165
21	166
21	167
21	168
21	169
21	170
22	37
22	38
22	39
22	40
22	43
22	46
22	47
22	48
22	49
22	50
22	51
22	52
22	53
22	54
22	56
22	57
22	58
22	59
22	60
22	61
22	62
22	63
22	64
22	65
22	66
22	67
22	68
22	69
22	70
22	71
22	72
22	73
22	74
22	75
22	76
22	77
22	78
22	79
22	80
22	81
22	82
22	83
22	84
22	85
22	86
22	87
22	88
22	89
22	90
22	91
22	92
22	93
22	94
22	95
22	96
22	97
22	98
22	99
22	100
22	101
22	102
22	103
22	104
22	105
22	106
22	107
22	108
22	109
22	110
22	111
22	112
22	113
22	114
22	115
22	116
22	117
22	118
22	119
22	120
22	121
22	122
22	123
22	124
22	125
22	126
22	127
22	128
22	129
22	130
22	131
22	132
22	133
22	134
22	135
22	136
22	137
22	138
22	139
22	140
22	141
22	142
22	143
22	144
22	145
22	146
22	147
22	148
22	149
22	150
22	151
22	152
22	153
22	154
22	155
22	156
22	157
22	158
22	159
22	160
22	161
22	162
22	163
22	164
22	165
22	166
22	167
22	168
22	169
22	170
23	38
23	39
23	41
23	42
23	43
23	44
23	45
23	46
23	48
23	49
23	51
23	52
23	53
23	54
23	56
23	57
23	58
23	59
23	60
23	61
23	65
23	66
23	67
23	69
23	70
23	71
23	72
23	73
23	74
23	75
23	76
23	77
23	79
23	80
23	81
23	82
23	83
23	84
23	85
23	86
23	87
23	88
23	89
23	90
23	91
23	92
23	96
23	97
23	98
23	99
23	100
23	101
23	102
23	103
23	104
23	106
23	107
23	108
23	109
23	110
23	111
23	112
23	113
23	114
23	115
23	116
23	117
23	118
23	119
23	120
23	121
23	122
23	123
23	124
23	125
23	126
23	127
23	128
23	129
23	130
23	131
23	132
23	133
23	134
23	135
23	136
23	137
23	138
23	139
23	140
23	141
23	142
23	143
23	144
23	145
23	146
23	147
23	148
23	149
23	150
23	151
23	152
23	153
23	154
23	155
23	156
23	157
23	158
23	159
23	160
23	161
23	162
23	163
23	164
23	165
23	166
23	167
23	168
23	169
23	170
24	38
24	39
24	43
24	46
24	48
24	49
24	51
24	52
24	53
24	54
24	56
24	57
24	58
24	59
24	60
24	61
24	65
24	66
24	67
24	69
24	70
24	71
24	72
24	73
24	74
24	75
24	76
24	77
24	79
24	80
24	81
24	82
24	83
24	84
24	85
24	86
24	87
24	88
24	89
24	90
24	91
24	92
24	96
24	97
24	98
24	99
24	100
24	101
24	102
24	103
24	104
24	106
24	107
24	108
24	109
24	110
24	111
24	112
24	113
24	114
24	115
24	116
24	117
24	118
24	119
24	120
24	121
24	122
24	123
24	124
24	125
24	126
24	127
24	128
24	129
24	130
24	131
24	132
24	133
24	134
24	135
24	136
24	137
24	138
24	139
24	140
24	141
24	142
24	143
24	144
24	145
24	146
24	147
24	148
24	149
24	150
24	151
24	152
24	153
24	154
24	155
24	156
24	157
24	158
24	159
24	160
24	161
24	162
24	163
24	164
24	165
24	166
24	167
24	168
24	169
24	170
25	37
25	38
25	39
25	41
25	43
25	44
25	45
25	46
25	47
25	48
25	49
25	50
25	51
25	52
25	53
25	54
25	55
25	56
25	57
25	58
25	59
25	60
25	61
25	62
25	63
25	64
25	65
25	66
25	67
25	68
25	69
25	70
25	71
25	72
25	73
25	74
25	75
25	76
25	77
25	78
25	79
25	80
25	81
25	82
25	83
25	84
25	85
25	86
25	87
25	88
25	89
25	90
25	91
25	92
25	93
25	94
25	95
25	96
25	97
25	98
25	99
25	100
25	101
25	102
25	103
25	104
25	105
25	106
25	107
25	108
25	109
25	110
25	111
25	112
25	113
25	114
25	115
25	116
25	117
25	118
25	119
25	120
25	121
25	122
25	123
25	124
25	125
25	126
25	127
25	128
25	129
25	130
25	131
25	132
25	133
25	134
25	135
25	136
25	137
25	138
25	139
25	140
25	141
25	142
25	143
25	144
25	145
25	146
25	147
25	148
25	149
25	150
25	151
25	152
25	153
25	154
25	155
25	156
25	157
25	158
25	159
25	160
25	161
25	162
25	163
25	164
25	165
25	166
25	167
25	168
25	169
25	170
26	29
26	37
26	38
26	39
26	41
26	43
26	44
26	45
26	46
26	47
26	48
26	49
26	50
26	51
26	52
26	53
26	54
26	56
26	57
26	58
26	59
26	60
26	61
26	62
26	63
26	64
26	65
26	66
26	67
26	68
26	69
26	70
26	71
26	72
26	73
26	74
26	75
26	76
26	77
26	78
26	79
26	80
26	81
26	82
26	83
26	84
26	85
26	86
26	87
26	88
26	89
26	90
26	91
26	92
26	93
26	94
26	95
26	96
26	97
26	98
26	99
26	100
26	101
26	102
26	103
26	104
26	105
26	106
26	107
26	108
26	109
26	110
26	111
26	112
26	113
26	114
26	115
26	116
26	117
26	118
26	119
26	120
26	121
26	122
26	123
26	124
26	125
26	126
26	127
26	128
26	129
26	130
26	131
26	132
26	133
26	134
26	135
26	136
26	137
26	138
26	139
26	140
26	141
26	142
26	143
26	144
26	145
26	146
26	147
26	148
26	149
26	150
26	151
26	152
26	153
26	154
26	155
26	156
26	157
26	158
26	159
26	160
26	161
26	162
26	163
26	164
26	165
26	166
26	167
26	168
26	169
26	170
27	37
27	38
27	39
27	46
27	47
27	48
27	49
27	50
27	51
27	52
27	53
27	54
27	56
27	57
27	58
27	59
27	60
27	61
27	62
27	63
27	64
27	65
27	66
27	67
27	68
27	69
27	70
27	71
27	72
27	73
27	74
27	75
27	76
27	77
27	78
27	79
27	80
27	81
27	82
27	83
27	84
27	85
27	86
27	87
27	88
27	89
27	90
27	91
27	92
27	93
27	94
27	95
27	96
27	97
27	98
27	99
27	100
27	101
27	102
27	103
27	104
27	105
27	106
27	107
27	108
27	109
27	110
27	111
27	112
27	113
27	114
27	115
27	116
27	117
27	118
27	119
27	120
27	121
27	122
27	123
27	124
27	125
27	126
27	127
27	128
27	129
27	130
27	131
27	132
27	133
27	134
27	135
27	136
27	137
27	138
27	139
27	140
27	141
27	142
27	143
27	144
27	145
27	146
27	147
27	148
27	149
27	150
27	151
27	152
27	153
27	154
27	155
27	156
27	157
27	158
27	159
27	160
27	161
27	162
27	163
27	164
27	165
27	166
27	167
27	168
27	169
27	170
28	39
28	46
28	48
28	49
28	50
28	51
28	52
28	53
28	54
28	55
28	56
28	57
28	58
28	59
28	60
28	61
28	62
28	63
28	64
28	65
28	66
28	67
28	68
28	69
28	70
28	71
28	72
28	73
28	74
28	75
28	76
28	77
28	78
28	79
28	80
28	81
28	82
28	83
28	84
28	85
28	86
28	87
28	88
28	89
28	90
28	91
28	92
28	93
28	94
28	95
28	96
28	97
28	98
28	99
28	100
28	101
28	102
28	103
28	104
28	105
28	106
28	107
28	108
28	109
28	110
28	111
28	112
28	113
28	114
28	115
28	116
28	117
28	118
28	119
28	120
28	121
28	122
28	123
28	124
28	125
28	126
28	127
28	128
28	129
28	130
28	131
28	132
28	133
28	134
28	135
28	136
28	137
28	138
28	139
28	140
28	141
28	142
28	143
28	144
28	145
28	146
28	147
28	148
28	149
28	150
28	151
28	152
28	153
28	154
28	155
28	156
28	157
28	158
28	159
28	160
28	161
28	162
28	163
28	164
28	165
28	166
28	167
28	168
28	169
28	170
29	39
29	46
29	48
29	49
29	50
29	51
29	52
29	53
29	54
29	55
29	56
29	57
29	58
29	59
29	60
29	61
29	62
29	63
29	64
29	65
29	66
29	67
29	68
29	69
29	70
29	71
29	72
29	73
29	74
29	75
29	76
29	77
29	78
29	79
29	80
29	81
29	82
29	83
29	84
29	85
29	86
29	87
29	88
29	89
29	90
29	91
29	92
29	93
29	94
29	95
29	96
29	97
29	98
29	99
29	100
29	101
29	102
29	103
29	104
29	105
29	106
29	107
29	108
29	109
29	110
29	111
29	112
29	113
29	114
29	115
29	116
29	117
29	118
29	119
29	120
29	121
29	122
29	123
29	124
29	125
29	126
29	127
29	128
29	129
29	130
29	131
29	132
29	133
29	134
29	135
29	136
29	137
29	138
29	139
29	140
29	141
29	142
29	143
29	144
29	145
29	146
29	147
29	148
29	149
29	150
29	151
29	152
29	153
29	154
29	155
29	156
29	157
29	158
29	159
29	160
29	161
29	162
29	163
29	164
29	165
29	166
29	167
29	168
29	169
29	170
30	39
30	46
30	48
30	49
30	50
30	51
30	52
30	53
30	54
30	55
30	56
30	57
30	58
30	59
30	60
30	61
30	62
30	63
30	64
30	65
30	66
30	67
30	68
30	69
30	70
30	71
30	72
30	73
30	74
30	75
30	76
30	77
30	78
30	79
30	80
30	81
30	82
30	83
30	84
30	85
30	86
30	87
30	88
30	89
30	90
30	91
30	92
30	93
30	94
30	95
30	96
30	97
30	98
30	99
30	100
30	101
30	102
30	103
30	104
30	105
30	106
30	107
30	108
30	109
30	110
30	111
30	112
30	113
30	114
30	115
30	116
30	117
30	118
30	119
30	120
30	121
30	122
30	123
30	124
30	125
30	126
30	127
30	128
30	129
30	130
30	131
30	132
30	133
30	134
30	135
30	136
30	137
30	138
30	139
30	140
30	141
30	142
30	143
30	144
30	145
30	146
30	147
30	148
30	149
30	150
30	151
30	152
30	153
30	154
30	155
30	156
30	157
30	158
30	159
30	160
30	161
30	162
30	163
30	164
30	165
30	166
30	167
30	168
30	169
30	170
31	48
31	49
31	50
31	51
31	52
31	53
31	54
31	57
31	58
31	60
31	61
31	66
31	69
31	70
31	71
31	72
31	74
31	75
31	76
31	77
31	79
31	80
31	82
31	83
31	84
31	85
31	86
31	87
31	88
31	89
31	90
31	91
31	92
31	95
31	96
31	98
31	100
31	101
31	104
31	106
31	107
31	108
31	109
31	110
31	111
31	112
31	113
31	114
31	115
31	116
31	117
31	118
31	119
31	120
31	122
31	123
31	124
31	125
31	127
31	128
31	129
31	130
31	131
31	132
31	133
31	134
31	135
31	136
31	137
31	138
31	139
31	140
31	141
31	142
31	143
31	144
31	145
31	146
31	147
31	148
31	149
31	150
31	151
31	152
31	153
31	154
31	155
31	156
31	157
31	158
31	159
31	160
31	161
31	162
31	163
31	164
31	165
31	166
31	167
31	168
31	169
31	170
32	37
32	38
32	39
32	46
32	47
32	48
32	49
32	50
32	51
32	52
32	53
32	54
32	56
32	57
32	58
32	59
32	60
32	61
32	62
32	63
32	64
32	65
32	66
32	67
32	68
32	69
32	70
32	71
32	72
32	73
32	74
32	75
32	76
32	77
32	78
32	79
32	80
32	81
32	82
32	83
32	84
32	85
32	86
32	87
32	88
32	89
32	90
32	91
32	92
32	93
32	94
32	95
32	96
32	97
32	98
32	99
32	100
32	101
32	102
32	103
32	104
32	105
32	106
32	107
32	108
32	109
32	110
32	111
32	112
32	113
32	114
32	115
32	116
32	117
32	118
32	119
32	120
32	121
32	122
32	123
32	124
32	125
32	126
32	127
32	128
32	129
32	130
32	131
32	132
32	133
32	134
32	135
32	136
32	137
32	138
32	139
32	140
32	141
32	142
32	143
32	144
32	145
32	146
32	147
32	148
32	149
32	150
32	151
32	152
32	153
32	154
32	155
32	156
32	157
32	158
32	159
32	160
32	161
32	162
32	163
32	164
32	165
32	166
32	167
32	168
32	169
32	170
33	48
33	49
33	50
33	51
33	52
33	53
33	54
33	57
33	58
33	60
33	61
33	66
33	69
33	70
33	71
33	72
33	74
33	75
33	76
33	77
33	78
33	79
33	80
33	82
33	83
33	84
33	85
33	86
33	87
33	88
33	89
33	90
33	91
33	92
33	94
33	95
33	96
33	98
33	100
33	101
33	102
33	103
33	104
33	106
33	107
33	108
33	109
33	110
33	111
33	112
33	113
33	114
33	115
33	116
33	117
33	118
33	119
33	120
33	122
33	123
33	124
33	125
33	126
33	127
33	128
33	129
33	130
33	131
33	132
33	133
33	134
33	135
33	136
33	137
33	138
33	139
33	140
33	141
33	142
33	143
33	144
33	145
33	146
33	147
33	148
33	149
33	150
33	151
33	152
33	153
33	154
33	155
33	156
33	157
33	158
33	159
33	160
33	161
33	162
33	163
33	164
33	165
33	166
33	167
33	168
33	169
33	170
34	38
34	39
34	46
34	48
34	49
34	51
34	52
34	53
34	54
34	56
34	57
34	58
34	59
34	60
34	61
34	65
34	66
34	67
34	69
34	70
34	71
34	72
34	73
34	74
34	75
34	76
34	77
34	79
34	80
34	81
34	82
34	83
34	84
34	85
34	86
34	87
34	88
34	89
34	90
34	91
34	92
34	96
34	97
34	98
34	99
34	100
34	101
34	102
34	103
34	104
34	106
34	107
34	108
34	109
34	110
34	111
34	112
34	113
34	114
34	115
34	116
34	117
34	118
34	119
34	120
34	121
34	122
34	123
34	124
34	125
34	126
34	127
34	128
34	129
34	130
34	131
34	132
34	133
34	134
34	135
34	136
34	137
34	138
34	139
34	140
34	141
34	142
34	143
34	144
34	145
34	146
34	147
34	148
34	149
34	150
34	151
34	152
34	153
34	154
34	155
34	156
34	157
34	158
34	159
34	160
34	161
34	162
34	163
34	164
34	165
34	166
34	167
34	168
34	169
34	170
35	38
35	39
35	46
35	48
35	49
35	51
35	52
35	53
35	54
35	56
35	57
35	58
35	59
35	60
35	61
35	65
35	66
35	67
35	69
35	70
35	71
35	72
35	73
35	74
35	75
35	76
35	77
35	79
35	80
35	81
35	82
35	83
35	84
35	85
35	86
35	87
35	88
35	89
35	90
35	91
35	92
35	96
35	97
35	98
35	99
35	100
35	101
35	102
35	103
35	104
35	106
35	107
35	108
35	109
35	110
35	111
35	112
35	113
35	114
35	115
35	116
35	117
35	118
35	119
35	120
35	121
35	122
35	123
35	124
35	125
35	126
35	127
35	128
35	129
35	130
35	131
35	132
35	133
35	134
35	135
35	136
35	137
35	138
35	139
35	140
35	141
35	142
35	143
35	144
35	145
35	146
35	147
35	148
35	149
35	150
35	151
35	152
35	153
35	154
35	155
35	156
35	157
35	158
35	159
35	160
35	161
35	162
35	163
35	164
35	165
35	166
35	167
35	168
35	169
35	170
36	39
36	46
36	48
36	49
36	50
36	51
36	52
36	53
36	54
36	56
36	57
36	58
36	59
36	60
36	61
36	62
36	63
36	64
36	65
36	66
36	67
36	68
36	69
36	70
36	71
36	72
36	73
36	74
36	75
36	76
36	77
36	78
36	79
36	80
36	81
36	82
36	83
36	84
36	85
36	86
36	87
36	88
36	89
36	90
36	91
36	92
36	93
36	94
36	95
36	96
36	97
36	98
36	99
36	100
36	101
36	102
36	103
36	104
36	105
36	106
36	107
36	108
36	109
36	110
36	111
36	112
36	113
36	114
36	115
36	116
36	117
36	118
36	119
36	120
36	121
36	122
36	123
36	124
36	125
36	126
36	127
36	128
36	129
36	130
36	131
36	132
36	133
36	134
36	135
36	136
36	137
36	138
36	139
36	140
36	141
36	142
36	143
36	144
36	145
36	146
36	147
36	148
36	149
36	150
36	151
36	152
36	153
36	154
36	155
36	156
36	157
36	158
36	159
36	160
36	161
36	162
36	163
36	164
36	165
36	166
36	167
36	168
36	169
36	170
37	48
37	49
37	54
37	61
37	143
37	144
37	153
37	154
37	158
37	159
37	160
37	161
37	164
37	170
38	48
38	49
38	54
38	61
38	118
38	127
38	142
38	143
38	147
38	149
38	152
38	156
38	158
38	159
38	160
38	161
38	164
38	165
38	167
38	169
38	170
39	48
39	49
39	53
39	54
39	61
39	79
39	83
39	112
39	113
39	114
39	116
39	118
39	120
39	122
39	123
39	127
39	129
39	132
39	141
39	142
39	143
39	144
39	145
39	146
39	147
39	149
39	151
39	152
39	153
39	154
39	155
39	156
39	157
39	158
39	159
39	160
39	161
39	162
39	163
39	164
39	165
39	167
39	169
39	170
40	48
40	49
40	50
40	51
40	52
40	53
40	54
40	57
40	58
40	60
40	61
40	66
40	69
40	70
40	71
40	72
40	74
40	75
40	76
40	77
40	79
40	80
40	82
40	83
40	84
40	85
40	86
40	87
40	88
40	89
40	90
40	91
40	92
40	95
40	96
40	98
40	100
40	101
40	104
40	106
40	107
40	108
40	109
40	110
40	111
40	112
40	113
40	114
40	115
40	116
40	117
40	118
40	119
40	120
40	122
40	123
40	124
40	125
40	127
40	128
40	129
40	130
40	131
40	132
40	133
40	134
40	135
40	136
40	137
40	138
40	139
40	140
40	141
40	142
40	143
40	144
40	145
40	146
40	147
40	148
40	149
40	150
40	151
40	152
40	153
40	154
40	155
40	156
40	157
40	158
40	159
40	160
40	161
40	162
40	163
40	164
40	165
40	166
40	167
40	168
40	169
40	170
41	48
41	49
41	51
41	53
41	54
41	57
41	61
41	79
41	83
41	92
41	109
41	112
41	113
41	114
41	116
41	117
41	118
41	120
41	122
41	123
41	125
41	127
41	129
41	130
41	131
41	132
41	134
41	135
41	137
41	138
41	140
41	141
41	142
41	143
41	144
41	145
41	146
41	147
41	149
41	151
41	152
41	153
41	154
41	155
41	156
41	157
41	158
41	159
41	160
41	161
41	162
41	163
41	164
41	165
41	167
41	169
41	170
42	48
42	49
42	50
42	51
42	52
42	53
42	54
42	57
42	58
42	60
42	61
42	66
42	69
42	70
42	71
42	72
42	74
42	75
42	76
42	77
42	79
42	80
42	82
42	83
42	84
42	85
42	86
42	87
42	88
42	89
42	90
42	91
42	92
42	95
42	96
42	98
42	100
42	101
42	104
42	106
42	107
42	108
42	109
42	110
42	111
42	112
42	113
42	114
42	115
42	116
42	117
42	118
42	119
42	120
42	122
42	123
42	124
42	125
42	127
42	128
42	129
42	130
42	131
42	132
42	133
42	134
42	135
42	136
42	137
42	138
42	139
42	140
42	141
42	142
42	143
42	144
42	145
42	146
42	147
42	148
42	149
42	150
42	151
42	152
42	153
42	154
42	155
42	156
42	157
42	158
42	159
42	160
42	161
42	162
42	163
42	164
42	165
42	166
42	167
42	168
42	169
42	170
43	48
43	49
43	50
43	51
43	52
43	53
43	54
43	57
43	58
43	60
43	61
43	66
43	69
43	70
43	71
43	72
43	74
43	75
43	76
43	77
43	79
43	80
43	82
43	83
43	84
43	85
43	86
43	87
43	88
43	89
43	90
43	91
43	92
43	95
43	96
43	98
43	100
43	101
43	104
43	106
43	107
43	108
43	109
43	110
43	111
43	112
43	113
43	114
43	115
43	116
43	117
43	118
43	119
43	120
43	122
43	123
43	124
43	125
43	127
43	128
43	129
43	130
43	131
43	132
43	133
43	134
43	135
43	136
43	137
43	138
43	139
43	140
43	141
43	142
43	143
43	144
43	145
43	146
43	147
43	148
43	149
43	150
43	151
43	152
43	153
43	154
43	155
43	156
43	157
43	158
43	159
43	160
43	161
43	162
43	163
43	164
43	165
43	166
43	167
43	168
43	169
43	170
44	48
44	49
44	50
44	52
44	53
44	54
44	57
44	58
44	60
44	61
44	70
44	71
44	74
44	79
44	82
44	83
44	88
44	89
44	104
44	107
44	108
44	111
44	112
44	113
44	114
44	116
44	118
44	119
44	120
44	122
44	123
44	124
44	125
44	127
44	128
44	129
44	132
44	139
44	141
44	142
44	143
44	144
44	145
44	146
44	147
44	148
44	149
44	150
44	151
44	152
44	153
44	154
44	155
44	156
44	157
44	158
44	159
44	160
44	161
44	162
44	163
44	164
44	165
44	166
44	167
44	168
44	169
44	170
45	48
45	49
45	53
45	54
45	61
45	70
45	72
45	74
45	76
45	77
45	79
45	80
45	83
45	84
45	86
45	88
45	89
45	91
45	92
45	98
45	100
45	101
45	106
45	107
45	108
45	111
45	112
45	113
45	114
45	115
45	116
45	117
45	118
45	119
45	120
45	122
45	123
45	124
45	127
45	129
45	130
45	131
45	132
45	133
45	134
45	135
45	136
45	137
45	138
45	140
45	141
45	142
45	143
45	144
45	145
45	146
45	147
45	148
45	149
45	150
45	151
45	152
45	153
45	154
45	155
45	156
45	157
45	158
45	159
45	160
45	161
45	162
45	163
45	164
45	165
45	166
45	167
45	168
45	169
45	170
46	48
46	49
46	53
46	54
46	61
46	70
46	74
46	79
46	83
46	88
46	89
46	107
46	108
46	111
46	112
46	113
46	114
46	116
46	118
46	119
46	120
46	122
46	123
46	124
46	127
46	129
46	132
46	141
46	142
46	143
46	144
46	145
46	146
46	147
46	148
46	149
46	150
46	151
46	152
46	153
46	154
46	155
46	156
46	157
46	158
46	159
46	160
46	161
46	162
46	163
46	164
46	165
46	166
46	167
46	168
46	169
46	170
47	48
47	49
47	54
47	61
47	79
47	83
47	114
47	116
47	129
47	141
47	143
47	144
47	146
47	147
47	149
47	153
47	154
47	155
47	157
47	158
47	159
47	160
47	161
47	163
47	164
47	165
47	167
47	169
47	170
48	50
48	51
48	52
48	53
48	54
48	55
48	56
48	57
48	58
48	59
48	60
48	61
48	62
48	63
48	64
48	65
48	66
48	67
48	68
48	69
48	70
48	71
48	72
48	73
48	74
48	75
48	76
48	77
48	78
48	79
48	80
48	81
48	82
48	83
48	84
48	85
48	86
48	87
48	88
48	89
48	90
48	91
48	92
48	93
48	94
48	95
48	96
48	97
48	98
48	99
48	100
48	101
48	102
48	103
48	104
48	105
48	106
48	107
48	108
48	109
48	110
48	111
48	112
48	113
48	114
48	115
48	116
48	117
48	118
48	119
48	120
48	121
48	122
48	123
48	124
48	125
48	126
48	127
48	128
48	129
48	130
48	131
48	132
48	133
48	134
48	135
48	136
48	137
48	138
48	139
48	140
48	141
48	142
48	143
48	144
48	145
48	146
48	147
48	148
48	149
48	150
48	151
48	152
48	153
48	154
48	155
48	156
48	157
48	158
48	159
48	160
48	161
48	162
48	163
48	164
48	165
48	166
48	167
48	168
48	169
48	170
49	50
49	51
49	52
49	53
49	54
49	55
49	56
49	57
49	58
49	59
49	60
49	61
49	62
49	63
49	64
49	65
49	66
49	67
49	68
49	69
49	70
49	71
49	72
49	73
49	74
49	75
49	76
49	77
49	78
49	79
49	80
49	81
49	82
49	83
49	84
49	85
49	86
49	87
49	88
49	89
49	90
49	91
49	92
49	93
49	94
49	95
49	96
49	97
49	98
49	99
49	100
49	101
49	102
49	103
49	104
49	105
49	106
49	107
49	108
49	109
49	110
49	111
49	112
49	113
49	114
49	115
49	116
49	117
49	118
49	119
49	120
49	121
49	122
49	123
49	124
49	125
49	126
49	127
49	128
49	129
49	130
49	131
49	132
49	133
49	134
49	135
49	136
49	137
49	138
49	139
49	140
49	141
49	142
49	143
49	144
49	145
49	146
49	147
49	148
49	149
49	150
49	151
49	152
49	153
49	154
49	155
49	156
49	157
49	158
49	159
49	160
49	161
49	162
49	163
49	164
49	165
49	166
49	167
49	168
49	169
49	170
50	53
50	54
50	57
50	61
50	79
50	83
50	113
50	114
50	116
50	119
50	120
50	127
50	129
50	134
50	135
50	137
50	141
50	143
50	144
50	145
50	146
50	147
50	148
50	149
50	150
50	151
50	152
50	153
50	154
50	155
50	156
50	157
50	158
50	159
50	160
50	161
50	162
50	163
50	164
50	165
50	166
50	167
50	168
50	169
50	170
51	54
51	57
51	61
51	83
51	143
51	147
51	149
51	158
51	159
51	160
51	161
51	164
51	165
51	167
51	169
51	170
52	54
52	57
52	58
52	61
52	74
52	79
52	82
52	143
52	144
52	153
52	154
52	158
52	159
52	160
52	161
52	164
52	170
53	54
53	57
53	61
53	118
53	124
53	127
53	143
53	144
53	145
53	147
53	149
53	151
53	152
53	153
53	154
53	155
53	156
53	157
53	158
53	159
53	160
53	161
53	162
53	164
53	165
53	167
53	169
53	170
54	55
54	56
54	57
54	58
54	59
54	60
54	61
54	62
54	63
54	64
54	65
54	66
54	67
54	68
54	69
54	70
54	71
54	72
54	73
54	74
54	75
54	76
54	77
54	78
54	79
54	80
54	81
54	82
54	83
54	84
54	85
54	86
54	87
54	88
54	89
54	90
54	91
54	92
54	93
54	94
54	95
54	96
54	97
54	98
54	99
54	100
54	101
54	102
54	103
54	104
54	105
54	106
54	107
54	108
54	109
54	110
54	111
54	112
54	113
54	114
54	115
54	116
54	117
54	118
54	119
54	120
54	121
54	122
54	123
54	124
54	125
54	126
54	127
54	128
54	129
54	130
54	131
54	132
54	133
54	134
54	135
54	136
54	137
54	138
54	139
54	140
54	141
54	142
54	143
54	144
54	145
54	146
54	147
54	148
54	149
54	150
54	151
54	152
54	153
54	154
54	155
54	156
54	157
54	158
54	159
54	160
54	161
54	162
54	163
54	164
54	165
54	166
54	167
54	168
54	169
54	170
55	61
55	118
55	143
55	144
55	147
55	149
55	153
55	154
55	155
55	157
55	158
55	159
55	160
55	161
55	164
55	165
55	167
55	169
55	170
56	61
56	83
56	118
56	120
56	127
56	135
56	141
56	142
56	143
56	144
56	145
56	146
56	147
56	149
56	151
56	152
56	153
56	154
56	155
56	156
56	157
56	158
56	159
56	160
56	161
56	162
56	163
56	164
56	165
56	167
56	169
56	170
57	61
57	70
57	74
57	76
57	79
57	83
57	84
57	88
57	89
57	92
57	103
57	104
57	109
57	111
57	112
57	114
57	116
57	117
57	118
57	119
57	120
57	122
57	123
57	124
57	125
57	126
57	127
57	128
57	129
57	130
57	131
57	133
57	134
57	135
57	136
57	137
57	138
57	139
57	140
57	141
57	142
57	143
57	144
57	145
57	146
57	147
57	148
57	149
57	150
57	151
57	152
57	153
57	154
57	155
57	156
57	157
57	158
57	159
57	160
57	161
57	162
57	163
57	164
57	165
57	166
57	167
57	168
57	169
57	170
58	61
58	70
58	79
58	83
58	92
58	103
58	107
58	114
58	115
58	117
58	118
58	120
58	122
58	123
58	125
58	126
58	127
58	128
58	130
58	134
58	135
58	137
58	138
58	139
58	140
58	141
58	142
58	143
58	144
58	145
58	146
58	147
58	148
58	149
58	150
58	151
58	152
58	153
58	154
58	155
58	156
58	157
58	158
58	159
58	160
58	161
58	162
58	163
58	164
58	165
58	166
58	167
58	168
58	169
58	170
59	61
59	70
59	79
59	83
59	92
59	107
59	114
59	115
59	117
59	118
59	120
59	122
59	123
59	127
59	130
59	134
59	135
59	137
59	138
59	140
59	141
59	142
59	143
59	144
59	145
59	146
59	147
59	148
59	149
59	150
59	151
59	152
59	153
59	154
59	155
59	156
59	157
59	158
59	159
59	160
59	161
59	162
59	163
59	164
59	165
59	166
59	167
59	168
59	169
59	170
60	61
60	143
60	164
61	62
61	63
61	64
61	65
61	66
61	67
61	68
61	69
61	70
61	71
61	72
61	73
61	74
61	75
61	76
61	77
61	78
61	79
61	80
61	81
61	82
61	83
61	84
61	85
61	86
61	87
61	88
61	89
61	90
61	91
61	92
61	93
61	94
61	95
61	96
61	97
61	98
61	99
61	100
61	101
61	102
61	103
61	104
61	105
61	106
61	107
61	108
61	109
61	110
61	111
61	112
61	113
61	114
61	115
61	116
61	117
61	118
61	119
61	120
61	121
61	122
61	123
61	124
61	125
61	126
61	127
61	128
61	129
61	130
61	131
61	132
61	133
61	134
61	135
61	136
61	137
61	138
61	139
61	140
61	141
61	142
61	143
61	144
61	145
61	146
61	147
61	148
61	149
61	150
61	151
61	152
61	153
61	154
61	155
61	156
61	157
61	158
61	159
61	160
61	161
61	162
61	163
61	164
61	165
61	166
61	167
61	168
61	169
61	170
62	127
62	143
62	144
62	145
62	147
62	149
62	151
62	152
62	153
62	154
62	155
62	156
62	157
62	158
62	159
62	160
62	161
62	162
62	164
62	165
62	167
62	169
62	170
63	143
63	147
63	149
63	158
63	159
63	160
63	161
63	164
63	165
63	167
63	169
63	170
64	143
64	147
64	149
64	153
64	155
64	157
64	158
64	159
64	160
64	161
64	164
64	165
64	167
64	169
64	170
65	127
65	141
65	143
65	144
65	145
65	146
65	147
65	149
65	151
65	152
65	153
65	154
65	155
65	156
65	157
65	158
65	159
65	160
65	161
65	162
65	163
65	164
65	165
65	167
65	169
65	170
66	143
66	147
66	149
66	158
66	159
66	160
66	161
66	164
66	165
66	167
66	169
66	170
67	143
67	164
68	127
68	143
68	144
68	145
68	147
68	149
68	151
68	152
68	153
68	154
68	155
68	156
68	157
68	158
68	159
68	160
68	161
68	162
68	164
68	165
68	167
68	169
68	170
69	83
69	143
69	147
69	149
69	158
69	159
69	160
69	161
69	164
69	165
69	167
69	169
69	170
70	74
70	79
70	82
70	83
70	116
70	118
70	123
70	124
70	143
70	158
70	159
70	160
70	161
70	164
70	170
71	83
71	114
71	116
71	120
71	127
71	134
71	135
71	137
71	141
71	142
71	143
71	144
71	145
71	146
71	147
71	148
71	149
71	150
71	151
71	152
71	153
71	154
71	155
71	156
71	157
71	158
71	159
71	160
71	161
71	162
71	163
71	164
71	165
71	166
71	167
71	168
71	169
71	170
72	83
72	143
72	158
72	159
72	160
72	161
72	164
72	170
73	143
73	158
73	159
73	160
73	161
73	164
73	170
74	79
74	83
74	107
74	114
74	116
74	118
74	119
74	120
74	122
74	123
74	125
74	127
74	128
74	130
74	134
74	135
74	137
74	138
74	139
74	140
74	141
74	142
74	143
74	144
74	145
74	146
74	147
74	148
74	149
74	150
74	151
74	152
74	153
74	154
74	155
74	156
74	157
74	158
74	159
74	160
74	161
74	162
74	163
74	164
74	165
74	166
74	167
74	168
74	169
74	170
75	143
75	147
75	149
75	158
75	159
75	160
75	161
75	164
75	165
75	167
75	169
75	170
76	116
76	118
76	120
76	122
76	123
76	127
76	141
76	142
76	143
76	144
76	145
76	146
76	147
76	148
76	149
76	150
76	151
76	152
76	153
76	154
76	155
76	156
76	157
76	158
76	159
76	160
76	161
76	162
76	163
76	164
76	165
76	166
76	167
76	168
76	169
76	170
77	83
77	118
77	122
77	123
77	127
77	143
77	147
77	148
77	149
77	150
77	152
77	156
77	158
77	159
77	160
77	161
77	164
77	165
77	166
77	167
77	168
77	169
77	170
78	83
78	143
78	147
78	149
78	158
78	159
78	160
78	161
78	164
78	165
78	167
78	169
78	170
79	82
79	83
79	84
79	103
79	104
79	116
79	117
79	118
79	122
79	123
79	124
79	126
79	127
79	135
79	137
79	138
79	141
79	142
79	143
79	145
79	146
79	147
79	148
79	149
79	150
79	152
79	156
79	158
79	159
79	160
79	161
79	164
79	165
79	166
79	167
79	168
79	169
79	170
80	143
80	164
80	167
81	83
81	143
81	147
81	149
81	152
81	156
81	158
81	159
81	160
81	161
81	164
81	165
81	167
81	169
81	170
82	83
82	116
82	143
82	147
82	148
82	149
82	150
82	158
82	159
82	160
82	161
82	164
82	165
82	166
82	167
82	168
82	169
82	170
83	86
83	88
83	90
83	91
83	92
83	93
83	95
83	97
83	98
83	103
83	106
83	107
83	114
83	116
83	117
83	118
83	121
83	122
83	123
83	124
83	125
83	126
83	127
83	135
83	138
83	142
83	143
83	147
83	148
83	150
84	90
84	114
84	117
84	118
84	122
84	127
84	134
84	135
84	137
84	138
84	141
84	142
84	143
84	144
84	145
84	146
84	147
84	149
84	151
84	152
84	153
84	155
84	156
84	158
84	160
84	164
84	167
84	169
84	170
85	143
85	164
85	167
86	118
86	143
86	147
86	149
86	158
86	159
86	160
86	161
86	164
86	165
86	167
86	169
86	170
87	143
87	147
87	164
87	167
87	169
88	127
88	143
88	147
88	149
88	158
88	159
88	160
88	161
88	164
88	165
88	167
88	169
88	170
89	164
90	114
90	118
90	120
90	127
90	141
90	143
90	144
90	146
90	147
90	149
90	153
90	154
90	155
90	157
90	158
90	159
90	160
90	161
90	163
90	164
90	165
90	167
90	169
90	170
91	118
91	143
91	147
91	149
91	153
91	155
91	157
91	158
91	159
91	160
91	161
91	164
91	165
91	167
91	169
91	170
92	118
92	143
92	147
92	158
92	160
92	164
92	167
92	169
93	143
93	158
93	159
93	160
93	161
93	164
93	170
94	143
94	147
94	149
94	158
94	159
94	160
94	161
94	164
94	165
94	167
94	169
94	170
95	118
95	127
95	141
95	143
95	146
95	147
95	149
95	158
95	159
95	160
95	161
95	164
95	165
95	167
95	169
95	170
96	143
96	147
96	149
96	158
96	159
96	160
96	161
96	164
96	165
96	167
96	169
96	170
97	143
97	147
97	149
97	158
97	159
97	160
97	161
97	164
97	165
97	167
97	169
97	170
98	143
98	147
98	149
98	158
98	159
98	160
98	161
98	164
98	165
98	167
98	169
98	170
99	143
99	158
99	160
99	164
100	127
100	141
100	143
100	146
100	147
100	149
100	158
100	159
100	160
100	161
100	164
100	165
100	167
100	169
100	170
101	158
101	160
101	164
101	170
102	118
102	164
102	167
103	116
103	118
103	122
103	123
103	127
103	142
103	143
103	147
103	148
103	149
103	150
103	152
103	156
103	158
103	159
103	160
103	161
103	164
103	165
103	166
103	167
103	168
103	169
103	170
104	143
104	147
104	149
104	158
104	159
104	160
104	161
104	164
104	165
104	167
104	169
104	170
105	158
105	160
105	164
106	143
106	147
106	158
106	160
106	164
106	167
106	169
106	170
107	143
107	147
107	149
107	158
107	159
107	160
107	161
107	164
107	165
107	167
107	169
107	170
108	164
108	167
109	147
109	158
109	160
109	164
109	167
109	170
110	143
110	158
110	160
110	164
111	164
112	116
112	118
112	123
112	124
112	143
112	164
112	167
113	116
113	118
113	123
113	124
113	150
113	164
113	167
114	143
114	145
114	147
114	149
114	152
114	156
114	158
114	159
114	160
114	161
114	164
114	165
114	167
114	169
114	170
115	143
115	164
116	117
116	120
116	126
116	127
116	129
116	135
116	136
116	137
116	138
116	141
116	142
116	143
116	144
116	145
116	146
116	147
116	148
116	149
116	150
116	151
116	152
116	153
116	154
116	155
116	156
116	157
116	158
116	159
116	160
116	161
116	162
116	163
116	164
116	165
116	166
116	167
116	168
116	169
116	170
117	118
117	120
117	122
117	123
117	127
117	129
117	141
117	142
117	143
117	144
117	145
117	146
117	147
117	148
117	149
117	150
117	151
117	152
117	153
117	154
117	155
117	156
117	157
117	158
117	159
117	160
117	161
117	162
117	163
117	164
117	165
117	166
117	167
117	168
117	169
117	170
118	121
118	126
118	127
118	135
118	138
118	140
118	141
118	142
118	143
118	144
118	145
118	146
118	147
118	148
118	149
118	150
118	151
118	152
118	153
118	154
118	155
118	156
118	157
118	158
118	159
118	160
118	161
118	162
118	163
118	164
118	165
118	166
118	167
118	168
118	169
118	170
119	164
120	164
120	167
121	127
121	143
121	158
121	159
121	160
121	161
121	164
121	170
122	143
122	147
122	149
122	158
122	159
122	160
122	161
122	164
122	165
122	167
122	169
122	170
123	126
123	127
123	135
123	138
123	141
123	142
123	143
123	144
123	145
123	146
123	147
123	148
123	149
123	150
123	151
123	152
123	153
123	154
123	155
123	156
123	157
123	158
123	159
123	160
123	161
123	162
123	163
123	164
123	165
123	166
123	167
123	168
123	169
123	170
124	127
124	135
124	138
124	140
124	141
124	142
124	143
124	144
124	145
124	146
124	147
124	148
124	149
124	150
124	151
124	152
124	153
124	154
124	155
124	156
124	157
124	158
124	159
124	160
124	161
124	162
124	163
124	164
124	165
124	166
124	167
124	168
124	169
124	170
125	143
125	147
125	149
125	158
125	159
125	160
125	161
125	164
125	165
125	167
125	169
125	170
126	143
126	147
126	149
126	158
126	160
126	161
126	164
126	165
126	167
126	169
127	141
127	143
127	146
127	147
127	148
127	150
127	156
127	158
127	160
127	164
127	166
127	167
127	168
127	169
127	170
128	143
129	164
129	167
131	143
131	164
131	167
132	164
132	167
134	147
134	158
134	160
134	164
134	167
135	143
135	147
135	158
135	160
135	164
135	167
135	169
136	164
137	147
137	167
138	143
138	147
138	164
138	167
138	169
140	167
141	150
141	166
141	167
142	167
143	145
143	147
143	148
143	150
143	157
143	164
143	165
143	166
143	167
143	168
143	169
144	150
147	164
147	167
147	170
148	164
148	170
150	164
153	167