150	3779
1	3
1	39
1	40
1	42
1	58
1	64
1	87
1	114
1	115
1	119
1	131
1	132
1	133
1	134
1	135
1	136
1	137
1	140
1	141
1	142
1	143
1	144
1	145
1	146
1	147
1	148
1	149
1	150
2	3
2	39
2	40
2	42
2	58
2	64
2	87
2	114
2	115
2	119
2	131
2	132
2	133
2	134
2	135
2	136
2	137
2	140
2	141
2	142
2	143
2	144
2	145
2	146
2	147
2	148
2	149
2	150
3	4
3	5
3	6
3	7
3	8
3	9
3	10
3	11
3	12
3	13
3	14
3	15
3	16
3	17
3	18
3	19
3	20
3	21
3	22
3	23
3	24
3	25
3	26
3	27
3	28
3	29
3	30
3	31
3	32
3	33
3	34
3	35
3	36
3	37
3	38
3	39
3	40
3	41
3	42
3	43
3	44
3	45
3	46
3	47
3	48
3	49
3	50
3	51
3	52
3	53
3	54
3	55
3	56
3	57
3	58
3	59
3	60
3	61
3	62
3	63
3	64
3	65
3	66
3	67
3	68
3	69
3	70
3	71
3	72
3	73
3	74
3	75
3	76
3	77
3	78
3	79
3	80
3	81
3	82
3	83
3	84
3	85
3	86
3	87
3	88
3	89
3	90
3	91
3	92
3	93
3	94
3	95
3	96
3	97
3	98
3	99
3	100
3	101
3	102
3	103
3	104
3	105
3	106
3	107
3	108
3	109
3	110
3	111
3	112
3	113
3	114
3	115
3	116
3	117
3	118
3	119
3	120
3	121
3	122
3	123
3	124
3	125
3	126
3	127
3	128
3	129
3	130
3	131
3	132
3	133
3	134
3	135
3	136
3	137
3	138
3	139
3	140
3	141
3	142
3	143
3	144
3	145
3	146
3	147
3	148
3	149
3	150
4	39
4	40
4	42
4	58
4	64
4	87
4	114
4	115
4	119
4	131
4	132
4	133
4	134
4	135
4	136
4	137
4	140
4	141
4	142
4	143
4	144
4	145
4	146
4	147
4	148
4	149
4	150
5	39
5	40
5	42
5	58
5	64
5	87
5	114
5	115
5	119
5	131
5	132
5	133
5	134
5	135
5	136
5	137
5	140
5	141
5	142
5	143
5	144
5	145
5	146
5	147
5	148
5	149
5	150
6	39
6	40
6	42
6	58
6	64
6	87
6	114
6	115
6	119
6	131
6	132
6	133
6	134
6	135
6	136
6	137
6	140
6	141
6	142
6	143
6	144
6	145
6	146
6	147
6	148
6	149
6	150
7	39
7	40
7	42
7	58
7	64
7	87
7	114
7	115
7	119
7	131
7	132
7	133
7	134
7	135
7	136
7	137
7	140
7	141
7	142
7	143
7	144
7	145
7	146
7	147
7	148
7	149
7	150
8	39
8	40
8	42
8	58
8	64
8	87
8	114
8	115
8	119
8	131
8	132
8	133
8	134
8	135
8	136
8	137
8	140
8	141
8	142
8	143
8	144
8	145
8	146
8	147
8	148
8	149
8	150
9	39
9	40
9	42
9	58
9	64
9	87
9	114
9	115
9	119
9	131
9	132
9	133
9	134
9	135
9	136
9	137
9	140
9	141
9	142
9	143
9	144
9	145
9	146
9	147
9	148
9	149
9	150
10	39
10	40
10	42
10	58
10	64
10	87
10	114
10	115
10	119
10	131
10	132
10	133
10	134
10	135
10	136
10	137
10	140
10	141
10	142
10	143
10	144
10	145
10	146
10	147
10	148
10	149
10	150
11	39
11	40
11	42
11	58
11	64
11	87
11	114
11	115
11	119
11	131
11	132
11	133
11	134
11	135
11	136
11	137
11	140
11	141
11	142
11	143
11	144
11	145
11	146
11	147
11	148
11	149
11	150
12	39
12	40
12	42
12	58
12	64
12	87
12	114
12	115
12	119
12	131
12	132
12	133
12	134
12	135
12	136
12	137
12	140
12	141
12	142
12	143
12	144
12	145
12	146
12	147
12	148
12	149
12	150
13	39
13	40
13	42
13	58
13	64
13	87
13	114
13	115
13	119
13	131
13	132
13	133
13	134
13	135
13	136
13	137
13	140
13	141
13	142
13	143
13	144
13	145
13	146
13	147
13	148
13	149
13	150
14	39
14	40
14	42
14	58
14	64
14	87
14	114
14	115
14	119
14	131
14	132
14	133
14	134
14	135
14	136
14	137
14	140
14	141
14	142
14	143
14	144
14	145
14	146
14	147
14	148
14	149
14	150
15	39
15	40
15	42
15	58
15	64
15	87
15	114
15	115
15	119
15	131
15	132
15	133
15	134
15	135
15	136
15	137
15	140
15	141
15	142
15	143
15	144
15	145
15	146
15	147
15	148
15	149
15	150
16	39
16	40
16	42
16	58
16	64
16	87
16	114
16	115
16	119
16	131
16	132
16	133
16	134
16	135
16	136
16	137
16	140
16	141
16	142
16	143
16	144
16	145
16	146
16	147
16	148
16	149
16	150
17	39
17	40
17	42
17	58
17	64
17	87
17	114
17	115
17	119
17	131
17	132
17	133
17	134
17	135
17	136
17	137
17	140
17	141
17	142
17	143
17	144
17	145
17	146
17	147
17	148
17	149
17	150
18	39
18	40
18	42
18	58
18	64
18	87
18	114
18	115
18	119
18	131
18	132
18	133
18	134
18	135
18	136
18	137
18	140
18	141
18	142
18	143
18	144
18	145
18	146
18	147
18	148
18	149
18	150
19	39
19	40
19	42
19	58
19	64
19	87
19	114
19	115
19	119
19	131
19	132
19	133
19	134
19	135
19	136
19	137
19	140
19	141
19	142
19	143
19	144
19	145
19	146
19	147
19	148
19	149
19	150
20	39
20	40
20	42
20	58
20	64
20	87
20	114
20	115
20	119
20	131
20	132
20	133
20	134
20	135
20	136
20	137
20	140
20	141
20	142
20	143
20	144
20	145
20	146
20	147
20	148
20	149
20	150
21	39
21	40
21	42
21	58
21	64
21	87
21	114
21	115
21	119
21	131
21	132
21	133
21	134
21	135
21	136
21	137
21	140
21	141
21	142
21	143
21	144
21	145
21	146
21	147
21	148
21	149
21	150
22	39
22	40
22	42
22	58
22	64
22	87
22	114
22	115
22	119
22	131
22	132
22	133
22	134
22	135
22	136
22	137
22	140
22	141
22	142
22	143
22	144
22	145
22	146
22	147
22	148
22	149
22	150
23	39
23	40
23	42
23	58
23	64
23	87
23	114
23	115
23	119
23	131
23	132
23	133
23	134
23	135
23	136
23	137
23	140
23	141
23	142
23	143
23	144
23	145
23	146
23	147
23	148
23	149
23	150
24	39
24	40
24	42
24	58
24	64
24	87
24	114
24	115
24	119
24	131
24	132
24	133
24	134
24	135
24	136
24	137
24	140
24	141
24	142
24	143
24	144
24	145
24	146
24	147
24	148
24	149
24	150
25	39
25	40
25	42
25	58
25	64
25	87
25	114
25	115
25	119
25	131
25	132
25	133
25	134
25	135
25	136
25	137
25	140
25	141
25	142
25	143
25	144
25	145
25	146
25	147
25	148
25	149
25	150
26	39
26	40
26	42
26	58
26	64
26	87
26	114
26	115
26	119
26	131
26	132
26	133
26	134
26	135
26	136
26	137
26	140
26	141
26	142
26	143
26	144
26	145
26	146
26	147
26	148
26	149
26	150
27	39
27	40
27	42
27	58
27	64
27	87
27	114
27	115
27	119
27	131
27	132
27	133
27	134
27	135
27	136
27	137
27	140
27	141
27	142
27	143
27	144
27	145
27	146
27	147
27	148
27	149
27	150
28	39
28	40
28	42
28	58
28	64
28	87
28	114
28	115
28	119
28	131
28	132
28	133
28	134
28	135
28	136
28	137
28	140
28	141
28	142
28	143
28	144
28	145
28	146
28	147
28	148
28	149
28	150
29	39
29	40
29	42
29	58
29	64
29	87
29	114
29	115
29	119
29	131
29	132
29	133
29	134
29	135
29	136
29	137
29	140
29	141
29	142
29	143
29	144
29	145
29	146
29	147
29	148
29	149
29	150
30	39
30	40
30	42
30	58
30	64
30	87
30	114
30	115
30	119
30	131
30	132
30	133
30	134
30	135
30	136
30	137
30	140
30	141
30	142
30	143
30	144
30	145
30	146
30	147
30	148
30	149
30	150
31	39
31	40
31	42
31	58
31	64
31	87
31	114
31	115
31	119
31	131
31	132
31	133
31	134
31	135
31	136
31	137
31	140
31	141
31	142
31	143
31	144
31	145
31	146
31	147
31	148
31	149
31	150
32	39
32	40
32	42
32	58
32	64
32	87
32	114
32	115
32	119
32	131
32	132
32	133
32	134
32	135
32	136
32	137
32	140
32	141
32	142
32	143
32	144
32	145
32	146
32	147
32	148
32	149
32	150
33	39
33	40
33	42
33	58
33	64
33	87
33	114
33	115
33	119
33	131
33	132
33	133
33	134
33	135
33	136
33	137
33	140
33	141
33	142
33	143
33	144
33	145
33	146
33	147
33	148
33	149
33	150
34	39
34	40
34	42
34	58
34	64
34	87
34	114
34	115
34	119
34	131
34	132
34	133
34	134
34	135
34	136
34	137
34	140
34	141
34	142
34	143
34	144
34	145
34	146
34	147
34	148
34	149
34	150
35	39
35	40
35	42
35	58
35	64
35	87
35	114
35	115
35	119
35	131
35	132
35	133
35	134
35	135
35	136
35	137
35	140
35	141
35	142
35	143
35	144
35	145
35	146
35	147
35	148
35	149
35	150
36	39
36	40
36	42
36	58
36	64
36	87
36	114
36	115
36	119
36	131
36	132
36	133
36	134
36	135
36	136
36	137
36	140
36	141
36	142
36	143
36	144
36	145
36	146
36	147
36	148
36	149
36	150
37	39
37	40
37	42
37	58
37	64
37	87
37	114
37	115
37	119
37	131
37	132
37	133
37	134
37	135
37	136
37	137
37	140
37	141
37	142
37	143
37	144
37	145
37	146
37	147
37	148
37	149
37	150
38	39
38	40
38	42
38	58
38	64
38	87
38	114
38	115
38	119
38	131
38	132
38	133
38	134
38	135
38	136
38	137
38	140
38	141
38	142
38	143
38	144
38	145
38	146
38	147
38	148
38	149
38	150
39	40
39	41
39	42
39	43
39	44
39	45
39	46
39	47
39	48
39	49
39	50
39	51
39	52
39	53
39	54
39	55
39	56
39	57
39	58
39	59
39	60
39	61
39	62
39	63
39	64
39	65
39	66
39	67
39	68
39	69
39	70
39	71
39	72
39	73
39	74
39	75
39	76
39	77
39	78
39	79
39	80
39	81
39	82
39	83
39	84
39	85
39	86
39	87
39	88
39	89
39	90
39	91
39	92
39	93
39	94
39	95
39	96
39	97
39	98
39	99
39	100
39	101
39	102
39	103
39	104
39	105
39	106
39	107
39	108
39	109
39	110
39	111
39	112
39	113
39	114
39	115
39	116
39	117
39	118
39	119
39	120
39	121
39	122
39	123
39	124
39	125
39	126
39	127
39	128
39	129
39	130
39	131
39	132
39	133
39	134
39	135
39	136
39	137
39	138
39	139
39	140
39	141
39	142
39	143
39	144
39	145
39	146
39	147
39	148
39	149
39	150
40	41
40	42
40	43
40	44
40	45
40	46
40	47
40	48
40	49
40	50
40	51
40	52
40	53
40	54
40	55
40	56
40	57
40	58
40	59
40	60
40	61
40	62
40	63
40	64
40	65
40	66
40	67
40	68
40	69
40	70
40	71
40	72
40	73
40	74
40	75
40	76
40	77
40	78
40	79
40	80
40	81
40	82
40	83
40	84
40	85
40	86
40	87
40	88
40	89
40	90
40	91
40	92
40	93
40	94
40	95
40	96
40	97
40	98
40	99
40	100
40	101
40	102
40	103
40	104
40	105
40	106
40	107
40	108
40	109
40	110
40	111
40	112
40	113
40	114
40	115
40	116
40	117
40	118
40	119
40	120
40	121
40	122
40	123
40	124
40	125
40	126
40	127
40	128
40	129
40	130
40	131
40	132
40	133
40	134
40	135
40	136
40	137
40	138
40	139
40	140
40	141
40	142
40	143
40	144
40	145
40	146
40	147
40	148
40	149
40	150
41	42
41	58
41	64
41	87
41	114
41	115
41	119
41	131
41	132
41	133
41	134
41	135
41	136
41	137
41	140
41	141
41	142
41	143
41	144
41	145
41	146
41	147
41	148
41	149
41	150
42	43
42	44
42	45
42	46
42	47
42	48
42	49
42	50
42	51
42	52
42	53
42	54
42	55
42	56
42	57
42	58
42	59
42	60
42	61
42	62
42	63
42	64
42	65
42	66
42	67
42	68
42	69
42	70
42	71
42	72
42	73
42	74
42	75
42	76
42	77
42	78
42	79
42	80
42	81
42	82
42	83
42	84
42	85
42	86
42	87
42	88
42	89
42	90
42	91
42	92
42	93
42	94
42	95
42	96
42	97
42	98
42	99
42	100
42	101
42	102
42	103
42	104
42	105
42	106
42	107
42	108
42	109
42	110
42	111
42	112
42	113
42	114
42	115
42	116
42	117
42	118
42	119
42	120
42	121
42	122
42	123
42	124
42	125
42	126
42	127
42	128
42	129
42	130
42	131
42	132
42	133
42	134
42	135
42	136
42	137
42	138
42	139
42	140
42	141
42	142
42	143
42	144
42	145
42	146
42	147
42	148
42	149
42	150
43	58
43	64
43	87
43	114
43	115
43	119
43	131
43	132
43	133
43	134
43	135
43	136
43	137
43	140
43	141
43	142
43	143
43	144
43	145
43	146
43	147
43	148
43	149
43	150
44	58
44	64
44	87
44	114
44	115
44	119
44	131
44	132
44	133
44	134
44	135
44	136
44	137
44	140
44	141
44	142
44	143
44	144
44	145
44	146
44	147
44	148
44	149
44	150
45	58
45	64
45	87
45	114
45	115
45	119
45	131
45	132
45	133
45	134
45	135
45	136
45	137
45	140
45	141
45	142
45	143
45	144
45	145
45	146
45	147
45	148
45	149
45	150
46	58
46	64
46	87
46	114
46	115
46	119
46	131
46	132
46	133
46	134
46	135
46	136
46	137
46	140
46	141
46	142
46	143
46	144
46	145
46	146
46	147
46	148
46	149
46	150
47	58
47	64
47	87
47	114
47	115
47	119
47	131
47	132
47	133
47	134
47	135
47	136
47	137
47	140
47	141
47	142
47	143
47	144
47	145
47	146
47	147
47	148
47	149
47	150
48	58
48	64
48	87
48	114
48	115
48	119
48	131
48	132
48	133
48	134
48	135
48	136
48	137
48	140
48	141
48	142
48	143
48	144
48	145
48	146
48	147
48	148
48	149
48	150
49	58
49	64
49	87
49	114
49	115
49	119
49	131
49	132
49	133
49	134
49	135
49	136
49	137
49	140
49	141
49	142
49	143
49	144
49	145
49	146
49	147
49	148
49	149
49	150
50	58
50	64
50	87
50	114
50	115
50	119
50	131
50	132
50	133
50	134
50	135
50	136
50	137
50	140
50	141
50	142
50	143
50	144
50	145
50	146
50	147
50	148
50	149
50	150
51	58
51	64
51	87
51	114
51	115
51	119
51	131
51	132
51	133
51	134
51	135
51	136
51	137
51	140
51	141
51	142
51	143
51	144
51	145
51	146
51	147
51	148
51	149
51	150
52	58
52	64
52	87
52	114
52	115
52	119
52	131
52	132
52	133
52	134
52	135
52	136
52	137
52	140
52	141
52	142
52	143
52	144
52	145
52	146
52	147
52	148
52	149
52	150
53	58
53	64
53	87
53	114
53	115
53	119
53	131
53	132
53	133
53	134
53	135
53	136
53	137
53	140
53	141
53	142
53	143
53	144
53	145
53	146
53	147
53	148
53	149
53	150
54	58
54	64
54	87
54	114
54	115
54	119
54	131
54	132
54	133
54	134
54	135
54	136
54	137
54	140
54	141
54	142
54	143
54	144
54	145
54	146
54	147
54	148
54	149
54	150
55	58
55	64
55	87
55	114
55	115
55	119
55	131
55	132
55	133
55	134
55	135
55	136
55	137
55	140
55	141
55	142
55	143
55	144
55	145
55	146
55	147
55	148
55	149
55	150
56	58
56	64
56	87
56	114
56	115
56	119
56	131
56	132
56	133
56	134
56	135
56	136
56	137
56	140
56	141
56	142
56	143
56	144
56	145
56	146
56	147
56	148
56	149
56	150
57	58
57	64
57	87
57	114
57	115
57	119
57	131
57	132
57	133
57	134
57	135
57	136
57	137
57	140
57	141
57	142
57	143
57	144
57	145
57	146
57	147
57	148
57	149
57	150
58	59
58	60
58	61
58	62
58	63
58	64
58	65
58	66
58	67
58	68
58	69
58	70
58	71
58	72
58	73
58	74
58	75
58	76
58	77
58	78
58	79
58	80
58	81
58	82
58	83
58	84
58	85
58	86
58	87
58	88
58	89
58	90
58	91
58	92
58	93
58	94
58	95
58	96
58	97
58	98
58	99
58	100
58	101
58	102
58	103
58	104
58	105
58	106
58	107
58	108
58	109
58	110
58	111
58	112
58	113
58	114
58	115
58	116
58	117
58	118
58	119
58	120
58	121
58	122
58	123
58	124
58	125
58	126
58	127
58	128
58	129
58	130
58	131
58	132
58	133
58	134
58	135
58	136
58	137
58	138
58	139
58	140
58	141
58	142
58	143
58	144
58	145
58	146
58	147
58	148
58	149
58	150
59	64
59	87
59	114
59	115
59	119
59	131
59	132
59	133
59	134
59	135
59	136
59	137
59	140
59	141
59	142
59	143
59	144
59	145
59	146
59	147
59	148
59	149
59	150
60	64
60	87
60	114
60	115
60	119
60	131
60	132
60	133
60	134
60	135
60	136
60	137
60	140
60	141
60	142
60	143
60	144
60	145
60	146
60	147
60	148
60	149
60	150
61	64
61	87
61	114
61	115
61	119
61	131
61	132
61	133
61	134
61	135
61	136
61	137
61	140
61	141
61	142
61	143
61	144
61	145
61	146
61	147
61	148
61	149
61	150
62	64
62	87
62	114
62	115
62	119
62	131
62	132
62	133
62	134
62	135
62	136
62	137
62	140
62	141
62	142
62	143
62	144
62	145
62	146
62	147
62	148
62	149
62	150
63	64
63	87
63	114
63	115
63	119
63	131
63	132
63	133
63	134
63	135
63	136
63	137
63	140
63	141
63	142
63	143
63	144
63	145
63	146
63	147
63	148
63	149
63	150
64	65
64	66
64	67
64	68
64	69
64	70
64	71
64	72
64	73
64	74
64	75
64	76
64	77
64	78
64	79
64	80
64	81
64	82
64	83
64	84
64	85
64	86
64	87
64	88
64	89
64	90
64	91
64	92
64	93
64	94
64	95
64	96
64	97
64	98
64	99
64	100
64	101
64	102
64	103
64	104
64	105
64	106
64	107
64	108
64	109
64	110
64	111
64	112
64	113
64	114
64	115
64	116
64	117
64	118
64	119
64	120
64	121
64	122
64	123
64	124
64	125
64	126
64	127
64	128
64	129
64	130
64	131
64	132
64	133
64	134
64	135
64	136
64	137
64	138
64	139
64	140
64	141
64	142
64	143
64	144
64	145
64	146
64	147
64	148
64	149
64	150
65	87
65	114
65	115
65	119
65	131
65	132
65	133
65	134
65	135
65	136
65	137
65	140
65	141
65	142
65	143
65	144
65	145
65	146
65	147
65	148
65	149
65	150
66	87
66	114
66	115
66	119
66	131
66	132
66	133
66	134
66	135
66	136
66	137
66	140
66	141
66	142
66	143
66	144
66	145
66	146
66	147
66	148
66	149
66	150
67	87
67	114
67	115
67	119
67	131
67	132
67	133
67	134
67	135
67	136
67	137
67	140
67	141
67	142
67	143
67	144
67	145
67	146
67	147
67	148
67	149
67	150
68	87
68	114
68	115
68	119
68	131
68	132
68	133
68	134
68	135
68	136
68	137
68	140
68	141
68	142
68	143
68	144
68	145
68	146
68	147
68	148
68	149
68	150
69	87
69	114
69	115
69	119
69	131
69	132
69	133
69	134
69	135
69	136
69	137
69	140
69	141
69	142
69	143
69	144
69	145
69	146
69	147
69	148
69	149
69	150
70	87
70	114
70	115
70	119
70	131
70	132
70	133
70	134
70	135
70	136
70	137
70	140
70	141
70	142
70	143
70	144
70	145
70	146
70	147
70	148
70	149
70	150
71	87
71	114
71	115
71	119
71	131
71	132
71	133
71	134
71	135
71	136
71	137
71	140
71	141
71	142
71	143
71	144
71	145
71	146
71	147
71	148
71	149
71	150
72	87
72	114
72	115
72	119
72	131
72	132
72	133
72	134
72	135
72	136
72	137
72	140
72	141
72	142
72	143
72	144
72	145
72	146
72	147
72	148
72	149
72	150
73	87
73	114
73	115
73	119
73	131
73	132
73	133
73	134
73	135
73	136
73	137
73	140
73	141
73	142
73	143
73	144
73	145
73	146
73	147
73	148
73	149
73	150
74	87
74	114
74	115
74	119
74	131
74	132
74	133
74	134
74	135
74	136
74	137
74	140
74	141
74	142
74	143
74	144
74	145
74	146
74	147
74	148
74	149
74	150
75	87
75	114
75	115
75	119
75	131
75	132
75	133
75	134
75	135
75	136
75	137
75	140
75	141
75	142
75	143
75	144
75	145
75	146
75	147
75	148
75	149
75	150
76	87
76	114
76	115
76	119
76	131
76	132
76	133
76	134
76	135
76	136
76	137
76	140
76	141
76	142
76	143
76	144
76	145
76	146
76	147
76	148
76	149
76	150
77	87
77	114
77	115
77	119
77	131
77	132
77	133
77	134
77	135
77	136
77	137
77	140
77	141
77	142
77	143
77	144
77	145
77	146
77	147
77	148
77	149
77	150
78	87
78	114
78	115
78	119
78	131
78	132
78	133
78	134
78	135
78	136
78	137
78	140
78	141
78	142
78	143
78	144
78	145
78	146
78	147
78	148
78	149
78	150
79	87
79	114
79	115
79	119
79	131
79	132
79	133
79	134
79	135
79	136
79	137
79	140
79	141
79	142
79	143
79	144
79	145
79	146
79	147
79	148
79	149
79	150
80	87
80	114
80	115
80	119
80	131
80	132
80	133
80	134
80	135
80	136
80	137
80	140
80	141
80	142
80	143
80	144
80	145
80	146
80	147
80	148
80	149
80	150
81	87
81	114
81	115
81	119
81	131
81	132
81	133
81	134
81	135
81	136
81	137
81	140
81	141
81	142
81	143
81	144
81	145
81	146
81	147
81	148
81	149
81	150
82	87
82	114
82	115
82	119
82	131
82	132
82	133
82	134
82	135
82	136
82	137
82	140
82	141
82	142
82	143
82	144
82	145
82	146
82	147
82	148
82	149
82	150
83	87
83	114
83	115
83	119
83	131
83	132
83	133
83	134
83	135
83	136
83	137
83	140
83	141
83	142
83	143
83	144
83	145
83	146
83	147
83	148
83	149
83	150
84	87
84	114
84	115
84	119
84	131
84	132
84	133
84	134
84	135
84	136
84	137
84	140
84	141
84	142
84	143
84	144
84	145
84	146
84	147
84	148
84	149
84	150
85	87
85	114
85	115
85	119
85	131
85	132
85	133
85	134
85	135
85	136
85	137
85	140
85	141
85	142
85	143
85	144
85	145
85	146
85	147
85	148
85	149
85	150
86	87
86	114
86	115
86	119
86	131
86	132
86	133
86	134
86	135
86	136
86	137
86	140
86	141
86	142
86	143
86	144
86	145
86	146
86	147
86	148
86	149
86	150
87	88
87	89
87	90
87	91
87	92
87	93
87	94
87	95
87	96
87	97
87	98
87	99
87	100
87	101
87	102
87	103
87	104
87	105
87	106
87	107
87	108
87	109
87	110
87	111
87	112
87	113
87	114
87	115
87	116
87	117
87	118
87	119
87	120
87	121
87	122
87	123
87	124
87	125
87	126
87	127
87	128
87	129
87	130
87	131
87	132
87	133
87	134
87	135
87	136
87	137
87	138
87	139
87	140
87	141
87	142
87	143
87	144
87	145
87	146
87	147
87	148
87	149
87	150
88	114
88	115
88	119
88	131
88	132
88	133
88	134
88	135
88	136
88	137
88	140
88	141
88	142
88	143
88	144
88	145
88	146
88	147
88	148
88	149
88	150
89	114
89	115
89	119
89	131
89	132
89	133
89	134
89	135
89	136
89	137
89	140
89	141
89	142
89	143
89	144
89	145
89	146
89	147
89	148
89	149
89	150
90	114
90	115
90	119
90	131
90	132
90	133
90	134
90	135
90	136
90	137
90	140
90	141
90	142
90	143
90	144
90	145
90	146
90	147
90	148
90	149
90	150
91	114
91	115
91	119
91	131
91	132
91	133
91	134
91	135
91	136
91	137
91	140
91	141
91	142
91	143
91	144
91	145
91	146
91	147
91	148
91	149
91	150
92	114
92	115
92	119
92	131
92	132
92	133
92	134
92	135
92	136
92	137
92	140
92	141
92	142
92	143
92	144
92	145
92	146
92	147
92	148
92	149
92	150
93	114
93	115
93	119
93	131
93	132
93	133
93	134
93	135
93	136
93	137
93	140
93	141
93	142
93	143
93	144
93	145
93	146
93	147
93	148
93	149
93	150
94	114
94	115
94	119
94	131
94	132
94	133
94	134
94	135
94	136
94	137
94	140
94	141
94	142
94	143
94	144
94	145
94	146
94	147
94	148
94	149
94	150
95	114
95	115
95	119
95	131
95	132
95	133
95	134
95	135
95	136
95	137
95	140
95	141
95	142
95	143
95	144
95	145
95	146
95	147
95	148
95	149
95	150
96	114
96	115
96	119
96	131
96	132
96	133
96	134
96	135
96	136
96	137
96	140
96	141
96	142
96	143
96	144
96	145
96	146
96	147
96	148
96	149
96	150
97	114
97	115
97	119
97	131
97	132
97	133
97	134
97	135
97	136
97	137
97	140
97	141
97	142
97	143
97	144
97	145
97	146
97	147
97	148
97	149
97	150
98	114
98	115
98	119
98	131
98	132
98	133
98	134
98	135
98	136
98	137
98	140
98	141
98	142
98	143
98	144
98	145
98	146
98	147
98	148
98	149
98	150
99	114
99	115
99	119
99	131
99	132
99	133
99	134
99	135
99	136
99	137
99	140
99	141
99	142
99	143
99	144
99	145
99	146
99	147
99	148
99	149
99	150
100	114
100	115
100	119
100	131
100	132
100	133
100	134
100	135
100	136
100	137
100	140
100	141
100	142
100	143
100	144
100	145
100	146
100	147
100	148
100	149
100	150
101	114
101	115
101	119
101	131
101	132
101	133
101	134
101	135
101	136
101	137
101	140
101	141
101	142
101	143
101	144
101	145
101	146
101	147
101	148
101	149
101	150
102	114
102	115
102	119
102	131
102	132
102	133
102	134
102	135
102	136
102	137
102	140
102	141
102	142
102	143
102	144
102	145
102	146
102	147
102	148
102	149
102	150
103	114
103	115
103	119
103	131
103	132
103	133
103	134
103	135
103	136
103	137
103	140
103	141
103	142
103	143
103	144
103	145
103	146
103	147
103	148
103	149
103	150
104	114
104	115
104	119
104	131
104	132
104	133
104	134
104	135
104	136
104	137
104	140
104	141
104	142
104	143
104	144
104	145
104	146
104	147
104	148
104	149
104	150
105	114
105	115
105	119
105	131
105	132
105	133
105	134
105	135
105	136
105	137
105	140
105	141
105	142
105	143
105	144
105	145
105	146
105	147
105	148
105	149
105	150
106	114
106	115
106	119
106	131
106	132
106	133
106	134
106	135
106	136
106	137
106	140
106	141
106	142
106	143
106	144
106	145
106	146
106	147
106	148
106	149
106	150
107	114
107	115
107	119
107	131
107	132
107	133
107	134
107	135
107	136
107	137
107	140
107	141
107	142
107	143
107	144
107	145
107	146
107	147
107	148
107	149
107	150
108	114
108	115
108	119
108	131
108	132
108	133
108	134
108	135
108	136
108	137
108	140
108	141
108	142
108	143
108	144
108	145
108	146
108	147
108	148
108	149
108	150
109	114
109	115
109	119
109	131
109	132
109	133
109	134
109	135
109	136
109	137
109	140
109	141
109	142
109	143
109	144
109	145
109	146
109	147
109	148
109	149
109	150
110	114
110	115
110	119
110	131
110	132
110	133
110	134
110	135
110	136
110	137
110	140
110	141
110	142
110	143
110	144
110	145
110	146
110	147
110	148
110	149
110	150
111	114
111	115
111	119
111	131
111	132
111	133
111	134
111	135
111	136
111	137
111	140
111	141
111	142
111	143
111	144
111	145
111	146
111	147
111	148
111	149
111	150
112	114
112	115
112	119
112	131
112	132
112	133
112	134
112	135
112	136
112	137
112	140
112	141
112	142
112	143
112	144
112	145
112	146
112	147
112	148
112	149
112	150
113	114
113	115
113	119
113	131
113	132
113	133
113	134
113	135
113	136
113	137
113	140
113	141
113	142
113	143
113	144
113	145
113	146
113	147
113	148
113	149
113	150
114	116
114	117
114	118
114	119
114	120
114	121
114	122
114	123
114	124
114	125
114	126
114	127
114	128
114	129
114	130
114	131
114	132
114	133
114	134
114	135
114	136
114	137
114	138
114	139
114	140
114	141
114	142
114	143
114	144
114	145
114	146
114	147
114	148
114	149
114	150
115	116
115	117
115	118
115	119
115	120
115	121
115	122
115	123
115	124
115	125
115	126
115	127
115	128
115	129
115	130
115	131
115	132
115	133
115	134
115	135
115	136
115	137
115	138
115	139
115	140
115	141
115	142
115	143
115	144
115	145
115	146
115	147
115	148
115	149
115	150
116	119
116	131
116	132
116	133
116	134
116	135
116	136
116	137
116	140
116	141
116	142
116	143
116	144
116	145
116	146
116	147
116	148
116	149
116	150
117	119
117	131
117	132
117	133
117	134
117	135
117	136
117	137
117	140
117	141
117	142
117	143
117	144
117	145
117	146
117	147
117	148
117	149
117	150
118	119
118	131
118	132
118	133
118	134
118	135
118	136
118	137
118	140
118	141
118	142
118	143
118	144
118	145
118	146
118	147
118	148
118	149
118	150
119	120
119	121
119	122
119	123
119	124
119	125
119	126
119	127
119	128
119	129
119	130
119	131
119	132
119	133
119	134
119	135
119	136
119	137
119	138
119	139
119	140
119	141
119	142
119	143
119	144
119	145
119	146
119	147
119	148
119	149
119	150
120	131
120	132
120	133
120	134
120	135
120	136
120	137
120	140
120	141
120	142
120	143
120	144
120	145
120	146
120	147
120	148
120	149
120	150
121	131
121	132
121	133
121	134
121	135
121	136
121	137
121	140
121	141
121	142
121	143
121	144
121	145
121	146
121	147
121	148
121	149
121	150
122	131
122	132
122	133
122	134
122	135
122	136
122	137
122	140
122	141
122	142
122	143
122	144
122	145
122	146
122	147
122	148
122	149
122	150
123	131
123	132
123	133
123	134
123	135
123	136
123	137
123	140
123	141
123	142
123	143
123	144
123	145
123	146
123	147
123	148
123	149
123	150
124	131
124	132
124	133
124	134
124	135
124	136
124	137
124	140
124	141
124	142
124	143
124	144
124	145
124	146
124	147
124	148
124	149
124	150
125	131
125	132
125	133
125	134
125	135
125	136
125	137
125	140
125	141
125	142
125	143
125	144
125	145
125	146
125	147
125	148
125	149
125	150
126	131
126	132
126	133
126	134
126	135
126	136
126	137
126	140
126	141
126	142
126	143
126	144
126	145
126	146
126	147
126	148
126	149
126	150
127	131
127	132
127	133
127	134
127	135
127	136
127	137
127	140
127	141
127	142
127	143
127	144
127	145
127	146
127	147
127	148
127	149
127	150
128	131
128	132
128	133
128	134
128	135
128	136
128	137
128	140
128	141
128	142
128	143
128	144
128	145
128	146
128	147
128	148
128	149
128	150
129	131
129	132
129	133
129	134
129	135
129	136
129	137
129	140
129	141
129	142
129	143
129	144
129	145
129	146
129	147
129	148
129	149
129	150
130	131
130	132
130	133
130	134
130	135
130	136
130	137
130	140
130	141
130	142
130	143
130	144
130	145
130	146
130	147
130	148
130	149
130	150
131	132
131	133
131	134
131	135
131	136
131	137
131	138
131	139
131	140
131	141
131	142
131	143
131	144
131	145
131	146
131	147
131	148
131	149
131	150
132	134
132	135
132	136
132	137
132	138
132	139
132	140
132	141
132	142
132	143
132	144
132	145
132	146
132	147
132	148
132	149
132	150
133	134
133	135
133	136
133	137
133	138
133	139
133	140
133	141
133	142
133	143
133	144
133	145
133	146
133	147
133	148
133	149
133	150
134	136
134	137
134	138
134	139
134	140
134	141
134	142
134	143
134	144
134	145
134	146
134	147
134	148
134	149
134	150
135	136
135	137
135	138
135	139
135	140
135	141
135	142
135	143
135	144
135	145
135	146
135	147
135	148
135	149
135	150
136	137
136	138
136	139
136	140
136	141
136	142
136	143
136	144
136	145
136	146
136	147
136	148
136	149
136	150
137	138
137	139
137	140
137	141
137	142
137	143
137	144
137	145
137	146
137	147
137	148
137	149
137	150
138	140
138	141
138	142
138	143
138	144
138	145
138	146
138	147
138	148
138	149
138	150
139	140
139	141
139	142
139	143
139	144
139	145
139	146
139	147
139	148
139	149
139	150
140	142
140	143
140	146
140	147
140	148
140	149
141	142
141	143
141	146
141	147
141	148
141	149
142	144
142	145
142	146
142	147
142	148
142	149
142	150
143	144
143	145
143	146
143	147
143	148
143	149
143	150
144	146
144	147
144	148
144	149
145	146
145	147
145	148
145	149
146	148
146	149
146	150
147	148
147	149
147	150
148	149
148	150
149	150