116	570
1	3
1	4
1	5
1	6
1	7
1	8
1	9
1	10
1	11
1	12
1	13
1	14
1	15
1	16
1	17
1	18
1	19
1	20
1	21
1	22
1	23
1	24
1	25
1	26
1	27
1	28
1	29
1	30
1	31
1	32
1	33
1	34
1	35
1	36
1	37
1	38
1	39
1	40
1	41
1	42
1	43
1	44
1	45
1	46
1	47
1	48
1	49
1	50
1	51
1	52
1	53
1	54
1	55
1	56
1	57
1	58
1	59
1	60
1	61
1	62
1	63
1	64
1	65
1	66
1	67
1	68
1	69
1	70
1	71
1	72
1	73
1	74
1	75
1	76
1	77
1	78
1	79
1	80
1	81
1	82
1	83
1	84
1	85
1	86
1	87
1	88
1	89
1	90
1	91
1	92
1	93
1	94
1	95
1	96
1	97
1	98
1	99
1	100
1	101
1	102
1	103
1	104
1	105
1	106
1	107
1	108
1	109
1	110
1	111
1	112
1	113
1	114
1	115
1	116
2	3
2	4
2	5
2	6
2	7
2	8
2	9
2	10
2	11
2	12
2	13
2	14
2	15
2	16
2	17
2	18
2	19
2	20
2	21
2	22
2	23
2	24
2	25
2	26
2	27
2	28
2	29
2	30
2	31
2	32
2	33
2	34
2	35
2	36
2	37
2	38
2	39
2	40
2	41
2	42
2	43
2	44
2	45
2	46
2	47
2	48
2	49
2	50
2	51
2	52
2	53
2	54
2	55
2	56
2	57
2	58
2	59
2	60
2	61
2	62
2	63
2	64
2	65
2	66
2	67
2	68
2	69
2	70
2	71
2	72
2	73
2	74
2	75
2	76
2	77
2	78
2	79
2	80
2	81
2	82
2	83
2	84
2	85
2	86
2	87
2	88
2	89
2	90
2	91
2	92
2	93
2	94
2	95
2	96
2	97
2	98
2	99
2	100
2	101
2	102
2	103
2	104
2	105
2	106
2	107
2	108
2	109
2	110
2	111
2	112
2	113
2	114
2	115
2	116
3	15
3	63
3	64
3	116
4	15
4	63
4	64
4	106
4	114
4	116
5	15
5	63
5	64
5	106
5	114
5	116
6	15
6	63
6	64
7	15
7	63
7	64
8	15
8	63
8	64
9	15
9	63
9	64
10	15
10	63
10	64
11	15
11	63
11	64
12	15
12	63
12	64
13	15
13	63
13	64
14	15
14	63
14	64
15	16
15	17
15	18
15	19
15	20
15	21
15	22
15	23
15	24
15	25
15	26
15	27
15	28
15	29
15	30
15	31
15	32
15	33
15	34
15	35
15	36
15	37
15	38
15	39
15	40
15	41
15	42
15	43
15	44
15	45
15	46
15	47
15	48
15	49
15	50
15	51
15	52
15	53
15	54
15	55
15	56
15	57
15	58
15	59
15	60
15	61
15	62
15	63
15	64
15	65
15	66
15	67
15	68
15	69
15	70
15	71
15	72
15	73
15	74
15	75
15	76
15	77
15	78
15	79
15	80
15	81
15	82
15	83
15	84
15	85
15	86
15	87
15	88
15	89
15	90
15	91
15	92
15	93
15	94
15	95
15	96
15	97
15	98
15	99
15	100
15	101
15	102
15	103
15	104
15	105
15	106
15	107
15	108
15	109
15	110
15	111
15	112
15	113
15	114
15	115
15	116
16	63
16	64
17	63
17	64
18	63
18	64
19	63
19	64
20	63
20	64
21	63
21	64
22	63
22	64
23	63
23	64
24	63
24	64
25	63
25	64
26	63
26	64
27	63
27	64
28	63
28	64
29	63
29	64
30	63
30	64
31	63
31	64
32	63
32	64
33	63
33	64
34	63
34	64
35	63
35	64
36	63
36	64
37	63
37	64
38	63
38	64
39	63
39	64
40	63
40	64
41	63
41	64
42	63
42	64
43	63
43	64
44	63
44	64
45	63
45	64
46	63
46	64
47	63
47	64
48	63
48	64
49	63
49	64
50	63
50	64
51	63
51	64
52	63
52	64
53	63
53	64
54	63
54	64
55	63
55	64
56	63
56	64
57	63
57	64
58	63
58	64
59	63
59	64
60	63
60	64
61	63
61	64
62	63
62	64
63	65
63	66
63	67
63	68
63	69
63	70
63	71
63	72
63	73
63	74
63	75
63	76
63	77
63	78
63	79
63	80
63	81
63	82
63	83
63	84
63	85
63	86
63	87
63	88
63	89
63	90
63	91
63	92
63	93
63	94
63	95
63	96
63	97
63	98
63	99
63	100
63	101
63	102
63	103
63	104
63	105
63	106
63	107
63	108
63	109
63	110
63	111
63	112
63	113
63	114
63	115
63	116
64	65
64	66
64	67
64	68
64	69
64	70
64	71
64	72
64	73
64	74
64	75
64	76
64	77
64	78
64	79
64	80
64	81
64	82
64	83
64	84
64	85
64	86
64	87
64	88
64	89
64	90
64	91
64	92
64	93
64	94
64	95
64	96
64	97
64	98
64	99
64	100
64	101
64	102
64	103
64	104
64	105
64	106
64	107
64	108
64	109
64	110
64	111
64	112
64	113
64	114
64	115
64	116