0 1
0 2
0 3
0 4
0 5
0 6
0 7
0 8
0 9
0 10
0 11
0 12
0 13
0 14
0 15
0 16
0 17
0 18
0 19
0 20
0 21
0 22
0 23
0 24
0 25
0 26
0 27
0 28
0 29
0 30
1 0
1 17
1 31
1 12
1 15
1 9
1 23
1 32
1 33
1 21
1 34
1 2
1 8
1 19
1 35
1 6
1 5
1 7
1 36
1 10
1 3
1 37
1 18
2 0
2 1
2 38
2 20
2 39
2 12
2 6
2 7
2 33
2 27
2 22
2 40
2 41
2 42
2 8
2 10
2 3
2 17
2 18
2 43
2 15
2 44
2 45
2 5
2 19
2 26
2 21
2 46
2 47
2 48
2 49
2 11
2 50
2 51
2 52
2 53
2 54
2 55
3 0
3 1
3 2
3 56
3 57
3 58
3 59
3 45
3 60
3 61
3 62
3 63
3 64
3 65
3 66
3 10
3 67
3 68
3 69
3 70
3 21
3 71
4 0
4 5
4 72
4 73
4 12
4 74
4 75
4 76
4 77
4 78
5 0
5 1
5 2
5 4
5 6
5 27
5 12
5 33
5 79
5 80
5 15
5 17
5 81
5 26
5 82
5 7
5 83
5 84
5 85
5 86
5 21
6 0
6 1
6 2
6 5
6 87
6 88
6 21
6 18
6 89
6 15
6 90
6 91
6 92
6 93
6 27
6 12
6 94
6 95
6 96
6 97
6 98
6 99
6 9
6 75
6 14
6 8
7 0
7 1
7 2
7 5
7 100
7 21
7 101
7 27
8 0
8 1
8 2
8 6
8 21
8 102
8 12
8 103
8 40
8 23
8 20
8 104
8 15
8 105
8 106
8 9
8 29
9 0
9 1
9 6
9 8
9 107
9 108
9 33
9 109
9 110
9 111
9 15
9 112
9 23
9 69
9 113
9 114
9 115
9 29
9 116
9 117
9 118
9 119
9 120
9 121
9 122
9 123
9 124
9 125
9 126
9 127
9 128
9 129
10 0
10 1
10 2
10 3
10 130
10 72
10 44
10 131
10 132
10 133
10 134
10 21
10 135
10 19
10 18
10 17
10 136
10 137
10 26
10 24
11 0
11 2
11 138
11 139
11 140
11 141
11 83
11 142
11 143
11 144
11 145
11 146
11 147
11 148
11 149
11 150
11 151
11 152
12 0
12 1
12 2
12 4
12 5
12 6
12 8
12 153
12 154
12 155
12 23
12 156
12 27
12 21
12 157
12 15
12 17
12 158
12 13
12 68
12 44
12 105
12 75
12 152
12 159
13 0
13 12
13 14
13 160
13 161
13 162
13 163
13 122
13 32
13 23
13 164
13 165
13 33
13 166
13 123
13 167
13 109
13 168
13 169
13 170
13 171
13 172
13 173
13 79
13 135
13 111
13 174
13 175
13 106
13 176
13 177
13 178
13 15
13 179
13 180
13 181
14 0
14 6
14 13
14 75
14 182
14 183
14 184
14 185
14 186
14 123
14 32
14 187
14 188
14 189
14 167
14 33
14 190
14 92
14 22
15 0
15 1
15 2
15 5
15 6
15 8
15 9
15 12
15 13
15 191
15 107
15 23
15 192
15 122
15 193
15 194
15 33
15 195
15 196
15 197
15 198
15 29
15 126
15 199
15 76
15 104
15 200
15 201
15 202
15 203
15 204
15 205
15 206
15 207
15 208
15 209
15 32
15 210
15 211
15 212
15 213
15 214
15 215
15 55
15 216
15 217
15 218
15 219
15 128
15 220
15 221
16 0
16 114
16 23
16 33
16 222
16 223
16 224
17 0
17 1
17 2
17 5
17 10
17 12
17 24
17 38
17 25
17 225
17 22
17 37
17 226
17 20
17 26
17 18
17 21
17 227
18 0
18 1
18 2
18 6
18 10
18 17
18 228
18 229
18 37
18 230
18 19
18 26
18 69
18 136
18 231
18 185
18 119
18 81
18 232
18 233
18 234
18 235
18 236
18 237
18 238
18 239
18 40
18 85
19 0
19 1
19 2
19 10
19 18
19 232
19 227
19 80
19 49
19 240
19 40
19 241
19 105
19 242
19 42
19 243
19 21
20 0
20 2
20 8
20 17
20 244
20 245
20 39
20 24
20 45
20 40
20 53
20 246
20 247
20 46
20 248
20 249
20 250
20 222
20 251
20 252
20 22
20 49
20 253
20 104
20 254
20 209
20 213
20 205
20 54
20 156
20 255
20 106
20 90
20 238
20 256
20 257
20 258
20 58
20 259
20 38
20 102
20 103
20 260
21 0
21 1
21 2
21 3
21 5
21 6
21 7
21 8
21 10
21 12
21 17
21 19
21 26
21 37
21 31
22 0
22 2
22 14
22 17
22 20
22 261
22 262
22 239
22 263
22 37
22 264
22 265
22 226
22 53
22 181
22 133
22 134
22 24
22 42
22 245
22 44
22 266
22 267
22 38
22 142
22 268
22 269
22 270
22 271
22 45
22 43
22 41
22 272
22 79
22 195
22 254
22 273
22 274
22 275
22 49
22 276
22 277
22 278
22 96
22 279
22 202
22 229
22 280
22 281
22 282
22 283
23 0
23 1
23 8
23 9
23 12
23 13
23 15
23 16
23 107
23 284
23 108
23 285
23 181
23 33
23 175
23 286
23 287
23 262
23 288
23 114
23 289
23 166
23 69
23 290
23 118
23 291
23 123
23 57
23 29
23 167
23 32
23 115
23 292
23 293
23 173
23 294
23 109
23 119
23 120
23 295
23 296
23 111
24 0
24 10
24 17
24 20
24 22
24 25
24 226
24 38
24 286
24 264
24 297
24 298
24 299
24 300
24 61
24 301
24 125
24 59
24 302
24 237
25 0
25 17
25 24
26 0
26 2
26 5
26 10
26 17
26 18
26 21
26 94
26 237
26 303
26 234
26 69
26 185
26 231
26 229
26 37
26 304
26 85
26 274
26 305
26 306
27 0
27 2
27 5
27 6
27 7
27 12
27 33
27 232
27 181
27 307
27 308
27 279
28 0
28 309
28 310
28 311
28 312
28 313
28 146
28 314
28 315
29 0
29 8
29 9
29 15
29 23
29 316
29 317
29 318
29 319
29 320
29 321
29 322
29 323
29 48
29 324
29 325
29 177
29 33
29 195
29 326
29 327
29 217
29 199
29 210
29 193
29 200
30 0
30 328
30 44
30 329
30 258
30 250
30 103
30 330
30 201
30 156
30 331
30 332
30 333
30 53
30 334
30 335
30 244
30 336
30 337
30 338
30 339
30 240
31 1
31 21
31 340
32 1
32 13
32 14
32 15
32 23
32 33
32 119
32 168
33 1
33 2
33 5
33 9
33 13
33 14
33 15
33 16
33 23
33 27
33 29
33 32
33 307
33 107
33 341
33 342
33 181
33 54
33 69
34 1
35 1
36 1
37 1
37 17
37 18
37 21
37 22
37 26
37 343
37 344
37 50
37 269
37 236
37 230
37 232
37 345
37 346
37 274
37 347
37 240
37 253
37 348
37 349
37 350
37 351
37 329
37 352
38 2
38 17
38 20
38 22
38 24
38 353
38 45
38 226
38 51
38 104
38 249
38 312
38 41
38 244
38 239
38 245
38 42
38 354
38 355
38 356
38 313
38 331
38 357
38 106
38 40
38 44
38 264
38 49
39 2
39 20
39 358
39 53
39 54
39 335
39 267
39 353
39 292
39 359
39 45
39 360
39 55
39 361
39 362
39 363
39 48
39 46
39 41
39 364
39 354
39 104
39 156
39 57
39 202
39 365
39 366
40 2
40 8
40 18
40 19
40 20
40 38
40 353
40 352
40 86
40 367
40 244
40 261
40 259
40 357
40 133
40 269
40 53
40 368
40 249
40 369
40 370
40 209
40 193
40 49
40 371
40 134
40 245
40 331
40 102
40 50
40 372
40 61
40 47
40 45
40 373
40 105
40 93
40 374
40 237
40 375
40 376
40 333
40 246
40 377
40 378
40 354
40 46
40 190
40 234
41 2
41 22
41 38
41 39
41 302
41 379
41 380
41 104
41 381
41 371
41 270
41 382
41 383
41 384
41 385
41 386
41 355
41 387
41 388
41 49
41 389
41 390
41 313
41 391
41 103
41 244
41 332
41 392
41 331
41 43
41 393
41 377
41 394
41 395
41 396
41 336
41 354
41 397
41 353
41 44
41 133
41 334
41 156
41 398
41 399
41 337
41 400
41 83
41 401
41 402
41 403
42 2
42 19
42 22
42 38
42 268
42 45
42 404
42 281
42 229
42 239
43 2
43 22
43 41
43 340
43 405
43 406
43 407
43 331
43 408
43 409
43 385
43 410
43 411
43 134
43 51
43 382
43 412
43 413
44 2
44 10
44 12
44 22
44 30
44 38
44 41
44 414
44 398
44 72
44 332
44 415
44 354
44 416
44 417
44 250
44 418
44 226
44 419
44 420
44 49
44 421
44 53
44 190
44 422
44 361
44 423
44 348
44 424
44 132
44 258
45 2
45 3
45 20
45 22
45 38
45 39
45 40
45 42
45 58
45 398
45 71
45 61
45 57
45 425
45 353
45 63
45 56
45 372
45 70
45 413
45 68
45 80
45 65
45 426
45 281
45 427
45 428
45 67
45 350
45 240
45 429
45 245
45 430
45 51
45 431
45 47
46 2
46 20
46 39
46 40
46 432
46 336
46 103
47 2
47 40
47 45
47 295
47 331
47 433
47 366
48 2
48 29
48 39
48 53
48 75
48 184
48 268
48 343
48 240
48 91
48 302
48 327
48 205
48 434
48 54
48 292
48 435
48 104
48 115
48 389
48 436
48 127
48 360
48 78
48 200
48 273
48 316
48 320
48 326
48 437
48 438
48 212
48 201
48 439
48 324
48 321
48 440
48 55
48 441
48 362
49 2
49 19
49 20
49 22
49 38
49 40
49 41
49 44
49 258
49 367
49 51
49 227
49 80
49 240
49 353
49 442
49 443
49 190
49 244
49 323
49 366
49 337
49 270
49 313
49 403
49 332
50 2
50 37
50 40
50 444
50 445
50 104
50 55
50 446
50 353
50 352
50 53
50 447
50 448
50 367
50 277
50 365
50 449
50 337
50 256
50 450
50 339
50 268
51 2
51 38
51 43
51 45
51 49
51 451
51 452
51 227
51 240
51 80
51 350
51 268
51 181
51 127
51 453
51 332
51 132
51 364
51 339
51 253
51 454
51 455
51 145
51 456
51 361
51 366
51 457
51 156
51 334
51 247
51 134
51 315
51 458
51 401
51 286
51 459
51 412
51 460
52 2
52 71
53 2
53 20
53 22
53 30
53 39
53 40
53 44
53 48
53 50
53 186
53 123
53 86
53 182
53 353
53 188
53 267
53 453
53 345
53 75
53 328
53 330
53 184
53 461
53 377
53 462
53 332
53 463
53 315
53 464
53 190
53 465
53 466
54 2
54 20
54 33
54 39
54 48
54 467
54 359
54 104
54 258
54 316
54 468
54 323
54 200
54 55
54 127
55 2
55 15
55 39
55 48
55 50
55 54
55 469
55 334
55 250
55 391
55 331
55 470
55 359
55 363
55 326
55 471
55 288
55 206
55 201
55 195
55 472
55 211
55 212
55 389
55 292
55 200
55 127
55 193
55 436
55 104
55 132
55 473
55 209
55 76
55 213
56 3
56 45
56 61
56 57
56 474
56 64
56 475
56 476
56 477
56 478
56 479
56 58
56 281
56 68
56 425
56 71
56 480
56 63
56 65
56 372
56 481
56 482
56 483
56 484
56 419
56 485
56 230
56 486
57 3
57 23
57 39
57 45
57 56
57 71
57 58
57 63
57 65
57 68
57 487
57 61
57 425
57 281
57 372
57 191
57 285
57 350
57 392
57 488
57 66
57 489
57 490
57 254
57 438
57 491
57 492
57 205
57 493
57 123
57 106
57 494
57 111
58 3
58 20
58 45
58 56
58 57
58 63
58 65
58 70
58 68
58 281
58 61
58 425
58 71
58 429
58 495
58 496
58 497
58 255
58 498
59 3
59 24
59 484
60 3
60 469
60 63
60 243
60 499
60 67
60 131
60 500
60 484
60 501
61 3
61 24
61 40
61 45
61 56
61 57
61 58
61 502
61 62
61 63
61 503
61 372
61 340
61 504
61 370
61 139
61 184
61 144
61 266
61 149
61 202
61 71
61 70
61 65
61 475
61 66
62 3
62 61
62 426
62 505
62 506
62 507
62 149
62 70
62 508
62 475
63 3
63 45
63 56
63 57
63 58
63 60
63 61
63 484
63 64
63 67
63 89
63 505
63 281
63 509
63 68
63 71
63 482
64 3
64 56
64 63
64 482
64 67
64 484
64 281
64 509
64 429
64 89
64 476
64 474
64 510
64 511
64 512
64 475
64 480
64 513
65 3
65 45
65 56
65 57
65 58
65 61
65 315
65 514
65 367
65 68
65 70
65 281
65 425
65 71
66 3
66 57
66 61
66 429
66 515
66 484
66 285
66 281
66 237
66 489
66 490
66 516
66 517
66 518
67 3
67 45
67 60
67 63
67 64
67 469
67 499
67 484
67 509
67 429
67 89
67 281
67 519
67 510
67 68
67 372
68 3
68 12
68 45
68 56
68 57
68 58
68 63
68 65
68 67
68 443
68 505
68 520
68 521
68 522
68 523
68 524
68 425
68 71
68 525
68 526
68 431
68 508
68 89
68 527
68 361
68 465
68 348
68 218
68 528
68 499
69 3
69 9
69 18
69 23
69 26
69 33
69 529
69 232
69 107
69 238
69 443
69 329
69 81
69 530
69 116
69 279
69 168
69 354
69 181
69 491
69 531
69 494
69 169
70 3
70 45
70 58
70 61
70 62
70 65
70 507
70 232
70 426
70 428
70 133
70 532
70 510
71 3
71 45
71 52
71 56
71 57
71 58
71 61
71 63
71 65
71 68
71 533
71 425
71 534
71 535
71 536
71 368
71 506
71 284
71 537
71 499
71 538
71 510
71 539
71 281
71 338
71 454
71 352
71 395
71 540
71 372
71 541
71 267
71 350
71 139
71 422
71 509
71 355
72 4
72 10
72 44
72 419
72 375
72 542
72 132
72 543
72 466
72 269
72 446
72 527
72 259
72 544
72 545
72 88
72 377
72 412
72 421
72 546
72 547
73 4
73 232
73 133
73 253
73 548
73 465
73 503
73 549
73 286
73 550
73 551
73 193
73 205
73 195
73 127
73 504
73 552
73 185
73 100
73 553
73 554
74 4
74 555
74 556
74 353
74 557
74 151
74 558
74 467
74 559
74 266
74 147
74 560
75 4
75 6
75 12
75 14
75 48
75 53
75 182
75 186
75 184
75 552
75 83
75 561
75 188
75 395
75 266
75 146
75 116
75 104
75 315
75 268
75 562
75 563
75 564
75 565
75 189
75 566
75 567
75 466
75 149
75 465
75 461
75 232
75 185
75 568
75 123
75 340
75 569
75 79
75 118
75 570
75 571
75 572
75 351
76 4
76 15
76 55
76 419
76 146
76 573
76 322
76 195
77 4
77 332
77 182
77 112
77 180
77 175
77 161
77 196
77 160
77 574
77 119
77 120
78 4
78 48
78 575
78 127
78 132
78 135
78 321
78 200
78 335
78 104
78 399
78 576
79 5
79 13
79 22
79 75
79 183
79 577
79 268
79 578
79 579
79 580
79 581
79 115
79 84
79 400
79 399
79 576
79 104
79 175
79 582
79 126
79 273
79 583
79 193
79 360
79 119
79 160
80 5
80 19
80 45
80 49
80 51
80 227
80 133
80 584
80 451
80 240
80 585
80 154
80 586
80 332
80 453
80 459
80 553
80 587
80 307
80 259
80 93
80 242
80 404
80 203
81 5
81 18
81 69
81 233
81 305
81 232
81 179
81 268
81 236
81 93
81 404
81 181
81 380
81 274
81 175
81 112
81 300
81 519
81 588
81 459
81 276
81 200
81 587
82 5
82 589
82 387
82 238
82 142
82 242
83 5
83 11
83 41
83 75
83 353
83 140
83 142
83 331
83 145
83 590
83 149
83 139
83 572
83 152
83 151
84 5
84 79
84 397
84 591
84 592
84 211
84 127
84 218
84 593
84 197
84 594
84 214
84 192
84 290
84 327
84 221
84 204
84 400
84 129
84 326
84 517
84 595
85 5
85 18
85 26
85 428
85 596
85 597
85 377
85 232
85 94
85 453
85 93
86 5
86 40
86 53
86 182
86 133
86 566
87 6
87 91
87 598
87 203
87 218
87 599
87 517
87 600
87 192
87 593
87 197
87 258
88 6
88 72
88 453
88 463
88 92
88 601
88 602
88 603
89 6
89 63
89 64
89 67
89 68
89 426
89 484
89 281
89 509
89 429
89 604
89 605
89 606
89 506
89 607
89 395
89 425
89 603
89 608
89 609
89 284
89 602
90 6
90 20
90 610
90 255
90 232
90 611
90 268
90 612
90 368
90 613
90 614
90 443
91 6
91 48
91 87
91 615
91 616
91 617
91 200
91 283
91 618
91 156
91 619
91 573
91 258
92 6
92 14
92 88
92 620
92 453
92 601
92 188
92 602
92 621
92 622
92 623
92 624
92 464
92 625
92 626
92 190
92 627
92 117
92 628
93 6
93 40
93 80
93 81
93 85
93 629
93 98
93 265
93 630
93 375
93 631
93 230
93 350
93 456
93 136
93 605
93 632
93 232
93 567
93 236
93 130
93 597
93 596
93 240
94 6
94 26
94 85
94 453
94 631
95 6
95 375
95 611
95 99
95 633
95 609
95 456
96 6
96 22
97 6
97 634
97 597
97 635
97 626
98 6
98 93
98 134
98 601
98 188
99 6
99 95
99 597
100 7
100 73
100 264
100 195
100 270
100 636
100 581
100 403
100 131
100 467
100 637
100 127
100 553
101 7
101 338
101 369
102 8
102 20
102 40
102 638
102 245
102 613
103 8
103 20
103 30
103 41
103 46
103 153
103 332
103 134
103 500
103 403
103 127
103 200
103 217
103 639
103 326
103 104
104 8
104 15
104 20
104 38
104 39
104 41
104 48
104 50
104 54
104 55
104 75
104 78
104 79
104 103
104 332
104 544
104 334
104 182
104 330
104 419
104 577
104 413
104 235
104 467
104 377
104 226
104 273
104 438
104 399
104 389
104 209
104 445
104 640
104 199
104 213
104 203
104 195
104 205
104 127
104 641
104 642
104 643
104 595
104 644
104 645
104 197
104 646
104 283
104 128
104 202
104 258
104 115
104 647
104 212
104 290
104 204
104 217
104 648
104 649
104 650
104 502
104 250
104 320
104 201
104 360
104 200
104 471
104 216
104 436
104 215
104 306
105 8
105 12
105 19
105 40
105 537
105 587
105 424
105 651
105 652
105 451
105 653
105 654
105 655
105 267
105 414
105 656
105 457
105 657
105 133
105 136
105 357
105 658
105 338
105 659
105 660
105 661
105 662
105 663
105 390
105 466
105 664
106 8
106 13
106 20
106 38
106 57
106 665
106 666
106 251
106 181
106 127
106 199
106 205
106 262
106 195
106 667
106 216
107 9
107 15
107 23
107 33
107 69
107 119
107 295
108 9
108 23
109 9
109 13
109 23
109 116
109 531
109 568
109 118
109 668
109 181
109 123
110 9
111 9
111 13
111 23
111 57
111 332
111 270
111 178
111 669
111 164
111 279
111 670
111 162
111 119
111 167
111 354
111 113
111 169
111 180
111 166
112 9
112 77
112 81
112 133
112 671
112 175
112 180
112 123
112 161
112 167
112 531
112 119
112 162
113 9
113 111
113 668
113 568
113 116
113 178
114 9
114 16
114 23
114 453
114 672
114 223
114 667
114 224
114 286
114 254
114 673
114 366
114 674
115 9
115 23
115 48
115 79
115 104
115 469
115 675
115 676
115 343
115 677
115 268
115 467
115 592
115 126
115 127
115 273
115 647
115 445
115 304
115 389
115 204
115 678
115 438
115 193
115 214
115 212
115 434
115 641
115 205
115 209
115 213
115 306
115 200
115 288
115 679
115 680
115 203
115 197
116 9
116 69
116 75
116 109
116 113
116 134
116 184
116 123
116 568
116 118
116 166
116 681
116 132
116 160
116 531
116 119
117 9
117 92
117 682
117 516
117 440
117 628
117 204
117 683
117 468
118 9
118 23
118 75
118 109
118 116
118 123
118 168
118 668
118 568
119 9
119 18
119 23
119 32
119 77
119 79
119 107
119 111
119 112
119 116
119 232
119 331
119 684
119 568
119 531
119 165
119 177
119 167
119 164
119 181
119 668
119 173
119 175
119 168
119 169
119 160
119 171
119 162
119 178
119 180
119 562
119 296
120 9
120 23
120 77
120 177
120 162
120 168
120 562
120 165
120 173
120 164
120 171
120 167
121 9
121 428
121 544
121 685
121 330
121 328
121 542
121 251
121 686
121 687
121 289
121 354
121 688
121 286
122 9
122 13
122 15
123 9
123 13
123 14
123 23
123 53
123 57
123 75
123 109
123 112
123 116
123 118
123 182
123 175
123 554
123 689
123 568
123 690
124 9
124 691
124 136
124 428
124 328
124 366
124 286
124 181
124 254
124 692
124 693
125 9
125 24
125 683
126 9
126 15
126 79
126 115
126 646
126 273
126 593
126 694
126 695
126 207
126 445
126 218
126 648
126 647
126 198
127 9
127 48
127 51
127 54
127 55
127 73
127 78
127 84
127 100
127 103
127 104
127 106
127 115
127 302
127 136
127 428
127 230
127 242
127 205
127 320
127 193
127 324
127 292
127 323
127 679
127 216
127 438
127 181
127 434
127 273
127 195
127 304
127 206
127 288
127 200
127 696
128 9
128 15
128 104
128 640
128 199
128 642
128 316
129 9
129 84
129 467
129 671
129 697
129 193
129 326
129 400
129 204
129 698
129 436
130 10
130 93
130 134
130 610
130 133
130 296
130 699
130 700
130 584
130 329
130 154
130 535
130 701
130 459
130 702
130 233
130 613
130 480
130 136
130 703
130 676
131 10
131 60
131 100
131 243
131 312
131 469
131 546
131 500
131 637
131 616
131 330
131 258
132 10
132 44
132 51
132 55
132 72
132 78
132 116
132 474
132 564
132 133
132 281
132 233
132 212
132 445
133 10
133 22
133 40
133 41
133 70
133 73
133 80
133 86
133 105
133 112
133 130
133 132
133 584
133 134
133 154
133 226
133 337
133 480
133 704
133 705
133 690
133 585
133 350
133 662
133 367
133 376
133 239
133 447
133 139
133 417
133 313
133 706
133 371
133 606
133 707
133 444
133 486
133 708
133 253
134 10
134 22
134 40
134 43
134 51
134 98
134 103
134 116
134 130
134 133
134 195
134 393
134 523
134 605
134 709
134 386
134 710
134 310
134 339
134 597
134 585
134 567
134 430
134 711
134 503
134 396
134 544
134 466
134 712
134 713
134 456
134 147
134 366
134 479
134 692
134 183
134 154
134 714
134 226
134 331
135 10
135 13
135 78
135 611
135 564
135 301
135 715
135 575
135 716
135 717
135 312
135 532
135 212
135 681
136 10
136 18
136 93
136 105
136 124
136 127
136 130
136 710
136 661
136 451
136 237
136 242
136 268
136 181
136 584
136 137
136 553
136 238
136 375
136 453
136 587
136 412
136 320
136 213
136 361
136 229
136 442
136 519
136 419
136 232
136 458
136 331
137 10
137 136
137 229
137 239
138 11
138 146
138 145
139 11
139 61
139 71
139 83
139 133
139 146
139 147
139 141
139 149
139 145
139 298
139 266
139 353
139 503
139 142
139 299
139 348
139 718
139 151
139 331
139 328
139 648
139 395
139 719
139 572
139 720
139 504
139 144
139 148
139 721
139 313
139 311
139 312
139 332
140 11
140 83
140 353
140 722
140 718
140 141
140 145
140 151
141 11
141 139
141 140
141 142
141 353
141 151
141 722
141 648
141 590
141 403
141 146
141 147
141 149
141 145
141 723
141 442
141 312
141 503
141 354
141 331
141 577
142 11
142 22
142 82
142 83
142 139
142 141
142 722
142 146
142 238
142 145
142 724
142 725
142 632
142 503
142 331
142 412
142 726
142 395
142 590
142 380
142 727
142 728
142 729
142 589
142 410
142 298
142 409
142 275
142 730
143 11
143 558
143 731
143 386
143 732
143 733
143 363
143 555
144 11
144 61
144 139
144 370
144 415
144 330
144 734
144 145
144 735
144 266
144 240
144 572
144 184
144 236
144 353
144 149
144 371
144 151
145 11
145 51
145 83
145 138
145 139
145 140
145 141
145 142
145 144
145 370
145 572
145 146
145 353
145 149
145 331
145 184
145 736
145 147
145 504
145 148
145 361
145 315
145 238
145 427
145 228
145 151
146 11
146 28
146 75
146 76
146 138
146 139
146 141
146 142
146 145
146 151
146 313
146 182
146 149
146 737
146 238
146 572
146 506
146 738
146 353
146 719
146 395
147 11
147 74
147 134
147 139
147 141
147 145
147 205
147 572
147 363
147 718
147 377
147 151
148 11
148 139
148 145
148 266
148 720
148 736
148 370
148 572
148 184
148 504
148 149
148 151
148 691
149 11
149 61
149 62
149 75
149 83
149 139
149 141
149 144
149 145
149 146
149 148
149 151
149 353
149 572
149 240
149 539
149 182
149 242
149 403
149 577
150 11
150 240
151 11
151 74
151 83
151 139
151 140
151 141
151 144
151 145
151 146
151 147
151 148
151 149
151 738
151 266
151 370
151 734
151 558
151 299
151 556
151 242
151 736
151 572
151 739
151 740
151 184
151 722
151 741
152 11
152 12
152 83
152 395
152 742
152 743
152 411
152 744
152 745
152 746
152 355
152 589
152 747
152 590
153 12
153 103
153 217
154 12
154 80
154 130
154 133
154 134
154 376
154 236
154 676
154 361
154 444
154 345
154 414
154 585
154 343
154 417
154 584
154 374
154 377
155 12
155 268
155 686
155 701
155 661
155 267
156 12
156 20
156 30
156 39
156 41
156 51
156 91
156 334
156 740
156 245
156 331
156 332
156 748
157 12
157 749
157 750
157 660
157 751
157 390
157 752
157 394
157 753
157 182
157 754
157 648
158 12
158 755
158 433
159 12
159 756
159 757
159 758
160 13
160 77
160 79
160 116
160 119
160 189
160 182
160 184
160 583
161 13
161 77
161 112
161 583
161 175
161 195
161 326
161 196
161 400
161 698
161 296
161 197
162 13
162 111
162 112
162 119
162 120
162 632
162 350
162 759
162 488
162 321
163 13
163 270
163 172
163 166
163 167
163 321
163 164
164 13
164 111
164 119
164 120
164 163
164 238
164 171
164 173
164 166
164 562
164 165
164 167
164 296
165 13
165 119
165 120
165 164
165 181
165 491
165 167
165 360
165 177
166 13
166 23
166 111
166 116
166 163
166 164
166 236
166 531
167 13
167 14
167 23
167 111
167 112
167 119
167 120
167 163
167 164
167 165
167 236
167 562
167 321
167 690
167 531
168 13
168 32
168 69
168 118
168 119
168 120
169 13
169 69
169 111
169 119
169 489
170 13
170 500
170 583
171 13
171 119
171 120
171 164
171 296
171 562
172 13
172 163
173 13
173 23
173 119
173 120
173 164
174 13
175 13
175 23
175 77
175 79
175 81
175 112
175 119
175 123
175 161
175 389
175 583
175 180
175 219
175 196
175 195
175 760
175 181
175 197
175 326
176 13
176 583
176 181
177 13
177 29
177 119
177 120
177 165
177 243
178 13
178 111
178 113
178 119
178 279
178 668
179 13
179 81
180 13
180 77
180 111
180 112
180 119
180 175
180 343
180 548
180 313
180 196
181 13
181 22
181 23
181 27
181 33
181 51
181 69
181 81
181 106
181 109
181 119
181 124
181 127
181 136
181 165
181 175
181 176
181 230
181 233
181 240
181 236
181 276
181 761
181 531
181 295
181 562
181 286
181 762
181 291
182 14
182 53
182 75
182 77
182 86
182 104
182 123
182 146
182 149
182 157
182 160
182 566
182 186
182 763
182 699
182 624
182 383
182 358
182 188
182 392
182 380
182 714
182 340
182 723
182 725
182 366
182 190
182 550
182 764
182 565
182 601
182 603
182 765
182 189
182 184
183 14
183 79
183 134
183 184
183 268
183 571
183 188
183 190
183 578
183 205
184 14
184 48
184 53
184 61
184 75
184 116
184 144
184 145
184 148
184 151
184 160
184 182
184 183
184 370
184 558
184 299
184 741
184 415
184 572
184 328
184 353
184 363
184 388
184 735
184 766
184 568
184 330
184 577
184 266
184 189
185 14
185 18
185 26
185 73
185 75
185 579
185 602
185 548
185 710
185 767
185 428
185 638
185 637
185 413
186 14
186 53
186 75
186 182
186 465
186 566
186 765
186 395
186 588
187 14
187 768
187 659
187 454
187 587
187 769
187 653
187 466
187 770
187 561
187 771
187 662
187 577
188 14
188 53
188 75
188 92
188 98
188 182
188 183
188 453
188 190
188 772
188 463
188 622
188 601
188 621
188 577
188 773
189 14
189 75
189 160
189 182
189 184
189 566
189 565
189 572
190 14
190 40
190 44
190 49
190 53
190 92
190 182
190 183
190 188
190 453
190 463
190 315
190 621
191 15
191 57
191 697
191 774
191 775
191 247
191 502
191 445
191 205
191 287
191 223
191 322
192 15
192 84
192 87
192 362
192 327
192 360
192 591
192 221
192 214
192 593
192 400
192 195
192 774
192 517
192 599
192 600
192 598
192 211
192 445
192 218
192 203
193 15
193 29
193 40
193 55
193 73
193 79
193 115
193 127
193 129
193 704
193 195
193 209
193 292
193 262
193 648
193 324
193 438
193 360
193 389
193 316
193 203
193 399
193 776
194 15
194 693
194 777
194 254
194 674
194 488
194 670
195 15
195 22
195 29
195 55
195 73
195 76
195 100
195 104
195 106
195 127
195 134
195 161
195 175
195 192
195 193
195 268
195 332
195 236
195 677
195 598
195 219
195 778
195 273
195 200
195 389
195 196
195 203
195 779
195 262
195 316
195 472
195 288
195 471
195 211
195 326
195 206
195 690
195 776
195 438
195 213
195 780
195 445
195 360
195 209
195 363
195 694
195 217
196 15
196 77
196 161
196 175
196 180
196 195
196 203
196 326
196 781
196 219
196 389
196 288
196 779
196 211
197 15
197 84
197 87
197 104
197 115
197 161
197 175
197 774
197 511
197 221
197 204
197 214
197 628
197 326
197 206
197 400
197 583
197 646
197 440
197 211
197 593
197 203
197 694
197 205
197 782
197 779
197 697
197 218
197 641
198 15
198 126
198 783
198 784
198 288
198 686
198 724
198 285
198 362
198 785
198 214
198 220
198 779
198 215
198 648
198 217
199 15
199 29
199 104
199 106
199 128
199 218
199 640
199 644
199 595
199 645
199 641
199 786
199 642
199 270
199 646
199 544
199 469
199 332
199 691
199 787
199 616
199 283
199 258
199 204
200 15
200 29
200 48
200 54
200 55
200 78
200 81
200 91
200 103
200 104
200 115
200 127
200 195
200 257
200 334
200 232
200 649
200 201
200 205
200 360
200 437
200 290
200 273
200 292
200 217
200 324
200 473
200 335
201 15
201 30
201 48
201 55
201 104
201 200
201 257
201 334
201 250
201 398
201 347
201 585
201 213
201 320
201 473
202 15
202 22
202 39
202 61
202 104
202 290
202 502
202 370
202 415
202 572
202 331
202 262
202 788
202 205
202 322
203 15
203 80
203 87
203 104
203 115
203 192
203 193
203 195
203 196
203 197
203 232
203 271
203 334
203 377
203 389
203 216
203 789
203 292
203 204
203 360
203 250
203 210
203 209
203 437
203 208
203 273
203 206
203 593
203 790
203 215
203 262
203 212
203 290
203 217
203 445
203 502
203 213
203 327
203 471
204 15
204 84
204 104
204 115
204 117
204 129
204 197
204 199
204 203
204 400
204 445
204 216
204 211
204 218
204 207
204 593
204 647
204 791
204 221
204 210
204 335
204 782
204 389
204 215
204 206
204 288
204 290
204 209
204 697
204 273
204 214
205 15
205 20
205 48
205 57
205 73
205 104
205 106
205 115
205 127
205 147
205 183
205 191
205 197
205 200
205 202
205 694
205 213
205 262
205 209
205 321
205 214
205 221
205 445
205 438
205 326
205 399
205 212
205 360
206 15
206 55
206 127
206 195
206 197
206 203
206 204
206 212
206 389
206 472
206 211
206 363
206 628
206 215
206 697
206 326
207 15
207 126
207 204
207 467
207 791
207 218
207 211
207 445
207 273
207 647
207 342
207 595
208 15
208 203
208 403
208 214
208 595
208 217
209 15
209 20
209 40
209 55
209 104
209 115
209 193
209 195
209 203
209 204
209 205
209 403
209 671
209 675
209 424
209 232
209 273
209 438
209 445
209 321
209 360
209 399
209 213
209 697
209 641
210 15
210 29
210 203
210 204
210 577
210 211
210 218
210 400
210 288
210 697
210 791
210 679
210 780
210 214
211 15
211 55
211 84
211 192
211 195
211 196
211 197
211 204
211 206
211 207
211 210
211 792
211 221
211 400
211 559
211 218
211 214
211 212
211 697
211 440
211 793
211 327
211 791
211 215
211 471
211 794
211 326
212 15
212 48
212 55
212 104
212 115
212 132
212 135
212 203
212 205
212 206
212 211
212 365
212 676
212 285
212 792
212 471
212 436
212 283
212 363
212 795
212 796
212 306
212 473
213 15
213 20
213 55
213 104
213 115
213 136
213 195
213 201
213 203
213 205
213 209
213 687
213 691
213 242
213 428
213 292
213 360
213 437
213 262
213 502
213 649
213 273
214 15
214 84
214 115
214 192
214 197
214 198
214 204
214 205
214 208
214 210
214 211
214 591
214 288
214 218
214 215
214 362
214 220
214 779
214 641
214 785
214 221
214 400
214 697
214 217
214 517
214 593
215 15
215 104
215 198
215 203
215 204
215 206
215 211
215 214
215 779
215 598
215 218
215 288
215 389
215 438
215 220
215 641
215 785
215 217
215 695
215 797
216 15
216 104
216 106
216 127
216 203
216 204
216 544
216 774
216 242
216 500
216 220
216 292
216 793
217 15
217 29
217 103
217 104
217 153
217 195
217 198
217 200
217 203
217 208
217 214
217 215
217 798
217 577
217 362
217 779
217 598
217 273
217 628
217 334
217 531
217 438
217 639
218 15
218 68
218 84
218 87
218 126
218 192
218 197
218 199
218 204
218 207
218 210
218 211
218 214
218 215
218 400
218 724
218 697
218 694
218 471
218 591
218 649
218 791
218 799
218 221
218 594
218 695
218 691
218 800
218 288
218 789
219 15
219 175
219 195
219 196
219 389
219 801
220 15
220 198
220 214
220 215
220 216
220 554
220 598
220 785
220 362
220 779
220 288
220 646
221 15
221 84
221 192
221 197
221 204
221 205
221 211
221 214
221 218
221 591
221 741
221 802
221 803
221 593
222 16
222 20
222 548
222 677
222 494
222 804
223 16
223 114
223 191
223 494
223 805
223 354
223 673
223 674
224 16
224 114
224 805
225 17
225 527
226 17
226 22
226 24
226 38
226 44
226 104
226 133
226 134
226 806
226 531
226 323
226 409
226 577
226 517
226 377
226 367
227 17
227 19
227 49
227 51
227 80
227 807
227 398
227 240
227 403
227 339
227 270
227 313
228 18
228 145
228 453
229 18
229 22
229 26
229 42
229 136
229 137
229 297
229 442
229 774
229 808
229 238
229 612
229 239
229 232
230 18
230 37
230 56
230 93
230 127
230 181
230 239
230 242
230 253
230 809
230 345
230 333
231 18
231 26
232 18
232 19
232 27
232 37
232 69
232 70
232 73
232 75
232 81
232 85
232 90
232 93
232 119
232 136
232 200
232 203
232 209
232 229
232 237
232 443
232 281
232 691
232 242
232 253
232 810
232 305
232 811
232 238
232 812
232 304
232 813
232 533
232 814
232 632
232 659
232 589
232 438
232 815
232 377
232 584
232 710
232 239
232 606
232 234
232 254
233 18
233 81
233 130
233 132
233 181
233 816
233 375
234 18
234 26
234 40
234 232
234 540
234 661
234 304
234 567
234 414
234 451
234 457
234 455
234 817
234 256
235 18
235 104
236 18
236 37
236 81
236 93
236 144
236 154
236 166
236 167
236 181
236 195
236 818
236 339
236 315
236 704
236 304
236 584
236 630
236 632
236 819
236 701
236 268
236 706
236 623
236 443
236 820
236 463
236 821
236 531
236 502
236 354
237 18
237 24
237 26
237 40
237 66
237 136
237 232
237 708
237 563
237 452
237 822
237 427
237 823
237 512
237 459
237 486
237 446
238 18
238 20
238 69
238 82
238 136
238 142
238 145
238 146
238 164
238 229
238 232
238 589
238 503
238 242
238 433
238 305
238 811
238 824
238 812
238 329
238 590
239 18
239 22
239 38
239 42
239 133
239 137
239 229
239 230
239 232
239 442
239 825
239 775
239 443
239 439
239 404
239 247
239 305
240 19
240 30
240 37
240 45
240 48
240 49
240 51
240 80
240 93
240 144
240 149
240 150
240 181
240 227
240 339
240 483
240 465
240 242
240 366
240 455
240 414
240 315
240 826
240 451
240 474
240 268
240 587
240 584
240 391
241 19
241 827
241 417
241 577
242 19
242 80
242 82
242 127
242 136
242 149
242 151
242 213
242 216
242 230
242 232
242 238
242 240
242 395
242 430
242 828
242 829
242 302
242 825
242 331
242 590
242 830
242 632
242 372
242 587
242 451
242 503
243 19
243 60
243 131
243 177
243 377
243 831
243 469
243 500
244 20
244 30
244 38
244 40
244 41
244 49
244 353
244 334
244 245
244 249
244 247
245 20
245 22
245 38
245 40
245 45
245 102
245 156
245 244
245 361
245 398
245 584
245 249
246 20
246 40
247 20
247 51
247 191
247 239
247 244
247 330
247 774
247 378
247 391
247 442
247 832
247 808
247 833
247 511
247 554
248 20
248 305
249 20
249 38
249 40
249 244
249 245
249 366
249 686
249 251
249 428
249 701
249 283
250 20
250 30
250 44
250 55
250 104
250 201
250 203
250 332
250 419
250 257
250 330
250 436
250 334
250 834
251 20
251 106
251 121
251 249
251 320
251 710
251 305
251 432
252 20
253 20
253 37
253 51
253 73
253 133
253 230
253 232
253 676
253 809
253 584
253 333
253 337
253 345
253 258
253 268
254 20
254 22
254 57
254 114
254 124
254 194
254 232
254 332
254 835
254 366
254 836
254 837
254 488
254 838
254 693
254 276
254 354
254 286
255 20
255 58
255 90
255 268
255 613
255 571
255 611
255 715
255 498
255 658
255 768
255 839
255 840
255 841
256 20
256 50
256 234
256 457
256 353
256 315
256 659
256 842
256 567
256 843
256 368
256 422
257 20
257 200
257 201
257 250
257 347
258 20
258 30
258 44
258 49
258 54
258 87
258 91
258 104
258 131
258 199
258 253
258 671
258 665
258 332
258 419
258 471
258 292
258 304
259 20
259 40
259 72
259 80
259 417
259 717
259 844
259 845
259 754
259 457
260 20
261 22
261 40
261 376
261 367
262 22
262 23
262 106
262 193
262 195
262 202
262 203
262 205
262 213
262 438
262 287
262 502
262 445
263 22
263 846
263 847
263 446
263 848
263 563
264 22
264 24
264 38
264 100
264 306
264 271
264 849
264 283
265 22
265 93
265 597
265 375
266 22
266 61
266 74
266 75
266 139
266 144
266 148
266 151
266 184
266 850
266 556
266 709
266 851
266 572
266 555
266 299
266 502
266 718
266 340
267 22
267 39
267 53
267 71
267 105
267 155
267 424
267 315
267 367
267 658
267 656
267 368
267 766
267 451
267 364
267 353
267 357
267 662
267 394
267 361
267 852
267 414
267 567
267 339
268 22
268 42
268 48
268 50
268 51
268 75
268 79
268 81
268 90
268 115
268 136
268 155
268 183
268 195
268 236
268 240
268 253
268 255
268 710
268 701
268 853
268 854
268 613
268 700
268 587
269 22
269 37
269 40
269 72
269 584
269 814
269 350
269 855
269 619
269 856
269 828
269 398
269 377
269 815
269 631
269 857
270 22
270 41
270 49
270 100
270 111
270 163
270 199
270 227
270 858
270 859
270 860
270 391
270 332
270 749
270 403
270 433
270 355
270 354
270 371
270 313
270 397
270 835
271 22
271 203
271 264
272 22
272 500
272 861
272 688
272 354
273 22
273 48
273 79
273 104
273 115
273 126
273 127
273 195
273 200
273 203
273 204
273 207
273 209
273 213
273 217
273 469
273 593
273 445
273 694
273 436
273 389
273 592
273 326
273 862
273 438
273 381
274 22
274 26
274 37
274 81
274 414
274 863
274 450
274 377
274 278
274 457
274 352
275 22
275 142
275 755
275 858
275 387
275 864
275 412
275 590
275 392
275 457
275 298
275 865
275 332
275 413
276 22
276 81
276 181
276 254
276 693
276 322
276 866
277 22
277 50
277 846
277 823
277 867
277 553
277 563
277 868
277 869
277 870
277 847
278 22
278 274
278 871
278 567
278 414
278 653
278 597
278 416
278 371
278 450
279 22
279 27
279 69
279 111
279 178
279 371
279 391
279 531
279 670
279 693
280 22
280 338
281 22
281 42
281 45
281 56
281 57
281 58
281 63
281 64
281 65
281 66
281 67
281 71
281 89
281 132
281 232
281 484
281 509
281 429
281 425
281 426
281 443
282 22
282 494
282 354
283 22
283 91
283 104
283 199
283 212
283 249
283 264
283 728
283 590
283 685
283 724
283 433
283 541
283 392
283 542
283 428
283 328
283 419
284 23
284 71
284 89
284 539
284 484
284 505
284 499
284 507
285 23
285 57
285 66
285 198
285 212
285 288
286 23
286 24
286 51
286 73
286 114
286 121
286 124
286 181
286 254
286 872
286 564
286 345
286 873
286 294
286 874
286 366
286 875
286 876
286 877
286 878
286 488
286 838
287 23
287 191
287 262
288 23
288 55
288 115
288 127
288 195
288 196
288 198
288 204
288 210
288 214
288 215
288 218
288 220
288 285
288 583
288 400
288 779
288 780
288 785
288 326
289 23
289 121
289 670
289 354
289 692
289 879
289 836
289 693
289 837
289 494
289 667
290 23
290 84
290 104
290 200
290 202
290 203
290 204
290 445
290 591
290 335
290 321
290 724
290 546
291 23
291 181
292 23
292 39
292 48
292 55
292 127
292 193
292 200
292 203
292 213
292 216
292 258
292 413
292 782
293 23
294 23
294 286
294 494
294 874
295 23
295 47
295 107
295 181
295 307
295 880
296 23
296 119
296 130
296 161
296 164
296 171
296 881
296 698
296 440
296 583
296 876
297 24
297 229
297 428
297 589
297 442
297 882
297 883
298 24
298 139
298 142
298 275
298 755
298 725
298 430
298 541
298 397
298 729
298 331
298 392
298 395
298 589
298 551
298 884
298 885
298 409
298 787
298 433
298 570
298 886
298 887
298 388
298 883
298 728
298 724
298 315
298 428
298 385
298 408
298 332
298 503
299 24
299 139
299 151
299 184
299 266
299 572
299 391
299 544
299 370
299 687
299 413
300 24
300 81
300 481
300 848
300 846
300 330
301 24
301 135
301 810
302 24
302 41
302 48
302 127
302 242
302 379
302 340
302 467
302 381
302 888
302 383
302 384
302 386
302 889
302 890
302 321
302 891
302 892
302 392
302 893
302 894
302 382
302 380
302 385
302 895
302 438
303 26
303 896
303 328
304 26
304 115
304 127
304 232
304 234
304 236
304 258
304 307
304 675
304 329
304 728
304 392
304 519
304 306
304 437
305 26
305 81
305 232
305 238
305 239
305 248
305 251
305 310
305 686
305 897
305 898
305 899
305 748
306 26
306 104
306 115
306 212
306 264
306 304
306 900
306 437
306 434
307 27
307 33
307 80
307 295
307 304
307 760
307 338
307 657
307 377
307 455
307 843
307 816
307 357
307 533
307 457
307 424
307 540
307 880
307 550
307 451
308 27
308 412
308 478
309 28
309 901
309 310
309 902
309 311
310 28
310 134
310 305
310 309
310 311
310 328
310 313
310 898
311 28
311 139
311 309
311 310
311 903
311 904
311 905
311 554
311 906
311 859
311 907
311 328
312 28
312 38
312 131
312 135
312 139
312 141
312 794
312 314
312 403
312 396
312 711
312 908
312 909
312 456
312 910
312 349
312 710
312 377
312 764
312 717
313 28
313 38
313 41
313 49
313 133
313 139
313 146
313 180
313 227
313 270
313 310
313 457
313 901
313 911
313 526
313 522
313 465
313 557
313 437
314 28
314 312
314 794
314 456
314 610
314 347
314 395
314 711
314 467
315 28
315 51
315 53
315 65
315 75
315 145
315 190
315 236
315 240
315 256
315 267
315 298
315 367
315 338
315 353
315 912
315 348
315 826
315 414
315 494
315 531
315 913
315 514
315 377
315 561
315 408
315 357
315 706
315 661
316 29
316 48
316 54
316 128
316 193
316 195
316 598
316 779
316 321
316 320
317 29
318 29
318 914
319 29
319 696
319 322
319 325
319 516
319 320
320 29
320 48
320 104
320 127
320 136
320 201
320 251
320 316
320 319
320 915
320 691
320 428
320 362
320 696
320 323
320 321
320 441
320 322
320 324
320 434
321 29
321 48
321 78
321 162
321 163
321 167
321 205
321 209
321 290
321 302
321 316
321 320
321 567
321 441
321 916
321 399
321 445
321 437
321 914
321 389
321 324
321 438
321 335
322 29
322 76
322 191
322 202
322 276
322 319
322 320
322 696
322 639
322 325
323 29
323 49
323 54
323 127
323 226
323 320
323 371
323 665
323 324
324 29
324 48
324 127
324 193
324 200
324 320
324 321
324 323
324 327
324 362
325 29
325 319
325 322
325 917
325 628
325 680
326 29
326 48
326 55
326 84
326 103
326 129
326 161
326 175
326 195
326 196
326 197
326 205
326 206
326 211
326 273
326 288
326 591
326 577
326 583
326 389
326 628
326 400
326 594
326 779
327 29
327 48
327 84
327 192
327 203
327 211
327 324
327 362
328 30
328 53
328 121
328 124
328 139
328 184
328 283
328 303
328 310
328 311
328 332
328 580
328 672
328 419
328 414
328 432
328 330
328 542
328 334
328 354
328 541
328 383
328 331
329 30
329 37
329 69
329 130
329 238
329 304
329 374
329 880
329 377
329 584
329 918
329 710
330 30
330 53
330 104
330 121
330 131
330 144
330 184
330 247
330 250
330 300
330 328
330 332
330 419
330 338
330 563
330 335
330 432
330 422
330 542
330 774
330 383
330 826
331 30
331 38
331 40
331 41
331 43
331 47
331 55
331 83
331 119
331 134
331 136
331 139
331 141
331 142
331 145
331 156
331 202
331 242
331 298
331 328
331 411
331 430
331 392
331 590
331 406
331 503
331 382
331 729
331 385
331 395
331 723
331 388
331 919
331 433
331 542
331 904
331 380
331 894
331 892
332 30
332 41
332 44
332 49
332 51
332 53
332 77
332 80
332 103
332 104
332 111
332 139
332 156
332 195
332 199
332 250
332 254
332 258
332 270
332 275
332 298
332 328
332 330
332 335
332 531
332 542
332 544
332 419
332 371
332 657
332 573
332 860
332 920
332 433
332 389
332 557
332 869
332 640
332 334
332 921
332 336
332 363
332 469
332 563
332 380
332 512
332 383
332 465
332 742
332 456
332 409
332 488
333 30
333 40
333 230
333 253
333 922
333 353
333 367
333 809
333 611
333 923
333 607
333 456
333 375
333 924
333 633
334 30
334 41
334 51
334 55
334 104
334 156
334 200
334 201
334 203
334 217
334 244
334 250
334 328
334 332
334 542
334 419
334 649
334 531
334 925
335 30
335 39
335 78
335 200
335 204
335 290
335 321
335 330
335 332
335 907
335 619
335 468
336 30
336 41
336 46
336 332
336 926
336 382
336 432
336 408
336 355
336 467
336 777
336 502
337 30
337 41
337 49
337 50
337 133
337 253
337 353
337 602
337 637
337 586
337 660
337 428
338 30
338 71
338 101
338 105
338 280
338 307
338 315
338 330
338 927
338 553
338 339
338 353
338 760
338 928
338 929
338 343
338 564
338 930
338 544
338 931
338 367
338 483
338 575
338 932
339 30
339 50
339 51
339 134
339 227
339 236
339 240
339 267
339 338
339 933
339 353
339 657
339 934
339 361
339 364
339 845
339 760
340 31
340 43
340 61
340 75
340 182
340 266
340 302
340 383
340 935
340 888
340 895
340 890
340 891
340 735
340 384
340 392
340 936
340 415
340 356
340 572
340 907
340 379
340 889
340 570
340 937
340 363
340 577
340 381
340 883
340 412
340 511
340 388
340 370
341 33
341 880
342 33
342 207
342 445
342 399
342 697
343 37
343 48
343 115
343 154
343 180
343 338
343 676
343 488
343 567
343 659
343 540
343 938
343 563
343 465
343 414
343 548
344 37
344 349
345 37
345 53
345 154
345 230
345 253
345 286
345 417
345 398
345 550
345 367
345 374
346 37
346 589
346 939
346 940
346 941
346 355
346 942
346 742
346 943
346 745
346 944
346 945
346 747
347 37
347 201
347 257
347 314
347 444
347 610
347 584
348 37
348 44
348 68
348 139
348 315
348 946
348 522
348 361
349 37
349 312
349 344
349 947
349 710
349 948
349 365
350 37
350 45
350 51
350 57
350 71
350 93
350 133
350 162
350 269
350 631
350 726
350 704
350 367
350 686
350 828
350 553
350 869
350 843
351 37
351 75
351 659
351 587
351 949
351 466
351 561
351 454
351 768
351 655
351 950
351 653
351 951
351 952
352 37
352 40
352 50
352 71
352 274
352 537
352 567
352 500
352 953
352 577
352 391
352 840
353 38
353 39
353 40
353 41
353 45
353 49
353 50
353 53
353 74
353 83
353 139
353 140
353 141
353 144
353 145
353 146
353 149
353 184
353 244
353 256
353 267
353 315
353 333
353 337
353 338
353 339
353 355
353 414
353 367
353 929
353 398
353 572
353 858
353 766
353 370
353 504
353 364
353 719
353 357
353 954
354 38
354 39
354 40
354 41
354 44
354 69
354 111
354 121
354 141
354 223
354 236
354 254
354 270
354 272
354 282
354 289
354 328
354 356
354 355
354 955
354 665
354 956
354 957
354 500
354 391
354 467
354 401
354 488
354 494
354 693
354 692
354 366
354 415
354 531
354 690
354 958
354 837
354 667
354 670
354 873
355 38
355 41
355 71
355 152
355 270
355 336
355 346
355 353
355 354
355 590
355 542
355 406
355 724
355 388
355 589
355 944
355 723
355 743
355 398
355 585
355 945
355 959
355 746
355 960
355 744
355 467
355 391
355 409
355 904
355 469
355 749
355 551
355 413
356 38
356 340
356 354
356 888
356 382
356 415
356 890
356 895
357 38
357 40
357 105
357 267
357 307
357 315
357 353
357 451
357 368
357 920
357 377
357 749
357 514
357 768
357 706
357 961
357 424
357 547
358 39
358 182
358 520
358 710
358 764
359 39
359 54
359 55
359 471
359 360
360 39
360 48
360 79
360 104
360 165
360 192
360 193
360 195
360 200
360 203
360 205
360 209
360 213
360 359
360 795
360 399
360 435
361 39
361 44
361 51
361 68
361 136
361 145
361 154
361 245
361 267
361 339
361 348
361 465
361 962
361 522
361 431
361 543
362 39
362 48
362 192
362 198
362 214
362 217
362 220
362 320
362 324
362 327
362 785
362 440
363 39
363 55
363 143
363 147
363 184
363 195
363 206
363 212
363 332
363 340
363 471
364 39
364 51
364 267
364 339
364 353
364 766
364 953
364 368
364 961
365 39
365 50
365 212
365 349
366 39
366 47
366 49
366 51
366 114
366 124
366 134
366 182
366 240
366 249
366 254
366 286
366 354
366 687
366 686
366 671
366 766
366 467
366 469
366 674
366 963
366 494
366 964
366 531
366 837
366 488
366 965
366 692
366 878
367 40
367 49
367 50
367 65
367 133
367 226
367 261
367 267
367 315
367 333
367 338
367 345
367 350
367 353
367 368
367 961
367 391
367 863
367 659
367 371
367 952
367 414
367 928
368 40
368 71
368 90
368 256
368 267
368 357
368 364
368 367
368 953
368 451
368 578
369 40
369 101
369 394
369 871
369 608
369 416
370 40
370 61
370 144
370 145
370 148
370 151
370 184
370 202
370 299
370 340
370 353
370 415
370 502
370 735
371 40
371 41
371 133
371 144
371 270
371 278
371 279
371 323
371 332
371 367
371 537
371 377
371 466
371 729
372 40
372 45
372 56
372 57
372 61
372 67
372 71
372 242
372 703
372 428
373 40
374 40
374 154
374 329
374 345
374 390
375 40
375 72
375 93
375 95
375 136
375 233
375 265
375 333
375 453
375 611
375 416
375 607
375 966
375 633
375 967
375 609
375 733
375 968
375 396
375 969
375 420
375 629
375 402
375 970
375 605
375 456
375 871
375 428
375 377
376 40
376 133
376 154
376 261
376 971
376 584
376 444
376 428
376 881
376 972
377 40
377 41
377 53
377 72
377 85
377 104
377 147
377 154
377 203
377 226
377 232
377 243
377 269
377 274
377 307
377 312
377 315
377 329
377 357
377 371
377 375
377 752
377 453
377 660
377 390
377 584
377 647
377 412
377 587
377 973
377 389
377 974
377 712
377 388
377 466
377 749
377 661
378 40
378 247
378 832
378 808
378 658
379 41
379 302
379 340
379 384
379 783
379 380
379 381
379 975
379 386
380 41
380 81
380 142
380 182
380 302
380 331
380 332
380 379
380 392
380 503
380 383
380 386
380 382
380 381
380 384
380 889
380 590
380 729
380 385
380 783
380 412
380 551
380 891
381 41
381 273
381 302
381 340
381 379
381 380
381 386
381 783
381 935
381 383
381 384
381 382
381 385
381 976
381 889
381 577
381 592
382 41
382 43
382 302
382 331
382 336
382 356
382 380
382 381
382 383
382 385
382 386
382 503
382 883
383 41
383 182
383 302
383 328
383 330
383 332
383 340
383 380
383 381
383 382
383 891
383 384
383 385
383 392
383 937
383 386
383 783
383 408
383 895
383 542
383 406
383 795
383 577
383 890
384 41
384 302
384 340
384 379
384 380
384 381
384 383
384 889
384 725
384 385
384 783
384 392
384 386
384 895
385 41
385 43
385 298
385 302
385 331
385 380
385 381
385 382
385 383
385 384
385 729
385 503
385 386
386 41
386 134
386 143
386 302
386 379
386 380
386 381
386 382
386 383
386 384
386 385
386 937
386 590
387 41
387 82
387 275
387 403
387 858
387 889
387 957
387 832
387 590
387 395
388 41
388 184
388 298
388 331
388 340
388 355
388 377
388 725
388 433
388 409
388 808
388 883
388 412
388 632
388 787
388 430
388 728
388 395
388 723
388 977
388 884
388 541
388 885
388 755
388 551
388 570
388 886
388 887
389 41
389 48
389 55
389 104
389 115
389 175
389 193
389 195
389 196
389 203
389 204
389 206
389 215
389 219
389 273
389 321
389 326
389 332
389 377
389 724
389 801
389 445
389 785
389 583
389 780
390 41
390 105
390 157
390 374
390 377
390 751
390 656
390 457
390 417
390 978
390 834
390 839
391 41
391 55
391 240
391 247
391 270
391 279
391 299
391 352
391 354
391 355
391 367
391 979
391 537
391 901
391 952
391 845
392 41
392 57
392 182
392 275
392 283
392 298
392 302
392 304
392 331
392 340
392 380
392 383
392 384
392 503
392 891
392 729
392 894
392 892
392 980
392 919
392 893
392 975
392 981
392 982
392 438
392 442
393 41
393 134
394 41
394 157
394 267
394 369
394 660
394 752
394 751
394 766
394 983
394 845
395 41
395 71
395 75
395 89
395 139
395 142
395 146
395 152
395 186
395 242
395 298
395 314
395 331
395 387
395 388
395 744
395 943
395 411
395 742
395 433
395 755
395 503
395 551
395 409
395 984
395 985
395 957
395 889
395 570
395 723
395 465
395 942
395 746
395 541
395 747
395 891
396 41
396 134
396 312
396 375
396 456
396 420
396 467
397 41
397 84
397 270
397 298
397 975
397 755
397 941
397 957
398 41
398 44
398 45
398 201
398 227
398 245
398 269
398 345
398 353
398 355
398 839
398 959
398 571
398 700
399 41
399 78
399 79
399 104
399 193
399 205
399 209
399 321
399 342
399 360
399 573
399 580
400 41
400 79
400 84
400 129
400 161
400 192
400 197
400 204
400 210
400 211
400 214
400 218
400 288
400 326
400 986
400 698
400 583
400 435
400 697
400 801
400 440
400 797
401 41
401 51
401 354
401 987
401 656
401 433
401 904
401 988
402 41
402 375
402 577
402 696
402 544
402 967
402 467
403 41
403 49
403 100
403 103
403 141
403 149
403 208
403 209
403 227
403 270
403 312
403 387
403 572
403 433
403 676
403 989
404 42
404 80
404 81
404 239
404 428
405 43
405 730
405 406
405 407
406 43
406 331
406 355
406 383
406 405
406 407
406 410
406 990
406 409
406 774
406 551
406 729
406 991
407 43
407 405
407 406
407 903
407 730
407 408
407 907
407 645
407 774
407 724
408 43
408 298
408 315
408 336
408 383
408 407
408 891
408 430
408 590
408 704
408 725
408 409
408 410
408 433
408 728
408 858
409 43
409 142
409 226
409 298
409 332
409 355
409 388
409 395
409 406
409 408
409 725
409 891
409 992
409 433
409 412
409 787
409 542
409 410
409 541
409 936
409 430
410 43
410 142
410 406
410 408
410 409
410 539
410 551
410 772
411 43
411 152
411 331
411 395
411 589
411 942
411 742
411 744
411 551
411 412
411 725
411 723
412 43
412 51
412 72
412 136
412 142
412 275
412 308
412 340
412 377
412 380
412 388
412 409
412 411
412 982
412 883
412 589
412 723
412 551
413 43
413 45
413 104
413 185
413 275
413 292
413 299
413 355
413 748
413 433
414 44
414 105
414 154
414 234
414 240
414 267
414 274
414 278
414 315
414 328
414 343
414 353
414 367
414 913
414 826
414 651
414 661
414 548
414 451
414 506
414 537
414 534
414 704
414 567
415 44
415 144
415 184
415 202
415 340
415 354
415 356
415 370
415 850
415 572
416 44
416 278
416 369
416 375
416 871
416 749
416 456
416 611
417 44
417 133
417 154
417 241
417 259
417 345
417 390
417 993
417 483
417 604
417 994
417 522
417 754
418 44
418 847
418 485
418 807
418 563
418 512
418 459
419 44
419 56
419 72
419 76
419 104
419 136
419 250
419 258
419 283
419 328
419 330
419 332
419 334
419 542
419 573
419 774
420 44
420 375
420 396
420 608
421 44
421 72
421 823
421 956
421 995
421 553
421 563
421 446
422 44
422 71
422 256
422 330
422 996
422 659
423 44
424 44
424 105
424 209
424 267
424 307
424 357
424 658
424 839
424 928
424 429
424 816
425 45
425 56
425 57
425 58
425 65
425 68
425 71
425 89
425 281
426 45
426 62
426 70
426 89
426 281
426 507
426 506
426 997
426 508
426 907
426 475
426 863
426 998
426 499
426 867
426 999
426 516
427 45
427 145
427 237
428 45
428 70
428 85
428 121
428 124
428 127
428 185
428 213
428 249
428 283
428 297
428 298
428 320
428 337
428 372
428 375
428 376
428 404
428 453
428 897
428 883
428 1000
428 553
428 459
428 918
428 542
428 816
428 774
428 519
428 545
428 631
428 1001
429 45
429 58
429 64
429 66
429 67
429 89
429 281
429 424
429 496
429 499
429 498
429 484
429 509
430 45
430 134
430 242
430 298
430 331
430 388
430 408
430 409
430 755
430 903
430 891
430 1002
431 45
431 68
431 361
431 931
431 962
431 906
431 1003
431 1004
431 859
431 609
431 821
432 46
432 251
432 328
432 330
432 336
432 686
432 542
432 926
432 801
433 47
433 158
433 238
433 270
433 283
433 298
433 331
433 332
433 388
433 395
433 401
433 403
433 408
433 409
433 413
433 885
433 570
433 886
433 787
433 725
433 541
433 992
433 884
433 551
433 755
433 887
433 883
433 728
433 747
433 635
433 539
433 723
433 467
433 686
433 503
434 48
434 115
434 127
434 306
434 320
434 690
435 48
435 360
435 400
436 48
436 55
436 104
436 129
436 212
436 250
436 273
436 438
437 48
437 200
437 203
437 213
437 304
437 306
437 313
437 321
437 728
437 500
437 724
437 551
438 48
438 57
438 104
438 115
438 127
438 193
438 195
438 205
438 209
438 215
438 217
438 232
438 262
438 273
438 302
438 321
438 392
438 436
438 1005
438 649
439 48
439 239
439 443
439 639
440 48
440 117
440 197
440 211
440 296
440 362
440 400
440 881
440 698
440 697
440 516
440 805
440 583
441 48
441 320
441 321
442 49
442 136
442 141
442 229
442 239
442 247
442 297
442 392
442 808
442 774
442 833
442 748
442 443
442 503
442 538
443 49
443 68
443 69
443 90
443 232
443 236
443 239
443 281
443 439
443 442
444 50
444 133
444 154
444 347
444 376
444 585
444 450
444 587
444 460
444 447
444 567
445 50
445 104
445 115
445 126
445 132
445 191
445 192
445 195
445 203
445 204
445 205
445 207
445 209
445 262
445 273
445 290
445 321
445 342
445 389
445 467
445 694
445 914
445 593
445 640
446 50
446 72
446 237
446 263
446 421
446 823
446 483
446 563
446 995
446 481
446 1006
446 476
446 474
446 815
447 50
447 133
447 444
448 50
448 455
449 50
449 458
449 730
450 50
450 274
450 278
450 444
450 506
450 771
450 499
450 949
450 1007
450 661
450 537
450 835
451 51
451 80
451 105
451 136
451 234
451 240
451 242
451 267
451 307
451 357
451 368
451 414
451 687
451 656
451 653
451 1008
451 454
451 1009
451 514
451 1010
451 913
451 651
451 655
451 662
451 587
451 661
451 455
452 51
452 237
452 483
452 563
452 686
453 51
453 53
453 80
453 85
453 88
453 92
453 94
453 114
453 136
453 188
453 190
453 228
453 375
453 377
453 428
453 622
453 820
453 1011
453 623
453 624
453 602
453 1012
453 621
453 620
453 1013
453 603
453 703
453 463
453 597
453 707
453 577
454 51
454 71
454 187
454 351
454 451
454 587
454 653
454 514
454 659
455 51
455 234
455 240
455 307
455 448
455 451
455 1008
455 816
455 760
456 51
456 93
456 95
456 134
456 312
456 314
456 332
456 333
456 375
456 396
456 416
456 922
456 467
457 51
457 105
457 234
457 256
457 259
457 274
457 275
457 307
457 313
457 390
457 1014
457 1000
457 1015
457 602
457 706
457 547
457 631
457 839
458 51
458 136
458 449
458 1016
458 699
458 1017
458 979
458 1018
458 700
458 839
458 841
459 51
459 80
459 81
459 130
459 237
459 418
459 428
459 756
459 532
459 563
459 553
459 1019
459 994
459 470
459 512
459 483
459 1020
459 485
459 847
459 1021
459 921
459 1022
459 476
459 1023
459 1024
459 486
459 1025
459 1026
459 1001
460 51
460 444
460 631
461 53
461 75
461 989
461 1008
461 1027
461 817
462 53
463 53
463 88
463 188
463 190
463 236
463 453
463 820
463 623
463 773
463 625
463 602
463 1028
463 624
463 1012
464 53
464 92
464 601
464 544
465 53
465 68
465 73
465 75
465 186
465 240
465 313
465 332
465 343
465 361
465 395
465 764
465 710
465 548
465 522
465 637
465 1029
465 1030
466 53
466 72
466 75
466 105
466 134
466 187
466 351
466 371
466 377
466 659
466 587
466 769
466 768
466 653
466 951
466 818
466 467
466 548
466 469
466 1009
467 54
467 74
467 100
467 104
467 115
467 129
467 207
467 302
467 314
467 336
467 354
467 355
467 366
467 396
467 402
467 433
467 445
467 456
467 466
467 1031
467 931
467 648
467 1032
467 911
467 488
467 835
467 557
467 964
467 572
467 551
468 54
468 117
468 335
469 55
469 60
469 67
469 115
469 131
469 199
469 243
469 273
469 332
469 355
469 366
469 466
469 499
469 809
469 500
469 520
469 835
470 55
470 459
470 512
470 756
470 807
470 847
470 1033
470 544
471 55
471 104
471 195
471 203
471 211
471 212
471 218
471 258
471 359
471 363
471 695
472 55
472 195
472 206
473 55
473 200
473 201
473 212
474 56
474 64
474 132
474 240
474 446
474 708
474 1019
474 1034
474 1006
474 848
474 553
474 482
475 56
475 61
475 62
475 64
475 426
475 869
475 479
475 484
475 507
475 756
476 56
476 64
476 446
476 459
476 995
476 482
476 932
476 1019
476 994
476 1035
476 485
477 56
477 563
478 56
478 308
478 479
478 1036
478 956
478 553
478 480
478 848
478 563
479 56
479 134
479 475
479 478
479 1036
479 956
479 482
479 810
479 995
479 874
479 674
480 56
480 64
480 130
480 133
480 478
480 708
480 1037
480 486
480 662
480 705
480 690
480 563
480 846
480 1038
480 553
481 56
481 300
481 446
481 867
481 848
481 994
482 56
482 63
482 64
482 474
482 476
482 479
482 1039
482 486
482 490
482 521
482 1040
482 496
482 606
482 708
482 483
482 1041
482 1007
482 563
482 498
482 1034
482 1042
482 1021
482 485
482 994
482 868
483 56
483 240
483 338
483 417
483 446
483 452
483 459
483 482
483 485
483 708
483 563
483 994
483 548
483 869
483 870
483 1023
484 56
484 59
484 60
484 63
484 64
484 66
484 67
484 89
484 281
484 284
484 429
484 475
484 509
484 604
484 507
485 56
485 418
485 459
485 476
485 482
485 483
485 564
485 756
485 921
485 1019
485 994
485 512
485 847
485 1022
485 1035
486 56
486 133
486 237
486 459
486 480
486 482
486 563
486 756
486 1025
486 1043
486 1044
487 57
488 57
488 162
488 194
488 254
488 286
488 332
488 343
488 354
488 366
488 467
488 494
488 873
488 693
488 674
488 688
488 877
488 1045
489 57
489 66
489 169
489 490
490 57
490 66
490 482
490 489
490 496
490 606
490 521
490 1040
490 631
490 516
491 57
491 69
491 165
492 57
493 57
494 57
494 69
494 222
494 223
494 282
494 289
494 294
494 315
494 354
494 366
494 488
494 805
494 873
494 688
494 1046
494 874
494 667
494 877
494 693
495 58
495 978
496 58
496 429
496 482
496 490
496 606
496 1040
497 58
497 1047
497 763
497 699
497 978
497 498
498 58
498 255
498 429
498 482
498 497
498 1000
498 1048
498 700
499 60
499 67
499 68
499 71
499 284
499 426
499 429
499 450
499 469
499 606
499 538
499 505
499 536
499 506
499 561
499 729
499 507
500 60
500 103
500 131
500 170
500 216
500 243
500 272
500 352
500 354
500 437
500 469
500 659
500 642
500 637
500 820
500 548
500 817
501 60
502 61
502 104
502 191
502 202
502 203
502 213
502 236
502 262
502 266
502 336
502 370
502 504
502 572
502 650
503 61
503 73
503 134
503 139
503 141
503 142
503 238
503 242
503 298
503 331
503 380
503 382
503 385
503 392
503 395
503 433
503 442
503 1049
503 729
503 892
503 891
503 980
503 919
503 723
503 725
503 894
503 832
503 548
503 551
504 61
504 73
504 139
504 145
504 148
504 353
504 502
504 735
504 572
504 740
505 62
505 63
505 68
505 284
505 499
505 524
505 508
506 62
506 71
506 89
506 146
506 414
506 426
506 450
506 499
506 508
506 889
506 606
506 561
506 539
506 516
506 998
506 941
507 62
507 70
507 284
507 426
507 475
507 484
507 499
507 510
507 754
507 606
507 717
507 508
508 62
508 68
508 426
508 505
508 506
508 507
508 520
508 1049
508 711
509 63
509 64
509 67
509 71
509 89
509 281
509 429
509 484
510 64
510 67
510 70
510 71
510 507
511 64
511 197
511 247
511 340
511 697
511 907
511 903
511 1050
511 888
511 774
511 808
511 833
511 895
511 832
511 991
512 64
512 237
512 332
512 418
512 459
512 470
512 485
512 847
512 807
512 756
512 1033
512 563
513 64
513 1051
514 65
514 315
514 357
514 451
514 454
514 770
515 66
516 66
516 117
516 319
516 426
516 440
516 490
516 506
517 66
517 84
517 87
517 192
517 214
517 226
517 591
517 593
517 599
517 600
517 598
517 531
517 835
518 66
519 67
519 81
519 136
519 304
519 428
520 68
520 358
520 469
520 508
520 764
520 710
520 577
520 1015
520 528
521 68
521 482
521 490
521 606
522 68
522 313
522 348
522 361
522 417
522 465
522 821
522 1052
522 764
522 527
522 569
522 545
523 68
523 134
523 577
524 68
524 505
525 68
526 68
526 313
526 901
526 528
526 557
526 911
526 1053
527 68
527 72
527 225
527 522
527 764
527 821
527 548
528 68
528 520
528 526
528 557
528 902
529 69
529 949
530 69
530 880
531 69
531 109
531 112
531 116
531 119
531 166
531 167
531 181
531 217
531 226
531 236
531 279
531 315
531 332
531 334
531 354
531 366
531 517
531 704
531 686
531 1054
531 830
531 679
531 653
532 70
532 135
532 459
532 756
532 611
533 71
533 232
533 307
534 71
534 414
534 1055
535 71
535 130
536 71
536 499
537 71
537 105
537 352
537 371
537 391
537 414
537 450
537 949
537 1056
538 71
538 442
538 499
539 71
539 149
539 284
539 410
539 433
539 506
540 71
540 234
540 307
540 343
540 548
540 1008
541 71
541 283
541 298
541 328
541 388
541 395
541 409
541 433
541 755
541 724
541 725
541 551
541 728
541 887
541 832
541 885
542 72
542 121
542 283
542 328
542 330
542 331
542 332
542 334
542 355
542 383
542 409
542 419
542 428
542 432
542 557
542 616
542 580
542 720
542 686
542 1033
542 708
543 72
543 361
544 72
544 104
544 121
544 134
544 199
544 216
544 299
544 332
544 338
544 402
544 464
544 470
544 580
544 708
544 720
544 640
545 72
545 428
545 522
545 1052
545 1057
545 568
546 72
546 131
546 290
547 72
547 357
547 457
548 73
548 180
548 185
548 222
548 343
548 414
548 465
548 466
548 483
548 500
548 503
548 527
548 540
548 830
548 567
548 563
548 659
548 1058
548 550
548 764
548 815
549 73
550 73
550 182
550 307
550 345
550 548
550 764
551 73
551 298
551 355
551 380
551 388
551 395
551 406
551 410
551 411
551 412
551 433
551 437
551 467
551 503
551 541
551 725
551 884
551 885
551 755
551 787
551 570
551 886
551 887
551 728
551 724
551 729
551 589
551 883
552 73
552 75
552 567
552 1059
552 662
552 1060
552 852
553 73
553 80
553 100
553 136
553 277
553 338
553 350
553 421
553 428
553 459
553 474
553 478
553 480
553 868
553 927
553 848
553 1061
553 1006
553 564
553 708
553 823
553 867
553 563
554 73
554 123
554 220
554 247
554 311
554 859
554 832
554 686
554 1062
554 1008
554 774
554 591
554 833
555 74
555 143
555 266
555 572
556 74
556 151
556 266
556 572
556 720
556 719
557 74
557 313
557 332
557 467
557 526
557 528
557 542
557 911
557 902
557 1053
557 901
558 74
558 143
558 151
558 184
558 740
559 74
559 211
559 1063
560 74
560 911
560 901
560 1053
560 1064
560 859
560 1065
561 75
561 187
561 315
561 351
561 499
561 506
561 587
561 653
561 659
561 567
561 768
561 676
561 577
562 75
562 119
562 120
562 164
562 167
562 171
562 181
563 75
563 237
563 263
563 277
563 330
563 332
563 343
563 418
563 421
563 446
563 452
563 459
563 477
563 478
563 480
563 482
563 483
563 486
563 512
563 548
563 553
563 995
563 868
563 994
563 761
563 867
563 823
563 848
563 577
563 847
563 708
563 956
563 807
563 659
563 1025
564 75
564 132
564 135
564 286
564 338
564 485
564 553
564 815
564 823
564 1037
565 75
565 182
565 189
565 566
565 881
566 75
566 86
566 182
566 186
566 189
566 565
567 75
567 93
567 134
567 234
567 256
567 267
567 278
567 321
567 343
567 352
567 414
567 444
567 548
567 552
567 561
567 655
567 597
567 1060
567 659
567 953
568 75
568 109
568 113
568 116
568 118
568 119
568 123
568 184
568 545
568 668
569 75
569 522
570 75
570 298
570 340
570 388
570 395
570 433
570 551
570 594
570 887
570 884
570 885
570 787
570 755
570 886
570 725
571 75
571 183
571 255
571 398
571 611
571 959
571 979
571 658
572 75
572 83
572 139
572 144
572 145
572 146
572 147
572 148
572 149
572 151
572 184
572 189
572 202
572 266
572 299
572 340
572 353
572 403
572 415
572 467
572 502
572 504
572 555
572 556
572 709
572 850
573 76
573 91
573 332
573 399
573 419
574 77
575 78
575 135
575 338
576 78
576 79
577 79
577 104
577 141
577 149
577 184
577 187
577 188
577 210
577 217
577 226
577 241
577 326
577 340
577 352
577 381
577 383
577 402
577 453
577 520
577 523
577 561
577 563
577 1066
577 1067
577 610
577 1068
577 670
577 655
577 1069
577 602
577 603
577 658
577 1070
577 810
577 865
577 890
577 714
578 79
578 183
578 368
578 843
579 79
579 185
580 79
580 328
580 399
580 542
580 544
580 685
581 79
581 100
581 756
582 79
583 79
583 160
583 161
583 170
583 175
583 176
583 197
583 288
583 296
583 326
583 389
583 400
583 440
583 805
583 779
583 698
584 80
584 130
584 133
584 136
584 154
584 232
584 236
584 240
584 245
584 253
584 269
584 329
584 347
584 376
584 377
584 662
584 676
584 705
584 690
584 982
584 699
585 80
585 133
585 134
585 154
585 201
585 355
585 444
585 882
585 637
586 80
586 337
586 1030
586 1071
587 80
587 81
587 105
587 136
587 187
587 240
587 242
587 268
587 351
587 377
587 444
587 451
587 454
587 466
587 561
587 951
587 653
587 952
587 769
587 768
587 655
587 659
587 950
587 654
587 818
587 771
587 1072
587 953
587 686
588 81
588 186
588 661
589 82
589 142
589 152
589 232
589 238
589 297
589 298
589 346
589 355
589 411
589 412
589 551
589 939
589 742
589 746
589 944
589 743
589 960
589 945
589 747
589 723
589 590
589 755
589 729
590 83
590 141
590 142
590 152
590 238
590 242
590 275
590 283
590 331
590 355
590 380
590 386
590 387
590 408
590 589
590 723
590 944
590 725
590 743
590 724
590 742
590 745
591 84
591 192
591 214
591 218
591 221
591 290
591 326
591 517
591 554
591 1073
591 594
591 649
591 593
591 894
591 724
592 84
592 115
592 273
592 381
592 1074
592 744
592 1075
592 694
593 84
593 87
593 126
593 192
593 197
593 203
593 204
593 214
593 221
593 273
593 445
593 517
593 591
593 599
593 647
593 598
593 600
593 694
594 84
594 218
594 326
594 570
594 591
594 724
595 84
595 104
595 199
595 207
595 208
595 741
595 785
596 85
596 93
596 597
597 85
597 93
597 97
597 99
597 134
597 265
597 278
597 453
597 567
597 596
597 707
597 1031
597 714
597 924
597 620
597 1076
597 653
597 1061
597 622
597 740
597 952
597 602
598 87
598 192
598 195
598 215
598 217
598 220
598 316
598 517
598 593
598 785
598 600
598 779
599 87
599 192
599 517
599 593
599 741
599 724
599 964
600 87
600 192
600 517
600 593
600 598
600 1045
601 88
601 92
601 98
601 182
601 188
601 464
601 622
601 621
602 88
602 89
602 92
602 185
602 337
602 453
602 457
602 463
602 577
602 597
602 620
602 854
602 740
602 629
603 88
603 89
603 182
603 453
603 577
603 620
604 89
604 417
604 484
605 89
605 93
605 134
605 375
605 871
606 89
606 133
606 232
606 482
606 490
606 496
606 499
606 506
606 507
606 521
606 1040
607 89
607 333
607 375
607 923
607 633
607 984
608 89
608 369
608 420
608 871
609 89
609 95
609 375
609 431
609 821
609 1077
609 966
609 611
609 1078
610 90
610 130
610 314
610 347
610 577
610 1000
610 613
611 90
611 95
611 135
611 255
611 333
611 375
611 416
611 532
611 571
611 609
611 967
611 1079
611 1080
611 984
611 922
611 1081
611 1082
611 1083
612 90
612 229
612 1018
613 90
613 102
613 130
613 255
613 268
613 610
613 853
613 699
614 90
615 91
616 91
616 131
616 199
616 542
616 1084
617 91
618 91
619 91
619 269
619 335
620 92
620 453
620 597
620 602
620 603
620 736
621 92
621 188
621 190
621 453
621 601
621 622
621 1012
622 92
622 188
622 453
622 597
622 601
622 621
623 92
623 236
623 453
623 463
623 820
624 92
624 182
624 453
624 463
624 676
625 92
625 463
626 92
626 97
626 635
627 92
628 92
628 117
628 197
628 206
628 217
628 325
628 326
628 682
628 639
629 93
629 375
629 602
629 871
630 93
630 236
631 93
631 94
631 269
631 350
631 428
631 457
631 460
631 490
632 93
632 142
632 162
632 232
632 236
632 242
632 388
632 729
632 858
633 95
633 333
633 375
633 607
633 984
633 923
633 871
633 968
633 1077
634 97
635 97
635 433
635 626
635 736
635 1013
636 100
637 100
637 131
637 185
637 337
637 465
637 500
637 585
637 676
638 102
638 185
639 103
639 217
639 322
639 439
639 628
640 104
640 128
640 199
640 332
640 445
640 544
640 642
640 641
640 645
640 644
641 104
641 115
641 197
641 199
641 209
641 214
641 215
641 640
641 642
642 104
642 128
642 199
642 500
642 640
642 641
642 644
643 104
644 104
644 199
644 640
644 642
645 104
645 199
645 407
645 640
646 104
646 126
646 197
646 199
646 220
646 786
646 782
646 785
647 104
647 115
647 126
647 204
647 207
647 377
647 593
647 791
647 694
648 104
648 126
648 139
648 141
648 157
648 193
648 198
648 467
648 659
648 772
648 782
649 104
649 200
649 213
649 218
649 334
649 438
649 591
649 774
649 695
649 697
650 104
650 502
650 1085
651 105
651 414
651 451
652 105
652 852
653 105
653 187
653 278
653 351
653 451
653 454
653 466
653 531
653 561
653 587
653 597
653 659
653 769
653 768
653 655
653 771
654 105
654 587
655 105
655 351
655 451
655 567
655 577
655 587
655 653
655 768
655 952
656 105
656 267
656 390
656 401
656 451
656 824
656 978
656 845
656 660
656 751
657 105
657 307
657 332
657 339
657 934
657 1086
657 1087
657 986
657 1088
658 105
658 255
658 267
658 378
658 424
658 571
658 577
658 852
659 105
659 187
659 232
659 256
659 343
659 351
659 367
659 422
659 454
659 466
659 500
659 548
659 561
659 563
659 567
659 587
659 648
659 653
659 768
659 771
659 1059
659 961
659 663
659 676
660 105
660 157
660 337
660 377
660 394
660 656
660 753
660 1083
660 751
660 703
660 983
661 105
661 136
661 155
661 234
661 315
661 377
661 414
661 450
661 451
661 588
661 714
662 105
662 133
662 187
662 267
662 451
662 480
662 552
662 584
662 705
662 690
662 1089
663 105
663 659
663 1090
664 105
664 989
665 106
665 258
665 323
665 354
666 106
667 106
667 114
667 289
667 354
667 494
667 879
667 693
668 109
668 113
668 118
668 119
668 178
668 568
669 111
670 111
670 194
670 279
670 289
670 354
670 577
670 835
670 777
670 1091
671 112
671 129
671 209
671 258
671 366
672 114
672 328
673 114
673 223
674 114
674 194
674 223
674 366
674 479
674 488
674 874
674 1046
674 693
675 115
675 209
675 304
676 115
676 130
676 154
676 212
676 253
676 343
676 403
676 561
676 584
676 624
676 637
676 659
677 115
677 195
677 222
678 115
679 115
679 127
679 210
679 531
679 1092
680 115
680 325
681 116
681 135
682 117
682 628
683 117
683 125
684 119
685 121
685 283
685 580
686 121
686 155
686 198
686 249
686 305
686 350
686 366
686 432
686 433
686 452
686 531
686 542
686 554
686 587
686 1006
686 703
686 702
686 691
686 697
686 1066
686 1000
687 121
687 213
687 299
687 366
687 451
687 883
688 121
688 272
688 488
688 494
688 693
689 123
690 123
690 133
690 167
690 195
690 354
690 434
690 480
690 584
690 662
690 974
690 705
690 852
691 124
691 148
691 199
691 213
691 218
691 232
691 320
691 686
691 883
692 124
692 134
692 289
692 354
692 366
692 1085
693 124
693 194
693 254
693 276
693 279
693 289
693 354
693 488
693 494
693 667
693 674
693 688
693 1093
694 126
694 195
694 197
694 205
694 218
694 273
694 445
694 592
694 593
694 647
694 695
694 785
695 126
695 215
695 218
695 471
695 649
695 694
696 127
696 319
696 320
696 322
696 402
696 774
696 789
697 129
697 191
697 197
697 204
697 206
697 209
697 210
697 211
697 214
697 218
697 342
697 400
697 440
697 511
697 649
697 686
697 789
697 796
697 800
698 129
698 161
698 296
698 400
698 440
698 583
698 1094
698 805
698 986
698 878
699 130
699 182
699 458
699 497
699 584
699 613
699 839
700 130
700 268
700 398
700 458
700 498
700 839
700 1095
701 130
701 155
701 236
701 249
701 268
702 130
702 686
702 782
703 130
703 372
703 453
703 660
703 686
703 774
704 133
704 193
704 236
704 350
704 408
704 414
704 531
704 995
704 1096
705 133
705 480
705 584
705 662
705 690
705 993
705 846
705 1097
705 1042
705 1037
705 1038
705 754
706 133
706 236
706 315
706 357
706 457
706 852
706 1009
706 824
706 953
707 133
707 453
707 597
708 133
708 237
708 474
708 480
708 482
708 483
708 542
708 544
708 553
708 563
708 815
708 1037
708 1034
708 1097
708 848
709 134
709 266
709 572
709 720
709 850
709 732
709 731
710 134
710 136
710 185
710 232
710 251
710 268
710 312
710 329
710 349
710 358
710 465
710 520
710 860
710 1049
710 899
711 134
711 312
711 314
711 508
711 794
712 134
712 377
713 134
713 1098
713 987
714 134
714 182
714 577
714 597
714 661
714 949
715 135
715 255
716 135
717 135
717 259
717 312
717 507
717 811
718 139
718 140
718 147
718 266
718 907
719 139
719 146
719 353
719 556
720 139
720 148
720 542
720 544
720 556
720 709
721 139
722 140
722 141
722 142
722 151
722 736
723 141
723 182
723 331
723 355
723 388
723 395
723 411
723 412
723 433
723 503
723 589
723 590
723 944
723 743
723 939
723 746
723 985
723 1099
723 957
723 940
723 745
723 945
724 142
724 198
724 218
724 283
724 290
724 298
724 355
724 389
724 407
724 437
724 541
724 551
724 590
724 591
724 594
724 599
724 725
724 728
724 797
724 786
724 729
725 142
725 182
725 298
725 384
725 388
725 408
725 409
725 411
725 433
725 503
725 541
725 551
725 570
725 590
725 724
725 728
725 977
725 884
725 885
725 755
725 787
725 886
725 887
726 142
726 350
727 142
727 730
727 991
727 1002
727 975
728 142
728 283
728 298
728 304
728 388
728 408
728 433
728 437
728 541
728 551
728 724
728 725
728 858
729 142
729 298
729 331
729 371
729 380
729 385
729 392
729 406
729 499
729 503
729 551
729 589
729 632
729 724
729 755
729 982
729 944
729 981
729 980
730 142
730 405
730 407
730 449
730 727
730 973
730 1002
730 991
731 143
731 709
732 143
732 709
733 143
733 375
733 820
734 144
734 151
735 144
735 184
735 340
735 370
735 504
735 936
736 145
736 148
736 151
736 620
736 635
736 722
737 146
737 792
738 146
738 151
739 151
740 151
740 156
740 504
740 558
740 597
740 602
741 151
741 184
741 221
741 595
741 599
741 964
742 152
742 332
742 346
742 395
742 411
742 589
742 590
742 747
742 944
742 943
742 745
743 152
743 355
743 589
743 590
743 723
743 745
743 944
743 744
743 782
743 747
744 152
744 355
744 395
744 411
744 592
744 743
744 939
744 747
744 944
744 745
745 152
745 346
745 590
745 723
745 742
745 743
745 744
745 944
745 747
746 152
746 355
746 395
746 589
746 723
747 152
747 346
747 395
747 433
747 589
747 742
747 743
747 744
747 745
747 939
747 1074
748 156
748 305
748 413
748 442
749 157
749 270
749 355
749 357
749 377
749 416
749 871
750 157
751 157
751 390
751 394
751 656
751 660
752 157
752 377
752 394
752 753
753 157
753 660
753 752
753 811
754 157
754 259
754 417
754 507
754 705
755 158
755 275
755 298
755 388
755 395
755 397
755 430
755 433
755 541
755 551
755 570
755 589
755 725
755 729
755 884
755 885
755 787
755 886
755 887
755 774
756 159
756 459
756 470
756 475
756 485
756 486
756 512
756 532
756 581
756 1044
756 1026
756 807
756 1100
756 1019
756 1024
756 847
756 1025
757 159
758 159
759 162
760 175
760 307
760 338
760 339
760 455
760 934
760 929
761 181
761 563
762 181
763 182
763 497
763 1047
764 182
764 312
764 358
764 465
764 520
764 522
764 527
764 548
764 550
764 794
764 821
764 1101
764 1052
765 182
765 186
765 773
766 184
766 267
766 353
766 364
766 366
766 394
767 185
767 1102
768 187
768 255
768 351
768 357
768 466
768 561
768 587
768 653
768 655
768 659
768 769
768 952
769 187
769 466
769 587
769 653
769 768
769 818
769 974
769 1072
770 187
770 514
770 1103
770 952
771 187
771 450
771 587
771 653
771 659
771 818
772 188
772 410
772 648
772 975
773 188
773 463
773 765
773 895
774 191
774 192
774 197
774 216
774 229
774 247
774 330
774 406
774 407
774 419
774 428
774 442
774 511
774 554
774 649
774 696
774 703
774 755
774 832
774 883
774 808
774 833
775 191
775 239
776 193
776 195
777 194
777 336
777 670
778 195
779 195
779 196
779 197
779 198
779 214
779 215
779 217
779 220
779 288
779 316
779 326
779 583
779 598
779 785
780 195
780 210
780 288
780 389
781 196
782 197
782 204
782 292
782 646
782 648
782 702
782 743
782 785
783 198
783 379
783 380
783 381
783 383
783 384
783 889
783 935
783 884
783 894
783 890
784 198
785 198
785 214
785 215
785 220
785 288
785 362
785 389
785 595
785 598
785 646
785 694
785 779
785 782
786 199
786 646
786 724
787 199
787 298
787 388
787 409
787 433
787 551
787 570
787 725
787 755
787 884
787 885
787 886
787 887
788 202
789 203
789 218
789 696
789 697
790 203
791 204
791 207
791 210
791 211
791 218
791 647
792 211
792 212
792 737
792 1066
792 1068
792 1004
792 1104
792 1077
793 211
793 216
793 808
794 211
794 312
794 314
794 711
794 764
794 1065
794 902
795 212
795 360
795 383
796 212
796 697
797 215
797 400
797 724
798 217
798 925
799 218
800 218
800 697
801 219
801 389
801 400
801 432
801 1105
802 221
803 221
804 222
805 223
805 224
805 440
805 494
805 583
805 698
806 226
806 849
807 227
807 418
807 470
807 512
807 563
807 756
807 1096
807 847
807 1033
807 1022
808 229
808 247
808 378
808 388
808 442
808 511
808 774
808 793
808 832
808 833
809 230
809 253
809 333
809 469
810 232
810 301
810 479
810 577
810 1036
810 956
811 232
811 238
811 717
811 753
811 845
812 232
812 238
813 232
813 824
814 232
814 269
815 232
815 269
815 446
815 548
815 564
815 708
815 848
815 846
815 822
816 233
816 307
816 424
816 428
816 455
817 234
817 461
817 500
817 989
818 236
818 466
818 587
818 769
818 771
818 952
818 1057
818 951
819 236
819 852
820 236
820 453
820 463
820 500
820 623
820 733
821 236
821 431
821 522
821 527
821 609
821 764
821 1052
822 237
822 815
823 237
823 277
823 421
823 446
823 553
823 563
823 564
823 1035
823 869
823 867
823 1106
824 238
824 656
824 706
824 813
825 239
825 242
826 240
826 315
826 330
826 414
827 241
827 1061
828 242
828 269
828 350
829 242
830 242
830 531
830 548
830 975
831 243
832 247
832 378
832 387
832 503
832 511
832 541
832 554
832 774
832 808
832 833
832 907
833 247
833 442
833 511
833 554
833 774
833 808
833 832
833 1107
834 250
834 390
835 254
835 270
835 450
835 467
835 469
835 517
835 670
835 1108
835 858
835 1009
835 1109
835 1110
836 254
836 289
836 837
836 879
837 254
837 289
837 354
837 366
837 836
838 254
838 286
839 255
839 390
839 398
839 424
839 457
839 458
839 699
839 700
839 979
840 255
840 352
841 255
841 458
842 256
843 256
843 307
843 350
843 578
844 259
845 259
845 339
845 391
845 394
845 656
845 811
846 263
846 277
846 300
846 480
846 705
846 815
846 1097
846 1042
846 1034
846 1038
847 263
847 277
847 418
847 459
847 470
847 485
847 512
847 563
847 756
847 807
847 1044
847 1097
847 1033
848 263
848 300
848 474
848 478
848 481
848 553
848 563
848 708
848 815
848 1034
848 1042
848 1036
848 1097
849 264
849 806
850 266
850 415
850 572
850 709
851 266
852 267
852 552
852 652
852 658
852 690
852 706
852 819
852 928
853 268
853 613
853 868
854 268
854 602
854 1111
854 870
854 922
854 867
854 868
855 269
856 269
857 269
858 270
858 275
858 353
858 387
858 408
858 632
858 728
858 835
858 1112
859 270
859 311
859 431
859 554
859 560
859 962
859 1004
859 906
860 270
860 332
860 710
860 1049
860 988
860 987
861 272
862 273
863 274
863 367
863 426
864 275
864 975
864 1112
865 275
865 577
866 276
867 277
867 426
867 481
867 553
867 563
867 823
867 854
867 868
867 1111
867 869
868 277
868 482
868 553
868 563
868 853
868 854
868 867
868 1111
869 277
869 332
869 350
869 475
869 483
869 823
869 867
869 1034
869 870
869 1113
869 1037
870 277
870 483
870 854
870 869
871 278
871 369
871 375
871 416
871 605
871 608
871 629
871 633
871 749
872 286
873 286
873 354
873 488
873 494
873 1114
874 286
874 294
874 479
874 494
874 674
875 286
876 286
876 296
877 286
877 488
877 494
877 1094
878 286
878 366
878 698
879 289
879 667
879 836
880 295
880 307
880 329
880 341
880 530
881 296
881 376
881 440
881 565
882 297
882 585
883 297
883 298
883 340
883 382
883 388
883 412
883 428
883 433
883 551
883 687
883 691
883 774
883 1115
884 298
884 388
884 433
884 551
884 570
884 725
884 755
884 783
884 787
884 885
884 886
884 887
885 298
885 388
885 433
885 541
885 551
885 570
885 725
885 755
885 787
885 884
885 886
885 887
886 298
886 388
886 433
886 551
886 570
886 725
886 755
886 787
886 884
886 885
886 887
887 298
887 388
887 433
887 541
887 551
887 570
887 725
887 755
887 787
887 884
887 885
887 886
888 302
888 340
888 356
888 511
888 895
888 935
888 890
889 302
889 340
889 380
889 381
889 384
889 387
889 395
889 506
889 783
889 1116
889 977
890 302
890 340
890 356
890 383
890 577
890 783
890 888
890 906
890 895
891 302
891 340
891 380
891 383
891 392
891 395
891 408
891 409
891 430
891 503
892 302
892 331
892 392
892 503
893 302
893 392
893 980
893 1010
893 982
893 894
893 975
893 919
893 981
894 302
894 331
894 392
894 503
894 591
894 783
894 893
894 980
894 975
894 982
894 919
895 302
895 340
895 356
895 383
895 384
895 511
895 773
895 888
895 890
895 935
895 923
896 303
897 305
897 428
897 1117
898 305
898 310
898 899
899 305
899 710
899 898
899 1057
900 306
901 309
901 313
901 391
901 526
901 557
901 560
901 1065
901 911
902 309
902 528
902 557
902 794
903 311
903 407
903 430
903 511
903 1050
903 907
904 311
904 331
904 355
904 401
905 311
906 311
906 431
906 859
906 890
906 1003
906 1004
906 1066
906 1068
906 910
907 311
907 335
907 340
907 407
907 426
907 511
907 718
907 832
907 903
907 991
907 1002
908 312
909 312
909 1068
909 1066
909 1004
909 1104
909 1077
910 312
910 906
911 313
911 467
911 526
911 557
911 560
911 901
911 1065
911 1064
911 1053
912 315
913 315
913 414
913 451
914 318
914 321
914 445
915 320
916 321
917 325
918 329
918 428
918 1118
919 331
919 392
919 503
919 893
919 894
919 980
919 982
920 332
920 357
920 1089
921 332
921 459
921 485
921 1001
922 333
922 456
922 611
922 854
922 1022
923 333
923 607
923 633
923 895
923 984
924 333
924 597
925 334
925 798
926 336
926 432
927 338
927 553
927 1061
928 338
928 367
928 424
928 852
929 338
929 353
929 760
929 1119
930 338
930 1010
930 1120
931 338
931 431
931 467
931 962
931 1004
932 338
932 476
933 339
934 339
934 657
934 760
934 986
934 1086
935 340
935 381
935 783
935 888
935 895
936 340
936 409
936 735
937 340
937 383
937 386
938 343
939 346
939 589
939 723
939 744
939 747
939 940
939 945
940 346
940 723
940 939
940 941
941 346
941 397
941 506
941 940
941 957
942 346
942 395
942 411
943 346
943 395
943 742
944 346
944 355
944 589
944 590
944 723
944 729
944 742
944 743
944 744
944 745
945 346
945 355
945 589
945 723
945 939
946 348
947 349
948 349
949 351
949 450
949 529
949 537
949 714
949 951
950 351
950 587
951 351
951 466
951 587
951 818
951 949
952 351
952 367
952 391
952 587
952 597
952 655
952 768
952 770
952 818
953 352
953 364
953 368
953 567
953 587
953 706
953 961
954 353
955 354
956 354
956 421
956 478
956 479
956 563
956 810
956 1036
956 994
956 995
957 354
957 387
957 395
957 397
957 723
957 941
957 1062
957 1099
957 985
958 354
959 355
959 398
959 571
959 1121
960 355
960 589
961 357
961 364
961 367
961 659
961 953
962 361
962 431
962 859
962 931
963 366
964 366
964 467
964 599
964 741
965 366
966 375
966 609
967 375
967 402
967 611
967 1083
967 1079
968 375
968 633
969 375
970 375
971 376
972 376
973 377
973 730
974 377
974 690
974 769
975 379
975 392
975 397
975 727
975 772
975 830
975 864
975 893
975 894
975 980
975 982
976 381
977 388
977 725
977 889
978 390
978 495
978 497
978 656
978 1122
979 391
979 458
979 571
979 839
979 1067
980 392
980 503
980 729
980 893
980 894
980 919
980 975
980 1123
980 982
981 392
981 729
981 893
982 392
982 412
982 584
982 729
982 893
982 894
982 919
982 975
982 980
983 394
983 660
984 395
984 607
984 611
984 633
984 923
985 395
985 723
985 957
986 400
986 657
986 698
986 934
986 1086
987 401
987 713
987 860
987 1049
988 401
988 860
988 1049
989 403
989 461
989 664
989 817
989 1008
990 406
991 406
991 511
991 727
991 730
991 907
991 1002
992 409
992 433
993 417
993 705
994 417
994 459
994 476
994 481
994 482
994 483
994 485
994 563
994 956
994 1042
994 1111
994 995
994 1025
995 421
995 446
995 476
995 479
995 563
995 704
995 956
995 994
996 422
996 1122
997 426
997 1124
998 426
998 506
999 426
1000 428
1000 457
1000 498
1000 610
1000 686
1000 1048
1000 1125
1001 428
1001 459
1001 921
1002 430
1002 727
1002 730
1002 907
1002 991
1003 431
1003 906
1003 1066
1003 1004
1003 1068
1003 1104
1004 431
1004 792
1004 859
1004 906
1004 909
1004 931
1004 1003
1004 1066
1004 1068
1004 1104
1004 1069
1005 438
1006 446
1006 474
1006 553
1006 686
1007 450
1007 482
1008 451
1008 455
1008 461
1008 540
1008 554
1008 989
1008 1126
1009 451
1009 466
1009 706
1009 835
1010 451
1010 893
1010 930
1011 453
1012 453
1012 463
1012 621
1013 453
1013 635
1014 457
1015 457
1015 520
1016 458
1016 1067
1016 1018
1017 458
1018 458
1018 612
1018 1016
1018 1067
1019 459
1019 474
1019 476
1019 485
1019 756
1020 459
1021 459
1021 482
1022 459
1022 485
1022 807
1022 922
1022 1127
1023 459
1023 483
1023 1096
1024 459
1024 756
1025 459
1025 486
1025 563
1025 756
1025 994
1025 1044
1026 459
1026 756
1027 461
1028 463
1029 465
1030 465
1030 586
1031 467
1031 597
1031 1068
1031 1077
1032 467
1033 470
1033 512
1033 542
1033 807
1033 847
1034 474
1034 482
1034 708
1034 846
1034 848
1034 869
1034 1042
1034 1038
1034 1097
1034 1037
1035 476
1035 485
1035 823
1036 478
1036 479
1036 810
1036 848
1036 956
1037 480
1037 564
1037 705
1037 708
1037 869
1037 1034
1038 480
1038 705
1038 846
1038 1034
1038 1042
1038 1097
1039 482
1040 482
1040 490
1040 496
1040 606
1041 482
1042 482
1042 705
1042 846
1042 848
1042 994
1042 1034
1042 1038
1042 1097
1043 486
1044 486
1044 756
1044 847
1044 1025
1044 1111
1045 488
1045 600
1046 494
1046 674
1047 497
1047 763
1048 498
1048 1000
1049 503
1049 508
1049 710
1049 860
1049 987
1049 988
1050 511
1050 903
1051 513
1052 522
1052 545
1052 764
1052 821
1052 1128
1053 526
1053 557
1053 560
1053 911
1054 531
1055 534
1056 537
1057 545
1057 818
1057 899
1058 548
1059 552
1059 659
1060 552
1060 567
1061 553
1061 597
1061 827
1061 927
1062 554
1062 957
1063 559
1064 560
1064 911
1065 560
1065 794
1065 901
1065 911
1065 1104
1066 577
1066 686
1066 792
1066 906
1066 909
1066 1003
1066 1004
1066 1069
1066 1068
1066 1104
1066 1077
1067 577
1067 979
1067 1016
1067 1018
1068 577
1068 792
1068 906
1068 909
1068 1003
1068 1004
1068 1031
1068 1066
1068 1104
1068 1069
1068 1077
1069 577
1069 1004
1069 1066
1069 1068
1069 1104
1070 577
1071 586
1072 587
1072 769
1072 1129
1073 591
1074 592
1074 747
1075 592
1076 597
1077 609
1077 633
1077 792
1077 909
1077 1031
1077 1066
1077 1068
1077 1078
1078 609
1078 1077
1079 611
1079 967
1079 1083
1079 1130
1080 611
1081 611
1082 611
1083 611
1083 660
1083 967
1083 1079
1084 616
1085 650
1085 692
1086 657
1086 934
1086 986
1086 1131
1087 657
1087 1088
1088 657
1088 1087
1089 662
1089 920
1090 663
1091 670
1092 679
1093 693
1094 698
1094 877
1095 700
1095 1132
1096 704
1096 807
1096 1023
1097 705
1097 708
1097 846
1097 847
1097 848
1097 1034
1097 1038
1097 1042
1097 1111
1098 713
1099 723
1099 957
1100 756
1101 764
1102 767
1103 770
1104 792
1104 909
1104 1003
1104 1004
1104 1065
1104 1066
1104 1068
1104 1069
1105 801
1106 823
1107 833
1108 835
1109 835
1110 835
1111 854
1111 867
1111 868
1111 994
1111 1044
1111 1097
1112 858
1112 864
1113 869
1114 873
1115 883
1116 889
1117 897
1118 918
1119 929
1120 930
1121 959
1122 978
1122 996
1123 980
1124 997
1125 1000
1126 1008
1127 1022
1128 1052
1129 1072
1130 1079
1131 1086
1132 1095
