194	703
1	38
1	92
1	114
1	118
1	119
1	122
1	127
1	130
1	131
1	132
1	133
1	134
1	135
1	136
1	140
1	141
1	142
1	143
1	144
1	145
1	146
1	147
1	148
1	149
1	150
1	151
1	152
1	153
1	154
1	155
1	156
1	157
1	158
1	159
1	160
1	161
1	162
1	163
1	164
1	165
1	166
1	167
1	168
1	169
1	170
1	171
1	172
1	173
1	174
1	175
1	176
1	177
1	178
1	179
1	180
1	181
1	182
1	183
1	184
1	185
1	186
1	187
1	188
1	189
1	190
1	191
1	192
1	193
1	194
2	147
2	151
2	152
2	153
2	160
2	163
2	169
2	170
2	171
2	172
2	180
2	181
2	183
2	184
2	190
2	191
2	192
2	193
2	194
3	38
3	92
3	114
3	118
3	119
3	122
3	127
3	130
3	131
3	132
3	133
3	134
3	135
3	136
3	140
3	141
3	142
3	143
3	144
3	145
3	146
3	147
3	148
3	149
3	150
3	151
3	152
3	153
3	154
3	155
3	156
3	157
3	158
3	159
3	160
3	161
3	162
3	163
3	164
3	165
3	166
3	167
3	168
3	169
3	170
3	171
3	172
3	173
3	174
3	175
3	176
3	177
3	178
3	179
3	180
3	181
3	182
3	183
3	184
3	185
3	186
3	187
3	188
3	189
3	190
3	191
3	192
3	193
3	194
4	132
4	135
4	147
4	151
4	152
4	153
4	160
4	163
4	164
4	169
4	170
4	171
4	172
4	180
4	181
4	183
4	184
4	190
4	191
4	192
4	193
4	194
5	132
5	135
5	147
5	151
5	152
5	153
5	160
5	163
5	164
5	169
5	170
5	171
5	172
5	180
5	181
5	183
5	184
5	190
5	191
5	192
5	193
5	194
6	132
6	135
6	147
6	151
6	152
6	153
6	160
6	163
6	164
6	169
6	170
6	171
6	172
6	180
6	181
6	183
6	184
6	190
6	191
6	192
6	193
6	194
7	114
7	118
7	122
7	123
7	124
7	130
7	131
7	132
7	133
7	134
7	135
7	136
7	137
7	138
7	139
7	140
7	141
7	142
7	143
7	144
7	145
7	146
7	147
7	150
7	151
7	152
7	153
7	154
7	155
7	156
7	157
7	158
7	159
7	160
7	161
7	162
7	163
7	164
7	165
7	166
7	167
7	168
7	169
7	170
7	171
7	172
7	173
7	174
7	175
7	176
7	177
7	178
7	179
7	180
7	181
7	182
7	183
7	184
7	185
7	186
7	187
7	188
7	189
7	190
7	191
7	192
7	193
7	194
8	132
8	135
8	147
8	151
8	152
8	153
8	160
8	163
8	164
8	169
8	170
8	171
8	172
8	180
8	181
8	183
8	184
8	190
8	191
8	192
8	193
8	194
9	147
9	151
9	152
9	153
9	160
9	163
9	169
9	170
9	171
9	172
9	180
9	181
9	183
9	184
9	190
9	191
9	192
9	193
9	194
10	191
10	192
10	194
11	191
11	192
11	194
12	147
12	151
12	152
12	153
12	160
12	163
12	169
12	170
12	171
12	172
12	180
12	181
12	183
12	184
12	190
12	191
12	192
12	193
12	194
13	147
13	151
13	152
13	153
13	160
13	163
13	169
13	170
13	171
13	172
13	180
13	181
13	183
13	184
13	190
13	191
13	192
13	193
13	194
14	191
14	192
14	194
15	191
15	192
15	194
16	147
16	151
16	152
16	153
16	160
16	163
16	169
16	170
16	171
16	172
16	180
16	181
16	183
16	184
16	190
16	191
16	192
16	193
16	194
17	147
17	151
17	152
17	153
17	160
17	163
17	169
17	170
17	171
17	172
17	180
17	181
17	183
17	184
17	190
17	191
17	192
17	193
17	194
18	191
18	192
18	194
19	191
19	192
19	194
20	191
20	192
20	194
21	191
21	192
22	191
22	192
23	191
23	192
23	194
24	191
24	192
25	191
25	192
26	191
26	192
27	191
27	192
28	191
28	192
29	191
29	192
30	191
30	192
30	194
31	132
31	135
31	141
31	142
31	147
31	150
31	151
31	152
31	153
31	155
31	156
31	157
31	160
31	163
31	164
31	169
31	170
31	171
31	172
31	180
31	181
31	183
31	184
31	190
31	191
31	192
31	193
31	194
32	132
32	135
32	141
32	142
32	147
32	150
32	151
32	152
32	153
32	155
32	156
32	157
32	160
32	163
32	164
32	169
32	170
32	171
32	172
32	180
32	181
32	183
32	184
32	190
32	191
32	192
32	193
32	194
33	191
33	192
34	191
34	192
35	191
35	192
36	191
36	192
37	191
37	192
38	191
38	192
38	194
39	191
39	192
40	192
41	192
42	191
42	192
43	192
44	191
44	192
45	191
45	192
46	191
46	192
47	191
47	192
48	191
48	192
49	191
49	192
50	191
50	192
51	191
51	192
52	191
52	192
53	192
54	192
55	192
56	191
56	192
57	191
57	192
58	191
58	192
59	192
60	191
60	192
61	191
61	192
62	191
62	192
63	191
63	192
64	192
65	191
65	192
66	191
66	192
67	192
68	192
69	191
69	192
70	192
71	192
72	192
73	192
74	192
75	192
76	192
78	191
78	192
79	192
80	191
80	192
81	191
81	192
82	192
83	191
83	192
84	191
84	192
85	192
86	191
86	192
87	191
87	192
88	192
89	191
89	192
90	191
90	192
91	191
91	192
92	191
92	192
93	192
94	191
94	192
95	191
95	192
96	191
96	192
97	192
98	191
98	192
99	191
99	192
100	191
100	192
101	192
102	192
103	191
103	192
104	192
105	192
106	191
106	192
107	192
108	191
108	192
109	191
109	192
110	192
111	192
112	192
113	191
113	192
114	191
114	192
114	194
115	192
116	191
116	192
117	192
118	191
118	192
119	192
120	192
121	192
122	191
122	192
123	192
124	192
125	192
126	192
127	191
127	192
129	192
130	192
131	192
132	192
133	192
134	192
138	191
138	192
139	192
140	192
141	192
142	192
143	192
144	192
145	192
146	192
147	191
147	192
148	191
148	192
149	191
149	192
150	192
151	192
153	192
154	192
157	192
158	192
164	192
165	192
166	192
168	192
169	192
170	192
171	192
173	192
176	192
177	192
178	192
179	192
180	192
181	192
183	192
188	192
189	192
190	192