194	1852
1	4
1	7
1	31
1	32
1	35
1	36
1	37
1	38
1	39
1	40
1	42
1	43
1	44
1	50
1	51
1	52
1	55
1	56
1	57
1	58
1	59
1	61
1	62
1	63
1	64
1	65
1	66
1	68
1	70
1	72
1	73
1	75
1	76
1	77
1	78
1	79
1	80
1	81
1	82
1	83
1	84
1	85
1	88
1	89
1	90
1	91
1	92
1	94
1	95
1	98
1	99
1	100
1	102
1	103
1	104
1	105
1	106
1	107
1	108
1	109
1	110
1	111
1	112
1	113
1	114
1	115
1	116
1	117
1	118
1	119
1	120
1	121
1	122
1	123
1	124
1	125
1	126
1	127
1	128
1	129
1	130
1	131
1	132
1	133
1	134
1	135
1	136
1	137
1	138
1	139
1	140
1	141
1	142
1	143
1	144
1	145
1	146
1	147
1	148
1	149
1	150
1	151
1	152
1	153
1	154
1	155
1	156
1	157
1	158
1	159
1	160
1	161
1	162
1	163
1	164
1	165
1	166
1	167
1	168
1	169
1	170
1	171
1	172
1	173
1	174
1	175
1	176
1	177
1	178
1	179
1	180
1	181
1	182
1	183
1	184
1	185
1	186
1	187
1	188
1	189
1	190
1	191
1	192
1	193
1	194
2	38
2	92
2	114
2	118
2	119
2	122
2	127
2	130
2	131
2	132
2	133
2	134
2	135
2	136
2	140
2	141
2	142
2	143
2	144
2	145
2	146
2	147
2	148
2	149
2	150
2	151
2	152
2	153
2	154
2	155
2	156
2	157
2	158
2	159
2	160
2	161
2	162
2	163
2	164
2	165
2	166
2	167
2	168
2	169
2	170
2	171
2	172
2	173
2	174
2	175
2	176
2	177
2	178
2	179
2	180
2	181
2	182
2	183
2	184
2	185
2	186
2	187
2	188
2	189
2	190
2	191
2	192
2	193
2	194
3	4
3	7
3	31
3	32
3	35
3	36
3	37
3	38
3	39
3	40
3	42
3	43
3	44
3	50
3	51
3	52
3	55
3	56
3	57
3	58
3	59
3	61
3	62
3	63
3	64
3	65
3	66
3	68
3	70
3	72
3	73
3	75
3	76
3	77
3	78
3	79
3	80
3	81
3	82
3	83
3	84
3	85
3	88
3	89
3	90
3	91
3	92
3	94
3	95
3	98
3	99
3	100
3	102
3	103
3	104
3	105
3	106
3	107
3	108
3	109
3	110
3	111
3	112
3	113
3	114
3	115
3	116
3	117
3	118
3	119
3	120
3	121
3	122
3	123
3	124
3	125
3	126
3	127
3	128
3	129
3	130
3	131
3	132
3	133
3	134
3	135
3	136
3	137
3	138
3	139
3	140
3	141
3	142
3	143
3	144
3	145
3	146
3	147
3	148
3	149
3	150
3	151
3	152
3	153
3	154
3	155
3	156
3	157
3	158
3	159
3	160
3	161
3	162
3	163
3	164
3	165
3	166
3	167
3	168
3	169
3	170
3	171
3	172
3	173
3	174
3	175
3	176
3	177
3	178
3	179
3	180
3	181
3	182
3	183
3	184
3	185
3	186
3	187
3	188
3	189
3	190
3	191
3	192
3	193
3	194
4	114
4	118
4	122
4	123
4	124
4	130
4	131
4	132
4	133
4	134
4	135
4	136
4	137
4	138
4	139
4	140
4	141
4	142
4	143
4	144
4	145
4	146
4	147
4	150
4	151
4	152
4	153
4	154
4	155
4	156
4	157
4	158
4	159
4	160
4	161
4	162
4	163
4	164
4	165
4	166
4	167
4	168
4	169
4	170
4	171
4	172
4	173
4	174
4	175
4	176
4	177
4	178
4	179
4	180
4	181
4	182
4	183
4	184
4	185
4	186
4	187
4	188
4	189
4	190
4	191
4	192
4	193
4	194
5	114
5	118
5	122
5	123
5	124
5	130
5	131
5	132
5	133
5	134
5	135
5	136
5	137
5	138
5	139
5	140
5	141
5	142
5	143
5	144
5	145
5	146
5	147
5	150
5	151
5	152
5	153
5	154
5	155
5	156
5	157
5	158
5	159
5	160
5	161
5	162
5	163
5	164
5	165
5	166
5	167
5	168
5	169
5	170
5	171
5	172
5	173
5	174
5	175
5	176
5	177
5	178
5	179
5	180
5	181
5	182
5	183
5	184
5	185
5	186
5	187
5	188
5	189
5	190
5	191
5	192
5	193
5	194
6	114
6	118
6	122
6	123
6	124
6	130
6	131
6	132
6	133
6	134
6	135
6	136
6	137
6	138
6	139
6	140
6	141
6	142
6	143
6	144
6	145
6	146
6	147
6	150
6	151
6	152
6	153
6	154
6	155
6	156
6	157
6	158
6	159
6	160
6	161
6	162
6	163
6	164
6	165
6	166
6	167
6	168
6	169
6	170
6	171
6	172
6	173
6	174
6	175
6	176
6	177
6	178
6	179
6	180
6	181
6	182
6	183
6	184
6	185
6	186
6	187
6	188
6	189
6	190
6	191
6	192
6	193
6	194
7	31
7	32
7	37
7	38
7	40
7	42
7	44
7	46
7	50
7	51
7	55
7	56
7	60
7	61
7	62
7	63
7	64
7	65
7	66
7	67
7	72
7	73
7	76
7	77
7	78
7	79
7	80
7	81
7	82
7	83
7	84
7	89
7	90
7	92
7	94
7	95
7	96
7	97
7	98
7	99
7	100
7	102
7	103
7	104
7	105
7	106
7	107
7	108
7	109
7	110
7	111
7	112
7	113
7	114
7	115
7	116
7	117
7	118
7	119
7	120
7	121
7	122
7	123
7	124
7	125
7	126
7	127
7	128
7	129
7	130
7	131
7	132
7	133
7	134
7	135
7	136
7	137
7	138
7	139
7	140
7	141
7	142
7	143
7	144
7	145
7	146
7	147
7	148
7	149
7	150
7	151
7	152
7	153
7	154
7	155
7	156
7	157
7	158
7	159
7	160
7	161
7	162
7	163
7	164
7	165
7	166
7	167
7	168
7	169
7	170
7	171
7	172
7	173
7	174
7	175
7	176
7	177
7	178
7	179
7	180
7	181
7	182
7	183
7	184
7	185
7	186
7	187
7	188
7	189
7	190
7	191
7	192
7	193
7	194
8	114
8	118
8	122
8	123
8	124
8	130
8	131
8	132
8	133
8	134
8	135
8	136
8	137
8	138
8	139
8	140
8	141
8	142
8	143
8	144
8	145
8	146
8	147
8	150
8	151
8	152
8	153
8	154
8	155
8	156
8	157
8	158
8	159
8	160
8	161
8	162
8	163
8	164
8	165
8	166
8	167
8	168
8	169
8	170
8	171
8	172
8	173
8	174
8	175
8	176
8	177
8	178
8	179
8	180
8	181
8	182
8	183
8	184
8	185
8	186
8	187
8	188
8	189
8	190
8	191
8	192
8	193
8	194
9	92
9	114
9	118
9	122
9	127
9	130
9	131
9	132
9	133
9	134
9	135
9	136
9	140
9	141
9	142
9	143
9	144
9	145
9	146
9	147
9	150
9	151
9	152
9	153
9	154
9	155
9	156
9	157
9	158
9	159
9	160
9	161
9	162
9	163
9	164
9	165
9	166
9	167
9	168
9	169
9	170
9	171
9	172
9	173
9	174
9	175
9	176
9	177
9	178
9	179
9	180
9	181
9	182
9	183
9	184
9	185
9	186
9	187
9	188
9	189
9	190
9	191
9	192
9	193
9	194
10	132
10	135
10	147
10	151
10	152
10	153
10	160
10	163
10	164
10	169
10	170
10	171
10	172
10	180
10	181
10	183
10	184
10	190
10	191
10	192
10	193
10	194
11	132
11	135
11	142
11	147
11	150
11	151
11	152
11	153
11	155
11	160
11	163
11	164
11	169
11	170
11	171
11	172
11	180
11	181
11	183
11	184
11	190
11	191
11	192
11	193
11	194
12	114
12	118
12	122
12	130
12	131
12	132
12	133
12	134
12	135
12	136
12	140
12	141
12	142
12	143
12	144
12	145
12	146
12	147
12	150
12	151
12	152
12	153
12	154
12	155
12	156
12	157
12	158
12	159
12	160
12	161
12	162
12	163
12	164
12	165
12	166
12	167
12	168
12	169
12	170
12	171
12	172
12	173
12	174
12	175
12	176
12	177
12	178
12	179
12	180
12	181
12	182
12	183
12	184
12	185
12	186
12	187
12	188
12	189
12	190
12	191
12	192
12	193
12	194
13	114
13	118
13	122
13	130
13	131
13	132
13	133
13	134
13	135
13	136
13	140
13	141
13	142
13	143
13	144
13	145
13	146
13	147
13	150
13	151
13	152
13	153
13	154
13	155
13	156
13	157
13	158
13	159
13	160
13	161
13	162
13	163
13	164
13	165
13	166
13	167
13	168
13	169
13	170
13	171
13	172
13	173
13	174
13	175
13	176
13	177
13	178
13	179
13	180
13	181
13	182
13	183
13	184
13	185
13	186
13	187
13	188
13	189
13	190
13	191
13	192
13	193
13	194
14	147
14	151
14	152
14	153
14	160
14	163
14	169
14	170
14	171
14	172
14	180
14	181
14	183
14	184
14	190
14	191
14	192
14	193
14	194
15	132
15	135
15	142
15	147
15	150
15	151
15	152
15	153
15	155
15	160
15	163
15	164
15	169
15	170
15	171
15	172
15	180
15	181
15	183
15	184
15	190
15	191
15	192
15	193
15	194
16	114
16	118
16	122
16	130
16	131
16	132
16	133
16	134
16	135
16	136
16	140
16	141
16	142
16	143
16	144
16	145
16	146
16	147
16	150
16	151
16	152
16	153
16	154
16	155
16	156
16	157
16	158
16	159
16	160
16	161
16	162
16	163
16	164
16	165
16	166
16	167
16	168
16	169
16	170
16	171
16	172
16	173
16	174
16	175
16	176
16	177
16	178
16	179
16	180
16	181
16	182
16	183
16	184
16	185
16	186
16	187
16	188
16	189
16	190
16	191
16	192
16	193
16	194
17	92
17	114
17	118
17	122
17	127
17	130
17	131
17	132
17	133
17	134
17	135
17	136
17	140
17	141
17	142
17	143
17	144
17	145
17	146
17	147
17	150
17	151
17	152
17	153
17	154
17	155
17	156
17	157
17	158
17	159
17	160
17	161
17	162
17	163
17	164
17	165
17	166
17	167
17	168
17	169
17	170
17	171
17	172
17	173
17	174
17	175
17	176
17	177
17	178
17	179
17	180
17	181
17	182
17	183
17	184
17	185
17	186
17	187
17	188
17	189
17	190
17	191
17	192
17	193
17	194
18	132
18	135
18	142
18	147
18	150
18	151
18	152
18	153
18	155
18	160
18	163
18	164
18	169
18	170
18	171
18	172
18	180
18	181
18	183
18	184
18	190
18	191
18	192
18	193
18	194
19	132
19	135
19	142
19	147
19	150
19	151
19	152
19	153
19	155
19	160
19	163
19	164
19	169
19	170
19	171
19	172
19	180
19	181
19	183
19	184
19	190
19	191
19	192
19	193
19	194
20	132
20	135
20	142
20	147
20	150
20	151
20	152
20	153
20	155
20	160
20	163
20	164
20	169
20	170
20	171
20	172
20	180
20	181
20	183
20	184
20	190
20	191
20	192
20	193
20	194
21	191
21	192
21	194
22	191
22	192
22	194
23	147
23	151
23	152
23	153
23	160
23	163
23	169
23	170
23	172
23	180
23	181
23	183
23	184
23	190
23	191
23	192
23	193
23	194
24	191
24	192
24	194
25	191
25	192
25	194
26	191
26	192
26	194
27	191
27	192
27	194
28	191
28	192
28	194
29	191
29	192
29	194
30	132
30	135
30	141
30	142
30	147
30	150
30	151
30	152
30	153
30	155
30	156
30	157
30	160
30	163
30	164
30	169
30	170
30	171
30	172
30	180
30	181
30	183
30	184
30	190
30	191
30	192
30	193
30	194
31	56
31	81
31	110
31	111
31	114
31	115
31	118
31	119
31	120
31	121
31	122
31	123
31	127
31	128
31	129
31	130
31	131
31	132
31	133
31	134
31	135
31	136
31	137
31	138
31	139
31	140
31	141
31	142
31	143
31	144
31	145
31	146
31	147
31	150
31	151
31	152
31	153
31	154
31	155
31	156
31	157
31	158
31	159
31	160
31	161
31	162
31	163
31	164
31	165
31	166
31	167
31	168
31	169
31	170
31	171
31	172
31	173
31	174
31	175
31	176
31	177
31	178
31	179
31	180
31	181
31	182
31	183
31	184
31	185
31	186
31	187
31	188
31	189
31	190
31	191
31	192
31	193
31	194
32	56
32	81
32	110
32	111
32	114
32	115
32	118
32	119
32	120
32	121
32	122
32	123
32	127
32	128
32	129
32	130
32	131
32	132
32	133
32	134
32	135
32	136
32	137
32	138
32	139
32	140
32	141
32	142
32	143
32	144
32	145
32	146
32	147
32	150
32	151
32	152
32	153
32	154
32	155
32	156
32	157
32	158
32	159
32	160
32	161
32	162
32	163
32	164
32	165
32	166
32	167
32	168
32	169
32	170
32	171
32	172
32	173
32	174
32	175
32	176
32	177
32	178
32	179
32	180
32	181
32	182
32	183
32	184
32	185
32	186
32	187
32	188
32	189
32	190
32	191
32	192
32	193
32	194
33	191
33	192
33	194
34	191
34	192
34	194
35	191
35	192
35	194
36	141
36	191
36	192
36	194
37	141
37	191
37	192
37	194
38	147
38	150
38	151
38	152
38	153
38	155
38	156
38	160
38	163
38	169
38	170
38	171
38	172
38	180
38	181
38	183
38	184
38	190
38	191
38	192
38	193
38	194
39	191
39	192
39	194
40	191
40	192
41	191
41	192
42	191
42	192
42	194
43	191
43	192
44	191
44	192
44	194
45	191
45	192
45	194
46	191
46	192
46	194
47	191
47	192
47	194
48	191
48	192
48	194
49	191
49	192
49	194
50	191
50	192
50	194
51	191
51	192
51	194
52	191
52	192
52	194
53	191
53	192
54	191
54	192
55	191
55	192
56	191
56	192
56	194
57	191
57	192
57	194
58	191
58	192
58	194
59	191
59	192
60	191
60	192
60	194
61	141
61	191
61	192
61	194
62	191
62	192
62	194
63	191
63	192
63	194
64	191
64	192
65	191
65	192
65	194
66	191
66	192
66	194
67	191
67	192
68	191
68	192
69	191
69	192
69	194
70	191
70	192
71	191
71	192
72	191
72	192
73	191
73	192
74	191
74	192
75	191
75	192
76	191
76	192
77	192
78	191
78	192
78	194
79	191
79	192
80	191
80	192
80	194
81	191
81	192
81	194
82	191
82	192
83	191
83	192
83	194
84	191
84	192
84	194
85	191
85	192
86	191
86	192
86	194
87	191
87	192
87	194
88	191
88	192
89	191
89	192
89	194
90	191
90	192
90	194
91	191
91	192
91	194
92	191
92	192
92	194
93	191
93	192
94	191
94	192
94	194
95	191
95	192
95	194
96	191
96	192
96	194
97	191
97	192
98	191
98	192
98	194
99	191
99	192
99	194
100	191
100	192
100	194
101	191
101	192
102	191
102	192
103	191
103	192
103	194
104	191
104	192
105	191
105	192
106	191
106	192
106	194
107	191
107	192
108	191
108	192
108	194
109	191
109	192
109	194
110	191
110	192
111	191
111	192
112	191
112	192
113	191
113	192
113	194
114	172
114	180
114	190
114	191
114	192
114	193
114	194
115	191
115	192
116	191
116	192
116	194
117	191
117	192
118	191
118	192
118	194
119	191
119	192
120	191
120	192
121	191
121	192
122	191
122	192
122	194
123	191
123	192
124	191
124	192
125	191
125	192
126	191
126	192
127	191
127	192
127	194
128	192
129	191
129	192
130	191
130	192
131	191
131	192
132	191
132	192
133	191
133	192
134	191
134	192
135	192
136	192
137	192
138	191
138	192
138	194
139	191
139	192
140	191
140	192
141	191
141	192
142	191
142	192
143	191
143	192
144	191
144	192
145	191
145	192
146	191
146	192
147	191
147	192
147	194
148	191
148	192
148	194
149	191
149	192
149	194
150	191
150	192
151	191
151	192
152	192
153	191
153	192
154	191
154	192
155	192
156	192
157	191
157	192
158	191
158	192
159	192
160	192
161	192
162	192
163	192
164	191
164	192
165	191
165	192
166	191
166	192
167	192
168	191
168	192
169	191
169	192
170	191
170	192
171	191
171	192
173	191
173	192
174	192
176	191
176	192
177	191
177	192
178	191
178	192
179	191
179	192
180	191
180	192
181	191
181	192
182	192
183	191
183	192
184	192
185	192
186	192
187	192
188	191
188	192
189	191
189	192
190	191
190	192