206	3928
1	15
1	19
1	40
1	112
1	144
1	145
1	150
1	151
1	157
1	158
1	159
1	166
1	172
1	182
1	183
1	184
1	186
1	187
1	188
1	189
1	190
1	191
1	192
1	193
1	194
1	195
1	196
1	197
1	198
1	199
1	200
1	201
1	202
1	203
1	204
1	205
1	206
2	15
2	19
2	40
2	112
2	144
2	145
2	150
2	151
2	157
2	158
2	159
2	166
2	172
2	182
2	183
2	184
2	186
2	187
2	188
2	189
2	190
2	191
2	192
2	193
2	194
2	195
2	196
2	197
2	198
2	199
2	200
2	201
2	202
2	203
2	204
2	205
2	206
3	15
3	19
3	40
3	112
3	144
3	145
3	158
3	182
3	183
3	184
3	187
3	188
3	191
3	192
3	194
3	195
3	196
3	197
3	198
3	199
3	200
3	201
3	202
3	203
3	204
3	205
3	206
4	15
4	19
4	40
4	112
4	144
4	145
4	158
4	182
4	183
4	184
4	187
4	188
4	191
4	192
4	194
4	195
4	196
4	197
4	198
4	199
4	200
4	201
4	202
4	203
4	204
4	205
4	206
5	15
5	19
5	40
5	112
5	144
5	145
5	158
5	182
5	183
5	184
5	187
5	188
5	191
5	192
5	194
5	195
5	196
5	197
5	198
5	199
5	200
5	201
5	202
5	203
5	204
5	205
5	206
6	15
6	19
6	40
6	112
6	144
6	145
6	150
6	151
6	157
6	158
6	159
6	166
6	172
6	182
6	183
6	184
6	186
6	187
6	188
6	189
6	190
6	191
6	192
6	193
6	194
6	195
6	196
6	197
6	198
6	199
6	200
6	201
6	202
6	203
6	204
6	205
6	206
7	15
7	19
7	40
7	112
7	144
7	145
7	150
7	151
7	157
7	158
7	159
7	166
7	172
7	182
7	183
7	184
7	186
7	187
7	188
7	189
7	190
7	191
7	192
7	193
7	194
7	195
7	196
7	197
7	198
7	199
7	200
7	201
7	202
7	203
7	204
7	205
7	206
8	15
8	19
8	40
8	112
8	144
8	145
8	158
8	182
8	183
8	184
8	187
8	188
8	191
8	192
8	194
8	195
8	196
8	197
8	198
8	199
8	200
8	201
8	202
8	203
8	204
8	205
8	206
9	15
9	19
9	40
9	112
9	144
9	145
9	158
9	182
9	183
9	184
9	187
9	188
9	191
9	192
9	194
9	195
9	196
9	197
9	198
9	199
9	200
9	201
9	202
9	203
9	204
9	205
9	206
10	15
10	19
10	40
10	112
10	144
10	145
10	150
10	151
10	157
10	158
10	159
10	166
10	172
10	182
10	183
10	184
10	186
10	187
10	188
10	189
10	190
10	191
10	192
10	193
10	194
10	195
10	196
10	197
10	198
10	199
10	200
10	201
10	202
10	203
10	204
10	205
10	206
11	15
11	19
11	40
11	112
11	144
11	145
11	158
11	182
11	183
11	184
11	187
11	188
11	191
11	192
11	194
11	195
11	196
11	197
11	198
11	199
11	200
11	201
11	202
11	203
11	204
11	205
11	206
12	15
12	19
12	40
12	112
12	144
12	145
12	158
12	182
12	183
12	184
12	187
12	188
12	191
12	192
12	194
12	195
12	196
12	197
12	198
12	199
12	200
12	201
12	202
12	203
12	204
12	205
12	206
13	15
13	19
13	40
13	112
13	144
13	145
13	150
13	151
13	157
13	158
13	159
13	166
13	172
13	182
13	183
13	184
13	186
13	187
13	188
13	189
13	190
13	191
13	192
13	193
13	194
13	195
13	196
13	197
13	198
13	199
13	200
13	201
13	202
13	203
13	204
13	205
13	206
14	15
14	19
14	40
14	112
14	144
14	145
14	150
14	151
14	157
14	158
14	159
14	166
14	172
14	182
14	183
14	184
14	186
14	187
14	188
14	189
14	190
14	191
14	192
14	193
14	194
14	195
14	196
14	197
14	198
14	199
14	200
14	201
14	202
14	203
14	204
14	205
14	206
15	16
15	17
15	18
15	19
15	20
15	21
15	22
15	23
15	24
15	25
15	26
15	27
15	28
15	29
15	30
15	31
15	32
15	33
15	34
15	35
15	36
15	37
15	38
15	39
15	40
15	41
15	42
15	43
15	44
15	45
15	46
15	47
15	48
15	49
15	50
15	51
15	52
15	53
15	54
15	55
15	56
15	57
15	58
15	59
15	60
15	61
15	62
15	63
15	64
15	65
15	66
15	67
15	68
15	69
15	70
15	71
15	72
15	73
15	74
15	75
15	76
15	77
15	78
15	79
15	80
15	81
15	82
15	83
15	84
15	85
15	86
15	87
15	88
15	89
15	90
15	91
15	92
15	93
15	94
15	95
15	96
15	97
15	98
15	99
15	100
15	101
15	102
15	103
15	104
15	105
15	106
15	107
15	108
15	109
15	110
15	111
15	112
15	113
15	114
15	115
15	116
15	117
15	118
15	119
15	120
15	121
15	122
15	123
15	124
15	125
15	126
15	127
15	128
15	129
15	130
15	131
15	132
15	133
15	134
15	135
15	136
15	137
15	138
15	139
15	140
15	141
15	142
15	143
15	144
15	145
15	146
15	147
15	148
15	149
15	150
15	151
15	152
15	153
15	154
15	155
15	156
15	157
15	158
15	159
15	160
15	161
15	162
15	163
15	164
15	165
15	166
15	167
15	168
15	169
15	170
15	171
15	172
15	173
15	174
15	175
15	176
15	177
15	178
15	179
15	180
15	181
15	182
15	183
15	184
15	185
15	186
15	187
15	188
15	189
15	190
15	191
15	192
15	193
15	194
15	195
15	196
15	197
15	198
15	199
15	200
15	201
15	202
15	203
15	204
15	205
15	206
16	19
16	40
16	112
16	144
16	145
16	158
16	182
16	183
16	184
16	187
16	188
16	191
16	192
16	194
16	195
16	196
16	197
16	198
16	199
16	200
16	201
16	202
16	203
16	204
16	205
16	206
17	19
17	40
17	112
17	144
17	145
17	150
17	151
17	157
17	158
17	159
17	166
17	172
17	182
17	183
17	184
17	186
17	187
17	188
17	189
17	190
17	191
17	192
17	193
17	194
17	195
17	196
17	197
17	198
17	199
17	200
17	201
17	202
17	203
17	204
17	205
17	206
18	19
18	40
18	112
18	144
18	145
18	150
18	151
18	157
18	158
18	159
18	166
18	172
18	182
18	183
18	184
18	186
18	187
18	188
18	189
18	190
18	191
18	192
18	193
18	194
18	195
18	196
18	197
18	198
18	199
18	200
18	201
18	202
18	203
18	204
18	205
18	206
19	20
19	21
19	22
19	23
19	24
19	25
19	26
19	27
19	28
19	29
19	30
19	31
19	32
19	33
19	34
19	35
19	36
19	37
19	38
19	39
19	40
19	41
19	42
19	43
19	44
19	45
19	46
19	47
19	48
19	49
19	50
19	51
19	52
19	53
19	54
19	55
19	56
19	57
19	58
19	59
19	60
19	61
19	62
19	63
19	64
19	65
19	66
19	67
19	68
19	69
19	70
19	71
19	72
19	73
19	74
19	75
19	76
19	77
19	78
19	79
19	80
19	81
19	82
19	83
19	84
19	85
19	86
19	87
19	88
19	89
19	90
19	91
19	92
19	93
19	94
19	95
19	96
19	97
19	98
19	99
19	100
19	101
19	102
19	103
19	104
19	105
19	106
19	107
19	108
19	109
19	110
19	111
19	112
19	113
19	114
19	115
19	116
19	117
19	118
19	119
19	120
19	121
19	122
19	123
19	124
19	125
19	126
19	127
19	128
19	129
19	130
19	131
19	132
19	133
19	134
19	135
19	136
19	137
19	138
19	139
19	140
19	141
19	142
19	143
19	144
19	145
19	146
19	147
19	148
19	149
19	150
19	151
19	152
19	153
19	154
19	155
19	156
19	157
19	158
19	159
19	160
19	161
19	162
19	163
19	164
19	165
19	166
19	167
19	168
19	169
19	170
19	171
19	172
19	173
19	174
19	175
19	176
19	177
19	178
19	179
19	180
19	181
19	182
19	183
19	184
19	185
19	186
19	187
19	188
19	189
19	190
19	191
19	192
19	193
19	194
19	195
19	196
19	197
19	198
19	199
19	200
19	201
19	202
19	203
19	204
19	205
19	206
20	40
20	112
20	144
20	145
20	158
20	182
20	183
20	184
20	187
20	188
20	191
20	192
20	194
20	195
20	196
20	197
20	198
20	199
20	200
20	201
20	202
20	203
20	204
20	205
20	206
21	40
21	112
21	144
21	145
21	150
21	151
21	157
21	158
21	159
21	166
21	172
21	182
21	183
21	184
21	186
21	187
21	188
21	189
21	190
21	191
21	192
21	193
21	194
21	195
21	196
21	197
21	198
21	199
21	200
21	201
21	202
21	203
21	204
21	205
21	206
22	40
22	112
22	144
22	145
22	150
22	151
22	157
22	158
22	159
22	166
22	172
22	182
22	183
22	184
22	186
22	187
22	188
22	189
22	190
22	191
22	192
22	193
22	194
22	195
22	196
22	197
22	198
22	199
22	200
22	201
22	202
22	203
22	204
22	205
22	206
23	40
23	112
23	144
23	145
23	150
23	151
23	157
23	158
23	159
23	166
23	172
23	182
23	183
23	184
23	186
23	187
23	188
23	189
23	190
23	191
23	192
23	193
23	194
23	195
23	196
23	197
23	198
23	199
23	200
23	201
23	202
23	203
23	204
23	205
23	206
24	40
24	112
24	144
24	145
24	158
24	182
24	183
24	184
24	187
24	188
24	191
24	192
24	194
24	195
24	196
24	197
24	198
24	199
24	200
24	201
24	202
24	203
24	204
24	205
24	206
25	40
25	112
25	144
25	145
25	150
25	151
25	157
25	158
25	159
25	166
25	172
25	182
25	183
25	184
25	186
25	187
25	188
25	189
25	190
25	191
25	192
25	193
25	194
25	195
25	196
25	197
25	198
25	199
25	200
25	201
25	202
25	203
25	204
25	205
25	206
26	40
26	112
26	144
26	145
26	150
26	151
26	157
26	158
26	159
26	166
26	172
26	182
26	183
26	184
26	186
26	187
26	188
26	189
26	190
26	191
26	192
26	193
26	194
26	195
26	196
26	197
26	198
26	199
26	200
26	201
26	202
26	203
26	204
26	205
26	206
27	40
27	112
27	144
27	145
27	150
27	151
27	157
27	158
27	159
27	166
27	172
27	182
27	183
27	184
27	186
27	187
27	188
27	189
27	190
27	191
27	192
27	193
27	194
27	195
27	196
27	197
27	198
27	199
27	200
27	201
27	202
27	203
27	204
27	205
27	206
28	40
28	112
28	144
28	145
28	158
28	182
28	183
28	184
28	187
28	188
28	191
28	192
28	194
28	195
28	196
28	197
28	198
28	199
28	200
28	201
28	202
28	203
28	204
28	205
28	206
29	40
29	112
29	144
29	145
29	183
29	184
29	187
29	192
29	195
29	196
29	197
29	198
29	200
29	201
29	202
29	203
29	204
29	205
29	206
30	40
30	112
30	144
30	145
30	158
30	182
30	183
30	184
30	187
30	188
30	191
30	192
30	194
30	195
30	196
30	197
30	198
30	199
30	200
30	201
30	202
30	203
30	204
30	205
30	206
31	40
31	112
31	144
31	145
31	158
31	182
31	183
31	184
31	187
31	188
31	191
31	192
31	194
31	195
31	196
31	197
31	198
31	199
31	200
31	201
31	202
31	203
31	204
31	205
31	206
32	40
32	112
32	144
32	145
32	183
32	184
32	187
32	192
32	195
32	196
32	197
32	198
32	200
32	201
32	202
32	203
32	204
32	205
32	206
33	40
33	112
33	144
33	145
33	158
33	182
33	183
33	184
33	187
33	188
33	191
33	192
33	194
33	195
33	196
33	197
33	198
33	199
33	200
33	201
33	202
33	203
33	204
33	205
33	206
34	40
34	112
34	144
34	145
34	183
34	184
34	187
34	192
34	195
34	196
34	197
34	198
34	200
34	201
34	202
34	203
34	204
34	205
34	206
35	40
35	112
35	144
35	145
35	158
35	182
35	183
35	184
35	187
35	188
35	191
35	192
35	194
35	195
35	196
35	197
35	198
35	199
35	200
35	201
35	202
35	203
35	204
35	205
35	206
36	40
36	112
36	144
36	145
36	150
36	151
36	157
36	158
36	159
36	166
36	172
36	182
36	183
36	184
36	186
36	187
36	188
36	189
36	190
36	191
36	192
36	193
36	194
36	195
36	196
36	197
36	198
36	199
36	200
36	201
36	202
36	203
36	204
36	205
36	206
37	40
37	112
37	144
37	145
37	158
37	182
37	183
37	184
37	187
37	188
37	191
37	192
37	194
37	195
37	196
37	197
37	198
37	199
37	200
37	201
37	202
37	203
37	204
37	205
37	206
38	40
38	112
38	144
38	145
38	183
38	184
38	187
38	192
38	195
38	196
38	197
38	198
38	200
38	201
38	202
38	203
38	204
38	205
38	206
39	40
39	112
39	144
39	145
39	158
39	182
39	183
39	184
39	187
39	188
39	191
39	192
39	194
39	195
39	196
39	197
39	198
39	199
39	200
39	201
39	202
39	203
39	204
39	205
39	206
40	41
40	42
40	43
40	44
40	45
40	46
40	47
40	48
40	49
40	50
40	51
40	52
40	53
40	54
40	55
40	56
40	57
40	58
40	59
40	60
40	61
40	62
40	63
40	64
40	65
40	66
40	67
40	68
40	69
40	70
40	71
40	72
40	73
40	74
40	75
40	76
40	77
40	78
40	79
40	80
40	81
40	82
40	83
40	84
40	85
40	86
40	87
40	88
40	89
40	90
40	91
40	92
40	93
40	94
40	95
40	96
40	97
40	98
40	99
40	100
40	101
40	102
40	103
40	104
40	105
40	106
40	107
40	108
40	109
40	110
40	111
40	112
40	113
40	114
40	115
40	116
40	117
40	118
40	119
40	120
40	121
40	122
40	123
40	124
40	125
40	126
40	127
40	128
40	129
40	130
40	131
40	132
40	133
40	134
40	135
40	136
40	137
40	138
40	139
40	140
40	141
40	142
40	143
40	144
40	145
40	146
40	147
40	148
40	149
40	150
40	151
40	152
40	153
40	154
40	155
40	156
40	157
40	158
40	159
40	160
40	161
40	162
40	163
40	164
40	165
40	166
40	167
40	168
40	169
40	170
40	171
40	172
40	173
40	174
40	175
40	176
40	177
40	178
40	179
40	180
40	181
40	182
40	183
40	184
40	185
40	186
40	187
40	188
40	189
40	190
40	191
40	192
40	193
40	194
40	195
40	196
40	197
40	198
40	199
40	200
40	201
40	202
40	203
40	204
40	205
40	206
41	112
41	144
41	145
41	158
41	182
41	183
41	184
41	187
41	188
41	191
41	192
41	194
41	195
41	196
41	197
41	198
41	199
41	200
41	201
41	202
41	203
41	204
41	205
41	206
42	112
42	144
42	145
42	183
42	184
42	187
42	192
42	195
42	196
42	197
42	198
42	200
42	201
42	202
42	203
42	204
42	205
42	206
43	112
43	144
43	145
43	183
43	184
43	187
43	192
43	195
43	196
43	197
43	198
43	200
43	201
43	202
43	203
43	204
43	205
43	206
44	112
44	144
44	145
44	187
44	195
44	196
44	197
44	200
44	201
44	202
44	203
44	204
44	205
44	206
45	112
45	144
45	145
45	183
45	184
45	187
45	192
45	195
45	196
45	197
45	198
45	200
45	201
45	202
45	203
45	204
45	205
45	206
46	112
46	144
46	145
46	183
46	184
46	187
46	192
46	195
46	196
46	197
46	198
46	200
46	201
46	202
46	203
46	204
46	205
46	206
47	112
47	144
47	145
47	158
47	182
47	183
47	184
47	187
47	188
47	191
47	192
47	194
47	195
47	196
47	197
47	198
47	199
47	200
47	201
47	202
47	203
47	204
47	205
47	206
48	112
48	144
48	145
48	158
48	182
48	183
48	184
48	187
48	188
48	191
48	192
48	194
48	195
48	196
48	197
48	198
48	199
48	200
48	201
48	202
48	203
48	204
48	205
48	206
49	112
49	144
49	145
49	183
49	184
49	187
49	192
49	195
49	196
49	197
49	198
49	200
49	201
49	202
49	203
49	204
49	205
49	206
50	112
50	144
50	145
50	183
50	184
50	187
50	192
50	195
50	196
50	197
50	198
50	200
50	201
50	202
50	203
50	204
50	205
50	206
51	112
51	144
51	145
51	183
51	184
51	187
51	192
51	195
51	196
51	197
51	198
51	200
51	201
51	202
51	203
51	204
51	205
51	206
52	112
52	144
52	145
52	183
52	184
52	187
52	192
52	195
52	196
52	197
52	198
52	200
52	201
52	202
52	203
52	204
52	205
52	206
53	112
53	144
53	145
53	158
53	182
53	183
53	184
53	187
53	188
53	191
53	192
53	194
53	195
53	196
53	197
53	198
53	199
53	200
53	201
53	202
53	203
53	204
53	205
53	206
54	112
54	144
54	145
54	183
54	184
54	187
54	192
54	195
54	196
54	197
54	198
54	200
54	201
54	202
54	203
54	204
54	205
54	206
55	112
55	144
55	145
55	150
55	151
55	157
55	158
55	159
55	166
55	172
55	182
55	183
55	184
55	186
55	187
55	188
55	189
55	190
55	191
55	192
55	193
55	194
55	195
55	196
55	197
55	198
55	199
55	200
55	201
55	202
55	203
55	204
55	205
55	206
56	112
56	144
56	145
56	158
56	182
56	183
56	184
56	187
56	188
56	191
56	192
56	194
56	195
56	196
56	197
56	198
56	199
56	200
56	201
56	202
56	203
56	204
56	205
56	206
57	112
57	144
57	145
57	158
57	182
57	183
57	184
57	187
57	188
57	191
57	192
57	194
57	195
57	196
57	197
57	198
57	199
57	200
57	201
57	202
57	203
57	204
57	205
57	206
58	112
58	144
58	145
58	187
58	195
58	196
58	197
58	200
58	201
58	202
58	203
58	204
58	205
58	206
59	112
59	144
59	145
59	183
59	184
59	187
59	192
59	195
59	196
59	197
59	198
59	200
59	201
59	202
59	203
59	204
59	205
59	206
60	112
60	144
60	145
60	183
60	184
60	187
60	192
60	195
60	196
60	197
60	198
60	200
60	201
60	202
60	203
60	204
60	205
60	206
61	112
61	144
61	145
61	195
61	196
61	197
61	200
61	201
61	202
61	203
61	204
61	205
61	206
62	112
62	144
62	145
62	183
62	184
62	187
62	192
62	195
62	196
62	197
62	198
62	200
62	201
62	202
62	203
62	204
62	205
62	206
63	112
63	144
63	145
63	183
63	184
63	187
63	192
63	195
63	196
63	197
63	198
63	200
63	201
63	202
63	203
63	204
63	205
63	206
64	112
64	144
64	145
64	183
64	184
64	187
64	192
64	195
64	196
64	197
64	198
64	200
64	201
64	202
64	203
64	204
64	205
64	206
65	112
65	144
65	145
65	183
65	184
65	187
65	192
65	195
65	196
65	197
65	198
65	200
65	201
65	202
65	203
65	204
65	205
65	206
66	112
66	144
66	145
66	183
66	184
66	187
66	192
66	195
66	196
66	197
66	198
66	200
66	201
66	202
66	203
66	204
66	205
66	206
67	112
67	144
67	145
67	187
67	195
67	196
67	197
67	200
67	201
67	202
67	203
67	204
67	205
67	206
68	112
68	144
68	145
68	183
68	184
68	187
68	192
68	195
68	196
68	197
68	198
68	200
68	201
68	202
68	203
68	204
68	205
68	206
69	112
69	144
69	145
69	187
69	195
69	196
69	197
69	200
69	201
69	202
69	203
69	204
69	205
69	206
70	112
70	144
70	145
70	187
70	195
70	196
70	197
70	200
70	201
70	202
70	203
70	204
70	205
70	206
71	112
71	144
71	145
71	183
71	184
71	187
71	192
71	195
71	196
71	197
71	198
71	200
71	201
71	202
71	203
71	204
71	205
71	206
72	112
72	144
72	145
72	187
72	195
72	196
72	197
72	200
72	201
72	202
72	203
72	204
72	205
72	206
73	112
73	144
73	145
73	187
73	195
73	196
73	197
73	200
73	201
73	202
73	203
73	204
73	205
73	206
74	112
74	144
74	145
74	187
74	195
74	196
74	197
74	200
74	201
74	202
74	203
74	204
74	205
74	206
75	112
75	144
75	145
75	187
75	195
75	196
75	197
75	200
75	201
75	202
75	203
75	204
75	205
75	206
76	112
76	144
76	145
76	183
76	184
76	187
76	192
76	195
76	196
76	197
76	198
76	200
76	201
76	202
76	203
76	204
76	205
76	206
77	112
77	144
77	145
77	187
77	195
77	196
77	197
77	200
77	201
77	202
77	203
77	204
77	205
77	206
78	112
78	144
78	145
78	183
78	184
78	187
78	192
78	195
78	196
78	197
78	198
78	200
78	201
78	202
78	203
78	204
78	205
78	206
79	112
79	144
79	145
79	183
79	184
79	187
79	192
79	195
79	196
79	197
79	198
79	200
79	201
79	202
79	203
79	204
79	205
79	206
80	112
80	144
80	145
80	183
80	184
80	187
80	192
80	195
80	196
80	197
80	198
80	200
80	201
80	202
80	203
80	204
80	205
80	206
81	112
81	144
81	145
81	187
81	195
81	196
81	197
81	200
81	201
81	202
81	203
81	204
81	205
81	206
82	112
82	144
82	145
82	183
82	184
82	187
82	192
82	195
82	196
82	197
82	198
82	200
82	201
82	202
82	203
82	204
82	205
82	206
83	112
83	144
83	145
83	183
83	184
83	187
83	192
83	195
83	196
83	197
83	198
83	200
83	201
83	202
83	203
83	204
83	205
83	206
84	112
84	144
84	145
84	183
84	184
84	187
84	192
84	195
84	196
84	197
84	198
84	200
84	201
84	202
84	203
84	204
84	205
84	206
85	112
85	144
85	145
85	183
85	184
85	187
85	192
85	195
85	196
85	197
85	198
85	200
85	201
85	202
85	203
85	204
85	205
85	206
86	112
86	144
86	145
86	187
86	195
86	196
86	197
86	200
86	201
86	202
86	203
86	204
86	205
86	206
87	112
87	144
87	145
87	187
87	195
87	196
87	197
87	200
87	201
87	202
87	203
87	204
87	205
87	206
88	112
88	144
88	145
88	183
88	184
88	187
88	192
88	195
88	196
88	197
88	198
88	200
88	201
88	202
88	203
88	204
88	205
88	206
89	112
89	144
89	145
89	195
89	196
89	197
89	200
89	201
89	202
89	203
89	204
89	205
89	206
90	112
90	144
90	145
90	187
90	195
90	196
90	197
90	200
90	201
90	202
90	203
90	204
90	205
90	206
91	112
91	144
91	145
91	187
91	195
91	196
91	197
91	200
91	201
91	202
91	203
91	204
91	205
91	206
92	112
92	144
92	145
92	195
92	196
92	197
92	200
92	201
92	202
92	203
92	204
92	205
92	206
93	112
93	144
93	145
93	195
93	196
93	197
93	200
93	201
93	202
93	203
93	204
93	205
93	206
94	112
94	144
94	145
94	195
94	196
94	197
94	200
94	201
94	202
94	203
94	204
94	205
94	206
95	112
95	144
95	145
95	195
95	196
95	197
95	200
95	201
95	202
95	203
95	204
95	205
95	206
96	112
96	144
96	145
96	195
96	196
96	197
96	200
96	201
96	202
96	203
96	204
96	205
96	206
97	112
97	144
97	145
97	195
97	196
97	197
97	200
97	201
97	202
97	203
97	204
97	205
97	206
98	112
98	144
98	145
98	195
98	196
98	197
98	200
98	201
98	202
98	203
98	204
98	205
98	206
99	112
99	144
99	145
99	195
99	196
99	197
99	200
99	201
99	202
99	203
99	204
99	205
99	206
100	112
100	144
100	145
100	195
100	196
100	197
100	200
100	201
100	202
100	203
100	204
100	205
100	206
101	112
101	144
101	145
101	195
101	196
101	197
101	200
101	201
101	202
101	203
101	204
101	205
101	206
102	112
102	144
102	145
102	195
102	196
102	197
102	200
102	201
102	202
102	203
102	204
102	205
102	206
103	112
103	144
103	145
103	195
103	196
103	197
103	200
103	201
103	202
103	203
103	204
103	205
103	206
104	112
104	144
104	145
104	195
104	196
104	197
104	200
104	201
104	202
104	203
104	204
104	205
104	206
105	112
105	144
105	145
105	195
105	196
105	197
105	200
105	201
105	202
105	203
105	204
105	205
105	206
106	112
106	144
106	145
106	195
106	196
106	197
106	200
106	201
106	202
106	203
106	204
106	205
106	206
107	112
107	144
107	145
107	187
107	195
107	196
107	197
107	200
107	201
107	202
107	203
107	204
107	205
107	206
108	112
108	144
108	145
108	195
108	196
108	197
108	200
108	201
108	202
108	203
108	204
108	205
108	206
109	112
109	144
109	145
109	183
109	184
109	187
109	192
109	195
109	196
109	197
109	198
109	200
109	201
109	202
109	203
109	204
109	205
109	206
110	112
110	144
110	145
110	158
110	182
110	183
110	184
110	187
110	188
110	191
110	192
110	194
110	195
110	196
110	197
110	198
110	199
110	200
110	201
110	202
110	203
110	204
110	205
110	206
111	112
111	144
111	145
111	195
111	196
111	197
111	200
111	201
111	202
111	203
111	204
111	205
111	206
112	113
112	114
112	115
112	116
112	117
112	118
112	119
112	120
112	121
112	122
112	123
112	124
112	125
112	126
112	127
112	128
112	129
112	130
112	131
112	132
112	133
112	134
112	135
112	136
112	137
112	138
112	139
112	140
112	141
112	142
112	143
112	144
112	145
112	146
112	147
112	148
112	149
112	150
112	151
112	152
112	153
112	154
112	155
112	156
112	157
112	158
112	159
112	160
112	161
112	162
112	163
112	164
112	165
112	166
112	167
112	168
112	169
112	170
112	171
112	172
112	173
112	174
112	175
112	176
112	177
112	178
112	179
112	180
112	181
112	182
112	183
112	184
112	185
112	186
112	187
112	188
112	189
112	190
112	191
112	192
112	193
112	194
112	195
112	196
112	197
112	198
112	199
112	200
112	201
112	202
112	203
112	204
112	205
112	206
113	144
113	145
113	195
113	196
113	197
113	200
113	201
113	202
113	203
113	204
113	205
113	206
114	144
114	145
114	195
114	196
114	197
114	200
114	201
114	202
114	203
114	204
114	205
114	206
115	144
115	145
115	195
115	196
115	197
115	200
115	201
115	202
115	203
115	204
115	205
115	206
116	144
116	145
116	195
116	196
116	197
116	200
116	201
116	202
116	203
116	204
116	205
116	206
117	144
117	145
117	195
117	196
117	197
117	200
117	201
117	202
117	203
117	204
117	205
117	206
118	144
118	145
118	195
118	196
118	197
118	200
118	201
118	202
118	203
118	204
118	205
118	206
119	144
119	145
119	195
119	196
119	197
119	200
119	201
119	202
119	203
119	204
119	205
119	206
120	144
120	145
120	195
120	196
120	197
120	200
120	201
120	202
120	203
120	204
120	205
120	206
121	144
121	145
121	195
121	196
121	197
121	200
121	201
121	202
121	203
121	204
121	205
121	206
122	144
122	145
122	195
122	196
122	197
122	200
122	201
122	202
122	203
122	204
122	205
122	206
123	144
123	145
123	195
123	196
123	197
123	200
123	201
123	202
123	203
123	204
123	205
123	206
124	144
124	145
124	195
124	196
124	197
124	200
124	201
124	202
124	203
124	204
124	205
124	206
125	144
125	145
125	195
125	196
125	197
125	200
125	201
125	202
125	203
125	204
125	205
125	206
126	144
126	145
126	195
126	196
126	197
126	200
126	201
126	202
126	203
126	204
126	205
126	206
127	144
127	145
127	195
127	196
127	197
127	200
127	201
127	202
127	203
127	204
127	205
127	206
128	144
128	145
128	195
128	196
128	197
128	200
128	201
128	202
128	203
128	204
128	205
128	206
129	144
129	145
129	195
129	196
129	197
129	200
129	201
129	202
129	203
129	204
129	205
129	206
130	144
130	145
130	195
130	196
130	197
130	200
130	201
130	202
130	203
130	204
130	205
130	206
131	144
131	145
131	195
131	196
131	197
131	200
131	201
131	202
131	203
131	204
131	205
131	206
132	144
132	145
132	195
132	196
132	197
132	200
132	201
132	202
132	203
132	204
132	205
132	206
133	144
133	145
133	195
133	196
133	197
133	200
133	201
133	202
133	203
133	204
133	205
133	206
134	144
134	145
134	195
134	196
134	197
134	200
134	201
134	202
134	203
134	204
134	205
134	206
135	144
135	145
135	195
135	196
135	197
135	200
135	201
135	202
135	203
135	204
135	205
135	206
136	144
136	145
136	195
136	196
136	197
136	200
136	201
136	202
136	203
136	204
136	205
136	206
137	144
137	145
137	195
137	196
137	197
137	200
137	201
137	202
137	203
137	204
137	205
137	206
138	144
138	145
138	195
138	196
138	197
138	200
138	201
138	202
138	203
138	204
138	205
138	206
139	144
139	145
139	195
139	196
139	197
139	200
139	201
139	202
139	203
139	204
139	205
139	206
140	144
140	145
140	195
140	196
140	197
140	200
140	201
140	202
140	203
140	204
140	205
140	206
141	144
141	145
141	195
141	196
141	197
141	200
141	201
141	202
141	203
141	204
141	205
141	206
142	144
142	145
142	195
142	196
142	197
142	200
142	201
142	202
142	203
142	204
142	205
142	206
143	144
143	145
143	195
143	196
143	197
143	200
143	201
143	202
143	203
143	204
143	205
143	206
144	146
144	147
144	148
144	149
144	150
144	151
144	152
144	153
144	154
144	155
144	156
144	157
144	158
144	159
144	160
144	161
144	162
144	163
144	164
144	165
144	166
144	167
144	168
144	169
144	170
144	171
144	172
144	173
144	174
144	175
144	176
144	177
144	178
144	179
144	180
144	181
144	182
144	183
144	184
144	185
144	186
144	187
144	188
144	189
144	190
144	191
144	192
144	193
144	194
144	195
144	196
144	197
144	198
144	199
144	200
144	201
144	202
144	203
144	204
144	205
144	206
145	146
145	147
145	148
145	149
145	150
145	151
145	152
145	153
145	154
145	155
145	156
145	157
145	158
145	159
145	160
145	161
145	162
145	163
145	164
145	165
145	166
145	167
145	168
145	169
145	170
145	171
145	172
145	173
145	174
145	175
145	176
145	177
145	178
145	179
145	180
145	181
145	182
145	183
145	184
145	185
145	186
145	187
145	188
145	189
145	190
145	191
145	192
145	193
145	194
145	195
145	196
145	197
145	198
145	199
145	200
145	201
145	202
145	203
145	204
145	205
145	206
146	195
146	196
146	197
146	200
146	201
146	202
146	203
146	204
146	205
146	206
147	195
147	196
147	197
147	200
147	201
147	202
147	203
147	204
147	205
147	206
148	195
148	196
148	197
148	200
148	201
148	202
148	203
148	204
148	205
148	206
149	195
149	196
149	197
149	200
149	201
149	202
149	203
149	204
149	205
149	206
150	195
150	196
150	197
150	200
150	201
150	202
150	203
150	204
150	205
150	206
151	195
151	196
151	197
151	200
151	201
151	202
151	203
151	204
151	205
151	206
152	195
152	196
152	197
152	200
152	201
152	202
152	203
152	204
152	205
152	206
153	195
153	196
153	197
153	200
153	201
153	202
153	203
153	204
153	205
153	206
154	195
154	196
154	197
154	200
154	201
154	202
154	203
154	204
154	205
154	206
155	195
155	196
155	197
155	200
155	201
155	202
155	203
155	204
155	205
155	206
156	195
156	196
156	197
156	200
156	201
156	202
156	203
156	204
156	205
156	206
157	195
157	196
157	197
157	200
157	201
157	202
157	203
157	204
157	205
157	206
158	195
158	196
158	197
158	200
158	201
158	202
158	203
158	204
158	205
158	206
159	195
159	196
159	197
159	200
159	201
159	202
159	203
159	204
159	205
159	206
160	195
160	196
160	197
160	200
160	201
160	202
160	203
160	204
160	205
160	206
161	195
161	196
161	197
161	200
161	201
161	202
161	203
161	204
161	205
161	206
162	195
162	196
162	197
162	200
162	201
162	202
162	203
162	204
162	205
162	206
163	195
163	196
163	197
163	200
163	201
163	202
163	203
163	204
163	205
163	206
164	195
164	196
164	197
164	200
164	201
164	202
164	203
164	204
164	205
164	206
165	195
165	196
165	197
165	200
165	201
165	202
165	203
165	204
165	205
165	206
166	195
166	196
166	197
166	200
166	201
166	202
166	203
166	204
166	205
166	206
167	195
167	196
167	197
167	200
167	201
167	202
167	203
167	204
167	205
167	206
168	195
168	196
168	197
168	200
168	201
168	202
168	203
168	204
168	205
168	206
169	195
169	196
169	197
169	200
169	201
169	202
169	203
169	204
169	205
169	206
170	195
170	196
170	197
170	200
170	201
170	202
170	203
170	204
170	205
170	206
171	195
171	196
171	197
171	200
171	201
171	202
171	203
171	204
171	205
171	206
172	195
172	196
172	197
172	200
172	201
172	202
172	203
172	204
172	205
172	206
173	195
173	196
173	197
173	200
173	201
173	202
173	203
173	204
173	205
173	206
174	195
174	196
174	197
174	200
174	201
174	202
174	203
174	204
174	205
174	206
175	195
175	196
175	197
175	200
175	201
175	202
175	203
175	204
175	205
175	206
176	195
176	196
176	197
176	200
176	201
176	202
176	203
176	204
176	205
176	206
177	195
177	196
177	197
177	200
177	201
177	202
177	203
177	204
177	205
177	206
178	195
178	196
178	197
178	200
178	201
178	202
178	203
178	204
178	205
178	206
179	195
179	196
179	197
179	200
179	201
179	202
179	203
179	204
179	205
179	206
180	195
180	196
180	197
180	200
180	201
180	202
180	203
180	204
180	205
180	206
181	195
181	196
181	197
181	200
181	201
181	202
181	203
181	204
181	205
181	206
182	195
182	196
182	197
182	200
182	201
182	202
182	203
182	204
182	205
182	206
183	195
183	196
183	197
183	200
183	201
183	202
183	203
183	204
183	205
183	206
184	195
184	196
184	197
184	200
184	201
184	202
184	203
184	204
184	205
184	206
185	195
185	196
185	197
185	200
185	201
185	202
185	203
185	204
185	205
185	206
186	195
186	196
186	197
186	200
186	201
186	202
186	203
186	204
186	205
186	206
187	195
187	196
187	197
187	200
187	201
187	202
187	203
187	204
187	205
187	206
188	195
188	196
188	197
188	200
188	201
188	202
188	203
188	204
188	205
188	206
189	195
189	196
189	197
189	200
189	201
189	202
189	203
189	204
189	205
189	206
190	195
190	196
190	197
190	200
190	201
190	202
190	203
190	204
190	205
190	206
191	195
191	196
191	197
191	200
191	201
191	202
191	203
191	204
191	205
191	206
192	195
192	196
192	197
192	200
192	201
192	202
192	203
192	204
192	205
192	206
193	195
193	196
193	197
193	200
193	201
193	202
193	203
193	204
193	205
193	206
194	195
194	196
194	197
194	200
194	201
194	202
194	203
194	204
194	205
194	206
195	196
195	197
195	198
195	199
195	200
195	201
195	202
195	203
195	204
195	205
195	206
196	197
196	198
196	199
196	200
196	201
196	202
196	203
196	204
196	205
196	206
197	198
197	199
198	200
198	201
198	202
198	203
198	204
198	205
198	206
199	200
199	201
199	202
199	203
199	204
199	205
199	206