202	11176
1	24
1	28
1	29
1	30
1	31
1	32
1	33
1	34
1	35
1	36
1	37
1	38
1	39
1	40
1	41
1	42
1	43
1	44
1	45
1	46
1	47
1	48
1	49
1	50
1	51
1	52
1	53
1	54
1	55
1	56
1	57
1	58
1	59
1	60
1	61
1	62
1	63
1	64
1	65
1	66
1	67
1	68
1	69
1	70
1	71
1	72
1	73
1	74
1	75
1	76
1	77
1	78
1	79
1	80
1	81
1	82
1	83
1	84
1	85
1	86
1	87
1	88
1	89
1	90
1	91
1	92
1	93
1	94
1	95
1	96
1	97
1	98
1	99
1	100
1	101
1	102
1	103
1	104
1	105
1	106
1	107
1	108
1	109
1	110
1	111
1	112
1	113
1	114
1	115
1	116
1	117
1	118
1	119
1	120
1	121
1	122
1	123
1	124
1	125
1	126
1	127
1	128
1	129
1	130
1	131
1	132
1	133
1	134
1	135
1	136
1	137
1	138
1	139
1	140
1	141
1	142
1	143
1	144
1	145
1	146
1	147
1	148
1	149
1	150
1	151
1	152
1	153
1	154
1	155
1	156
1	157
1	158
1	159
1	160
1	161
1	162
1	163
1	164
1	165
1	166
1	167
1	168
1	169
1	170
1	171
1	172
1	173
1	174
1	175
1	176
1	177
1	178
1	179
1	180
1	181
1	182
1	183
1	184
1	185
1	186
1	187
1	188
1	189
1	190
1	191
1	192
1	193
1	194
1	195
1	196
1	197
1	198
1	199
1	200
1	201
1	202
2	24
2	28
2	29
2	30
2	31
2	32
2	33
2	34
2	35
2	36
2	37
2	38
2	39
2	40
2	41
2	42
2	43
2	44
2	45
2	46
2	47
2	48
2	49
2	50
2	51
2	52
2	53
2	54
2	55
2	56
2	57
2	58
2	59
2	60
2	61
2	62
2	63
2	64
2	65
2	66
2	67
2	68
2	69
2	70
2	71
2	72
2	73
2	74
2	75
2	76
2	77
2	78
2	79
2	80
2	81
2	82
2	83
2	84
2	85
2	86
2	87
2	88
2	89
2	90
2	91
2	92
2	93
2	94
2	95
2	96
2	97
2	98
2	99
2	100
2	101
2	102
2	103
2	104
2	105
2	106
2	107
2	108
2	109
2	110
2	111
2	112
2	113
2	114
2	115
2	116
2	117
2	118
2	119
2	120
2	121
2	122
2	123
2	124
2	125
2	126
2	127
2	128
2	129
2	130
2	131
2	132
2	133
2	134
2	135
2	136
2	137
2	138
2	139
2	140
2	141
2	142
2	143
2	144
2	145
2	146
2	147
2	148
2	149
2	150
2	151
2	152
2	153
2	154
2	155
2	156
2	157
2	158
2	159
2	160
2	161
2	162
2	163
2	164
2	165
2	166
2	167
2	168
2	169
2	170
2	171
2	172
2	173
2	174
2	175
2	176
2	177
2	178
2	179
2	180
2	181
2	182
2	183
2	184
2	185
2	186
2	187
2	188
2	189
2	190
2	191
2	192
2	193
2	194
2	195
2	196
2	197
2	198
2	199
2	200
2	201
2	202
3	29
3	30
3	31
3	32
3	33
3	34
3	35
3	36
3	37
3	38
3	39
3	40
3	41
3	42
3	43
3	44
3	45
3	46
3	47
3	48
3	49
3	50
3	51
3	52
3	53
3	54
3	55
3	56
3	57
3	58
3	59
3	60
3	61
3	62
3	63
3	64
3	65
3	66
3	67
3	68
3	69
3	70
3	71
3	72
3	73
3	74
3	75
3	76
3	77
3	78
3	79
3	80
3	81
3	82
3	83
3	84
3	85
3	86
3	87
3	88
3	89
3	90
3	91
3	92
3	93
3	94
3	95
3	96
3	97
3	98
3	99
3	100
3	101
3	102
3	103
3	104
3	105
3	106
3	107
3	108
3	109
3	110
3	111
3	112
3	113
3	114
3	115
3	116
3	117
3	118
3	119
3	120
3	121
3	122
3	123
3	124
3	125
3	126
3	127
3	128
3	129
3	130
3	131
3	132
3	133
3	134
3	135
3	136
3	137
3	138
3	139
3	140
3	141
3	142
3	143
3	144
3	145
3	146
3	147
3	148
3	149
3	150
3	151
3	152
3	153
3	154
3	155
3	156
3	157
3	158
3	159
3	160
3	161
3	162
3	163
3	164
3	165
3	166
3	167
3	168
3	169
3	170
3	171
3	172
3	173
3	174
3	175
3	176
3	177
3	178
3	179
3	180
3	181
3	182
3	183
3	184
3	185
3	186
3	187
3	188
3	189
3	190
3	191
3	192
3	193
3	194
3	195
3	196
3	197
3	198
3	199
3	200
3	201
3	202
4	24
4	28
4	29
4	30
4	31
4	32
4	33
4	34
4	35
4	36
4	37
4	38
4	39
4	40
4	41
4	42
4	43
4	44
4	45
4	46
4	47
4	48
4	49
4	50
4	51
4	52
4	53
4	54
4	55
4	56
4	57
4	58
4	59
4	60
4	61
4	62
4	63
4	64
4	65
4	66
4	67
4	68
4	69
4	70
4	71
4	72
4	73
4	74
4	75
4	76
4	77
4	78
4	79
4	80
4	81
4	82
4	83
4	84
4	85
4	86
4	87
4	88
4	89
4	90
4	91
4	92
4	93
4	94
4	95
4	96
4	97
4	98
4	99
4	100
4	101
4	102
4	103
4	104
4	105
4	106
4	107
4	108
4	109
4	110
4	111
4	112
4	113
4	114
4	115
4	116
4	117
4	118
4	119
4	120
4	121
4	122
4	123
4	124
4	125
4	126
4	127
4	128
4	129
4	130
4	131
4	132
4	133
4	134
4	135
4	136
4	137
4	138
4	139
4	140
4	141
4	142
4	143
4	144
4	145
4	146
4	147
4	148
4	149
4	150
4	151
4	152
4	153
4	154
4	155
4	156
4	157
4	158
4	159
4	160
4	161
4	162
4	163
4	164
4	165
4	166
4	167
4	168
4	169
4	170
4	171
4	172
4	173
4	174
4	175
4	176
4	177
4	178
4	179
4	180
4	181
4	182
4	183
4	184
4	185
4	186
4	187
4	188
4	189
4	190
4	191
4	192
4	193
4	194
4	195
4	196
4	197
4	198
4	199
4	200
4	201
4	202
5	29
5	30
5	31
5	32
5	33
5	34
5	35
5	36
5	37
5	38
5	39
5	40
5	41
5	42
5	43
5	44
5	45
5	46
5	47
5	48
5	49
5	50
5	51
5	52
5	53
5	54
5	55
5	56
5	57
5	58
5	59
5	60
5	61
5	62
5	63
5	64
5	65
5	66
5	67
5	68
5	69
5	70
5	71
5	72
5	73
5	74
5	75
5	76
5	77
5	78
5	79
5	80
5	81
5	82
5	83
5	84
5	85
5	86
5	87
5	88
5	89
5	90
5	91
5	92
5	93
5	94
5	95
5	96
5	97
5	98
5	99
5	100
5	101
5	102
5	103
5	104
5	105
5	106
5	107
5	108
5	109
5	110
5	111
5	112
5	113
5	114
5	115
5	116
5	117
5	118
5	119
5	120
5	121
5	122
5	123
5	124
5	125
5	126
5	127
5	128
5	129
5	130
5	131
5	132
5	133
5	134
5	135
5	136
5	137
5	138
5	139
5	140
5	141
5	142
5	143
5	144
5	145
5	146
5	147
5	148
5	149
5	150
5	151
5	152
5	153
5	154
5	155
5	156
5	157
5	158
5	159
5	160
5	161
5	162
5	163
5	164
5	165
5	166
5	167
5	168
5	169
5	170
5	171
5	172
5	173
5	174
5	175
5	176
5	177
5	178
5	179
5	180
5	181
5	182
5	183
5	184
5	185
5	186
5	187
5	188
5	189
5	190
5	191
5	192
5	193
5	194
5	195
5	196
5	197
5	198
5	199
5	200
5	201
5	202
6	29
6	30
6	31
6	32
6	33
6	34
6	35
6	36
6	37
6	38
6	39
6	40
6	41
6	42
6	43
6	44
6	45
6	46
6	47
6	48
6	49
6	50
6	51
6	52
6	53
6	54
6	55
6	56
6	57
6	58
6	59
6	60
6	61
6	62
6	63
6	64
6	65
6	66
6	67
6	68
6	69
6	70
6	71
6	72
6	73
6	74
6	75
6	76
6	77
6	78
6	79
6	80
6	81
6	82
6	83
6	84
6	85
6	86
6	87
6	88
6	89
6	90
6	91
6	92
6	93
6	94
6	95
6	96
6	97
6	98
6	99
6	100
6	101
6	102
6	103
6	104
6	105
6	106
6	107
6	108
6	109
6	110
6	111
6	112
6	113
6	114
6	115
6	116
6	117
6	118
6	119
6	120
6	121
6	122
6	123
6	124
6	125
6	126
6	127
6	128
6	129
6	130
6	131
6	132
6	133
6	134
6	135
6	136
6	137
6	138
6	139
6	140
6	141
6	142
6	143
6	144
6	145
6	146
6	147
6	148
6	149
6	150
6	151
6	152
6	153
6	154
6	155
6	156
6	157
6	158
6	159
6	160
6	161
6	162
6	163
6	164
6	165
6	166
6	167
6	168
6	169
6	170
6	171
6	172
6	173
6	174
6	175
6	176
6	177
6	178
6	179
6	180
6	181
6	182
6	183
6	184
6	185
6	186
6	187
6	188
6	189
6	190
6	191
6	192
6	193
6	194
6	195
6	196
6	197
6	198
6	199
6	200
6	201
6	202
7	29
7	30
7	31
7	32
7	33
7	34
7	35
7	36
7	37
7	38
7	39
7	40
7	41
7	42
7	43
7	44
7	45
7	46
7	47
7	48
7	49
7	50
7	51
7	52
7	53
7	54
7	55
7	56
7	57
7	58
7	59
7	60
7	61
7	62
7	63
7	64
7	65
7	66
7	67
7	68
7	69
7	70
7	71
7	72
7	73
7	74
7	75
7	76
7	77
7	78
7	79
7	80
7	81
7	82
7	83
7	84
7	85
7	86
7	87
7	88
7	89
7	90
7	91
7	92
7	93
7	94
7	95
7	96
7	97
7	98
7	99
7	100
7	101
7	102
7	103
7	104
7	105
7	106
7	107
7	108
7	109
7	110
7	111
7	112
7	113
7	114
7	115
7	116
7	117
7	118
7	119
7	120
7	121
7	122
7	123
7	124
7	125
7	126
7	127
7	128
7	129
7	130
7	131
7	132
7	133
7	134
7	135
7	136
7	137
7	138
7	139
7	140
7	141
7	142
7	143
7	144
7	145
7	146
7	147
7	148
7	149
7	150
7	151
7	152
7	153
7	154
7	155
7	156
7	157
7	158
7	159
7	160
7	161
7	162
7	163
7	164
7	165
7	166
7	167
7	168
7	169
7	170
7	171
7	172
7	173
7	174
7	175
7	176
7	177
7	178
7	179
7	180
7	181
7	182
7	183
7	184
7	185
7	186
7	187
7	188
7	189
7	190
7	191
7	192
7	193
7	194
7	195
7	196
7	197
7	198
7	199
7	200
7	201
7	202
8	29
8	30
8	31
8	32
8	33
8	34
8	35
8	36
8	37
8	38
8	39
8	40
8	41
8	42
8	43
8	44
8	45
8	46
8	47
8	48
8	49
8	50
8	51
8	52
8	53
8	54
8	55
8	56
8	57
8	58
8	59
8	60
8	61
8	62
8	63
8	64
8	65
8	66
8	67
8	68
8	69
8	70
8	71
8	72
8	73
8	74
8	75
8	76
8	77
8	78
8	79
8	80
8	81
8	82
8	83
8	84
8	85
8	86
8	87
8	88
8	89
8	90
8	91
8	92
8	93
8	94
8	95
8	96
8	97
8	98
8	99
8	100
8	101
8	102
8	103
8	104
8	105
8	106
8	107
8	108
8	109
8	110
8	111
8	112
8	113
8	114
8	115
8	116
8	117
8	118
8	119
8	120
8	121
8	122
8	123
8	124
8	125
8	126
8	127
8	128
8	129
8	130
8	131
8	132
8	133
8	134
8	135
8	136
8	137
8	138
8	139
8	140
8	141
8	142
8	143
8	144
8	145
8	146
8	147
8	148
8	149
8	150
8	151
8	152
8	153
8	154
8	155
8	156
8	157
8	158
8	159
8	160
8	161
8	162
8	163
8	164
8	165
8	166
8	167
8	168
8	169
8	170
8	171
8	172
8	173
8	174
8	175
8	176
8	177
8	178
8	179
8	180
8	181
8	182
8	183
8	184
8	185
8	186
8	187
8	188
8	189
8	190
8	191
8	192
8	193
8	194
8	195
8	196
8	197
8	198
8	199
8	200
8	201
8	202
9	29
9	30
9	31
9	32
9	33
9	34
9	35
9	36
9	37
9	38
9	39
9	40
9	41
9	42
9	43
9	44
9	45
9	46
9	47
9	48
9	49
9	50
9	51
9	52
9	53
9	54
9	55
9	56
9	57
9	58
9	59
9	60
9	61
9	62
9	63
9	64
9	65
9	66
9	67
9	68
9	69
9	70
9	71
9	72
9	73
9	74
9	75
9	76
9	77
9	78
9	79
9	80
9	81
9	82
9	83
9	84
9	85
9	86
9	87
9	88
9	89
9	90
9	91
9	92
9	93
9	94
9	95
9	96
9	97
9	98
9	99
9	100
9	101
9	102
9	103
9	104
9	105
9	106
9	107
9	108
9	109
9	110
9	111
9	112
9	113
9	114
9	115
9	116
9	117
9	118
9	119
9	120
9	121
9	122
9	123
9	124
9	125
9	126
9	127
9	128
9	129
9	130
9	131
9	132
9	133
9	134
9	135
9	136
9	137
9	138
9	139
9	140
9	141
9	142
9	143
9	144
9	145
9	146
9	147
9	148
9	149
9	150
9	151
9	152
9	153
9	154
9	155
9	156
9	157
9	158
9	159
9	160
9	161
9	162
9	163
9	164
9	165
9	166
9	167
9	168
9	169
9	170
9	171
9	172
9	173
9	174
9	175
9	176
9	177
9	178
9	179
9	180
9	181
9	182
9	183
9	184
9	185
9	186
9	187
9	188
9	189
9	190
9	191
9	192
9	193
9	194
9	195
9	196
9	197
9	198
9	199
9	200
9	201
9	202
10	29
10	30
10	31
10	32
10	33
10	34
10	35
10	36
10	37
10	38
10	39
10	40
10	41
10	42
10	43
10	44
10	45
10	46
10	47
10	48
10	49
10	50
10	51
10	52
10	53
10	54
10	55
10	56
10	57
10	58
10	59
10	60
10	61
10	62
10	63
10	64
10	65
10	66
10	67
10	68
10	69
10	70
10	71
10	72
10	73
10	74
10	75
10	76
10	77
10	78
10	79
10	80
10	81
10	82
10	83
10	84
10	85
10	86
10	87
10	88
10	89
10	90
10	91
10	92
10	93
10	94
10	95
10	96
10	97
10	98
10	99
10	100
10	101
10	102
10	103
10	104
10	105
10	106
10	107
10	108
10	109
10	110
10	111
10	112
10	113
10	114
10	115
10	116
10	117
10	118
10	119
10	120
10	121
10	122
10	123
10	124
10	125
10	126
10	127
10	128
10	129
10	130
10	131
10	132
10	133
10	134
10	135
10	136
10	137
10	138
10	139
10	140
10	141
10	142
10	143
10	144
10	145
10	146
10	147
10	148
10	149
10	150
10	151
10	152
10	153
10	154
10	155
10	156
10	157
10	158
10	159
10	160
10	161
10	162
10	163
10	164
10	165
10	166
10	167
10	168
10	169
10	170
10	171
10	172
10	173
10	174
10	175
10	176
10	177
10	178
10	179
10	180
10	181
10	182
10	183
10	184
10	185
10	186
10	187
10	188
10	189
10	190
10	191
10	192
10	193
10	194
10	195
10	196
10	197
10	198
10	199
10	200
10	201
10	202
11	29
11	30
11	31
11	32
11	33
11	34
11	35
11	36
11	37
11	38
11	39
11	40
11	41
11	42
11	43
11	44
11	45
11	46
11	47
11	48
11	49
11	50
11	51
11	52
11	53
11	54
11	55
11	56
11	57
11	58
11	59
11	60
11	61
11	62
11	63
11	64
11	65
11	66
11	67
11	68
11	69
11	70
11	71
11	72
11	73
11	74
11	75
11	76
11	77
11	78
11	79
11	80
11	81
11	82
11	83
11	84
11	85
11	86
11	87
11	88
11	89
11	90
11	91
11	92
11	93
11	94
11	95
11	96
11	97
11	98
11	99
11	100
11	101
11	102
11	103
11	104
11	105
11	106
11	107
11	108
11	109
11	110
11	111
11	112
11	113
11	114
11	115
11	116
11	117
11	118
11	119
11	120
11	121
11	122
11	123
11	124
11	125
11	126
11	127
11	128
11	129
11	130
11	131
11	132
11	133
11	134
11	135
11	136
11	137
11	138
11	139
11	140
11	141
11	142
11	143
11	144
11	145
11	146
11	147
11	148
11	149
11	150
11	151
11	152
11	153
11	154
11	155
11	156
11	157
11	158
11	159
11	160
11	161
11	162
11	163
11	164
11	165
11	166
11	167
11	168
11	169
11	170
11	171
11	172
11	173
11	174
11	175
11	176
11	177
11	178
11	179
11	180
11	181
11	182
11	183
11	184
11	185
11	186
11	187
11	188
11	189
11	190
11	191
11	192
11	193
11	194
11	195
11	196
11	197
11	198
11	199
11	200
11	201
11	202
12	29
12	30
12	31
12	32
12	33
12	34
12	35
12	36
12	37
12	38
12	39
12	40
12	41
12	42
12	43
12	44
12	45
12	46
12	47
12	48
12	49
12	50
12	51
12	52
12	53
12	54
12	55
12	56
12	57
12	58
12	59
12	60
12	61
12	62
12	63
12	64
12	65
12	66
12	67
12	68
12	69
12	70
12	71
12	72
12	73
12	74
12	75
12	76
12	77
12	78
12	79
12	80
12	81
12	82
12	83
12	84
12	85
12	86
12	87
12	88
12	89
12	90
12	91
12	92
12	93
12	94
12	95
12	96
12	97
12	98
12	99
12	100
12	101
12	102
12	103
12	104
12	105
12	106
12	107
12	108
12	109
12	110
12	111
12	112
12	113
12	114
12	115
12	116
12	117
12	118
12	119
12	120
12	121
12	122
12	123
12	124
12	125
12	126
12	127
12	128
12	129
12	130
12	131
12	132
12	133
12	134
12	135
12	136
12	137
12	138
12	139
12	140
12	141
12	142
12	143
12	144
12	145
12	146
12	147
12	148
12	149
12	150
12	151
12	152
12	153
12	154
12	155
12	156
12	157
12	158
12	159
12	160
12	161
12	162
12	163
12	164
12	165
12	166
12	167
12	168
12	169
12	170
12	171
12	172
12	173
12	174
12	175
12	176
12	177
12	178
12	179
12	180
12	181
12	182
12	183
12	184
12	185
12	186
12	187
12	188
12	189
12	190
12	191
12	192
12	193
12	194
12	195
12	196
12	197
12	198
12	199
12	200
12	201
12	202
13	29
13	30
13	31
13	32
13	33
13	34
13	35
13	36
13	37
13	38
13	39
13	40
13	41
13	42
13	43
13	44
13	45
13	46
13	47
13	48
13	49
13	50
13	51
13	52
13	53
13	54
13	55
13	56
13	57
13	58
13	59
13	60
13	61
13	62
13	63
13	64
13	65
13	66
13	67
13	68
13	69
13	70
13	71
13	72
13	73
13	74
13	75
13	76
13	77
13	78
13	79
13	80
13	81
13	82
13	83
13	84
13	85
13	86
13	87
13	88
13	89
13	90
13	91
13	92
13	93
13	94
13	95
13	96
13	97
13	98
13	99
13	100
13	101
13	102
13	103
13	104
13	105
13	106
13	107
13	108
13	109
13	110
13	111
13	112
13	113
13	114
13	115
13	116
13	117
13	118
13	119
13	120
13	121
13	122
13	123
13	124
13	125
13	126
13	127
13	128
13	129
13	130
13	131
13	132
13	133
13	134
13	135
13	136
13	137
13	138
13	139
13	140
13	141
13	142
13	143
13	144
13	145
13	146
13	147
13	148
13	149
13	150
13	151
13	152
13	153
13	154
13	155
13	156
13	157
13	158
13	159
13	160
13	161
13	162
13	163
13	164
13	165
13	166
13	167
13	168
13	169
13	170
13	171
13	172
13	173
13	174
13	175
13	176
13	177
13	178
13	179
13	180
13	181
13	182
13	183
13	184
13	185
13	186
13	187
13	188
13	189
13	190
13	191
13	192
13	193
13	194
13	195
13	196
13	197
13	198
13	199
13	200
13	201
13	202
14	29
14	30
14	31
14	32
14	33
14	34
14	35
14	36
14	37
14	38
14	39
14	40
14	41
14	42
14	43
14	44
14	45
14	46
14	47
14	48
14	49
14	50
14	51
14	52
14	53
14	54
14	55
14	56
14	57
14	58
14	59
14	60
14	61
14	62
14	63
14	64
14	65
14	66
14	67
14	68
14	69
14	70
14	71
14	72
14	73
14	74
14	75
14	76
14	77
14	78
14	79
14	80
14	81
14	82
14	83
14	84
14	85
14	86
14	87
14	88
14	89
14	90
14	91
14	92
14	93
14	94
14	95
14	96
14	97
14	98
14	99
14	100
14	101
14	102
14	103
14	104
14	105
14	106
14	107
14	108
14	109
14	110
14	111
14	112
14	113
14	114
14	115
14	116
14	117
14	118
14	119
14	120
14	121
14	122
14	123
14	124
14	125
14	126
14	127
14	128
14	129
14	130
14	131
14	132
14	133
14	134
14	135
14	136
14	137
14	138
14	139
14	140
14	141
14	142
14	143
14	144
14	145
14	146
14	147
14	148
14	149
14	150
14	151
14	152
14	153
14	154
14	155
14	156
14	157
14	158
14	159
14	160
14	161
14	162
14	163
14	164
14	165
14	166
14	167
14	168
14	169
14	170
14	171
14	172
14	173
14	174
14	175
14	176
14	177
14	178
14	179
14	180
14	181
14	182
14	183
14	184
14	185
14	186
14	187
14	188
14	189
14	190
14	191
14	192
14	193
14	194
14	195
14	196
14	197
14	198
14	199
14	200
14	201
14	202
15	29
15	30
15	31
15	32
15	33
15	34
15	35
15	36
15	37
15	38
15	39
15	40
15	41
15	42
15	43
15	44
15	45
15	46
15	47
15	48
15	49
15	50
15	51
15	52
15	53
15	54
15	55
15	56
15	57
15	58
15	59
15	60
15	61
15	62
15	63
15	64
15	65
15	66
15	67
15	68
15	69
15	70
15	71
15	72
15	73
15	74
15	75
15	76
15	77
15	78
15	79
15	80
15	81
15	82
15	83
15	84
15	85
15	86
15	87
15	88
15	89
15	90
15	91
15	92
15	93
15	94
15	95
15	96
15	97
15	98
15	99
15	100
15	101
15	102
15	103
15	104
15	105
15	106
15	107
15	108
15	109
15	110
15	111
15	112
15	113
15	114
15	115
15	116
15	117
15	118
15	119
15	120
15	121
15	122
15	123
15	124
15	125
15	126
15	127
15	128
15	129
15	130
15	131
15	132
15	133
15	134
15	135
15	136
15	137
15	138
15	139
15	140
15	141
15	142
15	143
15	144
15	145
15	146
15	147
15	148
15	149
15	150
15	151
15	152
15	153
15	154
15	155
15	156
15	157
15	158
15	159
15	160
15	161
15	162
15	163
15	164
15	165
15	166
15	167
15	168
15	169
15	170
15	171
15	172
15	173
15	174
15	175
15	176
15	177
15	178
15	179
15	180
15	181
15	182
15	183
15	184
15	185
15	186
15	187
15	188
15	189
15	190
15	191
15	192
15	193
15	194
15	195
15	196
15	197
15	198
15	199
15	200
15	201
15	202
16	29
16	30
16	31
16	32
16	33
16	34
16	35
16	36
16	37
16	38
16	39
16	40
16	41
16	42
16	43
16	44
16	45
16	46
16	47
16	48
16	49
16	50
16	51
16	52
16	53
16	54
16	55
16	56
16	57
16	58
16	59
16	60
16	61
16	62
16	63
16	64
16	65
16	66
16	67
16	68
16	69
16	70
16	71
16	72
16	73
16	74
16	75
16	76
16	77
16	78
16	79
16	80
16	81
16	82
16	83
16	84
16	85
16	86
16	87
16	88
16	89
16	90
16	91
16	92
16	93
16	94
16	95
16	96
16	97
16	98
16	99
16	100
16	101
16	102
16	103
16	104
16	105
16	106
16	107
16	108
16	109
16	110
16	111
16	112
16	113
16	114
16	115
16	116
16	117
16	118
16	119
16	120
16	121
16	122
16	123
16	124
16	125
16	126
16	127
16	128
16	129
16	130
16	131
16	132
16	133
16	134
16	135
16	136
16	137
16	138
16	139
16	140
16	141
16	142
16	143
16	144
16	145
16	146
16	147
16	148
16	149
16	150
16	151
16	152
16	153
16	154
16	155
16	156
16	157
16	158
16	159
16	160
16	161
16	162
16	163
16	164
16	165
16	166
16	167
16	168
16	169
16	170
16	171
16	172
16	173
16	174
16	175
16	176
16	177
16	178
16	179
16	180
16	181
16	182
16	183
16	184
16	185
16	186
16	187
16	188
16	189
16	190
16	191
16	192
16	193
16	194
16	195
16	196
16	197
16	198
16	199
16	200
16	201
16	202
17	29
17	30
17	31
17	32
17	33
17	34
17	35
17	36
17	37
17	38
17	39
17	40
17	41
17	42
17	43
17	44
17	45
17	46
17	47
17	48
17	49
17	50
17	51
17	52
17	53
17	54
17	55
17	56
17	57
17	58
17	59
17	60
17	61
17	62
17	63
17	64
17	65
17	66
17	67
17	68
17	69
17	70
17	71
17	72
17	73
17	74
17	75
17	76
17	77
17	78
17	79
17	80
17	81
17	82
17	83
17	84
17	85
17	86
17	87
17	88
17	89
17	90
17	91
17	92
17	93
17	94
17	95
17	96
17	97
17	98
17	99
17	100
17	101
17	102
17	103
17	104
17	105
17	106
17	107
17	108
17	109
17	110
17	111
17	112
17	113
17	114
17	115
17	116
17	117
17	118
17	119
17	120
17	121
17	122
17	123
17	124
17	125
17	126
17	127
17	128
17	129
17	130
17	131
17	132
17	133
17	134
17	135
17	136
17	137
17	138
17	139
17	140
17	141
17	142
17	143
17	144
17	145
17	146
17	147
17	148
17	149
17	150
17	151
17	152
17	153
17	154
17	155
17	156
17	157
17	158
17	159
17	160
17	161
17	162
17	163
17	164
17	165
17	166
17	167
17	168
17	169
17	170
17	171
17	172
17	173
17	174
17	175
17	176
17	177
17	178
17	179
17	180
17	181
17	182
17	183
17	184
17	185
17	186
17	187
17	188
17	189
17	190
17	191
17	192
17	193
17	194
17	195
17	196
17	197
17	198
17	199
17	200
17	201
17	202
18	29
18	30
18	31
18	32
18	33
18	34
18	35
18	36
18	37
18	38
18	39
18	40
18	41
18	42
18	43
18	44
18	45
18	46
18	47
18	48
18	49
18	50
18	51
18	52
18	53
18	54
18	55
18	56
18	57
18	58
18	59
18	60
18	61
18	62
18	63
18	64
18	65
18	66
18	67
18	68
18	69
18	70
18	71
18	72
18	73
18	74
18	75
18	76
18	77
18	78
18	79
18	80
18	81
18	82
18	83
18	84
18	85
18	86
18	87
18	88
18	89
18	90
18	91
18	92
18	93
18	94
18	95
18	96
18	97
18	98
18	99
18	100
18	101
18	102
18	103
18	104
18	105
18	106
18	107
18	108
18	109
18	110
18	111
18	112
18	113
18	114
18	115
18	116
18	117
18	118
18	119
18	120
18	121
18	122
18	123
18	124
18	125
18	126
18	127
18	128
18	129
18	130
18	131
18	132
18	133
18	134
18	135
18	136
18	137
18	138
18	139
18	140
18	141
18	142
18	143
18	144
18	145
18	146
18	147
18	148
18	149
18	150
18	151
18	152
18	153
18	154
18	155
18	156
18	157
18	158
18	159
18	160
18	161
18	162
18	163
18	164
18	165
18	166
18	167
18	168
18	169
18	170
18	171
18	172
18	173
18	174
18	175
18	176
18	177
18	178
18	179
18	180
18	181
18	182
18	183
18	184
18	185
18	186
18	187
18	188
18	189
18	190
18	191
18	192
18	193
18	194
18	195
18	196
18	197
18	198
18	199
18	200
18	201
18	202
19	29
19	30
19	31
19	32
19	33
19	34
19	35
19	36
19	37
19	38
19	39
19	40
19	41
19	42
19	43
19	44
19	45
19	46
19	47
19	48
19	49
19	50
19	51
19	52
19	53
19	54
19	55
19	56
19	57
19	58
19	59
19	60
19	61
19	62
19	63
19	64
19	65
19	66
19	67
19	68
19	69
19	70
19	71
19	72
19	73
19	74
19	75
19	76
19	77
19	78
19	79
19	80
19	81
19	82
19	83
19	84
19	85
19	86
19	87
19	88
19	89
19	90
19	91
19	92
19	93
19	94
19	95
19	96
19	97
19	98
19	99
19	100
19	101
19	102
19	103
19	104
19	105
19	106
19	107
19	108
19	109
19	110
19	111
19	112
19	113
19	114
19	115
19	116
19	117
19	118
19	119
19	120
19	121
19	122
19	123
19	124
19	125
19	126
19	127
19	128
19	129
19	130
19	131
19	132
19	133
19	134
19	135
19	136
19	137
19	138
19	139
19	140
19	141
19	142
19	143
19	144
19	145
19	146
19	147
19	148
19	149
19	150
19	151
19	152
19	153
19	154
19	155
19	156
19	157
19	158
19	159
19	160
19	161
19	162
19	163
19	164
19	165
19	166
19	167
19	168
19	169
19	170
19	171
19	172
19	173
19	174
19	175
19	176
19	177
19	178
19	179
19	180
19	181
19	182
19	183
19	184
19	185
19	186
19	187
19	188
19	189
19	190
19	191
19	192
19	193
19	194
19	195
19	196
19	197
19	198
19	199
19	200
19	201
19	202
20	29
20	30
20	31
20	32
20	33
20	34
20	35
20	36
20	37
20	38
20	39
20	40
20	41
20	42
20	43
20	44
20	45
20	46
20	47
20	48
20	49
20	50
20	51
20	52
20	53
20	54
20	55
20	56
20	57
20	58
20	59
20	60
20	61
20	62
20	63
20	64
20	65
20	66
20	67
20	68
20	69
20	70
20	71
20	72
20	73
20	74
20	75
20	76
20	77
20	78
20	79
20	80
20	81
20	82
20	83
20	84
20	85
20	86
20	87
20	88
20	89
20	90
20	91
20	92
20	93
20	94
20	95
20	96
20	97
20	98
20	99
20	100
20	101
20	102
20	103
20	104
20	105
20	106
20	107
20	108
20	109
20	110
20	111
20	112
20	113
20	114
20	115
20	116
20	117
20	118
20	119
20	120
20	121
20	122
20	123
20	124
20	125
20	126
20	127
20	128
20	129
20	130
20	131
20	132
20	133
20	134
20	135
20	136
20	137
20	138
20	139
20	140
20	141
20	142
20	143
20	144
20	145
20	146
20	147
20	148
20	149
20	150
20	151
20	152
20	153
20	154
20	155
20	156
20	157
20	158
20	159
20	160
20	161
20	162
20	163
20	164
20	165
20	166
20	167
20	168
20	169
20	170
20	171
20	172
20	173
20	174
20	175
20	176
20	177
20	178
20	179
20	180
20	181
20	182
20	183
20	184
20	185
20	186
20	187
20	188
20	189
20	190
20	191
20	192
20	193
20	194
20	195
20	196
20	197
20	198
20	199
20	200
20	201
20	202
21	29
21	30
21	31
21	32
21	33
21	34
21	35
21	36
21	37
21	38
21	39
21	40
21	41
21	42
21	43
21	44
21	45
21	46
21	47
21	48
21	49
21	50
21	51
21	52
21	53
21	54
21	55
21	56
21	57
21	58
21	59
21	60
21	61
21	62
21	63
21	64
21	65
21	66
21	67
21	68
21	69
21	70
21	71
21	72
21	73
21	74
21	75
21	76
21	77
21	78
21	79
21	80
21	81
21	82
21	83
21	84
21	85
21	86
21	87
21	88
21	89
21	90
21	91
21	92
21	93
21	94
21	95
21	96
21	97
21	98
21	99
21	100
21	101
21	102
21	103
21	104
21	105
21	106
21	107
21	108
21	109
21	110
21	111
21	112
21	113
21	114
21	115
21	116
21	117
21	118
21	119
21	120
21	121
21	122
21	123
21	124
21	125
21	126
21	127
21	128
21	129
21	130
21	131
21	132
21	133
21	134
21	135
21	136
21	137
21	138
21	139
21	140
21	141
21	142
21	143
21	144
21	145
21	146
21	147
21	148
21	149
21	150
21	151
21	152
21	153
21	154
21	155
21	156
21	157
21	158
21	159
21	160
21	161
21	162
21	163
21	164
21	165
21	166
21	167
21	168
21	169
21	170
21	171
21	172
21	173
21	174
21	175
21	176
21	177
21	178
21	179
21	180
21	181
21	182
21	183
21	184
21	185
21	186
21	187
21	188
21	189
21	190
21	191
21	192
21	193
21	194
21	195
21	196
21	197
21	198
21	199
21	200
21	201
21	202
22	29
22	30
22	31
22	32
22	33
22	34
22	35
22	36
22	37
22	38
22	39
22	40
22	41
22	42
22	43
22	44
22	45
22	46
22	47
22	48
22	49
22	50
22	51
22	52
22	53
22	54
22	55
22	56
22	57
22	58
22	59
22	60
22	61
22	62
22	63
22	64
22	65
22	66
22	67
22	68
22	69
22	70
22	71
22	72
22	73
22	74
22	75
22	76
22	77
22	78
22	79
22	80
22	81
22	82
22	83
22	84
22	85
22	86
22	87
22	88
22	89
22	90
22	91
22	92
22	93
22	94
22	95
22	96
22	97
22	98
22	99
22	100
22	101
22	102
22	103
22	104
22	105
22	106
22	107
22	108
22	109
22	110
22	111
22	112
22	113
22	114
22	115
22	116
22	117
22	118
22	119
22	120
22	121
22	122
22	123
22	124
22	125
22	126
22	127
22	128
22	129
22	130
22	131
22	132
22	133
22	134
22	135
22	136
22	137
22	138
22	139
22	140
22	141
22	142
22	143
22	144
22	145
22	146
22	147
22	148
22	149
22	150
22	151
22	152
22	153
22	154
22	155
22	156
22	157
22	158
22	159
22	160
22	161
22	162
22	163
22	164
22	165
22	166
22	167
22	168
22	169
22	170
22	171
22	172
22	173
22	174
22	175
22	176
22	177
22	178
22	179
22	180
22	181
22	182
22	183
22	184
22	185
22	186
22	187
22	188
22	189
22	190
22	191
22	192
22	193
22	194
22	195
22	196
22	197
22	198
22	199
22	200
22	201
22	202
23	29
23	30
23	31
23	32
23	33
23	34
23	35
23	36
23	37
23	38
23	39
23	40
23	41
23	42
23	43
23	44
23	45
23	46
23	47
23	48
23	49
23	50
23	51
23	52
23	53
23	54
23	55
23	56
23	57
23	58
23	59
23	60
23	61
23	62
23	63
23	64
23	65
23	66
23	67
23	68
23	69
23	70
23	71
23	72
23	73
23	74
23	75
23	76
23	77
23	78
23	79
23	80
23	81
23	82
23	83
23	84
23	85
23	86
23	87
23	88
23	89
23	90
23	91
23	92
23	93
23	94
23	95
23	96
23	97
23	98
23	99
23	100
23	101
23	102
23	103
23	104
23	105
23	106
23	107
23	108
23	109
23	110
23	111
23	112
23	113
23	114
23	115
23	116
23	117
23	118
23	119
23	120
23	121
23	122
23	123
23	124
23	125
23	126
23	127
23	128
23	129
23	130
23	131
23	132
23	133
23	134
23	135
23	136
23	137
23	138
23	139
23	140
23	141
23	142
23	143
23	144
23	145
23	146
23	147
23	148
23	149
23	150
23	151
23	152
23	153
23	154
23	155
23	156
23	157
23	158
23	159
23	160
23	161
23	162
23	163
23	164
23	165
23	166
23	167
23	168
23	169
23	170
23	171
23	172
23	173
23	174
23	175
23	176
23	177
23	178
23	179
23	180
23	181
23	182
23	183
23	184
23	185
23	186
23	187
23	188
23	189
23	190
23	191
23	192
23	193
23	194
23	195
23	196
23	197
23	198
23	199
23	200
23	201
23	202
24	28
24	29
24	30
24	31
24	32
24	33
24	34
24	35
24	36
24	37
24	38
24	39
24	40
24	41
24	42
24	43
24	44
24	45
24	46
24	47
24	48
24	49
24	50
24	51
24	52
24	53
24	54
24	55
24	56
24	57
24	58
24	59
24	60
24	61
24	62
24	63
24	64
24	65
24	66
24	67
24	68
24	69
24	70
24	71
24	72
24	73
24	74
24	75
24	76
24	77
24	78
24	79
24	80
24	81
24	82
24	83
24	84
24	85
24	86
24	87
24	88
24	89
24	90
24	91
24	92
24	93
24	94
24	95
24	96
24	97
24	98
24	99
24	100
24	101
24	102
24	103
24	104
24	105
24	106
24	107
24	108
24	109
24	110
24	111
24	112
24	113
24	114
24	115
24	116
24	117
24	118
24	119
24	120
24	121
24	122
24	123
24	124
24	125
24	126
24	127
24	128
24	129
24	130
24	131
24	132
24	133
24	134
24	135
24	136
24	137
24	138
24	139
24	140
24	141
24	142
24	143
24	144
24	145
24	146
24	147
24	148
24	149
24	150
24	151
24	152
24	153
24	154
24	155
24	156
24	157
24	158
24	159
24	160
24	161
24	162
24	163
24	164
24	165
24	166
24	167
24	168
24	169
24	170
24	171
24	172
24	173
24	174
24	175
24	176
24	177
24	178
24	179
24	180
24	181
24	182
24	183
24	184
24	185
24	186
24	187
24	188
24	189
24	190
24	191
24	192
24	193
24	194
24	195
24	196
24	197
24	198
24	199
24	200
24	201
24	202
25	29
25	30
25	31
25	32
25	33
25	34
25	35
25	36
25	37
25	38
25	39
25	40
25	41
25	42
25	43
25	44
25	45
25	46
25	47
25	48
25	49
25	50
25	51
25	52
25	53
25	54
25	55
25	56
25	57
25	58
25	59
25	60
25	61
25	62
25	63
25	64
25	65
25	66
25	67
25	68
25	69
25	70
25	71
25	72
25	73
25	74
25	75
25	76
25	77
25	78
25	79
25	80
25	81
25	82
25	83
25	84
25	85
25	86
25	87
25	88
25	89
25	90
25	91
25	92
25	93
25	94
25	95
25	96
25	97
25	98
25	99
25	100
25	101
25	102
25	103
25	104
25	105
25	106
25	107
25	108
25	109
25	110
25	111
25	112
25	113
25	114
25	115
25	116
25	117
25	118
25	119
25	120
25	121
25	122
25	123
25	124
25	125
25	126
25	127
25	128
25	129
25	130
25	131
25	132
25	133
25	134
25	135
25	136
25	137
25	138
25	139
25	140
25	141
25	142
25	143
25	144
25	145
25	146
25	147
25	148
25	149
25	150
25	151
25	152
25	153
25	154
25	155
25	156
25	157
25	158
25	159
25	160
25	161
25	162
25	163
25	164
25	165
25	166
25	167
25	168
25	169
25	170
25	171
25	172
25	173
25	174
25	175
25	176
25	177
25	178
25	179
25	180
25	181
25	182
25	183
25	184
25	185
25	186
25	187
25	188
25	189
25	190
25	191
25	192
25	193
25	194
25	195
25	196
25	197
25	198
25	199
25	200
25	201
25	202
26	29
26	30
26	31
26	32
26	33
26	34
26	35
26	36
26	37
26	38
26	39
26	40
26	41
26	42
26	43
26	44
26	45
26	46
26	47
26	48
26	49
26	50
26	51
26	52
26	53
26	54
26	55
26	56
26	57
26	58
26	59
26	60
26	61
26	62
26	63
26	64
26	65
26	66
26	67
26	68
26	69
26	70
26	71
26	72
26	73
26	74
26	75
26	76
26	77
26	78
26	79
26	80
26	81
26	82
26	83
26	84
26	85
26	86
26	87
26	88
26	89
26	90
26	91
26	92
26	93
26	94
26	95
26	96
26	97
26	98
26	99
26	100
26	101
26	102
26	103
26	104
26	105
26	106
26	107
26	108
26	109
26	110
26	111
26	112
26	113
26	114
26	115
26	116
26	117
26	118
26	119
26	120
26	121
26	122
26	123
26	124
26	125
26	126
26	127
26	128
26	129
26	130
26	131
26	132
26	133
26	134
26	135
26	136
26	137
26	138
26	139
26	140
26	141
26	142
26	143
26	144
26	145
26	146
26	147
26	148
26	149
26	150
26	151
26	152
26	153
26	154
26	155
26	156
26	157
26	158
26	159
26	160
26	161
26	162
26	163
26	164
26	165
26	166
26	167
26	168
26	169
26	170
26	171
26	172
26	173
26	174
26	175
26	176
26	177
26	178
26	179
26	180
26	181
26	182
26	183
26	184
26	185
26	186
26	187
26	188
26	189
26	190
26	191
26	192
26	193
26	194
26	195
26	196
26	197
26	198
26	199
26	200
26	201
26	202
27	29
27	30
27	31
27	32
27	33
27	34
27	35
27	36
27	37
27	38
27	39
27	40
27	41
27	42
27	43
27	44
27	45
27	46
27	47
27	48
27	49
27	50
27	51
27	52
27	53
27	54
27	55
27	56
27	57
27	58
27	59
27	60
27	61
27	62
27	63
27	64
27	65
27	66
27	67
27	68
27	69
27	70
27	71
27	72
27	73
27	74
27	75
27	76
27	77
27	78
27	79
27	80
27	81
27	82
27	83
27	84
27	85
27	86
27	87
27	88
27	89
27	90
27	91
27	92
27	93
27	94
27	95
27	96
27	97
27	98
27	99
27	100
27	101
27	102
27	103
27	104
27	105
27	106
27	107
27	108
27	109
27	110
27	111
27	112
27	113
27	114
27	115
27	116
27	117
27	118
27	119
27	120
27	121
27	122
27	123
27	124
27	125
27	126
27	127
27	128
27	129
27	130
27	131
27	132
27	133
27	134
27	135
27	136
27	137
27	138
27	139
27	140
27	141
27	142
27	143
27	144
27	145
27	146
27	147
27	148
27	149
27	150
27	151
27	152
27	153
27	154
27	155
27	156
27	157
27	158
27	159
27	160
27	161
27	162
27	163
27	164
27	165
27	166
27	167
27	168
27	169
27	170
27	171
27	172
27	173
27	174
27	175
27	176
27	177
27	178
27	179
27	180
27	181
27	182
27	183
27	184
27	185
27	186
27	187
27	188
27	189
27	190
27	191
27	192
27	193
27	194
27	195
27	196
27	197
27	198
27	199
27	200
27	201
27	202
28	29
28	30
28	31
28	32
28	33
28	34
28	35
28	36
28	37
28	38
28	39
28	40
28	41
28	42
28	43
28	44
28	45
28	46
28	47
28	48
28	49
28	50
28	51
28	52
28	53
28	54
28	55
28	56
28	57
28	58
28	59
28	60
28	61
28	62
28	63
28	64
28	65
28	66
28	67
28	68
28	69
28	70
28	71
28	72
28	73
28	74
28	75
28	76
28	77
28	78
28	79
28	80
28	81
28	82
28	83
28	84
28	85
28	86
28	87
28	88
28	89
28	90
28	91
28	92
28	93
28	94
28	95
28	96
28	97
28	98
28	99
28	100
28	101
28	102
28	103
28	104
28	105
28	106
28	107
28	108
28	109
28	110
28	111
28	112
28	113
28	114
28	115
28	116
28	117
28	118
28	119
28	120
28	121
28	122
28	123
28	124
28	125
28	126
28	127
28	128
28	129
28	130
28	131
28	132
28	133
28	134
28	135
28	136
28	137
28	138
28	139
28	140
28	141
28	142
28	143
28	144
28	145
28	146
28	147
28	148
28	149
28	150
28	151
28	152
28	153
28	154
28	155
28	156
28	157
28	158
28	159
28	160
28	161
28	162
28	163
28	164
28	165
28	166
28	167
28	168
28	169
28	170
28	171
28	172
28	173
28	174
28	175
28	176
28	177
28	178
28	179
28	180
28	181
28	182
28	183
28	184
28	185
28	186
28	187
28	188
28	189
28	190
28	191
28	192
28	193
28	194
28	195
28	196
28	197
28	198
28	199
28	200
28	201
28	202
29	30
29	31
29	32
29	33
29	34
29	35
29	36
29	37
29	38
29	39
29	40
29	41
29	42
29	43
29	44
29	45
29	46
29	47
29	48
29	49
29	50
29	51
29	52
29	53
29	54
29	55
29	56
29	57
29	58
29	59
29	60
29	61
29	62
29	63
29	64
29	65
29	66
29	67
29	68
29	69
29	70
29	71
29	72
29	73
29	74
29	75
29	76
29	77
29	78
29	79
29	80
29	81
29	82
29	83
29	84
29	85
29	86
29	87
29	88
29	89
29	90
29	91
29	92
29	93
29	94
29	95
29	96
29	97
29	98
29	99
29	100
29	101
29	102
29	103
29	104
29	105
29	106
29	107
29	108
29	109
29	110
29	111
29	112
29	113
29	114
29	115
29	116
29	117
29	118
29	119
29	120
29	121
29	122
29	123
29	124
29	125
29	126
29	127
29	128
29	129
29	130
29	131
29	132
29	133
29	134
29	135
29	136
29	137
29	138
29	139
29	140
29	141
29	142
29	143
29	144
29	145
29	146
29	147
29	148
29	149
29	150
29	151
29	152
29	153
29	154
29	155
29	156
29	157
29	158
29	159
29	160
29	161
29	162
29	163
29	164
29	165
29	166
29	167
29	168
29	169
29	170
29	171
29	172
29	173
29	174
29	175
29	176
29	177
29	178
29	179
29	180
29	181
29	182
29	183
29	184
29	185
29	186
29	187
29	188
29	189
29	190
29	191
29	192
29	193
29	194
29	195
29	196
29	197
29	198
29	199
29	200
29	201
29	202
30	155
30	156
30	157
30	158
30	160
30	161
30	163
30	164
30	165
30	166
30	167
30	168
30	169
30	170
30	171
30	172
30	173
30	174
30	175
30	176
30	177
30	178
30	179
30	180
30	181
30	182
30	183
30	184
30	185
30	186
30	187
30	188
30	189
30	190
30	191
30	192
30	193
30	194
30	195
30	196
30	197
30	198
30	199
30	200
30	201
30	202
31	125
31	132
31	136
31	151
31	153
31	154
31	155
31	156
31	157
31	158
31	159
31	160
31	161
31	162
31	163
31	164
31	165
31	166
31	167
31	168
31	169
31	170
31	171
31	172
31	173
31	174
31	175
31	176
31	177
31	178
31	179
31	180
31	181
31	182
31	183
31	184
31	185
31	186
31	187
31	188
31	189
31	190
31	191
31	192
31	193
31	194
31	195
31	196
31	197
31	198
31	199
31	200
31	201
31	202
32	153
32	154
32	155
32	156
32	157
32	158
32	160
32	161
32	162
32	163
32	164
32	165
32	166
32	167
32	168
32	169
32	170
32	171
32	172
32	173
32	174
32	175
32	176
32	177
32	178
32	179
32	180
32	181
32	182
32	183
32	184
32	185
32	186
32	187
32	188
32	189
32	190
32	191
32	192
32	193
32	194
32	195
32	196
32	197
32	198
32	199
32	200
32	201
32	202
33	119
33	121
33	125
33	132
33	136
33	138
33	141
33	142
33	143
33	149
33	151
33	152
33	153
33	154
33	155
33	156
33	157
33	158
33	159
33	160
33	161
33	162
33	163
33	164
33	165
33	166
33	167
33	168
33	169
33	170
33	171
33	172
33	173
33	174
33	175
33	176
33	177
33	178
33	179
33	180
33	181
33	182
33	183
33	184
33	185
33	186
33	187
33	188
33	189
33	190
33	191
33	192
33	193
33	194
33	195
33	196
33	197
33	198
33	199
33	200
33	201
33	202
34	76
34	77
34	119
34	121
34	125
34	132
34	136
34	138
34	141
34	142
34	143
34	149
34	151
34	152
34	153
34	154
34	155
34	156
34	157
34	158
34	159
34	160
34	161
34	162
34	163
34	164
34	165
34	166
34	167
34	168
34	169
34	170
34	171
34	172
34	173
34	174
34	175
34	176
34	177
34	178
34	179
34	180
34	181
34	182
34	183
34	184
34	185
34	186
34	187
34	188
34	189
34	190
34	191
34	192
34	193
34	194
34	195
34	196
34	197
34	198
34	199
34	200
34	201
34	202
35	68
35	79
35	95
35	111
35	112
35	117
35	118
35	119
35	120
35	121
35	122
35	123
35	124
35	125
35	126
35	127
35	128
35	129
35	130
35	132
35	133
35	135
35	136
35	137
35	138
35	139
35	141
35	142
35	143
35	144
35	146
35	147
35	148
35	149
35	150
35	151
35	152
35	153
35	154
35	155
35	156
35	157
35	158
35	159
35	160
35	161
35	162
35	163
35	164
35	165
35	166
35	167
35	168
35	169
35	170
35	171
35	172
35	173
35	174
35	175
35	176
35	177
35	178
35	179
35	180
35	181
35	182
35	183
35	184
35	185
35	186
35	187
35	188
35	189
35	190
35	191
35	192
35	193
35	194
35	195
35	196
35	197
35	198
35	199
35	200
35	201
35	202
36	119
36	121
36	125
36	132
36	136
36	138
36	141
36	142
36	143
36	149
36	151
36	152
36	153
36	154
36	155
36	156
36	157
36	158
36	159
36	160
36	161
36	162
36	163
36	164
36	165
36	166
36	167
36	168
36	169
36	170
36	171
36	172
36	173
36	174
36	175
36	176
36	177
36	178
36	179
36	180
36	181
36	182
36	183
36	184
36	185
36	186
36	187
36	188
36	189
36	190
36	191
36	192
36	193
36	194
36	195
36	196
36	197
36	198
36	199
36	200
36	201
36	202
37	119
37	121
37	125
37	132
37	136
37	138
37	141
37	142
37	143
37	149
37	151
37	152
37	153
37	154
37	155
37	156
37	157
37	158
37	159
37	160
37	161
37	162
37	163
37	164
37	165
37	166
37	167
37	168
37	169
37	170
37	171
37	172
37	173
37	174
37	175
37	176
37	177
37	178
37	179
37	180
37	181
37	182
37	183
37	184
37	185
37	186
37	187
37	188
37	189
37	190
37	191
37	192
37	193
37	194
37	195
37	196
37	197
37	198
37	199
37	200
37	201
37	202
38	153
38	154
38	155
38	156
38	157
38	158
38	159
38	160
38	161
38	162
38	163
38	164
38	165
38	166
38	167
38	168
38	169
38	170
38	171
38	172
38	173
38	174
38	175
38	176
38	177
38	178
38	179
38	180
38	181
38	182
38	183
38	184
38	185
38	186
38	187
38	188
38	189
38	190
38	191
38	192
38	193
38	194
38	195
38	196
38	197
38	198
38	199
38	200
38	201
38	202
39	125
39	132
39	136
39	151
39	153
39	154
39	155
39	156
39	157
39	158
39	159
39	160
39	161
39	162
39	163
39	164
39	165
39	166
39	167
39	168
39	169
39	170
39	171
39	172
39	173
39	174
39	175
39	176
39	177
39	178
39	179
39	180
39	181
39	182
39	183
39	184
39	185
39	186
39	187
39	188
39	189
39	190
39	191
39	192
39	193
39	194
39	195
39	196
39	197
39	198
39	199
39	200
39	201
39	202
40	153
40	154
40	155
40	156
40	157
40	158
40	160
40	161
40	162
40	163
40	164
40	165
40	166
40	167
40	168
40	169
40	170
40	171
40	172
40	173
40	174
40	175
40	176
40	177
40	178
40	179
40	180
40	181
40	182
40	183
40	184
40	185
40	186
40	187
40	188
40	189
40	190
40	191
40	192
40	193
40	194
40	195
40	196
40	197
40	198
40	199
40	200
40	201
40	202
41	153
41	154
41	155
41	156
41	157
41	158
41	160
41	161
41	162
41	163
41	164
41	165
41	166
41	167
41	168
41	169
41	170
41	171
41	172
41	173
41	174
41	175
41	176
41	177
41	178
41	179
41	180
41	181
41	182
41	183
41	184
41	185
41	186
41	187
41	188
41	189
41	190
41	191
41	192
41	193
41	194
41	195
41	196
41	197
41	198
41	199
41	200
41	201
41	202
42	154
42	155
42	156
42	157
42	158
42	160
42	161
42	162
42	163
42	164
42	165
42	166
42	167
42	168
42	169
42	170
42	171
42	172
42	173
42	174
42	175
42	176
42	177
42	178
42	179
42	180
42	181
42	182
42	183
42	184
42	185
42	186
42	187
42	188
42	189
42	190
42	191
42	192
42	193
42	194
42	195
42	196
42	197
42	198
42	199
42	200
42	201
42	202
43	153
43	154
43	155
43	156
43	157
43	158
43	160
43	161
43	162
43	163
43	164
43	165
43	166
43	167
43	168
43	169
43	170
43	171
43	172
43	173
43	174
43	175
43	176
43	177
43	178
43	179
43	180
43	181
43	182
43	183
43	184
43	185
43	186
43	187
43	188
43	189
43	190
43	191
43	192
43	193
43	194
43	195
43	196
43	197
43	198
43	199
43	200
43	201
43	202
44	153
44	154
44	155
44	156
44	157
44	158
44	159
44	160
44	161
44	162
44	163
44	164
44	165
44	166
44	167
44	168
44	169
44	170
44	171
44	172
44	173
44	174
44	175
44	176
44	177
44	178
44	179
44	180
44	181
44	182
44	183
44	184
44	185
44	186
44	187
44	188
44	189
44	190
44	191
44	192
44	193
44	194
44	195
44	196
44	197
44	198
44	199
44	200
44	201
44	202
45	153
45	154
45	155
45	156
45	157
45	158
45	160
45	161
45	162
45	163
45	164
45	165
45	166
45	167
45	168
45	169
45	170
45	171
45	172
45	173
45	174
45	175
45	176
45	177
45	178
45	179
45	180
45	181
45	182
45	183
45	184
45	185
45	186
45	187
45	188
45	189
45	190
45	191
45	192
45	193
45	194
45	195
45	196
45	197
45	198
45	199
45	200
45	201
45	202
46	153
46	154
46	155
46	156
46	157
46	158
46	160
46	161
46	162
46	163
46	164
46	165
46	166
46	167
46	168
46	169
46	170
46	171
46	172
46	173
46	174
46	175
46	176
46	177
46	178
46	179
46	180
46	181
46	182
46	183
46	184
46	185
46	186
46	187
46	188
46	189
46	190
46	191
46	192
46	193
46	194
46	195
46	196
46	197
46	198
46	199
46	200
46	201
46	202
47	155
47	156
47	157
47	158
47	160
47	161
47	163
47	164
47	165
47	166
47	167
47	168
47	169
47	170
47	171
47	172
47	173
47	174
47	175
47	176
47	177
47	178
47	179
47	180
47	181
47	182
47	183
47	184
47	185
47	186
47	187
47	188
47	189
47	190
47	191
47	192
47	193
47	194
47	195
47	196
47	197
47	198
47	199
47	200
47	201
47	202
48	132
48	136
48	153
48	154
48	155
48	156
48	157
48	158
48	160
48	161
48	162
48	163
48	164
48	165
48	166
48	167
48	168
48	169
48	170
48	171
48	172
48	173
48	174
48	175
48	176
48	177
48	178
48	179
48	180
48	181
48	182
48	183
48	184
48	185
48	186
48	187
48	188
48	189
48	190
48	191
48	192
48	193
48	194
48	195
48	196
48	197
48	198
48	199
48	200
48	201
48	202
49	153
49	154
49	155
49	156
49	157
49	158
49	160
49	161
49	162
49	163
49	164
49	165
49	166
49	167
49	168
49	169
49	170
49	171
49	172
49	173
49	174
49	175
49	176
49	177
49	178
49	179
49	180
49	181
49	182
49	183
49	184
49	185
49	186
49	187
49	188
49	189
49	190
49	191
49	192
49	193
49	194
49	195
49	196
49	197
49	198
49	199
49	200
49	201
49	202
50	153
50	154
50	155
50	156
50	157
50	158
50	160
50	161
50	162
50	163
50	164
50	165
50	166
50	167
50	168
50	169
50	170
50	171
50	172
50	173
50	174
50	175
50	176
50	177
50	178
50	179
50	180
50	181
50	182
50	183
50	184
50	185
50	186
50	187
50	188
50	189
50	190
50	191
50	192
50	193
50	194
50	195
50	196
50	197
50	198
50	199
50	200
50	201
50	202
51	153
51	154
51	155
51	156
51	157
51	158
51	160
51	161
51	162
51	163
51	164
51	165
51	166
51	167
51	168
51	169
51	170
51	171
51	172
51	173
51	174
51	175
51	176
51	177
51	178
51	179
51	180
51	181
51	182
51	183
51	184
51	185
51	186
51	187
51	188
51	189
51	190
51	191
51	192
51	193
51	194
51	195
51	196
51	197
51	198
51	199
51	200
51	201
51	202
52	153
52	154
52	155
52	156
52	157
52	158
52	160
52	161
52	162
52	163
52	164
52	165
52	166
52	167
52	168
52	169
52	170
52	171
52	172
52	173
52	174
52	175
52	176
52	177
52	178
52	179
52	180
52	181
52	182
52	183
52	184
52	185
52	186
52	187
52	188
52	189
52	190
52	191
52	192
52	193
52	194
52	195
52	196
52	197
52	198
52	199
52	200
52	201
52	202
53	154
53	155
53	156
53	157
53	158
53	160
53	161
53	162
53	163
53	164
53	165
53	166
53	167
53	168
53	169
53	170
53	171
53	172
53	173
53	174
53	175
53	176
53	177
53	178
53	179
53	180
53	181
53	182
53	183
53	184
53	185
53	186
53	187
53	188
53	189
53	190
53	191
53	192
53	193
53	194
53	195
53	196
53	197
53	198
53	199
53	200
53	201
53	202
54	153
54	154
54	155
54	156
54	157
54	158
54	160
54	161
54	162
54	163
54	164
54	165
54	166
54	167
54	168
54	169
54	170
54	171
54	172
54	173
54	174
54	175
54	176
54	177
54	178
54	179
54	180
54	181
54	182
54	183
54	184
54	185
54	186
54	187
54	188
54	189
54	190
54	191
54	192
54	193
54	194
54	195
54	196
54	197
54	198
54	199
54	200
54	201
54	202
55	153
55	154
55	155
55	156
55	157
55	158
55	160
55	161
55	162
55	163
55	164
55	165
55	166
55	167
55	168
55	169
55	170
55	171
55	172
55	173
55	174
55	175
55	176
55	177
55	178
55	179
55	180
55	181
55	182
55	183
55	184
55	185
55	186
55	187
55	188
55	189
55	190
55	191
55	192
55	193
55	194
55	195
55	196
55	197
55	198
55	199
55	200
55	201
55	202
56	153
56	154
56	155
56	156
56	157
56	158
56	160
56	161
56	162
56	163
56	164
56	165
56	166
56	167
56	168
56	169
56	170
56	171
56	172
56	173
56	174
56	175
56	176
56	177
56	178
56	179
56	180
56	181
56	182
56	183
56	184
56	185
56	186
56	187
56	188
56	189
56	190
56	191
56	192
56	193
56	194
56	195
56	196
56	197
56	198
56	199
56	200
56	201
56	202
57	132
57	136
57	151
57	153
57	154
57	155
57	156
57	157
57	158
57	159
57	160
57	161
57	162
57	163
57	164
57	165
57	166
57	167
57	168
57	169
57	170
57	171
57	172
57	173
57	174
57	175
57	176
57	177
57	178
57	179
57	180
57	181
57	182
57	183
57	184
57	185
57	186
57	187
57	188
57	189
57	190
57	191
57	192
57	193
57	194
57	195
57	196
57	197
57	198
57	199
57	200
57	201
57	202
58	153
58	154
58	155
58	156
58	157
58	158
58	160
58	161
58	162
58	163
58	164
58	165
58	166
58	167
58	168
58	169
58	170
58	171
58	172
58	173
58	174
58	175
58	176
58	177
58	178
58	179
58	180
58	181
58	182
58	183
58	184
58	185
58	186
58	187
58	188
58	189
58	190
58	191
58	192
58	193
58	194
58	195
58	196
58	197
58	198
58	199
58	200
58	201
58	202
59	154
59	155
59	156
59	157
59	158
59	160
59	161
59	162
59	163
59	164
59	165
59	166
59	167
59	168
59	169
59	170
59	171
59	172
59	173
59	174
59	175
59	176
59	177
59	178
59	179
59	180
59	181
59	182
59	183
59	184
59	185
59	186
59	187
59	188
59	189
59	190
59	191
59	192
59	193
59	194
59	195
59	196
59	197
59	198
59	199
59	200
59	201
59	202
60	153
60	154
60	155
60	156
60	157
60	158
60	159
60	160
60	161
60	162
60	163
60	164
60	165
60	166
60	167
60	168
60	169
60	170
60	171
60	172
60	173
60	174
60	175
60	176
60	177
60	178
60	179
60	180
60	181
60	182
60	183
60	184
60	185
60	186
60	187
60	188
60	189
60	190
60	191
60	192
60	193
60	194
60	195
60	196
60	197
60	198
60	199
60	200
60	201
60	202
61	132
61	136
61	151
61	153
61	154
61	155
61	156
61	157
61	158
61	159
61	160
61	161
61	162
61	163
61	164
61	165
61	166
61	167
61	168
61	169
61	170
61	171
61	172
61	173
61	174
61	175
61	176
61	177
61	178
61	179
61	180
61	181
61	182
61	183
61	184
61	185
61	186
61	187
61	188
61	189
61	190
61	191
61	192
61	193
61	194
61	195
61	196
61	197
61	198
61	199
61	200
61	201
61	202
62	154
62	155
62	156
62	157
62	158
62	160
62	161
62	162
62	163
62	164
62	165
62	166
62	167
62	168
62	169
62	170
62	171
62	172
62	173
62	174
62	175
62	176
62	177
62	178
62	179
62	180
62	181
62	182
62	183
62	184
62	185
62	186
62	187
62	188
62	189
62	190
62	191
62	192
62	193
62	194
62	195
62	196
62	197
62	198
62	199
62	200
62	201
62	202
63	153
63	154
63	155
63	156
63	157
63	158
63	160
63	161
63	162
63	163
63	164
63	165
63	166
63	167
63	168
63	169
63	170
63	171
63	172
63	173
63	174
63	175
63	176
63	177
63	178
63	179
63	180
63	181
63	182
63	183
63	184
63	185
63	186
63	187
63	188
63	189
63	190
63	191
63	192
63	193
63	194
63	195
63	196
63	197
63	198
63	199
63	200
63	201
63	202
64	68
64	112
64	119
64	120
64	125
64	132
64	153
64	154
64	155
64	156
64	157
64	158
64	159
64	160
64	161
64	162
64	163
64	164
64	165
64	166
64	167
64	168
64	169
64	170
64	171
64	172
64	173
64	174
64	175
64	176
64	177
64	178
64	179
64	180
64	181
64	182
64	183
64	184
64	185
64	186
64	187
64	188
64	189
64	190
64	191
64	192
64	193
64	194
64	195
64	196
64	197
64	198
64	199
64	200
64	201
64	202
65	119
65	121
65	125
65	132
65	136
65	138
65	141
65	142
65	143
65	149
65	151
65	152
65	153
65	154
65	155
65	156
65	157
65	158
65	159
65	160
65	161
65	162
65	163
65	164
65	165
65	166
65	167
65	168
65	169
65	170
65	171
65	172
65	173
65	174
65	175
65	176
65	177
65	178
65	179
65	180
65	181
65	182
65	183
65	184
65	185
65	186
65	187
65	188
65	189
65	190
65	191
65	192
65	193
65	194
65	195
65	196
65	197
65	198
65	199
65	200
65	201
65	202
66	154
66	155
66	156
66	157
66	158
66	160
66	161
66	162
66	163
66	164
66	165
66	166
66	167
66	168
66	169
66	170
66	171
66	172
66	173
66	174
66	175
66	176
66	177
66	178
66	179
66	180
66	181
66	182
66	183
66	184
66	185
66	186
66	187
66	188
66	189
66	190
66	191
66	192
66	193
66	194
66	195
66	196
66	197
66	198
66	199
66	200
66	201
66	202
67	154
67	155
67	156
67	157
67	158
67	160
67	161
67	162
67	163
67	164
67	165
67	166
67	167
67	168
67	169
67	170
67	171
67	172
67	173
67	174
67	175
67	176
67	177
67	178
67	179
67	180
67	181
67	182
67	183
67	184
67	185
67	186
67	187
67	188
67	189
67	190
67	191
67	192
67	193
67	194
67	195
67	196
67	197
67	198
67	199
67	200
67	201
67	202
68	136
68	154
68	155
68	156
68	157
68	158
68	159
68	160
68	161
68	162
68	163
68	164
68	165
68	166
68	167
68	168
68	169
68	170
68	171
68	172
68	173
68	174
68	175
68	176
68	177
68	178
68	179
68	180
68	181
68	182
68	183
68	184
68	185
68	186
68	187
68	188
68	189
68	190
68	191
68	192
68	193
68	194
68	195
68	196
68	197
68	198
68	199
68	200
68	201
68	202
69	125
69	136
69	138
69	141
69	143
69	148
69	149
69	151
69	153
69	154
69	155
69	156
69	157
69	158
69	159
69	160
69	161
69	162
69	163
69	164
69	165
69	166
69	167
69	168
69	169
69	170
69	171
69	172
69	173
69	174
69	175
69	176
69	177
69	178
69	179
69	180
69	181
69	182
69	183
69	184
69	185
69	186
69	187
69	188
69	189
69	190
69	191
69	192
69	193
69	194
69	195
69	196
69	197
69	198
69	199
69	200
69	201
69	202
70	123
70	125
70	130
70	132
70	136
70	138
70	141
70	142
70	143
70	148
70	149
70	151
70	152
70	153
70	154
70	155
70	156
70	157
70	158
70	159
70	160
70	161
70	162
70	163
70	164
70	165
70	166
70	167
70	168
70	169
70	170
70	171
70	172
70	173
70	174
70	175
70	176
70	177
70	178
70	179
70	180
70	181
70	182
70	183
70	184
70	185
70	186
70	187
70	188
70	189
70	190
70	191
70	192
70	193
70	194
70	195
70	196
70	197
70	198
70	199
70	200
70	201
70	202
71	123
71	125
71	130
71	132
71	136
71	138
71	141
71	142
71	143
71	148
71	149
71	151
71	152
71	153
71	154
71	155
71	156
71	157
71	158
71	159
71	160
71	161
71	162
71	163
71	164
71	165
71	166
71	167
71	168
71	169
71	170
71	171
71	172
71	173
71	174
71	175
71	176
71	177
71	178
71	179
71	180
71	181
71	182
71	183
71	184
71	185
71	186
71	187
71	188
71	189
71	190
71	191
71	192
71	193
71	194
71	195
71	196
71	197
71	198
71	199
71	200
71	201
71	202
72	153
72	154
72	155
72	156
72	157
72	158
72	160
72	161
72	162
72	163
72	164
72	165
72	166
72	167
72	168
72	169
72	170
72	171
72	172
72	173
72	174
72	175
72	176
72	177
72	178
72	179
72	180
72	181
72	182
72	183
72	184
72	185
72	186
72	187
72	188
72	189
72	190
72	191
72	192
72	193
72	194
72	195
72	196
72	197
72	198
72	199
72	200
72	201
72	202
73	123
73	125
73	130
73	132
73	136
73	138
73	141
73	142
73	143
73	148
73	149
73	151
73	152
73	153
73	154
73	155
73	156
73	157
73	158
73	159
73	160
73	161
73	162
73	163
73	164
73	165
73	166
73	167
73	168
73	169
73	170
73	171
73	172
73	173
73	174
73	175
73	176
73	177
73	178
73	179
73	180
73	181
73	182
73	183
73	184
73	185
73	186
73	187
73	188
73	189
73	190
73	191
73	192
73	193
73	194
73	195
73	196
73	197
73	198
73	199
73	200
73	201
73	202
74	155
74	156
74	157
74	158
74	160
74	161
74	163
74	164
74	165
74	166
74	167
74	168
74	169
74	170
74	171
74	172
74	173
74	174
74	175
74	176
74	177
74	178
74	179
74	180
74	181
74	182
74	183
74	184
74	185
74	186
74	187
74	188
74	189
74	190
74	191
74	192
74	193
74	194
74	195
74	196
74	197
74	198
74	199
74	200
74	201
74	202
75	132
75	136
75	153
75	154
75	155
75	156
75	157
75	158
75	160
75	161
75	162
75	163
75	164
75	165
75	166
75	167
75	168
75	169
75	170
75	171
75	172
75	173
75	174
75	175
75	176
75	177
75	178
75	179
75	180
75	181
75	182
75	183
75	184
75	185
75	186
75	187
75	188
75	189
75	190
75	191
75	192
75	193
75	194
75	195
75	196
75	197
75	198
75	199
75	200
75	201
75	202
76	136
76	138
76	141
76	151
76	153
76	154
76	155
76	156
76	157
76	158
76	159
76	160
76	161
76	162
76	163
76	164
76	165
76	166
76	167
76	168
76	169
76	170
76	171
76	172
76	173
76	174
76	175
76	176
76	177
76	178
76	179
76	180
76	181
76	182
76	183
76	184
76	185
76	186
76	187
76	188
76	189
76	190
76	191
76	192
76	193
76	194
76	195
76	196
76	197
76	198
76	199
76	200
76	201
76	202
77	136
77	138
77	141
77	151
77	153
77	154
77	155
77	156
77	157
77	158
77	159
77	160
77	161
77	162
77	163
77	164
77	165
77	166
77	167
77	168
77	169
77	170
77	171
77	172
77	173
77	174
77	175
77	176
77	177
77	178
77	179
77	180
77	181
77	182
77	183
77	184
77	185
77	186
77	187
77	188
77	189
77	190
77	191
77	192
77	193
77	194
77	195
77	196
77	197
77	198
77	199
77	200
77	201
77	202
78	154
78	155
78	156
78	157
78	158
78	160
78	161
78	162
78	163
78	164
78	165
78	166
78	167
78	168
78	169
78	170
78	171
78	172
78	173
78	174
78	175
78	176
78	177
78	178
78	179
78	180
78	181
78	182
78	183
78	184
78	185
78	186
78	187
78	188
78	189
78	190
78	191
78	192
78	193
78	194
78	195
78	196
78	197
78	198
78	199
78	200
78	201
78	202
79	158
79	160
79	161
79	163
79	164
79	165
79	166
79	167
79	168
79	169
79	170
79	171
79	172
79	173
79	174
79	175
79	176
79	177
79	178
79	179
79	180
79	181
79	182
79	183
79	184
79	185
79	186
79	187
79	188
79	189
79	190
79	191
79	192
79	193
79	194
79	195
79	196
79	197
79	198
79	199
79	200
79	201
79	202
80	158
80	160
80	161
80	162
80	163
80	164
80	165
80	166
80	167
80	168
80	169
80	170
80	171
80	172
80	173
80	174
80	175
80	176
80	177
80	178
80	179
80	180
80	181
80	182
80	183
80	184
80	185
80	186
80	187
80	188
80	189
80	190
80	191
80	192
80	193
80	194
80	195
80	196
80	197
80	198
80	199
80	200
80	201
80	202
81	154
81	155
81	156
81	157
81	158
81	160
81	161
81	162
81	163
81	164
81	165
81	166
81	167
81	168
81	169
81	170
81	171
81	172
81	173
81	174
81	175
81	176
81	177
81	178
81	179
81	180
81	181
81	182
81	183
81	184
81	185
81	186
81	187
81	188
81	189
81	190
81	191
81	192
81	193
81	194
81	195
81	196
81	197
81	198
81	199
81	200
81	201
81	202
82	154
82	155
82	156
82	157
82	158
82	160
82	161
82	162
82	163
82	164
82	165
82	166
82	167
82	168
82	169
82	170
82	171
82	172
82	173
82	174
82	175
82	176
82	177
82	178
82	179
82	180
82	181
82	182
82	183
82	184
82	185
82	186
82	187
82	188
82	189
82	190
82	191
82	192
82	193
82	194
82	195
82	196
82	197
82	198
82	199
82	200
82	201
82	202
83	153
83	154
83	155
83	156
83	157
83	158
83	159
83	160
83	161
83	162
83	163
83	164
83	165
83	166
83	167
83	168
83	169
83	170
83	171
83	172
83	173
83	174
83	175
83	176
83	177
83	178
83	179
83	180
83	181
83	182
83	183
83	184
83	185
83	186
83	187
83	188
83	189
83	190
83	191
83	192
83	193
83	194
83	195
83	196
83	197
83	198
83	199
83	200
83	201
83	202
84	153
84	154
84	155
84	156
84	157
84	158
84	160
84	161
84	162
84	163
84	164
84	165
84	166
84	167
84	168
84	169
84	170
84	171
84	172
84	173
84	174
84	175
84	176
84	177
84	178
84	179
84	180
84	181
84	182
84	183
84	184
84	185
84	186
84	187
84	188
84	189
84	190
84	191
84	192
84	193
84	194
84	195
84	196
84	197
84	198
84	199
84	200
84	201
84	202
85	158
85	160
85	161
85	163
85	164
85	165
85	166
85	167
85	168
85	169
85	170
85	171
85	172
85	173
85	174
85	175
85	176
85	177
85	178
85	179
85	180
85	181
85	182
85	183
85	184
85	185
85	186
85	187
85	188
85	189
85	190
85	191
85	192
85	193
85	194
85	195
85	196
85	197
85	198
85	199
85	200
85	201
85	202
86	155
86	156
86	157
86	158
86	160
86	161
86	163
86	164
86	165
86	166
86	167
86	168
86	169
86	170
86	171
86	172
86	173
86	174
86	175
86	176
86	177
86	178
86	179
86	180
86	181
86	182
86	183
86	184
86	185
86	186
86	187
86	188
86	189
86	190
86	191
86	192
86	193
86	194
86	195
86	196
86	197
86	198
86	199
86	200
86	201
86	202
87	158
87	160
87	161
87	163
87	164
87	165
87	166
87	167
87	168
87	169
87	170
87	171
87	172
87	173
87	174
87	175
87	176
87	177
87	178
87	179
87	180
87	181
87	182
87	183
87	184
87	185
87	186
87	187
87	188
87	189
87	190
87	191
87	192
87	193
87	194
87	195
87	196
87	197
87	198
87	199
87	200
87	201
87	202
88	158
88	160
88	161
88	163
88	164
88	165
88	166
88	167
88	168
88	169
88	170
88	171
88	172
88	173
88	174
88	175
88	176
88	177
88	178
88	179
88	180
88	181
88	182
88	183
88	184
88	185
88	186
88	187
88	188
88	189
88	190
88	191
88	192
88	193
88	194
88	195
88	196
88	197
88	198
88	199
88	200
88	201
88	202
89	155
89	156
89	157
89	158
89	160
89	161
89	163
89	164
89	165
89	166
89	167
89	168
89	169
89	170
89	171
89	172
89	173
89	174
89	175
89	176
89	177
89	178
89	179
89	180
89	181
89	182
89	183
89	184
89	185
89	186
89	187
89	188
89	189
89	190
89	191
89	192
89	193
89	194
89	195
89	196
89	197
89	198
89	199
89	200
89	201
89	202
90	155
90	156
90	157
90	158
90	160
90	161
90	163
90	164
90	165
90	166
90	167
90	168
90	169
90	170
90	171
90	172
90	173
90	174
90	175
90	176
90	177
90	178
90	179
90	180
90	181
90	182
90	183
90	184
90	185
90	186
90	187
90	188
90	189
90	190
90	191
90	192
90	193
90	194
90	195
90	196
90	197
90	198
90	199
90	200
90	201
90	202
91	158
91	160
91	161
91	163
91	164
91	165
91	166
91	167
91	168
91	169
91	170
91	171
91	172
91	173
91	174
91	175
91	176
91	177
91	178
91	179
91	180
91	181
91	182
91	183
91	184
91	185
91	186
91	187
91	188
91	189
91	190
91	191
91	192
91	193
91	194
91	195
91	196
91	197
91	198
91	199
91	200
91	201
91	202
92	158
92	160
92	161
92	163
92	164
92	165
92	166
92	167
92	168
92	169
92	170
92	171
92	172
92	173
92	174
92	175
92	176
92	177
92	178
92	179
92	180
92	181
92	182
92	183
92	184
92	185
92	186
92	187
92	188
92	189
92	190
92	191
92	192
92	193
92	194
92	195
92	196
92	197
92	198
92	199
92	200
92	201
92	202
93	160
93	163
93	164
93	165
93	167
93	168
93	169
93	170
93	171
93	172
93	173
93	174
93	175
93	176
93	177
93	178
93	179
93	180
93	181
93	182
93	183
93	184
93	185
93	186
93	187
93	188
93	189
93	190
93	191
93	192
93	193
93	194
93	195
93	196
93	197
93	198
93	199
93	200
93	201
93	202
94	158
94	160
94	161
94	163
94	164
94	165
94	166
94	167
94	168
94	169
94	170
94	171
94	172
94	173
94	174
94	175
94	176
94	177
94	178
94	179
94	180
94	181
94	182
94	183
94	184
94	185
94	186
94	187
94	188
94	189
94	190
94	191
94	192
94	193
94	194
94	195
94	196
94	197
94	198
94	199
94	200
94	201
94	202
95	158
95	160
95	161
95	163
95	164
95	165
95	166
95	167
95	168
95	169
95	170
95	171
95	172
95	173
95	174
95	175
95	176
95	177
95	178
95	179
95	180
95	181
95	182
95	183
95	184
95	185
95	186
95	187
95	188
95	189
95	190
95	191
95	192
95	193
95	194
95	195
95	196
95	197
95	198
95	199
95	200
95	201
95	202
96	155
96	156
96	157
96	158
96	160
96	161
96	163
96	164
96	165
96	166
96	167
96	168
96	169
96	170
96	171
96	172
96	173
96	174
96	175
96	176
96	177
96	178
96	179
96	180
96	181
96	182
96	183
96	184
96	185
96	186
96	187
96	188
96	189
96	190
96	191
96	192
96	193
96	194
96	195
96	196
96	197
96	198
96	199
96	200
96	201
96	202
97	155
97	156
97	157
97	158
97	160
97	161
97	163
97	164
97	165
97	166
97	167
97	168
97	169
97	170
97	171
97	172
97	173
97	174
97	175
97	176
97	177
97	178
97	179
97	180
97	181
97	182
97	183
97	184
97	185
97	186
97	187
97	188
97	189
97	190
97	191
97	192
97	193
97	194
97	195
97	196
97	197
97	198
97	199
97	200
97	201
97	202
98	155
98	156
98	157
98	158
98	160
98	161
98	163
98	164
98	165
98	166
98	167
98	168
98	169
98	170
98	171
98	172
98	173
98	174
98	175
98	176
98	177
98	178
98	179
98	180
98	181
98	182
98	183
98	184
98	185
98	186
98	187
98	188
98	189
98	190
98	191
98	192
98	193
98	194
98	195
98	196
98	197
98	198
98	199
98	200
98	201
98	202
99	155
99	156
99	157
99	158
99	160
99	161
99	163
99	164
99	165
99	166
99	167
99	168
99	169
99	170
99	171
99	172
99	173
99	174
99	175
99	176
99	177
99	178
99	179
99	180
99	181
99	182
99	183
99	184
99	185
99	186
99	187
99	188
99	189
99	190
99	191
99	192
99	193
99	194
99	195
99	196
99	197
99	198
99	199
99	200
99	201
99	202
100	155
100	156
100	157
100	158
100	160
100	161
100	163
100	164
100	165
100	166
100	167
100	168
100	169
100	170
100	171
100	172
100	173
100	174
100	175
100	176
100	177
100	178
100	179
100	180
100	181
100	182
100	183
100	184
100	185
100	186
100	187
100	188
100	189
100	190
100	191
100	192
100	193
100	194
100	195
100	196
100	197
100	198
100	199
100	200
100	201
100	202
101	155
101	156
101	157
101	158
101	160
101	161
101	163
101	164
101	165
101	166
101	167
101	168
101	169
101	170
101	171
101	172
101	173
101	174
101	175
101	176
101	177
101	178
101	179
101	180
101	181
101	182
101	183
101	184
101	185
101	186
101	187
101	188
101	189
101	190
101	191
101	192
101	193
101	194
101	195
101	196
101	197
101	198
101	199
101	200
101	201
101	202
102	155
102	156
102	157
102	158
102	160
102	161
102	163
102	164
102	165
102	166
102	167
102	168
102	169
102	170
102	171
102	172
102	173
102	174
102	175
102	176
102	177
102	178
102	179
102	180
102	181
102	182
102	183
102	184
102	185
102	186
102	187
102	188
102	189
102	190
102	191
102	192
102	193
102	194
102	195
102	196
102	197
102	198
102	199
102	200
102	201
102	202
103	158
103	160
103	161
103	163
103	164
103	165
103	166
103	167
103	168
103	169
103	170
103	171
103	172
103	173
103	174
103	175
103	176
103	177
103	178
103	179
103	180
103	181
103	182
103	183
103	184
103	185
103	186
103	187
103	188
103	189
103	190
103	191
103	192
103	193
103	194
103	195
103	196
103	197
103	198
103	199
103	200
103	201
103	202
104	155
104	156
104	157
104	158
104	160
104	161
104	163
104	164
104	165
104	166
104	167
104	168
104	169
104	170
104	171
104	172
104	173
104	174
104	175
104	176
104	177
104	178
104	179
104	180
104	181
104	182
104	183
104	184
104	185
104	186
104	187
104	188
104	189
104	190
104	191
104	192
104	193
104	194
104	195
104	196
104	197
104	198
104	199
104	200
104	201
104	202
105	155
105	156
105	157
105	158
105	160
105	161
105	163
105	164
105	165
105	166
105	167
105	168
105	169
105	170
105	171
105	172
105	173
105	174
105	175
105	176
105	177
105	178
105	179
105	180
105	181
105	182
105	183
105	184
105	185
105	186
105	187
105	188
105	189
105	190
105	191
105	192
105	193
105	194
105	195
105	196
105	197
105	198
105	199
105	200
105	201
105	202
106	158
106	160
106	161
106	163
106	164
106	165
106	166
106	167
106	168
106	169
106	170
106	171
106	172
106	173
106	174
106	175
106	176
106	177
106	178
106	179
106	180
106	181
106	182
106	183
106	184
106	185
106	186
106	187
106	188
106	189
106	190
106	191
106	192
106	193
106	194
106	195
106	196
106	197
106	198
106	199
106	200
106	201
106	202
107	136
107	153
107	154
107	155
107	156
107	157
107	158
107	160
107	161
107	162
107	163
107	164
107	165
107	166
107	167
107	168
107	169
107	170
107	171
107	172
107	173
107	174
107	175
107	176
107	177
107	178
107	179
107	180
107	181
107	182
107	183
107	184
107	185
107	186
107	187
107	188
107	189
107	190
107	191
107	192
107	193
107	194
107	195
107	196
107	197
107	198
107	199
107	200
107	201
107	202
108	155
108	156
108	157
108	158
108	160
108	161
108	163
108	164
108	165
108	166
108	167
108	168
108	169
108	170
108	171
108	172
108	173
108	174
108	175
108	176
108	177
108	178
108	179
108	180
108	181
108	182
108	183
108	184
108	185
108	186
108	187
108	188
108	189
108	190
108	191
108	192
108	193
108	194
108	195
108	196
108	197
108	198
108	199
108	200
108	201
108	202
109	153
109	154
109	155
109	156
109	157
109	158
109	160
109	161
109	162
109	163
109	164
109	165
109	166
109	167
109	168
109	169
109	170
109	171
109	172
109	173
109	174
109	175
109	176
109	177
109	178
109	179
109	180
109	181
109	182
109	183
109	184
109	185
109	186
109	187
109	188
109	189
109	190
109	191
109	192
109	193
109	194
109	195
109	196
109	197
109	198
109	199
109	200
109	201
109	202
110	132
110	136
110	153
110	154
110	155
110	156
110	157
110	158
110	160
110	161
110	162
110	163
110	164
110	165
110	166
110	167
110	168
110	169
110	170
110	171
110	172
110	173
110	174
110	175
110	176
110	177
110	178
110	179
110	180
110	181
110	182
110	183
110	184
110	185
110	186
110	187
110	188
110	189
110	190
110	191
110	192
110	193
110	194
110	195
110	196
110	197
110	198
110	199
110	200
110	201
110	202
111	153
111	154
111	155
111	156
111	157
111	158
111	160
111	161
111	162
111	163
111	164
111	165
111	166
111	167
111	168
111	169
111	170
111	171
111	172
111	173
111	174
111	175
111	176
111	177
111	178
111	179
111	180
111	181
111	182
111	183
111	184
111	185
111	186
111	187
111	188
111	189
111	190
111	191
111	192
111	193
111	194
111	195
111	196
111	197
111	198
111	199
111	200
111	201
111	202
112	125
112	136
112	153
112	154
112	155
112	156
112	157
112	158
112	159
112	160
112	161
112	162
112	163
112	164
112	165
112	166
112	167
112	168
112	169
112	170
112	171
112	172
112	173
112	174
112	175
112	176
112	177
112	178
112	179
112	180
112	181
112	182
112	183
112	184
112	185
112	186
112	187
112	188
112	189
112	190
112	191
112	192
112	193
112	194
112	195
112	196
112	197
112	198
112	199
112	200
112	201
112	202
113	154
113	155
113	156
113	157
113	158
113	160
113	161
113	162
113	163
113	164
113	165
113	166
113	167
113	168
113	169
113	170
113	171
113	172
113	173
113	174
113	175
113	176
113	177
113	178
113	179
113	180
113	181
113	182
113	183
113	184
113	185
113	186
113	187
113	188
113	189
113	190
113	191
113	192
113	193
113	194
113	195
113	196
113	197
113	198
113	199
113	200
113	201
113	202
114	154
114	155
114	156
114	157
114	158
114	159
114	160
114	161
114	162
114	163
114	164
114	165
114	166
114	167
114	168
114	169
114	170
114	171
114	172
114	173
114	174
114	175
114	176
114	177
114	178
114	179
114	180
114	181
114	182
114	183
114	184
114	185
114	186
114	187
114	188
114	189
114	190
114	191
114	192
114	193
114	194
114	195
114	196
114	197
114	198
114	199
114	200
114	201
114	202
115	154
115	155
115	156
115	157
115	158
115	160
115	161
115	162
115	163
115	164
115	165
115	166
115	167
115	168
115	169
115	170
115	171
115	172
115	173
115	174
115	175
115	176
115	177
115	178
115	179
115	180
115	181
115	182
115	183
115	184
115	185
115	186
115	187
115	188
115	189
115	190
115	191
115	192
115	193
115	194
115	195
115	196
115	197
115	198
115	199
115	200
115	201
115	202
116	136
116	153
116	154
116	155
116	156
116	157
116	158
116	160
116	161
116	162
116	163
116	164
116	165
116	166
116	167
116	168
116	169
116	170
116	171
116	172
116	173
116	174
116	175
116	176
116	177
116	178
116	179
116	180
116	181
116	182
116	183
116	184
116	185
116	186
116	187
116	188
116	189
116	190
116	191
116	192
116	193
116	194
116	195
116	196
116	197
116	198
116	199
116	200
116	201
116	202
117	154
117	155
117	156
117	157
117	158
117	160
117	161
117	162
117	163
117	164
117	165
117	166
117	167
117	168
117	169
117	170
117	171
117	172
117	173
117	174
117	175
117	176
117	177
117	178
117	179
117	180
117	181
117	182
117	183
117	184
117	185
117	186
117	187
117	188
117	189
117	190
117	191
117	192
117	193
117	194
117	195
117	196
117	197
117	198
117	199
117	200
117	201
117	202
118	155
118	156
118	157
118	158
118	160
118	161
118	163
118	164
118	165
118	166
118	167
118	168
118	169
118	170
118	171
118	172
118	173
118	174
118	175
118	176
118	177
118	178
118	179
118	180
118	181
118	182
118	183
118	184
118	185
118	186
118	187
118	188
118	189
118	190
118	191
118	192
118	193
118	194
118	195
118	196
118	197
118	198
118	199
118	200
118	201
118	202
119	136
119	153
119	154
119	155
119	156
119	157
119	158
119	160
119	161
119	162
119	163
119	164
119	165
119	166
119	167
119	168
119	169
119	170
119	171
119	172
119	173
119	174
119	175
119	176
119	177
119	178
119	179
119	180
119	181
119	182
119	183
119	184
119	185
119	186
119	187
119	188
119	189
119	190
119	191
119	192
119	193
119	194
119	195
119	196
119	197
119	198
119	199
119	200
119	201
119	202
120	154
120	155
120	156
120	157
120	158
120	160
120	161
120	162
120	163
120	164
120	165
120	166
120	167
120	168
120	169
120	170
120	171
120	172
120	173
120	174
120	175
120	176
120	177
120	178
120	179
120	180
120	181
120	182
120	183
120	184
120	185
120	186
120	187
120	188
120	189
120	190
120	191
120	192
120	193
120	194
120	195
120	196
120	197
120	198
120	199
120	200
120	201
120	202
121	153
121	154
121	155
121	156
121	157
121	158
121	160
121	161
121	162
121	163
121	164
121	165
121	166
121	167
121	168
121	169
121	170
121	171
121	172
121	173
121	174
121	175
121	176
121	177
121	178
121	179
121	180
121	181
121	182
121	183
121	184
121	185
121	186
121	187
121	188
121	189
121	190
121	191
121	192
121	193
121	194
121	195
121	196
121	197
121	198
121	199
121	200
121	201
121	202
122	155
122	156
122	157
122	158
122	160
122	161
122	163
122	164
122	165
122	166
122	167
122	168
122	169
122	170
122	171
122	172
122	173
122	174
122	175
122	176
122	177
122	178
122	179
122	180
122	181
122	182
122	183
122	184
122	185
122	186
122	187
122	188
122	189
122	190
122	191
122	192
122	193
122	194
122	195
122	196
122	197
122	198
122	199
122	200
122	201
122	202
123	158
123	160
123	161
123	163
123	164
123	165
123	166
123	167
123	168
123	169
123	170
123	171
123	172
123	173
123	174
123	175
123	176
123	177
123	178
123	179
123	180
123	181
123	182
123	183
123	184
123	185
123	186
123	187
123	188
123	189
123	190
123	191
123	192
123	193
123	194
123	195
123	196
123	197
123	198
123	199
123	200
123	201
123	202
124	167
124	168
124	170
124	171
124	172
124	173
124	174
124	175
124	176
124	177
124	178
124	179
124	180
124	181
124	182
124	183
124	184
124	185
124	187
124	188
124	189
124	190
124	191
124	192
124	193
124	194
124	195
124	196
124	197
124	198
124	199
124	200
124	201
124	202
125	158
125	160
125	161
125	163
125	164
125	165
125	166
125	167
125	168
125	169
125	170
125	171
125	172
125	173
125	174
125	175
125	176
125	177
125	178
125	179
125	180
125	181
125	182
125	183
125	184
125	185
125	186
125	187
125	188
125	189
125	190
125	191
125	192
125	193
125	194
125	195
125	196
125	197
125	198
125	199
125	200
125	201
125	202
126	167
126	168
126	170
126	171
126	172
126	173
126	174
126	175
126	176
126	177
126	178
126	179
126	180
126	181
126	182
126	183
126	184
126	185
126	187
126	188
126	189
126	190
126	191
126	192
126	193
126	194
126	195
126	196
126	197
126	198
126	199
126	200
126	201
126	202
127	154
127	155
127	156
127	157
127	158
127	160
127	161
127	162
127	163
127	164
127	165
127	166
127	167
127	168
127	169
127	170
127	171
127	172
127	173
127	174
127	175
127	176
127	177
127	178
127	179
127	180
127	181
127	182
127	183
127	184
127	185
127	186
127	187
127	188
127	189
127	190
127	191
127	192
127	193
127	194
127	195
127	196
127	197
127	198
127	199
127	200
127	201
127	202
128	167
128	168
128	170
128	171
128	172
128	173
128	174
128	175
128	176
128	177
128	178
128	179
128	180
128	181
128	182
128	183
128	184
128	185
128	187
128	188
128	189
128	190
128	191
128	192
128	193
128	194
128	195
128	196
128	197
128	198
128	199
128	200
128	201
128	202
129	160
129	163
129	164
129	165
129	167
129	168
129	169
129	170
129	171
129	172
129	173
129	174
129	175
129	176
129	177
129	178
129	179
129	180
129	181
129	182
129	183
129	184
129	185
129	186
129	187
129	188
129	189
129	190
129	191
129	192
129	193
129	194
129	195
129	196
129	197
129	198
129	199
129	200
129	201
129	202
130	160
130	163
130	164
130	165
130	167
130	168
130	169
130	170
130	171
130	172
130	173
130	174
130	175
130	176
130	177
130	178
130	179
130	180
130	181
130	182
130	183
130	184
130	185
130	186
130	187
130	188
130	189
130	190
130	191
130	192
130	193
130	194
130	195
130	196
130	197
130	198
130	199
130	200
130	201
130	202
131	158
131	160
131	161
131	163
131	164
131	165
131	166
131	167
131	168
131	169
131	170
131	171
131	172
131	173
131	174
131	175
131	176
131	177
131	178
131	179
131	180
131	181
131	182
131	183
131	184
131	185
131	186
131	187
131	188
131	189
131	190
131	191
131	192
131	193
131	194
131	195
131	196
131	197
131	198
131	199
131	200
131	201
131	202
132	154
132	155
132	156
132	157
132	158
132	160
132	161
132	162
132	163
132	164
132	165
132	166
132	167
132	168
132	169
132	170
132	171
132	172
132	173
132	174
132	175
132	176
132	177
132	178
132	179
132	180
132	181
132	182
132	183
132	184
132	185
132	186
132	187
132	188
132	189
132	190
132	191
132	192
132	193
132	194
132	195
132	196
132	197
132	198
132	199
132	200
132	201
132	202
133	154
133	155
133	156
133	157
133	158
133	160
133	161
133	162
133	163
133	164
133	165
133	166
133	167
133	168
133	169
133	170
133	171
133	172
133	173
133	174
133	175
133	176
133	177
133	178
133	179
133	180
133	181
133	182
133	183
133	184
133	185
133	186
133	187
133	188
133	189
133	190
133	191
133	192
133	193
133	194
133	195
133	196
133	197
133	198
133	199
133	200
133	201
133	202
134	155
134	156
134	157
134	158
134	160
134	161
134	163
134	164
134	165
134	166
134	167
134	168
134	169
134	170
134	171
134	172
134	173
134	174
134	175
134	176
134	177
134	178
134	179
134	180
134	181
134	182
134	183
134	184
134	185
134	186
134	187
134	188
134	189
134	190
134	191
134	192
134	193
134	194
134	195
134	196
134	197
134	198
134	199
134	200
134	201
134	202
135	158
135	160
135	161
135	163
135	164
135	165
135	166
135	167
135	168
135	169
135	170
135	171
135	172
135	173
135	174
135	175
135	176
135	177
135	178
135	179
135	180
135	181
135	182
135	183
135	184
135	185
135	186
135	187
135	188
135	189
135	190
135	191
135	192
135	193
135	194
135	195
135	196
135	197
135	198
135	199
135	200
135	201
135	202
136	158
136	160
136	161
136	163
136	164
136	165
136	166
136	167
136	168
136	169
136	170
136	171
136	172
136	173
136	174
136	175
136	176
136	177
136	178
136	179
136	180
136	181
136	182
136	183
136	184
136	185
136	186
136	187
136	188
136	189
136	190
136	191
136	192
136	193
136	194
136	195
136	196
136	197
136	198
136	199
136	200
136	201
136	202
137	167
137	168
137	170
137	171
137	172
137	173
137	174
137	175
137	176
137	177
137	178
137	179
137	180
137	181
137	182
137	183
137	184
137	185
137	187
137	188
137	189
137	190
137	191
137	192
137	193
137	194
137	195
137	196
137	197
137	198
137	199
137	200
137	201
137	202
138	167
138	168
138	170
138	171
138	172
138	173
138	174
138	175
138	176
138	177
138	178
138	179
138	180
138	181
138	182
138	183
138	184
138	185
138	187
138	188
138	189
138	190
138	191
138	192
138	193
138	194
138	195
138	196
138	197
138	198
138	199
138	200
138	201
138	202
139	168
139	170
139	171
139	172
139	173
139	174
139	175
139	176
139	177
139	178
139	179
139	180
139	181
139	182
139	183
139	184
139	185
139	187
139	188
139	189
139	190
139	191
139	192
139	193
139	194
139	195
139	196
139	197
139	198
139	199
139	200
139	201
139	202
140	167
140	168
140	170
140	171
140	172
140	173
140	174
140	175
140	176
140	177
140	178
140	179
140	180
140	181
140	182
140	183
140	184
140	185
140	187
140	188
140	189
140	190
140	191
140	192
140	193
140	194
140	195
140	196
140	197
140	198
140	199
140	200
140	201
140	202
141	167
141	168
141	170
141	171
141	172
141	173
141	174
141	175
141	176
141	177
141	178
141	179
141	180
141	181
141	182
141	183
141	184
141	185
141	187
141	188
141	189
141	190
141	191
141	192
141	193
141	194
141	195
141	196
141	197
141	198
141	199
141	200
141	201
141	202
142	167
142	168
142	170
142	171
142	172
142	173
142	174
142	175
142	176
142	177
142	178
142	179
142	180
142	181
142	182
142	183
142	184
142	185
142	187
142	188
142	189
142	190
142	191
142	192
142	193
142	194
142	195
142	196
142	197
142	198
142	199
142	200
142	201
142	202
143	168
143	171
143	172
143	173
143	174
143	175
143	176
143	177
143	178
143	179
143	180
143	181
143	184
143	187
143	188
143	189
143	190
143	191
143	192
143	193
143	194
143	195
143	197
143	198
143	199
143	201
144	160
144	163
144	164
144	165
144	167
144	168
144	169
144	170
144	171
144	172
144	173
144	174
144	175
144	176
144	177
144	178
144	179
144	180
144	181
144	182
144	183
144	184
144	185
144	186
144	187
144	188
144	189
144	190
144	191
144	192
144	193
144	194
144	195
144	196
144	197
144	198
144	199
144	200
144	201
144	202
145	155
145	156
145	157
145	158
145	160
145	161
145	163
145	164
145	165
145	166
145	167
145	168
145	169
145	170
145	171
145	172
145	173
145	174
145	175
145	176
145	177
145	178
145	179
145	180
145	181
145	182
145	183
145	184
145	185
145	186
145	187
145	188
145	189
145	190
145	191
145	192
145	193
145	194
145	195
145	196
145	197
145	198
145	199
145	200
145	201
145	202
146	158
146	160
146	161
146	163
146	164
146	165
146	166
146	167
146	168
146	169
146	170
146	171
146	172
146	173
146	174
146	175
146	176
146	177
146	178
146	179
146	180
146	181
146	182
146	183
146	184
146	185
146	186
146	187
146	188
146	189
146	190
146	191
146	192
146	193
146	194
146	195
146	196
146	197
146	198
146	199
146	200
146	201
146	202
147	158
147	160
147	161
147	163
147	164
147	165
147	166
147	167
147	168
147	169
147	170
147	171
147	172
147	173
147	174
147	175
147	176
147	177
147	178
147	179
147	180
147	181
147	182
147	183
147	184
147	185
147	186
147	187
147	188
147	189
147	190
147	191
147	192
147	193
147	194
147	195
147	196
147	197
147	198
147	199
147	200
147	201
147	202
148	167
148	168
148	170
148	171
148	172
148	173
148	174
148	175
148	176
148	177
148	178
148	179
148	180
148	181
148	182
148	183
148	184
148	185
148	187
148	188
148	189
148	190
148	191
148	192
148	193
148	194
148	195
148	196
148	197
148	198
148	199
148	200
148	201
148	202
149	158
149	160
149	161
149	163
149	164
149	165
149	166
149	167
149	168
149	169
149	170
149	171
149	172
149	173
149	174
149	175
149	176
149	177
149	178
149	179
149	180
149	181
149	182
149	183
149	184
149	185
149	186
149	187
149	188
149	189
149	190
149	191
149	192
149	193
149	194
149	195
149	196
149	197
149	198
149	199
149	200
149	201
149	202
150	167
150	168
150	170
150	171
150	172
150	173
150	174
150	175
150	176
150	177
150	178
150	179
150	180
150	181
150	182
150	183
150	184
150	185
150	187
150	188
150	189
150	190
150	191
150	192
150	193
150	194
150	195
150	196
150	197
150	198
150	199
150	200
150	201
150	202
151	168
151	171
151	172
151	173
151	174
151	175
151	176
151	177
151	178
151	179
151	180
151	181
151	184
151	187
151	188
151	189
151	190
151	191
151	192
151	193
151	194
151	195
151	197
151	198
151	199
151	201
152	167
152	168
152	170
152	171
152	172
152	173
152	174
152	175
152	176
152	177
152	178
152	179
152	180
152	181
152	182
152	183
152	184
152	185
152	187
152	188
152	189
152	190
152	191
152	192
152	193
152	194
152	195
152	196
152	197
152	198
152	199
152	200
152	201
152	202
153	168
153	171
153	174
153	175
153	188
153	191
153	193
153	197
153	199
154	168
154	171
154	174
154	175
154	188
154	191
154	192
154	193
154	194
154	197
154	199
155	168
155	174
155	175
155	199
156	168
156	171
156	174
156	175
156	188
156	191
156	193
156	197
156	199
157	168
157	171
157	174
157	175
157	199
158	168
158	174
158	175
158	199
159	168
159	171
159	172
159	173
159	174
159	175
159	176
159	177
159	178
159	179
159	180
159	181
159	184
159	187
159	188
159	189
159	190
159	191
159	192
159	193
159	194
159	195
159	197
159	198
159	199
159	201
160	168
160	171
160	174
160	175
160	188
160	191
160	193
160	197
160	199
161	168
161	171
161	174
161	175
161	188
161	191
161	193
161	197
161	199
162	168
162	171
162	174
162	175
162	188
162	191
162	193
162	197
162	199
163	168
163	174
163	175
163	199
164	168
164	174
164	175
164	199
165	168
165	174
165	175
165	199
166	168
166	171
166	174
166	175
166	188
166	191
166	193
166	197
166	199
167	168
167	171
167	172
167	173
167	174
167	175
167	176
167	177
167	178
167	179
167	180
167	181
167	184
167	187
167	188
167	189
167	190
167	191
167	192
167	193
167	194
167	195
167	197
167	198
167	199
167	201
168	169
168	170
168	171
168	172
168	173
168	176
168	177
168	178
168	179
168	180
168	181
168	182
168	183
168	184
168	185
168	186
168	187
168	188
168	189
168	190
168	191
168	192
168	193
168	194
168	195
168	196
168	197
168	198
168	199
168	200
168	201
168	202
169	171
169	172
169	173
169	174
169	175
169	176
169	177
169	178
169	179
169	180
169	181
169	184
169	187
169	188
169	189
169	190
169	191
169	192
169	193
169	194
169	195
169	197
169	198
169	199
169	201
170	171
170	172
170	173
170	174
170	175
170	176
170	177
170	178
170	179
170	180
170	181
170	182
170	183
170	184
170	185
170	187
170	188
170	189
170	190
170	191
170	192
170	193
170	194
170	195
170	196
170	197
170	198
170	199
170	200
170	201
170	202
171	174
171	175
171	186
171	199
172	174
172	175
172	186
172	199
173	174
173	175
173	186
173	199
174	176
174	177
174	178
174	179
174	180
174	181
174	182
174	183
174	184
174	185
174	186
174	187
174	188
174	189
174	190
174	191
174	192
174	193
174	194
174	195
174	196
174	197
174	198
174	199
174	200
174	201
174	202
175	176
175	177
175	178
175	179
175	180
175	181
175	182
175	183
175	184
175	185
175	186
175	187
175	188
175	189
175	190
175	191
175	192
175	193
175	194
175	195
175	196
175	197
175	198
175	199
175	200
175	201
175	202
176	186
176	199
177	186
177	199
178	186
178	199
179	186
179	199
180	186
180	199
181	186
181	199
182	199
183	199
184	186
184	199
185	199
186	187
186	188
186	189
186	190
186	191
186	192
186	193
186	194
186	195
186	197
186	198
186	199
186	201
187	199
188	199
189	199
190	199
191	199
192	199
193	199
194	199
195	199
196	199
197	199
198	199
199	200
199	201
199	202