139	370
1	30
1	59
1	60
1	133
1	137
2	30
2	59
2	60
2	133
2	137
3	30
3	59
3	60
3	61
3	62
3	63
3	64
3	67
3	77
3	78
3	81
3	82
3	83
3	86
3	88
3	93
3	96
3	98
3	100
3	101
3	102
3	103
3	104
3	105
3	106
3	107
3	108
3	109
3	110
3	111
3	112
3	113
3	114
3	115
3	116
3	117
3	118
3	119
3	120
3	121
3	122
3	123
3	124
3	125
3	126
3	127
3	128
3	129
3	130
3	131
3	132
3	133
3	134
3	135
3	136
3	137
3	138
3	139
4	30
4	59
4	60
4	62
4	63
4	64
4	78
4	106
4	109
4	111
4	112
4	113
4	114
4	115
4	116
4	119
4	120
4	121
4	122
4	124
4	128
4	129
4	130
4	132
4	133
4	136
4	137
4	138
4	139
5	30
5	59
5	60
5	133
5	137
6	30
6	59
6	60
6	62
6	63
6	64
6	78
6	106
6	109
6	111
6	112
6	113
6	114
6	115
6	116
6	119
6	120
6	121
6	122
6	124
6	128
6	129
6	130
6	132
6	133
6	136
6	137
6	138
6	139
7	30
7	59
7	60
7	62
7	63
7	64
7	78
7	106
7	109
7	111
7	112
7	113
7	114
7	115
7	116
7	119
7	120
7	121
7	122
7	124
7	128
7	129
7	130
7	132
7	133
7	136
7	137
7	138
7	139
8	30
8	59
8	60
8	61
8	62
8	63
8	64
8	67
8	77
8	78
8	81
8	82
8	83
8	86
8	88
8	93
8	96
8	98
8	100
8	101
8	102
8	103
8	104
8	105
8	106
8	107
8	108
8	109
8	110
8	111
8	112
8	113
8	114
8	115
8	116
8	117
8	118
8	119
8	120
8	121
8	122
8	123
8	124
8	125
8	126
8	127
8	128
8	129
8	130
8	131
8	132
8	133
8	134
8	135
8	136
8	137
8	138
8	139
9	30
9	59
10	30
11	30
11	59
11	60
11	133
11	137
12	30
12	59
13	30
14	30
15	30
15	59
16	30
16	59
17	30
17	59
18	30
18	59
19	30
19	59
20	30
20	59
21	30
21	59
21	60
21	133
21	137
22	30
22	59
23	30
24	30
25	30
26	30
27	30
27	59
27	60
27	133
27	137
28	30
28	59
29	30
30	31
30	32
30	33
30	34
30	35
30	36
30	37
30	38
30	39
30	40
30	41
30	42
30	43
30	44
30	45
30	46
30	47
30	48
30	49
30	50
30	51
30	52
30	53
30	54
30	55
30	56
30	57
30	58
30	59
30	60
30	61
30	62
30	63
30	64
30	65
30	66
30	67
30	68
30	69
30	70
30	71
30	72
30	73
30	74
30	75
30	76
30	77
30	78
30	79
30	80
30	81
30	82
30	83
30	84
30	85
30	86
30	87
30	88
30	89
30	90
30	91
30	92
30	93
30	94
30	95
30	96
30	97
30	98
30	99
30	100
30	101
30	102
30	103
30	104
30	105
30	106
30	107
30	108
30	109
30	110
30	111
30	112
30	113
30	114
30	115
30	116
30	117
30	118
30	119
30	120
30	121
30	122
30	123
30	124
30	125
30	126
30	127
30	128
30	129
30	130
30	131
30	132
30	133
30	134
30	135
30	136
30	137
30	138
30	139