115	3636
1	3
1	4
1	7
1	8
1	11
1	13
1	14
1	15
1	16
1	19
1	22
1	27
1	32
1	33
1	37
1	40
1	43
1	44
1	47
1	48
1	49
1	50
1	52
1	53
1	54
1	55
1	59
1	60
1	61
1	62
1	63
1	69
1	72
1	74
1	75
1	76
1	77
1	78
1	84
1	85
1	86
1	87
1	89
1	96
1	98
1	99
1	100
1	101
1	103
1	107
1	108
1	111
1	113
2	3
2	4
2	6
2	7
2	8
2	9
2	11
2	12
2	13
2	15
2	16
2	19
2	21
2	22
2	23
2	29
2	32
2	33
2	35
2	39
2	40
2	41
2	44
2	47
2	48
2	50
2	51
2	53
2	55
2	60
2	61
2	62
2	65
2	67
2	68
2	69
2	70
2	72
2	73
2	74
2	75
2	78
2	79
2	82
2	83
2	84
2	85
2	86
2	88
2	98
2	99
2	101
2	108
2	109
2	111
2	112
2	114
2	115
3	5
3	9
3	17
3	18
3	19
3	20
3	21
3	22
3	24
3	25
3	28
3	29
3	30
3	31
3	32
3	34
3	35
3	36
3	37
3	38
3	42
3	43
3	45
3	49
3	50
3	51
3	52
3	54
3	58
3	63
3	66
3	67
3	68
3	70
3	71
3	76
3	77
3	78
3	79
3	80
3	81
3	84
3	87
3	88
3	89
3	90
3	91
3	92
3	94
3	95
3	96
3	97
3	98
3	99
3	102
3	104
3	106
3	109
3	110
3	113
3	114
4	9
4	10
4	19
4	20
4	21
4	22
4	23
4	24
4	26
4	30
4	31
4	32
4	33
4	34
4	36
4	38
4	40
4	45
4	46
4	47
4	49
4	55
4	56
4	57
4	58
4	63
4	66
4	67
4	68
4	69
4	71
4	76
4	77
4	78
4	79
4	80
4	81
4	87
4	88
4	90
4	92
4	93
4	94
4	95
4	96
4	97
4	100
4	106
4	109
4	110
4	111
4	112
4	114
5	7
5	13
5	14
5	15
5	16
5	19
5	20
5	21
5	26
5	27
5	28
5	30
5	31
5	32
5	33
5	35
5	37
5	38
5	40
5	43
5	44
5	45
5	46
5	47
5	48
5	49
5	50
5	54
5	55
5	56
5	57
5	58
5	59
5	60
5	61
5	62
5	63
5	64
5	67
5	72
5	74
5	76
5	77
5	80
5	86
5	87
5	90
5	93
5	95
5	97
5	100
5	101
5	102
5	103
5	104
5	106
5	107
5	110
5	111
5	113
6	7
6	8
6	13
6	14
6	15
6	16
6	18
6	19
6	20
6	21
6	22
6	23
6	26
6	28
6	30
6	31
6	32
6	33
6	34
6	35
6	36
6	37
6	38
6	39
6	40
6	43
6	44
6	45
6	46
6	47
6	48
6	52
6	55
6	56
6	57
6	58
6	62
6	63
6	65
6	66
6	67
6	68
6	69
6	71
6	72
6	77
6	79
6	80
6	81
6	86
6	88
6	90
6	92
6	93
6	95
6	96
6	97
6	100
6	101
6	102
6	104
6	106
6	107
6	110
6	111
6	112
6	114
6	115
7	12
7	17
7	19
7	21
7	24
7	25
7	28
7	29
7	34
7	35
7	38
7	42
7	43
7	45
7	46
7	49
7	51
7	52
7	53
7	54
7	58
7	63
7	66
7	67
7	68
7	70
7	71
7	76
7	77
7	82
7	84
7	85
7	87
7	88
7	91
7	92
7	94
7	96
7	97
7	99
7	104
7	105
7	106
7	108
7	110
7	111
7	113
7	114
8	11
8	12
8	13
8	14
8	15
8	17
8	18
8	19
8	20
8	25
8	26
8	27
8	28
8	32
8	34
8	35
8	36
8	37
8	38
8	39
8	43
8	44
8	45
8	46
8	49
8	55
8	57
8	58
8	60
8	62
8	63
8	64
8	66
8	67
8	70
8	71
8	72
8	76
8	77
8	80
8	85
8	87
8	88
8	90
8	92
8	93
8	96
8	97
8	98
8	100
8	102
8	104
8	105
8	106
8	110
8	113
8	114
9	11
9	13
9	14
9	15
9	18
9	19
9	20
9	26
9	27
9	28
9	30
9	31
9	32
9	34
9	35
9	36
9	37
9	38
9	39
9	40
9	43
9	44
9	45
9	46
9	49
9	50
9	53
9	54
9	55
9	56
9	57
9	58
9	59
9	60
9	61
9	62
9	63
9	64
9	66
9	67
9	71
9	72
9	73
9	75
9	76
9	77
9	80
9	81
9	82
9	84
9	85
9	86
9	87
9	88
9	89
9	90
9	92
9	93
9	95
9	96
9	97
9	98
9	100
9	101
9	103
9	104
9	106
9	107
9	108
9	110
9	111
9	113
9	114
9	115
10	11
10	13
10	15
10	16
10	19
10	20
10	21
10	25
10	26
10	27
10	28
10	30
10	31
10	32
10	35
10	37
10	38
10	40
10	43
10	44
10	45
10	46
10	47
10	49
10	50
10	51
10	53
10	54
10	55
10	56
10	57
10	58
10	59
10	60
10	62
10	63
10	67
10	71
10	72
10	74
10	75
10	76
10	77
10	80
10	84
10	85
10	86
10	87
10	89
10	90
10	93
10	95
10	96
10	97
10	98
10	99
10	100
10	102
10	103
10	104
10	106
10	108
10	110
10	111
10	113
10	114
11	13
11	15
11	18
11	19
11	20
11	21
11	22
11	23
11	24
11	26
11	27
11	28
11	30
11	31
11	32
11	33
11	34
11	35
11	36
11	37
11	38
11	39
11	42
11	43
11	44
11	45
11	46
11	47
11	52
11	54
11	55
11	56
11	57
11	58
11	59
11	62
11	63
11	64
11	66
11	67
11	68
11	69
11	71
11	77
11	79
11	80
11	81
11	86
11	87
11	88
11	90
11	92
11	93
11	94
11	95
11	96
11	97
11	100
11	102
11	106
11	109
11	110
11	111
11	112
11	113
11	114
11	115
12	13
12	14
12	15
12	16
12	18
12	19
12	20
12	21
12	22
12	23
12	28
12	30
12	32
12	33
12	34
12	35
12	36
12	37
12	38
12	40
12	43
12	44
12	45
12	46
12	47
12	48
12	49
12	50
12	54
12	55
12	56
12	57
12	58
12	62
12	63
12	65
12	66
12	72
12	74
12	76
12	77
12	78
12	80
12	81
12	83
12	86
12	90
12	93
12	95
12	97
12	100
12	101
12	102
12	104
12	106
12	107
12	109
12	110
12	112
13	22
13	23
13	24
13	25
13	26
13	30
13	31
13	34
13	41
13	42
13	45
13	47
13	48
13	49
13	50
13	51
13	52
13	53
13	54
13	56
13	57
13	58
13	64
13	67
13	68
13	69
13	70
13	73
13	74
13	75
13	76
13	77
13	78
13	79
13	82
13	83
13	84
13	85
13	87
13	89
13	90
13	91
13	92
13	93
13	94
13	98
13	99
13	102
13	103
13	104
13	105
13	106
13	108
13	109
13	110
13	112
13	113
13	115
14	17
14	20
14	21
14	23
14	24
14	28
14	29
14	30
14	31
14	36
14	41
14	42
14	43
14	49
14	51
14	52
14	53
14	56
14	58
14	59
14	62
14	66
14	67
14	70
14	71
14	76
14	77
14	78
14	79
14	80
14	82
14	85
14	87
14	88
14	91
14	92
14	94
14	95
14	96
14	97
14	98
14	99
14	102
14	105
14	108
14	109
14	113
14	114
15	20
15	21
15	22
15	23
15	24
15	25
15	26
15	30
15	31
15	34
15	36
15	38
15	41
15	42
15	45
15	46
15	47
15	49
15	50
15	51
15	52
15	53
15	54
15	57
15	58
15	59
15	60
15	63
15	64
15	66
15	67
15	68
15	70
15	74
15	76
15	77
15	78
15	79
15	82
15	83
15	84
15	85
15	87
15	88
15	89
15	91
15	92
15	94
15	95
15	96
15	97
15	98
15	99
15	102
15	103
15	104
15	105
15	106
15	108
15	109
15	110
15	111
15	112
15	113
15	114
16	17
16	18
16	19
16	20
16	21
16	24
16	25
16	28
16	29
16	30
16	31
16	34
16	35
16	37
16	38
16	41
16	42
16	43
16	45
16	53
16	56
16	63
16	64
16	66
16	70
16	71
16	77
16	78
16	80
16	81
16	82
16	85
16	88
16	90
16	91
16	94
16	95
16	96
16	97
16	98
16	99
16	102
16	104
16	106
16	108
16	110
16	114
17	20
17	22
17	25
17	26
17	30
17	31
17	32
17	33
17	35
17	37
17	38
17	43
17	45
17	46
17	48
17	49
17	51
17	52
17	53
17	56
17	57
17	58
17	60
17	61
17	62
17	64
17	67
17	71
17	75
17	76
17	77
17	78
17	80
17	87
17	90
17	93
17	95
17	98
17	100
17	101
17	102
17	103
17	104
17	106
17	107
17	110
17	113
18	20
18	23
18	26
18	30
18	31
18	32
18	33
18	34
18	36
18	40
18	41
18	43
18	45
18	47
18	48
18	50
18	51
18	52
18	53
18	54
18	55
18	56
18	58
18	61
18	65
18	69
18	72
18	73
18	74
18	75
18	78
18	79
18	80
18	81
18	83
18	84
18	85
18	90
18	91
18	92
18	93
18	95
18	99
18	100
18	101
18	103
18	104
18	107
18	108
18	109
18	110
18	111
18	112
19	22
19	23
19	24
19	25
19	26
19	28
19	41
19	42
19	46
19	47
19	49
19	50
19	51
19	52
19	53
19	54
19	57
19	65
19	66
19	67
19	68
19	69
19	70
19	71
19	74
19	75
19	76
19	77
19	78
19	79
19	81
19	82
19	83
19	84
19	85
19	87
19	88
19	89
19	91
19	92
19	94
19	96
19	97
19	98
19	99
19	103
19	104
19	105
19	106
19	107
19	108
19	109
19	110
19	111
19	112
19	113
19	114
19	115
20	22
20	23
20	24
20	25
20	27
20	28
20	29
20	33
20	40
20	41
20	42
20	47
20	48
20	50
20	53
20	54
20	57
20	61
20	63
20	64
20	65
20	66
20	68
20	69
20	70
20	71
20	73
20	74
20	75
20	77
20	78
20	79
20	82
20	84
20	85
20	86
20	88
20	89
20	91
20	94
20	96
20	97
20	98
20	99
20	101
20	103
20	105
20	107
20	108
20	109
20	111
20	112
20	114
20	115
21	24
21	26
21	27
21	30
21	31
21	32
21	34
21	35
21	36
21	39
21	40
21	41
21	42
21	43
21	48
21	50
21	51
21	53
21	54
21	55
21	56
21	61
21	65
21	68
21	72
21	73
21	74
21	75
21	79
21	80
21	81
21	82
21	83
21	84
21	85
21	86
21	89
21	90
21	91
21	92
21	94
21	95
21	98
21	99
21	100
21	101
21	102
21	103
21	107
21	110
21	111
21	115
22	25
22	26
22	27
22	28
22	29
22	30
22	31
22	34
22	35
22	36
22	38
22	39
22	43
22	44
22	45
22	46
22	49
22	53
22	55
22	56
22	57
22	58
22	59
22	60
22	61
22	62
22	64
22	67
22	70
22	72
22	73
22	75
22	80
22	81
22	82
22	85
22	86
22	87
22	90
22	92
22	93
22	94
22	95
22	96
22	98
22	100
22	103
22	104
22	105
22	106
22	108
22	110
22	113
23	25
23	26
23	27
23	28
23	30
23	31
23	32
23	34
23	35
23	36
23	37
23	38
23	39
23	43
23	44
23	45
23	46
23	49
23	50
23	53
23	54
23	55
23	56
23	57
23	58
23	59
23	60
23	63
23	64
23	66
23	67
23	70
23	71
23	72
23	73
23	75
23	76
23	77
23	80
23	81
23	82
23	84
23	85
23	86
23	87
23	88
23	89
23	90
23	92
23	93
23	95
23	96
23	97
23	98
23	100
23	103
23	104
23	106
23	107
23	108
23	110
23	111
23	113
23	114
23	115
24	26
24	27
24	28
24	30
24	31
24	32
24	33
24	35
24	37
24	38
24	40
24	43
24	44
24	45
24	46
24	49
24	50
24	53
24	54
24	55
24	56
24	57
24	58
24	59
24	60
24	61
24	62
24	63
24	64
24	67
24	71
24	72
24	74
24	75
24	76
24	77
24	80
24	84
24	85
24	86
24	87
24	89
24	90
24	93
24	95
24	96
24	97
24	98
24	99
24	100
24	101
24	102
24	103
24	104
24	106
24	107
24	108
24	110
24	111
24	113
24	114
25	27
25	28
25	30
25	32
25	33
25	35
25	36
25	37
25	40
25	41
25	42
25	43
25	44
25	48
25	55
25	56
25	58
25	59
25	61
25	62
25	64
25	65
25	72
25	73
25	78
25	80
25	83
25	86
25	94
25	95
25	100
25	101
25	102
25	103
25	109
25	112
26	27
26	30
26	32
26	35
26	36
26	39
26	41
26	42
26	43
26	44
26	48
26	52
26	55
26	59
26	60
26	62
26	66
26	69
26	72
26	73
26	75
26	76
26	77
26	78
26	79
26	82
26	83
26	86
26	92
26	94
26	95
26	97
26	98
26	99
26	101
26	105
26	108
26	109
26	112
26	113
26	114
27	31
27	33
27	34
27	38
27	42
27	45
27	46
27	47
27	49
27	50
27	51
27	52
27	54
27	56
27	60
27	61
27	65
27	67
27	68
27	69
27	70
27	74
27	76
27	78
27	79
27	83
27	84
27	87
27	88
27	89
27	90
27	91
27	92
27	94
27	98
27	99
27	101
27	102
27	104
27	105
27	106
27	107
27	108
27	109
27	110
27	111
27	112
27	113
27	114
27	115
28	29
28	30
28	31
28	32
28	33
28	36
28	37
28	40
28	41
28	42
28	45
28	47
28	48
28	50
28	51
28	52
28	53
28	54
28	55
28	56
28	61
28	68
28	69
28	72
28	73
28	74
28	75
28	78
28	79
28	80
28	81
28	82
28	83
28	84
28	85
28	87
28	89
28	91
28	92
28	93
28	94
28	95
28	99
28	100
28	101
28	103
28	105
28	108
28	109
28	111
28	112
28	115
29	30
29	32
29	33
29	34
29	35
29	36
29	37
29	38
29	41
29	43
29	45
29	46
29	47
29	48
29	49
29	50
29	53
29	54
29	56
29	57
29	58
29	59
29	61
29	62
29	63
29	64
29	65
29	68
29	73
29	74
29	75
29	76
29	80
29	81
29	82
29	83
29	87
29	90
29	93
29	95
29	99
29	100
29	101
29	102
29	103
29	104
29	106
29	107
29	108
29	110
29	113
29	115
30	33
30	39
30	41
30	42
30	46
30	47
30	48
30	50
30	53
30	54
30	57
30	60
30	61
30	62
30	63
30	65
30	66
30	68
30	69
30	71
30	72
30	73
30	74
30	76
30	77
30	79
30	84
30	85
30	88
30	89
30	91
30	96
30	97
30	98
30	99
30	100
30	103
30	104
30	105
30	107
30	108
30	109
30	112
30	114
30	115
31	33
31	39
31	41
31	42
31	47
31	48
31	50
31	53
31	54
31	57
31	60
31	61
31	62
31	63
31	65
31	66
31	68
31	71
31	72
31	73
31	74
31	77
31	84
31	85
31	86
31	88
31	89
31	96
31	97
31	98
31	99
31	100
31	103
31	105
31	107
31	108
31	109
31	111
31	112
31	114
31	115
32	34
32	38
32	41
32	42
32	45
32	46
32	47
32	49
32	51
32	52
32	53
32	54
32	57
32	58
32	59
32	60
32	64
32	66
32	67
32	68
32	69
32	70
32	74
32	75
32	76
32	77
32	78
32	79
32	82
32	83
32	84
32	85
32	87
32	88
32	89
32	91
32	92
32	94
32	96
32	97
32	98
32	99
32	103
32	104
32	105
32	106
32	108
32	109
32	111
32	112
32	113
32	114
32	115
33	34
33	36
33	37
33	38
33	41
33	42
33	43
33	45
33	51
33	53
33	58
33	60
33	63
33	66
33	67
33	70
33	71
33	73
33	75
33	76
33	77
33	79
33	81
33	82
33	87
33	88
33	90
33	91
33	92
33	94
33	95
33	96
33	97
33	98
33	99
33	102
33	104
33	105
33	106
33	108
33	110
33	113
33	114
34	35
34	39
34	40
34	41
34	43
34	44
34	47
34	48
34	49
34	50
34	51
34	52
34	53
34	55
34	57
34	59
34	60
34	61
34	62
34	65
34	67
34	68
34	69
34	70
34	72
34	73
34	74
34	75
34	76
34	77
34	78
34	79
34	82
34	83
34	84
34	85
34	86
34	87
34	88
34	92
34	93
34	97
34	98
34	99
34	101
34	108
34	109
34	111
34	112
34	113
34	114
34	115
35	38
35	41
35	42
35	46
35	47
35	49
35	50
35	51
35	52
35	53
35	54
35	57
35	59
35	60
35	65
35	66
35	67
35	68
35	69
35	70
35	71
35	74
35	75
35	76
35	77
35	78
35	79
35	82
35	84
35	85
35	87
35	88
35	89
35	91
35	92
35	94
35	96
35	97
35	98
35	99
35	103
35	104
35	105
35	106
35	107
35	108
35	109
35	110
35	111
35	112
35	113
35	114
35	115
36	38
36	39
36	40
36	41
36	47
36	48
36	50
36	53
36	54
36	57
36	60
36	61
36	63
36	64
36	65
36	68
36	69
36	70
36	71
36	73
36	74
36	75
36	77
36	78
36	79
36	82
36	84
36	85
36	86
36	88
36	89
36	96
36	97
36	98
36	99
36	101
36	103
36	104
36	106
36	108
36	109
36	111
36	112
36	114
36	115
37	40
37	41
37	42
37	47
37	48
37	49
37	50
37	51
37	52
37	53
37	54
37	57
37	58
37	65
37	68
37	69
37	70
37	73
37	74
37	75
37	78
37	79
37	82
37	83
37	84
37	85
37	87
37	91
37	92
37	93
37	94
37	99
37	101
37	103
37	105
37	107
37	108
37	109
37	111
37	112
37	113
38	39
38	40
38	41
38	42
38	43
38	47
38	48
38	49
38	50
38	51
38	52
38	53
38	55
38	61
38	62
38	65
38	66
38	67
38	68
38	69
38	72
38	73
38	74
38	75
38	76
38	78
38	79
38	82
38	84
38	85
38	91
38	93
38	97
38	98
38	99
38	101
38	105
38	108
38	109
38	112
38	113
38	115
39	41
39	45
39	46
39	47
39	49
39	50
39	52
39	53
39	54
39	57
39	58
39	59
39	60
39	63
39	64
39	65
39	66
39	67
39	69
39	74
39	75
39	76
39	77
39	78
39	84
39	85
39	87
39	88
39	89
39	90
39	92
39	93
39	95
39	96
39	97
39	98
39	99
39	102
39	103
39	104
39	106
39	108
39	109
39	110
39	111
39	112
39	113
39	115
40	41
40	42
40	43
40	45
40	49
40	51
40	52
40	53
40	54
40	58
40	63
40	64
40	66
40	67
40	68
40	70
40	71
40	73
40	74
40	76
40	77
40	79
40	80
40	84
40	85
40	87
40	88
40	89
40	90
40	91
40	92
40	96
40	97
40	98
40	99
40	102
40	104
40	105
40	106
40	108
40	109
40	110
40	112
40	113
40	114
41	43
41	44
41	45
41	46
41	47
41	48
41	50
41	55
41	56
41	57
41	58
41	60
41	61
41	62
41	63
41	64
41	65
41	66
41	67
41	70
41	71
41	77
41	80
41	81
41	86
41	87
41	88
41	90
41	91
41	92
41	93
41	95
41	96
41	97
41	100
41	106
41	107
41	110
41	111
41	114
41	115
42	43
42	44
42	45
42	46
42	48
42	49
42	51
42	55
42	56
42	57
42	58
42	59
42	60
42	61
42	62
42	63
42	64
42	67
42	71
42	72
42	76
42	77
42	80
42	85
42	86
42	87
42	90
42	93
42	95
42	96
42	97
42	98
42	100
42	101
42	102
42	104
42	106
42	107
42	110
42	113
42	114
43	46
43	47
43	48
43	50
43	51
43	52
43	53
43	54
43	61
43	63
43	67
43	68
43	69
43	70
43	73
43	74
43	75
43	77
43	78
43	79
43	82
43	84
43	85
43	88
43	89
43	90
43	91
43	94
43	96
43	97
43	99
43	101
43	103
43	104
43	105
43	106
43	107
43	108
43	109
43	111
43	112
43	114
43	115
44	45
44	46
44	47
44	49
44	50
44	51
44	52
44	53
44	54
44	61
44	65
44	67
44	68
44	69
44	73
44	74
44	75
44	76
44	78
44	79
44	82
44	83
44	84
44	85
44	87
44	88
44	89
44	90
44	91
44	92
44	94
44	97
44	98
44	99
44	101
44	103
44	105
44	106
44	107
44	108
44	109
44	111
44	112
44	113
44	115
45	47
45	48
45	52
45	55
45	59
45	61
45	62
45	65
45	68
45	69
45	71
45	72
45	73
45	74
45	75
45	78
45	79
45	82
45	84
45	85
45	86
45	89
45	91
45	96
45	100
45	101
45	103
45	105
45	107
45	109
45	111
45	112
45	114
45	115
46	47
46	48
46	50
46	51
46	52
46	53
46	55
46	59
46	60
46	66
46	68
46	69
46	70
46	72
46	73
46	74
46	75
46	78
46	79
46	82
46	83
46	84
46	85
46	86
46	91
46	93
46	94
46	95
46	97
46	98
46	99
46	105
46	108
46	109
46	112
46	114
46	115
47	51
47	55
47	56
47	57
47	58
47	60
47	63
47	64
47	66
47	67
47	71
47	72
47	73
47	76
47	77
47	80
47	83
47	86
47	88
47	91
47	92
47	93
47	94
47	95
47	96
47	97
47	98
47	99
47	100
47	102
47	103
47	104
47	106
47	107
47	110
47	113
47	114
48	49
48	51
48	53
48	57
48	58
48	66
48	67
48	70
48	71
48	76
48	77
48	80
48	81
48	82
48	85
48	87
48	88
48	90
48	91
48	92
48	94
48	95
48	96
48	97
48	98
48	99
48	102
48	104
48	105
48	106
48	108
48	110
48	113
48	114
49	51
49	52
49	55
49	56
49	59
49	61
49	63
49	64
49	65
49	69
49	71
49	72
49	73
49	75
49	79
49	80
49	83
49	86
49	90
49	91
49	95
49	96
49	100
49	101
49	102
49	104
49	105
49	106
49	109
49	110
49	112
50	51
50	52
50	55
50	56
50	57
50	60
50	61
50	62
50	63
50	64
50	66
50	71
50	72
50	73
50	77
50	79
50	80
50	83
50	86
50	88
50	91
50	94
50	95
50	96
50	98
50	100
50	102
50	103
50	104
50	106
50	109
50	110
50	113
50	114
51	53
51	54
51	55
51	57
51	58
51	59
51	60
51	61
51	62
51	63
51	64
51	65
51	66
51	72
51	73
51	74
51	75
51	76
51	77
51	81
51	82
51	86
51	87
51	90
51	93
51	94
51	97
51	99
51	100
51	101
51	103
51	104
51	106
51	107
51	108
51	113
51	115
52	54
52	55
52	57
52	58
52	60
52	61
52	62
52	63
52	64
52	66
52	67
52	71
52	72
52	76
52	77
52	81
52	84
52	85
52	86
52	87
52	88
52	89
52	90
52	92
52	93
52	94
52	96
52	97
52	98
52	100
52	101
52	104
52	105
52	106
52	107
52	110
52	111
52	113
52	114
52	115
53	55
53	56
53	57
53	60
53	61
53	62
53	63
53	65
53	66
53	69
53	70
53	71
53	77
53	79
53	80
53	81
53	86
53	88
53	90
53	94
53	95
53	96
53	100
53	102
53	106
53	107
53	109
53	110
53	112
53	114
54	55
54	56
54	57
54	60
54	61
54	62
54	63
54	64
54	65
54	66
54	71
54	72
54	77
54	79
54	80
54	83
54	86
54	91
54	94
54	95
54	96
54	100
54	101
54	102
54	109
54	114
55	57
55	58
55	59
55	60
55	64
55	65
55	66
55	67
55	68
55	69
55	70
55	71
55	74
55	75
55	76
55	77
55	78
55	79
55	81
55	82
55	84
55	85
55	87
55	88
55	89
55	91
55	92
55	94
55	96
55	97
55	98
55	99
55	103
55	104
55	105
55	106
55	108
55	109
55	110
55	111
55	112
55	113
55	114
55	115
56	57
56	58
56	60
56	63
56	64
56	66
56	67
56	68
56	69
56	70
56	71
56	73
56	74
56	75
56	76
56	77
56	78
56	79
56	82
56	84
56	85
56	87
56	88
56	91
56	94
56	96
56	97
56	98
56	99
56	103
56	105
56	108
56	109
56	111
56	112
56	113
56	114
56	115
57	59
57	68
57	69
57	72
57	73
57	74
57	75
57	78
57	79
57	80
57	81
57	82
57	83
57	84
57	85
57	86
57	89
57	90
57	91
57	94
57	95
57	98
57	99
57	100
57	101
57	102
57	103
57	108
57	109
57	110
57	111
57	112
57	115
58	59
58	60
58	61
58	65
58	68
58	69
58	72
58	73
58	74
58	75
58	78
58	79
58	80
58	82
58	83
58	84
58	85
58	86
58	89
58	91
58	95
58	100
58	101
58	103
58	105
58	109
58	111
58	112
58	114
58	115
59	62
59	69
59	71
59	72
59	76
59	78
59	79
59	81
59	83
59	91
59	92
59	93
59	94
59	100
59	104
59	106
59	109
59	112
60	62
60	68
60	69
60	70
60	73
60	74
60	75
60	78
60	79
60	80
60	81
60	82
60	83
60	84
60	85
60	86
60	90
60	91
60	94
60	95
60	100
60	101
60	103
60	104
60	105
60	106
60	108
60	109
60	111
60	112
61	63
61	66
61	68
61	70
61	71
61	74
61	76
61	78
61	79
61	80
61	81
61	84
61	87
61	88
61	89
61	90
61	91
61	92
61	94
61	95
61	96
61	97
61	102
61	104
61	105
61	106
61	109
61	110
61	113
62	64
62	66
62	68
62	69
62	70
62	74
62	75
62	78
62	79
62	81
62	82
62	83
62	84
62	85
62	89
62	91
62	94
62	97
62	98
62	99
62	102
62	103
62	104
62	105
62	108
62	109
62	110
62	111
62	112
62	114
62	115
63	65
63	68
63	69
63	73
63	74
63	75
63	78
63	79
63	80
63	82
63	83
63	84
63	85
63	86
63	89
63	91
63	92
63	94
63	95
63	98
63	99
63	101
63	102
63	103
63	108
63	109
63	111
63	112
63	113
63	115
64	68
64	69
64	70
64	72
64	73
64	74
64	75
64	78
64	79
64	81
64	82
64	83
64	84
64	85
64	86
64	91
64	94
64	95
64	100
64	103
64	105
64	108
64	109
64	111
65	67
65	68
65	70
65	71
65	74
65	76
65	77
65	80
65	81
65	82
65	84
65	85
65	87
65	88
65	89
65	90
65	91
65	92
65	95
65	96
65	97
65	99
65	102
65	104
65	106
65	108
65	114
65	115
66	68
66	69
66	72
66	73
66	74
66	75
66	78
66	79
66	80
66	81
66	82
66	83
66	84
66	85
66	86
66	89
66	90
66	95
66	99
66	100
66	101
66	102
66	103
66	106
66	108
66	109
66	111
66	112
66	115
67	68
67	69
67	72
67	73
67	74
67	75
67	78
67	79
67	80
67	82
67	83
67	84
67	86
67	89
67	90
67	95
67	100
67	101
67	102
67	103
67	104
67	105
67	106
67	109
67	110
67	112
67	115
68	71
68	72
68	76
68	77
68	80
68	83
68	86
68	91
68	92
68	93
68	95
68	96
68	97
68	98
68	99
68	100
68	101
68	102
68	103
68	104
68	106
68	107
68	110
68	113
68	114
69	71
69	72
69	73
69	75
69	76
69	77
69	80
69	81
69	82
69	85
69	86
69	87
69	88
69	90
69	92
69	94
69	95
69	96
69	97
69	98
69	99
69	100
69	103
69	104
69	106
69	108
69	110
69	113
69	114
70	72
70	73
70	75
70	76
70	78
70	80
70	83
70	86
70	95
70	97
70	99
70	100
70	101
70	102
70	103
70	106
70	107
70	110
70	112
71	72
71	73
71	74
71	75
71	78
71	79
71	81
71	82
71	83
71	85
71	87
71	93
71	94
71	95
71	98
71	99
71	100
71	101
71	102
71	105
71	108
71	109
71	111
71	112
71	113
71	115
72	74
72	76
72	77
72	78
72	79
72	81
72	83
72	84
72	85
72	87
72	88
72	89
72	91
72	92
72	94
72	96
72	97
72	98
72	99
72	102
72	104
72	106
72	109
72	110
72	111
72	112
72	113
72	114
72	115
73	77
73	78
73	79
73	80
73	81
73	86
73	87
73	90
73	91
73	92
73	93
73	95
73	96
73	97
73	98
73	102
73	106
73	109
73	110
73	111
73	112
73	114
74	76
74	77
74	80
74	86
74	88
74	91
74	92
74	93
74	94
74	95
74	96
74	97
74	98
74	100
74	101
74	102
74	104
74	106
74	107
74	110
74	113
74	114
75	76
75	77
75	79
75	80
75	86
75	87
75	88
75	90
75	92
75	93
75	96
75	97
75	100
75	102
75	106
75	109
75	110
75	112
75	114
76	78
76	79
76	80
76	83
76	84
76	86
76	90
76	91
76	94
76	95
76	100
76	101
76	102
76	104
76	105
76	106
76	109
76	110
76	111
76	112
76	115
77	78
77	79
77	80
77	81
77	82
77	83
77	84
77	85
77	86
77	89
77	90
77	91
77	94
77	95
77	99
77	100
77	101
77	102
77	103
77	105
77	109
77	110
77	111
77	112
77	115
78	80
78	86
78	87
78	88
78	90
78	92
78	93
78	96
78	97
78	100
78	104
78	105
78	106
78	107
78	110
78	113
78	114
79	80
79	81
79	82
79	84
79	85
79	86
79	87
79	88
79	89
79	90
79	92
79	93
79	95
79	96
79	97
79	98
79	100
79	101
79	103
79	104
79	106
79	107
79	108
79	110
79	111
79	113
79	115
80	82
80	84
80	85
80	88
80	89
80	91
80	96
80	97
80	98
80	99
80	101
80	103
80	105
80	107
80	108
80	109
80	112
80	113
80	114
80	115
81	85
81	91
81	97
81	99
81	103
81	107
81	108
81	109
81	112
81	114
82	86
82	87
82	88
82	90
82	92
82	93
82	96
82	97
82	100
82	102
82	104
82	106
82	107
82	109
82	110
82	112
82	113
82	114
83	88
83	89
83	90
83	91
83	93
83	96
83	97
83	98
83	104
83	113
83	114
83	115
84	86
84	88
84	93
84	94
84	95
84	97
84	98
84	100
84	101
84	102
84	103
84	104
84	106
84	107
84	109
84	110
84	113
84	114
85	86
85	87
85	90
85	92
85	93
85	94
85	95
85	96
85	97
85	100
85	101
85	102
85	104
85	105
85	106
85	107
85	109
85	110
85	112
85	114
86	88
86	89
86	91
86	93
86	96
86	97
86	98
86	99
86	102
86	103
86	104
86	105
86	108
86	109
86	110
86	112
86	113
86	114
86	115
87	90
87	91
87	100
87	101
87	102
87	103
87	104
87	109
87	110
87	112
88	89
88	90
88	95
88	99
88	100
88	101
88	102
88	103
88	104
88	108
88	109
88	110
88	112
89	93
89	94
89	95
89	97
89	101
89	107
89	109
89	113
89	114
90	91
90	92
90	93
90	94
90	97
90	98
90	99
90	105
90	109
90	112
90	113
90	114
91	93
91	95
91	97
91	100
91	101
91	102
91	103
91	104
91	106
91	107
91	109
91	110
91	113
91	115
92	100
92	101
92	103
92	104
92	108
92	109
92	110
92	112
92	114
92	115
93	96
93	103
93	104
93	105
93	106
93	109
93	110
93	111
93	112
93	114
94	96
94	97
94	98
94	99
94	100
94	102
94	103
94	104
94	107
94	108
94	110
94	114
95	96
95	97
95	98
95	99
95	103
95	104
95	105
95	107
95	108
95	109
95	112
95	113
95	114
95	115
96	98
96	99
96	100
96	101
96	102
96	103
96	108
96	109
96	111
96	112
96	113
96	115
97	100
97	101
97	102
97	103
97	104
97	106
97	108
97	109
97	110
97	111
97	112
97	115
98	100
98	101
98	104
98	106
98	107
98	109
98	111
98	112
99	100
99	102
99	105
99	106
99	107
99	110
99	111
99	114
99	115
100	102
100	105
100	107
100	108
100	109
100	111
100	112
100	113
100	114
100	115
101	102
101	105
101	106
101	109
101	110
101	113
101	114
102	103
102	105
102	107
102	108
102	111
102	113
102	114
103	107
103	109
103	111
103	112
103	114
103	115
104	105
104	109
104	111
104	112
104	113
104	115
105	106
105	107
105	110
105	113
106	108
106	109
106	112
106	113
106	114
106	115
107	108
107	109
107	114
108	109
108	110
108	112
108	114
109	110
109	111
109	113
109	114
109	115
110	111
110	112
110	114
110	115
111	113
111	114
112	113
112	114
113	115
114	115