95	2005
1	2
1	3
1	4
1	5
1	6
1	7
1	8
1	9
1	10
1	11
1	12
1	13
1	14
1	15
1	16
1	17
1	18
1	19
1	20
1	21
1	22
1	23
1	24
1	25
1	26
1	27
1	28
1	29
1	30
1	31
1	32
1	33
1	34
1	35
1	36
1	37
1	38
1	39
1	40
1	41
1	42
1	43
1	44
1	45
1	46
1	47
1	48
1	49
1	50
1	51
1	52
1	53
1	54
1	55
1	56
1	57
1	58
1	59
1	60
1	61
1	62
1	63
1	64
1	65
1	66
1	67
1	68
1	69
1	70
1	71
1	72
1	73
1	74
1	75
1	76
1	77
1	78
1	79
1	80
1	81
1	82
1	83
1	84
1	85
1	86
1	87
1	88
1	89
1	90
1	91
1	92
1	93
1	94
1	95
2	3
2	4
2	13
2	14
2	17
2	41
2	54
2	55
2	56
2	57
2	60
2	61
2	62
2	63
2	65
2	66
2	69
2	70
2	71
2	72
2	73
2	74
2	75
2	76
2	77
2	78
2	79
2	80
2	81
2	82
2	83
2	84
2	85
2	86
2	87
2	88
2	89
2	90
2	91
2	92
2	93
2	94
2	95
3	5
3	6
3	7
3	8
3	9
3	10
3	11
3	12
3	13
3	14
3	15
3	16
3	17
3	18
3	19
3	20
3	21
3	22
3	23
3	24
3	25
3	26
3	27
3	28
3	29
3	30
3	31
3	32
3	33
3	34
3	35
3	36
3	37
3	38
3	39
3	40
3	41
3	42
3	43
3	44
3	45
3	46
3	47
3	48
3	49
3	50
3	51
3	52
3	53
3	54
3	55
3	56
3	57
3	58
3	59
3	60
3	61
3	62
3	63
3	64
3	65
3	66
3	67
3	68
3	69
3	70
3	71
3	72
3	73
3	74
3	75
3	76
3	77
3	78
3	79
3	80
3	81
3	82
3	83
3	84
3	85
3	86
3	87
3	88
3	89
3	90
3	91
3	92
3	93
3	94
3	95
4	5
4	6
4	7
4	8
4	9
4	10
4	11
4	12
4	13
4	14
4	15
4	16
4	17
4	18
4	19
4	20
4	21
4	22
4	23
4	24
4	25
4	26
4	27
4	28
4	29
4	30
4	31
4	32
4	33
4	34
4	35
4	36
4	37
4	38
4	39
4	40
4	41
4	42
4	43
4	44
4	45
4	46
4	47
4	48
4	49
4	50
4	51
4	52
4	53
4	54
4	55
4	56
4	57
4	58
4	59
4	60
4	61
4	62
4	63
4	64
4	65
4	66
4	67
4	68
4	69
4	70
4	71
4	72
4	73
4	74
4	75
4	76
4	77
4	78
4	79
4	80
4	81
4	82
4	83
4	84
4	85
4	86
4	87
4	88
4	89
4	90
4	91
4	92
4	93
4	94
4	95
5	13
5	14
5	17
5	41
5	54
5	55
5	56
5	57
5	60
5	61
5	62
5	66
5	69
5	70
5	71
5	72
5	73
5	74
5	75
5	76
5	77
5	78
5	79
5	80
5	81
5	82
5	83
5	84
5	85
5	86
5	87
5	88
5	89
5	90
5	91
5	92
5	93
5	94
5	95
6	13
6	14
6	17
6	41
6	54
6	55
6	56
6	57
6	60
6	61
6	62
6	63
6	65
6	66
6	69
6	70
6	71
6	72
6	73
6	74
6	75
6	76
6	77
6	78
6	79
6	80
6	81
6	82
6	83
6	84
6	85
6	86
6	87
6	88
6	89
6	90
6	91
6	92
6	93
6	94
6	95
7	13
7	14
7	17
7	41
7	54
7	55
7	56
7	57
7	61
7	62
7	66
7	70
7	71
7	72
7	73
7	74
7	75
7	76
7	77
7	80
7	81
7	82
7	83
7	84
7	85
7	86
7	87
7	88
7	89
7	90
7	91
7	92
7	93
7	94
7	95
8	13
8	14
8	17
8	41
8	54
8	55
8	56
8	57
8	60
8	61
8	62
8	66
8	69
8	70
8	71
8	72
8	73
8	74
8	75
8	76
8	77
8	78
8	79
8	80
8	81
8	82
8	83
8	84
8	85
8	86
8	87
8	88
8	89
8	90
8	91
8	92
8	93
8	94
8	95
9	13
9	14
9	17
9	41
9	54
9	55
9	56
9	57
9	61
9	62
9	66
9	70
9	71
9	72
9	73
9	74
9	75
9	76
9	77
9	80
9	81
9	82
9	83
9	84
9	85
9	86
9	87
9	88
9	89
9	90
9	91
9	92
9	93
9	94
9	95
10	13
10	14
10	17
10	41
10	54
10	55
10	56
10	57
10	61
10	62
10	66
10	70
10	71
10	72
10	73
10	74
10	75
10	76
10	77
10	80
10	81
10	82
10	83
10	84
10	85
10	86
10	87
10	88
10	89
10	90
10	91
10	92
10	93
10	94
10	95
11	13
11	14
11	17
11	41
11	54
11	55
11	56
11	57
11	61
11	62
11	66
11	70
11	71
11	72
11	73
11	74
11	75
11	76
11	77
11	80
11	81
11	82
11	83
11	84
11	85
11	86
11	87
11	88
11	89
11	90
11	91
11	92
11	93
11	94
11	95
12	13
12	14
12	17
12	41
12	54
12	55
12	56
12	57
12	60
12	61
12	62
12	66
12	69
12	70
12	71
12	72
12	73
12	74
12	75
12	76
12	77
12	78
12	79
12	80
12	81
12	82
12	83
12	84
12	85
12	86
12	87
12	88
12	89
12	90
12	91
12	92
12	93
12	94
12	95
13	15
13	16
13	17
13	18
13	19
13	20
13	21
13	22
13	23
13	24
13	25
13	26
13	27
13	28
13	29
13	30
13	31
13	32
13	33
13	34
13	35
13	36
13	37
13	38
13	39
13	40
13	41
13	42
13	43
13	44
13	45
13	46
13	47
13	48
13	49
13	50
13	51
13	52
13	53
13	54
13	55
13	56
13	57
13	58
13	59
13	60
13	61
13	62
13	63
13	64
13	65
13	66
13	67
13	68
13	69
13	70
13	71
13	72
13	73
13	74
13	75
13	76
13	77
13	78
13	79
13	80
13	81
13	82
13	83
13	84
13	85
13	86
13	87
13	88
13	89
13	90
13	91
13	92
13	93
13	94
13	95
14	15
14	16
14	17
14	18
14	19
14	20
14	21
14	22
14	23
14	24
14	25
14	26
14	27
14	28
14	29
14	30
14	31
14	32
14	33
14	34
14	35
14	36
14	37
14	38
14	39
14	40
14	41
14	42
14	43
14	44
14	45
14	46
14	47
14	48
14	49
14	50
14	51
14	52
14	53
14	54
14	55
14	56
14	57
14	58
14	59
14	60
14	61
14	62
14	63
14	64
14	65
14	66
14	67
14	68
14	69
14	70
14	71
14	72
14	73
14	74
14	75
14	76
14	77
14	78
14	79
14	80
14	81
14	82
14	83
14	84
14	85
14	86
14	87
14	88
14	89
14	90
14	91
14	92
14	93
14	94
14	95
15	17
15	41
15	54
15	55
15	56
15	57
15	60
15	61
15	62
15	63
15	65
15	66
15	69
15	70
15	71
15	72
15	73
15	74
15	75
15	76
15	77
15	78
15	79
15	80
15	81
15	82
15	83
15	84
15	85
15	86
15	87
15	88
15	89
15	90
15	91
15	92
15	93
15	94
15	95
16	17
16	41
16	54
16	55
16	56
16	57
16	60
16	61
16	62
16	63
16	65
16	66
16	69
16	70
16	71
16	72
16	73
16	74
16	75
16	76
16	77
16	78
16	79
16	80
16	81
16	82
16	83
16	84
16	85
16	86
16	87
16	88
16	89
16	90
16	91
16	92
16	93
16	94
16	95
17	18
17	19
17	20
17	21
17	22
17	23
17	24
17	25
17	26
17	27
17	28
17	29
17	30
17	31
17	32
17	33
17	34
17	35
17	36
17	37
17	38
17	39
17	40
17	41
17	42
17	43
17	44
17	45
17	46
17	47
17	48
17	49
17	50
17	51
17	52
17	53
17	54
17	55
17	56
17	57
17	58
17	59
17	60
17	61
17	62
17	63
17	64
17	65
17	66
17	67
17	68
17	69
17	70
17	71
17	72
17	73
17	74
17	75
17	76
17	77
17	78
17	79
17	80
17	81
17	82
17	83
17	84
17	85
17	86
17	87
17	88
17	89
17	90
17	91
17	92
17	93
17	94
17	95
18	41
18	54
18	55
18	56
18	57
18	62
18	66
18	70
18	71
18	72
18	73
18	74
18	82
18	83
18	84
18	85
18	86
18	87
18	88
18	89
18	90
18	91
18	92
18	93
18	94
18	95
19	41
19	54
19	55
19	56
19	57
19	61
19	62
19	66
19	70
19	71
19	72
19	73
19	74
19	75
19	76
19	77
19	80
19	81
19	82
19	83
19	84
19	85
19	86
19	87
19	88
19	89
19	90
19	91
19	92
19	93
19	94
19	95
20	41
20	54
20	55
20	56
20	57
20	62
20	66
20	70
20	71
20	72
20	73
20	74
20	82
20	83
20	84
20	85
20	86
20	87
20	88
20	89
20	90
20	91
20	92
20	93
20	94
20	95
21	41
21	54
21	55
21	56
21	57
21	62
21	66
21	70
21	71
21	72
21	73
21	74
21	82
21	83
21	84
21	85
21	86
21	87
21	88
21	89
21	90
21	91
21	92
21	93
21	94
21	95
22	41
22	54
22	55
22	56
22	57
22	62
22	66
22	70
22	71
22	72
22	73
22	82
22	94
22	95
23	41
23	54
23	55
23	56
23	57
23	62
23	66
23	70
23	71
23	72
23	73
23	74
23	82
23	83
23	84
23	85
23	86
23	87
23	88
23	89
23	90
23	91
23	92
23	93
23	94
23	95
24	41
24	54
24	55
24	56
24	57
24	62
24	66
24	70
24	71
24	72
24	73
24	94
25	41
25	54
25	55
25	56
25	57
25	62
25	66
25	70
25	71
25	72
25	73
25	82
25	94
25	95
26	41
26	54
26	55
26	56
26	57
26	61
26	62
26	66
26	70
26	71
26	72
26	73
26	74
26	75
26	76
26	77
26	80
26	81
26	82
26	83
26	84
26	85
26	86
26	87
26	88
26	89
26	90
26	91
26	92
26	93
26	94
26	95
27	41
27	54
27	55
27	56
27	57
27	61
27	62
27	66
27	70
27	71
27	72
27	73
27	74
27	75
27	76
27	77
27	80
27	81
27	82
27	83
27	84
27	85
27	86
27	87
27	88
27	89
27	90
27	91
27	92
27	93
27	94
27	95
28	41
28	54
28	55
28	56
28	57
28	62
28	66
28	70
28	71
28	72
28	73
28	74
28	82
28	83
28	84
28	85
28	86
28	87
28	88
28	89
28	90
28	91
28	92
28	93
28	94
28	95
29	41
29	54
29	55
29	56
29	57
29	62
29	66
29	70
29	71
29	72
29	73
29	82
29	94
29	95
30	41
30	54
30	55
30	56
30	57
30	62
30	66
30	70
30	71
30	72
30	73
30	74
30	82
30	83
30	84
30	85
30	86
30	87
30	88
30	89
30	90
30	91
30	92
30	93
30	94
30	95
31	41
31	54
31	55
31	56
31	57
31	62
31	66
31	70
31	71
31	72
31	73
31	74
31	82
31	83
31	84
31	85
31	86
31	87
31	88
31	89
31	90
31	91
31	92
31	93
31	94
31	95
32	41
32	54
32	55
32	56
32	57
32	62
32	66
32	70
32	71
32	72
32	73
32	74
32	82
32	83
32	84
32	85
32	86
32	87
32	88
32	89
32	90
32	91
32	92
32	93
32	94
32	95
33	41
33	54
33	55
33	56
33	57
33	62
33	66
33	70
33	71
33	72
33	73
33	94
34	41
34	54
34	55
34	56
34	57
34	62
34	66
34	70
34	71
34	72
34	73
34	94
35	41
35	54
35	55
35	56
35	57
35	62
35	66
35	70
35	71
35	72
35	73
35	94
36	41
36	54
36	55
36	56
36	57
36	62
36	66
36	70
36	71
36	72
36	73
36	94
37	41
37	54
37	55
37	56
37	57
37	62
37	66
37	70
37	71
37	72
37	73
37	82
37	94
37	95
38	41
38	54
38	55
38	56
38	57
38	62
38	66
38	70
38	71
38	72
38	73
38	94
39	41
39	54
39	55
39	56
39	57
39	62
39	66
39	70
39	71
39	72
39	73
39	94
40	41
40	54
40	55
40	56
40	57
40	62
40	66
40	70
40	71
40	72
40	73
40	94
41	42
41	43
41	44
41	45
41	46
41	47
41	48
41	49
41	50
41	51
41	52
41	53
41	54
41	55
41	56
41	57
41	58
41	59
41	60
41	61
41	62
41	63
41	64
41	65
41	66
41	67
41	68
41	69
41	70
41	71
41	72
41	73
41	74
41	75
41	76
41	77
41	78
41	79
41	80
41	81
41	82
41	83
41	84
41	85
41	86
41	87
41	88
41	89
41	90
41	91
41	92
41	93
41	94
41	95
42	54
42	55
42	56
42	57
42	62
42	66
42	70
42	71
42	72
42	73
42	94
43	54
43	55
43	56
43	57
43	62
43	66
43	70
43	71
43	72
43	73
43	94
44	54
44	55
44	56
44	57
44	62
44	66
44	70
44	71
44	72
44	73
44	94
45	54
45	55
45	56
45	57
45	62
45	66
45	70
45	71
45	72
45	73
45	74
45	82
45	83
45	84
45	85
45	86
45	87
45	88
45	89
45	90
45	91
45	92
45	93
45	94
45	95
46	54
46	55
46	56
46	57
46	62
46	66
46	70
46	71
46	72
46	73
46	82
46	94
46	95
47	54
47	55
47	56
47	57
47	62
47	66
47	70
47	71
47	72
47	73
47	94
48	54
48	55
48	56
48	57
48	62
48	66
48	70
48	71
48	72
48	73
48	94
49	54
49	55
49	56
49	57
49	62
49	66
49	70
49	71
49	72
49	73
49	94
50	54
50	55
50	56
50	57
50	62
50	66
50	70
50	71
50	72
50	73
50	94
51	54
51	55
51	56
51	57
51	61
51	62
51	66
51	70
51	71
51	72
51	73
51	74
51	75
51	76
51	77
51	80
51	81
51	82
51	83
51	84
51	85
51	86
51	87
51	88
51	89
51	90
51	91
51	92
51	93
51	94
51	95
52	54
52	55
52	56
52	57
52	62
52	66
52	70
52	71
52	72
52	73
52	94
53	54
53	55
53	56
53	57
53	62
53	66
53	70
53	71
53	72
53	73
53	94
54	56
54	57
54	58
54	59
54	60
54	61
54	62
54	63
54	64
54	65
54	67
54	68
54	69
54	70
54	71
54	72
54	73
54	74
54	75
54	76
54	77
54	78
54	79
54	80
54	81
54	82
54	83
54	84
54	85
54	86
54	87
54	88
54	89
54	90
54	91
54	92
54	93
54	94
54	95
55	56
55	57
55	58
55	59
55	60
55	61
55	62
55	63
55	64
55	65
55	67
55	68
55	69
55	70
55	71
55	72
55	73
55	74
55	75
55	76
55	77
55	78
55	79
55	80
55	81
55	82
55	83
55	84
55	85
55	86
55	87
55	88
55	89
55	90
55	91
55	92
55	93
55	94
55	95
56	58
56	59
56	60
56	61
56	62
56	63
56	64
56	65
56	66
56	67
56	68
56	69
56	70
56	71
56	72
56	73
56	74
56	75
56	76
56	77
56	78
56	79
56	80
56	81
56	82
56	83
56	84
56	85
56	86
56	87
56	88
56	89
56	90
56	91
56	92
56	93
56	94
56	95
57	58
57	59
57	60
57	61
57	62
57	63
57	64
57	65
57	66
57	67
57	68
57	69
57	70
57	71
57	72
57	73
57	74
57	75
57	76
57	77
57	78
57	79
57	80
57	81
57	82
57	83
57	84
57	85
57	86
57	87
57	88
57	89
57	90
57	91
57	92
57	93
57	94
57	95
58	62
58	66
58	70
58	71
58	72
58	73
58	94
59	62
59	66
59	70
59	71
59	72
59	73
59	94
60	62
60	66
60	70
60	71
60	72
60	73
60	94
61	62
61	66
61	70
61	71
61	72
61	73
61	82
61	94
61	95
62	63
62	64
62	65
62	66
62	67
62	68
62	69
62	71
62	72
62	73
62	74
62	75
62	76
62	77
62	78
62	79
62	80
62	81
62	82
62	83
62	84
62	85
62	86
62	87
62	88
62	89
62	90
62	91
62	92
62	93
62	94
62	95
63	66
63	70
63	71
63	72
63	73
63	94
64	66
64	70
64	71
64	72
64	73
64	94
65	66
65	70
65	71
65	72
65	73
65	94
66	67
66	68
66	69
66	70
66	71
66	72
66	73
66	74
66	75
66	76
66	77
66	78
66	79
66	80
66	81
66	82
66	83
66	84
66	85
66	86
66	87
66	88
66	89
66	90
66	91
66	92
66	93
66	94
66	95
67	70
67	71
67	72
67	73
67	94
68	70
68	71
68	72
68	73
68	94
69	70
69	71
69	72
69	73
69	94
70	71
70	72
70	73
70	74
70	75
70	76
70	77
70	78
70	79
70	80
70	81
70	82
70	83
70	84
70	85
70	86
70	87
70	88
70	89
70	90
70	91
70	92
70	93
70	94
70	95
71	73
71	74
71	75
71	76
71	77
71	78
71	79
71	80
71	81
71	82
71	83
71	84
71	85
71	86
71	87
71	88
71	89
71	90
71	91
71	92
71	93
71	94
71	95
72	73
72	74
72	75
72	76
72	77
72	78
72	79
72	80
72	81
72	82
72	83
72	84
72	85
72	86
72	87
72	88
72	89
72	90
72	91
72	92
72	93
72	94
72	95
73	74
73	75
73	76
73	77
73	78
73	79
73	80
73	81
73	82
73	83
73	84
73	85
73	86
73	87
73	88
73	89
73	90
73	91
73	92
73	93
73	94
73	95
74	94
75	94
76	94
77	94
78	94
79	94
80	94
81	94
82	94
83	94
84	94
85	94
86	94
87	94
88	94
89	94
90	94
91	94
92	94
93	94
94	95