139	1586
1	4
1	24
1	25
1	33
1	64
1	80
1	103
1	106
1	107
1	136
1	137
1	139
2	4
2	24
2	25
2	33
2	64
2	80
2	103
2	106
2	107
2	136
2	137
2	139
3	4
3	24
3	25
3	33
3	64
3	80
3	103
3	106
3	107
3	136
3	137
3	139
4	5
4	6
4	7
4	8
4	9
4	10
4	11
4	12
4	13
4	14
4	15
4	16
4	17
4	18
4	19
4	20
4	21
4	22
4	23
4	24
4	25
4	26
4	27
4	28
4	29
4	30
4	31
4	32
4	33
4	34
4	35
4	36
4	37
4	38
4	39
4	40
4	41
4	42
4	43
4	44
4	45
4	46
4	47
4	48
4	49
4	50
4	51
4	52
4	53
4	54
4	55
4	56
4	57
4	58
4	59
4	60
4	61
4	62
4	63
4	64
4	65
4	66
4	67
4	68
4	69
4	70
4	71
4	72
4	73
4	74
4	75
4	76
4	77
4	78
4	79
4	80
4	81
4	82
4	83
4	84
4	85
4	86
4	87
4	88
4	89
4	90
4	91
4	92
4	93
4	94
4	95
4	96
4	97
4	98
4	99
4	100
4	101
4	102
4	103
4	104
4	105
4	106
4	107
4	108
4	109
4	110
4	111
4	112
4	113
4	114
4	115
4	116
4	117
4	118
4	119
4	120
4	121
4	122
4	123
4	124
4	125
4	126
4	127
4	128
4	129
4	130
4	131
4	132
4	133
4	134
4	135
4	136
4	137
4	138
4	139
5	24
5	25
5	33
5	64
5	80
5	103
5	106
5	107
5	136
5	137
5	139
6	24
6	25
6	33
6	64
6	80
6	103
6	106
6	107
6	136
6	137
6	139
7	24
7	25
7	33
7	64
7	80
7	103
7	106
7	107
7	136
7	137
7	139
8	24
8	25
8	33
8	64
8	80
8	103
8	106
8	107
8	136
8	137
8	139
9	24
9	25
9	33
9	64
9	80
9	103
9	106
9	107
9	136
9	137
9	139
10	24
10	25
10	33
10	64
10	80
10	103
10	106
10	107
10	136
10	137
10	139
11	24
11	25
11	33
11	64
11	80
11	103
11	106
11	107
11	136
11	137
11	139
12	24
12	25
12	33
12	64
12	80
12	103
12	106
12	107
12	136
12	137
12	139
13	24
13	25
13	33
13	64
13	80
13	103
13	106
13	107
13	136
13	137
13	139
14	24
14	25
14	33
14	64
14	80
14	103
14	106
14	107
14	136
14	137
14	139
15	24
15	25
15	33
15	64
15	80
15	103
15	106
15	107
15	136
15	137
15	139
16	24
16	25
16	33
16	64
16	80
16	103
16	106
16	107
16	136
16	137
16	139
17	24
17	25
17	33
17	64
17	80
17	103
17	106
17	107
17	136
17	137
17	139
18	24
18	25
18	33
18	64
18	80
18	103
18	106
18	107
18	136
18	137
18	139
19	24
19	25
19	33
19	64
19	80
19	103
19	106
19	107
19	136
19	137
19	139
20	24
20	25
20	33
20	64
20	80
20	103
20	106
20	107
20	136
20	137
20	139
21	24
21	25
21	33
21	64
21	80
21	103
21	106
21	107
21	136
21	137
21	139
22	24
22	25
22	33
22	64
22	80
22	103
22	106
22	107
22	136
22	137
22	139
23	24
23	25
23	33
23	64
23	80
23	103
23	106
23	107
23	136
23	137
23	139
24	25
24	26
24	27
24	28
24	29
24	30
24	31
24	32
24	33
24	34
24	35
24	36
24	37
24	38
24	39
24	40
24	41
24	42
24	43
24	44
24	45
24	46
24	47
24	48
24	49
24	50
24	51
24	52
24	53
24	54
24	55
24	56
24	57
24	58
24	59
24	60
24	61
24	62
24	63
24	64
24	65
24	66
24	67
24	68
24	69
24	70
24	71
24	72
24	73
24	74
24	75
24	76
24	77
24	78
24	79
24	80
24	81
24	82
24	83
24	84
24	85
24	86
24	87
24	88
24	89
24	90
24	91
24	92
24	93
24	94
24	95
24	96
24	97
24	98
24	99
24	100
24	101
24	102
24	103
24	104
24	105
24	106
24	107
24	108
24	109
24	110
24	111
24	112
24	113
24	114
24	115
24	116
24	117
24	118
24	119
24	120
24	121
24	122
24	123
24	124
24	125
24	126
24	127
24	128
24	129
24	130
24	131
24	132
24	133
24	134
24	135
24	136
24	137
24	138
24	139
25	26
25	27
25	28
25	29
25	30
25	31
25	32
25	33
25	34
25	35
25	36
25	37
25	38
25	39
25	40
25	41
25	42
25	43
25	44
25	45
25	46
25	47
25	48
25	49
25	50
25	51
25	52
25	53
25	54
25	55
25	56
25	57
25	58
25	59
25	60
25	61
25	62
25	63
25	64
25	65
25	66
25	67
25	68
25	69
25	70
25	71
25	72
25	73
25	74
25	75
25	76
25	77
25	78
25	79
25	80
25	81
25	82
25	83
25	84
25	85
25	86
25	87
25	88
25	89
25	90
25	91
25	92
25	93
25	94
25	95
25	96
25	97
25	98
25	99
25	100
25	101
25	102
25	103
25	104
25	105
25	106
25	107
25	108
25	109
25	110
25	111
25	112
25	113
25	114
25	115
25	116
25	117
25	118
25	119
25	120
25	121
25	122
25	123
25	124
25	125
25	126
25	127
25	128
25	129
25	130
25	131
25	132
25	133
25	134
25	135
25	136
25	137
25	138
25	139
26	33
26	64
26	80
26	103
26	106
26	107
26	136
26	137
26	139
27	33
27	64
27	80
27	103
27	106
27	107
27	136
27	137
27	139
28	33
28	64
28	80
28	103
28	106
28	107
28	136
28	137
28	139
29	33
29	64
29	80
29	103
29	106
29	107
29	136
29	137
29	139
30	33
30	64
30	80
30	103
30	106
30	107
30	136
30	137
30	139
31	33
31	64
31	80
31	103
31	106
31	107
31	136
31	137
31	139
32	33
32	64
32	80
32	103
32	106
32	107
32	136
32	137
32	139
33	34
33	35
33	36
33	37
33	38
33	39
33	40
33	41
33	42
33	43
33	44
33	45
33	46
33	47
33	48
33	49
33	50
33	51
33	52
33	53
33	54
33	55
33	56
33	57
33	58
33	59
33	60
33	61
33	62
33	63
33	64
33	65
33	66
33	67
33	68
33	69
33	70
33	71
33	72
33	73
33	74
33	75
33	76
33	77
33	78
33	79
33	80
33	81
33	82
33	83
33	84
33	85
33	86
33	87
33	88
33	89
33	90
33	91
33	92
33	93
33	94
33	95
33	96
33	97
33	98
33	99
33	100
33	101
33	102
33	103
33	104
33	105
33	106
33	107
33	108
33	109
33	110
33	111
33	112
33	113
33	114
33	115
33	116
33	117
33	118
33	119
33	120
33	121
33	122
33	123
33	124
33	125
33	126
33	127
33	128
33	129
33	130
33	131
33	132
33	133
33	134
33	135
33	136
33	137
33	138
33	139
34	64
34	80
34	103
34	106
34	107
34	136
34	137
34	139
35	64
35	80
35	103
35	106
35	107
35	136
35	137
35	139
36	64
36	80
36	103
36	106
36	107
36	136
36	137
36	139
37	64
37	80
37	103
37	106
37	107
37	136
37	137
37	139
38	64
38	80
38	103
38	106
38	107
38	136
38	137
38	139
39	64
39	80
39	103
39	106
39	107
39	136
39	137
39	139
40	64
40	80
40	103
40	106
40	107
40	136
40	137
40	139
41	64
41	80
41	103
41	106
41	107
41	136
41	137
41	139
42	64
42	80
42	103
42	106
42	107
42	136
42	137
42	139
43	64
43	80
43	103
43	106
43	107
43	136
43	137
43	139
44	64
44	80
44	103
44	106
44	107
44	136
44	137
44	139
45	64
45	80
45	103
45	106
45	107
45	136
45	137
45	139
46	64
46	80
46	103
46	106
46	107
46	136
46	137
46	139
47	64
47	80
47	103
47	106
47	107
47	136
47	137
47	139
48	64
48	80
48	103
48	106
48	107
48	136
48	137
48	139
49	64
49	80
49	103
49	106
49	107
49	136
49	137
49	139
50	64
50	80
50	103
50	106
50	107
50	136
50	137
50	139
51	64
51	80
51	103
51	106
51	107
51	136
51	137
51	139
52	64
52	80
52	103
52	106
52	107
52	136
52	137
52	139
53	64
53	80
53	103
53	106
53	107
53	136
53	137
53	139
54	64
54	80
54	103
54	106
54	107
54	136
54	137
54	139
55	64
55	80
55	103
55	106
55	107
55	136
55	137
55	139
56	64
56	80
56	103
56	106
56	107
56	136
56	137
56	139
57	64
57	80
57	103
57	106
57	107
57	136
57	137
57	139
58	64
58	80
58	103
58	106
58	107
58	136
58	137
58	139
59	64
59	80
59	103
59	106
59	107
59	136
59	137
59	139
60	64
60	80
60	103
60	106
60	107
60	136
60	137
60	139
61	64
61	80
61	103
61	106
61	107
61	136
61	137
61	139
62	64
62	80
62	103
62	106
62	107
62	136
62	137
62	139
63	64
63	80
63	103
63	106
63	107
63	136
63	137
63	139
64	65
64	66
64	67
64	68
64	69
64	70
64	71
64	72
64	73
64	74
64	75
64	76
64	77
64	78
64	79
64	80
64	81
64	82
64	83
64	84
64	85
64	86
64	87
64	88
64	89
64	90
64	91
64	92
64	93
64	94
64	95
64	96
64	97
64	98
64	99
64	100
64	101
64	102
64	103
64	104
64	105
64	106
64	107
64	108
64	109
64	110
64	111
64	112
64	113
64	114
64	115
64	116
64	117
64	118
64	119
64	120
64	121
64	122
64	123
64	124
64	125
64	126
64	127
64	128
64	129
64	130
64	131
64	132
64	133
64	134
64	135
64	136
64	137
64	138
64	139
65	80
65	103
65	106
65	107
65	136
65	137
65	139
66	80
66	103
66	106
66	107
66	136
66	137
66	139
67	80
67	103
67	106
67	107
67	136
67	137
67	139
68	80
68	103
68	106
68	107
68	136
68	137
68	139
69	80
69	103
69	106
69	107
69	136
69	137
69	139
70	80
70	103
70	106
70	107
70	136
70	137
70	139
71	80
71	103
71	106
71	107
71	136
71	137
71	139
72	80
72	103
72	106
72	107
72	136
72	137
72	139
73	80
73	103
73	106
73	107
73	136
73	137
73	139
74	80
74	103
74	106
74	107
74	136
74	137
74	139
75	80
75	103
75	106
75	107
75	136
75	137
75	139
76	80
76	103
76	106
76	107
76	136
76	137
76	139
77	80
77	103
77	106
77	107
77	136
77	137
77	139
78	80
78	103
78	106
78	107
78	136
78	137
78	139
79	80
79	103
79	106
79	107
79	136
79	137
79	139
80	81
80	82
80	83
80	84
80	85
80	86
80	87
80	88
80	89
80	90
80	91
80	92
80	93
80	94
80	95
80	96
80	97
80	98
80	99
80	100
80	101
80	102
80	103
80	104
80	105
80	106
80	107
80	108
80	109
80	110
80	111
80	112
80	113
80	114
80	115
80	116
80	117
80	118
80	119
80	120
80	121
80	122
80	123
80	124
80	125
80	126
80	127
80	128
80	129
80	130
80	131
80	132
80	133
80	134
80	135
80	136
80	137
80	138
80	139
81	103
81	106
81	107
81	136
81	137
81	139
82	103
82	106
82	107
82	136
82	137
82	139
83	103
83	106
83	107
83	136
83	137
83	139
84	103
84	106
84	107
84	136
84	137
84	139
85	103
85	106
85	107
85	136
85	137
85	139
86	103
86	106
86	107
86	136
86	137
86	139
87	103
87	106
87	107
87	136
87	137
87	139
88	103
88	106
88	107
88	136
88	137
88	139
89	103
89	106
89	107
89	136
89	137
89	139
90	103
90	106
90	107
90	136
90	137
90	139
91	103
91	106
91	107
91	136
91	137
91	139
92	103
92	106
92	107
92	136
92	137
92	139
93	103
93	106
93	107
93	136
93	137
93	139
94	103
94	106
94	107
94	136
94	137
94	139
95	103
95	106
95	107
95	136
95	137
95	139
96	103
96	106
96	107
96	136
96	137
96	139
97	103
97	106
97	107
97	136
97	137
97	139
98	103
98	106
98	107
98	136
98	137
98	139
99	103
99	106
99	107
99	136
99	137
99	139
100	103
100	106
100	107
100	136
100	137
100	139
101	103
101	106
101	107
101	136
101	137
101	139
102	103
102	106
102	107
102	136
102	137
102	139
103	104
103	105
103	106
103	107
103	108
103	109
103	110
103	111
103	112
103	113
103	114
103	115
103	116
103	117
103	118
103	119
103	120
103	121
103	122
103	123
103	124
103	125
103	126
103	127
103	128
103	129
103	130
103	131
103	132
103	133
103	134
103	135
103	136
103	137
103	138
103	139
104	106
104	107
104	136
104	137
104	139
105	106
105	107
105	136
105	137
105	139
106	108
106	109
106	110
106	111
106	112
106	113
106	114
106	115
106	116
106	117
106	118
106	119
106	120
106	121
106	122
106	123
106	124
106	125
106	126
106	127
106	128
106	129
106	130
106	131
106	132
106	133
106	134
106	135
106	136
106	137
106	138
106	139
107	108
107	109
107	110
107	111
107	112
107	113
107	114
107	115
107	116
107	117
107	118
107	119
107	120
107	121
107	122
107	123
107	124
107	125
107	126
107	127
107	128
107	129
107	130
107	131
107	132
107	133
107	134
107	135
107	136
107	137
107	138
107	139
108	136
108	137
108	139
109	136
109	137
109	139
110	136
110	137
110	139
111	136
111	137
111	139
112	136
112	137
112	139
113	136
113	137
113	139
114	136
114	137
114	139
115	136
115	137
115	139
116	136
116	137
116	139
117	136
117	137
117	139
118	136
118	137
118	139
119	136
119	137
119	139
120	136
120	137
120	139
121	136
121	137
121	139
122	136
122	137
122	139
123	136
123	137
123	139
124	136
124	137
124	139
125	136
125	137
125	139
126	136
126	137
126	139
127	136
127	137
127	139
128	136
128	137
128	139
129	136
129	137
129	139
130	136
130	137
130	139
131	136
131	137
131	139
132	136
132	137
132	139
133	136
133	137
133	139
134	136
134	137
134	139
135	136
135	137
135	139
136	138
137	138
138	139