161	7123
1	6
1	7
1	11
1	14
1	15
1	24
1	28
1	47
1	48
1	72
1	74
1	78
1	80
1	82
1	85
1	86
1	87
1	89
1	90
1	92
1	94
1	96
1	98
1	100
1	101
1	102
1	103
1	104
1	105
1	106
1	107
1	108
1	109
1	110
1	111
1	112
1	113
1	114
1	115
1	116
1	117
1	118
1	119
1	120
1	121
1	122
1	123
1	124
1	125
1	126
1	127
1	128
1	129
1	130
1	131
1	132
1	133
1	134
1	135
1	136
1	137
1	138
1	139
1	140
1	141
1	142
1	143
1	144
1	145
1	146
1	147
1	148
1	149
1	150
1	151
1	152
1	153
1	154
1	155
1	156
1	157
1	158
1	159
1	160
1	161
2	6
2	7
2	10
2	11
2	12
2	13
2	14
2	15
2	17
2	28
2	48
2	64
2	68
2	69
2	71
2	72
2	74
2	80
2	81
2	82
2	85
2	89
2	91
2	95
2	96
2	98
2	100
2	101
2	102
2	103
2	104
2	105
2	106
2	107
2	108
2	109
2	110
2	111
2	112
2	113
2	114
2	115
2	116
2	117
2	118
2	119
2	120
2	121
2	122
2	123
2	124
2	125
2	126
2	127
2	128
2	129
2	130
2	131
2	132
2	133
2	134
2	135
2	136
2	137
2	138
2	139
2	140
2	141
2	142
2	143
2	144
2	145
2	146
2	147
2	148
2	149
2	150
2	151
2	152
2	153
2	154
2	155
2	156
2	157
2	158
2	159
2	160
2	161
3	4
3	6
3	7
3	9
3	10
3	11
3	12
3	13
3	14
3	15
3	16
3	17
3	18
3	19
3	20
3	21
3	24
3	25
3	27
3	28
3	29
3	30
3	31
3	32
3	33
3	34
3	35
3	47
3	48
3	51
3	52
3	58
3	59
3	61
3	62
3	63
3	64
3	65
3	67
3	68
3	69
3	71
3	72
3	73
3	74
3	75
3	76
3	77
3	78
3	79
3	80
3	81
3	82
3	83
3	84
3	85
3	86
3	87
3	88
3	89
3	90
3	91
3	92
3	94
3	95
3	96
3	97
3	98
3	99
3	100
3	101
3	102
3	103
3	104
3	105
3	106
3	107
3	108
3	109
3	110
3	111
3	112
3	113
3	114
3	115
3	116
3	117
3	118
3	119
3	120
3	121
3	122
3	123
3	124
3	125
3	126
3	127
3	128
3	129
3	130
3	131
3	132
3	133
3	134
3	135
3	136
3	137
3	138
3	139
3	140
3	141
3	142
3	143
3	144
3	145
3	146
3	147
3	148
3	149
3	150
3	151
3	152
3	153
3	154
3	155
3	156
3	157
3	158
3	159
3	160
3	161
4	6
4	7
4	9
4	10
4	11
4	12
4	13
4	14
4	15
4	16
4	17
4	18
4	19
4	20
4	21
4	22
4	23
4	24
4	25
4	27
4	28
4	29
4	30
4	31
4	32
4	33
4	34
4	35
4	37
4	38
4	39
4	45
4	47
4	48
4	52
4	53
4	54
4	55
4	56
4	57
4	58
4	59
4	60
4	61
4	63
4	64
4	65
4	66
4	67
4	68
4	69
4	71
4	72
4	73
4	74
4	75
4	76
4	77
4	78
4	79
4	80
4	81
4	82
4	83
4	84
4	85
4	86
4	87
4	88
4	89
4	90
4	91
4	92
4	93
4	94
4	95
4	96
4	97
4	98
4	99
4	100
4	101
4	102
4	103
4	104
4	105
4	106
4	107
4	108
4	109
4	110
4	111
4	112
4	113
4	114
4	115
4	116
4	117
4	118
4	119
4	120
4	121
4	122
4	123
4	124
4	125
4	126
4	127
4	128
4	129
4	130
4	131
4	132
4	133
4	134
4	135
4	136
4	137
4	138
4	139
4	140
4	141
4	142
4	143
4	144
4	145
4	146
4	147
4	148
4	149
4	150
4	151
4	152
4	153
4	154
4	155
4	156
4	157
4	158
4	159
4	160
4	161
5	6
5	7
5	10
5	11
5	12
5	13
5	14
5	15
5	16
5	17
5	18
5	20
5	24
5	28
5	33
5	47
5	48
5	52
5	54
5	60
5	61
5	63
5	64
5	66
5	71
5	72
5	73
5	74
5	75
5	76
5	77
5	78
5	79
5	80
5	81
5	82
5	83
5	84
5	85
5	86
5	87
5	88
5	89
5	90
5	91
5	92
5	93
5	94
5	95
5	96
5	97
5	98
5	99
5	100
5	101
5	102
5	103
5	104
5	105
5	106
5	107
5	108
5	109
5	110
5	111
5	112
5	113
5	114
5	115
5	116
5	117
5	118
5	119
5	120
5	121
5	122
5	123
5	124
5	125
5	126
5	127
5	128
5	129
5	130
5	131
5	132
5	133
5	134
5	135
5	136
5	137
5	138
5	139
5	140
5	141
5	142
5	143
5	144
5	145
5	146
5	147
5	148
5	149
5	150
5	151
5	152
5	153
5	154
5	155
5	156
5	157
5	158
5	159
5	160
5	161
6	7
6	8
6	9
6	10
6	11
6	12
6	13
6	14
6	15
6	16
6	17
6	18
6	19
6	20
6	21
6	22
6	23
6	24
6	25
6	26
6	27
6	28
6	29
6	30
6	31
6	32
6	33
6	34
6	35
6	36
6	37
6	38
6	39
6	40
6	41
6	42
6	43
6	44
6	45
6	46
6	47
6	48
6	49
6	50
6	51
6	52
6	53
6	54
6	55
6	56
6	57
6	58
6	59
6	60
6	61
6	62
6	63
6	64
6	65
6	66
6	67
6	68
6	69
6	70
6	71
6	72
6	73
6	74
6	75
6	76
6	77
6	78
6	79
6	80
6	81
6	82
6	83
6	84
6	85
6	86
6	87
6	88
6	89
6	90
6	91
6	92
6	93
6	94
6	95
6	96
6	97
6	98
6	99
6	100
6	101
6	102
6	103
6	104
6	105
6	106
6	107
6	108
6	109
6	110
6	111
6	112
6	113
6	114
6	115
6	116
6	117
6	118
6	119
6	120
6	121
6	122
6	123
6	124
6	125
6	126
6	127
6	128
6	129
6	130
6	131
6	132
6	133
6	134
6	135
6	136
6	137
6	138
6	139
6	140
6	141
6	142
6	143
6	144
6	145
6	146
6	147
6	148
6	149
6	150
6	151
6	152
6	153
6	154
6	155
6	156
6	157
6	158
6	159
6	160
6	161
7	8
7	9
7	10
7	11
7	12
7	13
7	14
7	15
7	16
7	17
7	18
7	19
7	20
7	21
7	22
7	23
7	24
7	25
7	26
7	27
7	28
7	29
7	30
7	31
7	32
7	33
7	34
7	35
7	36
7	37
7	38
7	39
7	40
7	41
7	42
7	43
7	44
7	45
7	46
7	47
7	48
7	49
7	50
7	51
7	52
7	53
7	54
7	55
7	56
7	57
7	58
7	59
7	60
7	61
7	62
7	63
7	64
7	65
7	66
7	67
7	68
7	69
7	70
7	71
7	72
7	73
7	74
7	75
7	76
7	77
7	78
7	79
7	80
7	81
7	82
7	83
7	84
7	85
7	86
7	87
7	88
7	89
7	90
7	91
7	92
7	93
7	94
7	95
7	96
7	97
7	98
7	99
7	100
7	101
7	102
7	103
7	104
7	105
7	106
7	107
7	108
7	109
7	110
7	111
7	112
7	113
7	114
7	115
7	116
7	117
7	118
7	119
7	120
7	121
7	122
7	123
7	124
7	125
7	126
7	127
7	128
7	129
7	130
7	131
7	132
7	133
7	134
7	135
7	136
7	137
7	138
7	139
7	140
7	141
7	142
7	143
7	144
7	145
7	146
7	147
7	148
7	149
7	150
7	151
7	152
7	153
7	154
7	155
7	156
7	157
7	158
7	159
7	160
7	161
8	10
8	11
8	12
8	13
8	14
8	15
8	16
8	17
8	18
8	20
8	22
8	23
8	24
8	28
8	33
8	39
8	40
8	41
8	44
8	45
8	46
8	47
8	48
8	51
8	52
8	54
8	60
8	61
8	63
8	64
8	66
8	67
8	68
8	69
8	70
8	71
8	72
8	73
8	74
8	75
8	76
8	77
8	78
8	79
8	80
8	81
8	82
8	83
8	84
8	85
8	86
8	87
8	88
8	89
8	90
8	91
8	92
8	93
8	94
8	95
8	96
8	97
8	98
8	99
8	100
8	101
8	102
8	103
8	104
8	105
8	106
8	107
8	108
8	109
8	110
8	111
8	112
8	113
8	114
8	115
8	116
8	117
8	118
8	119
8	120
8	121
8	122
8	123
8	124
8	125
8	126
8	127
8	128
8	129
8	130
8	131
8	132
8	133
8	134
8	135
8	136
8	137
8	138
8	139
8	140
8	141
8	142
8	143
8	144
8	145
8	146
8	147
8	148
8	149
8	150
8	151
8	152
8	153
8	154
8	155
8	156
8	157
8	158
8	159
8	160
8	161
9	11
9	28
9	72
9	74
9	78
9	80
9	82
9	85
9	86
9	87
9	89
9	90
9	92
9	94
9	96
9	98
9	100
9	101
9	102
9	103
9	104
9	105
9	106
9	107
9	108
9	109
9	110
9	111
9	112
9	113
9	114
9	115
9	116
9	117
9	118
9	119
9	120
9	121
9	122
9	123
9	124
9	125
9	126
9	127
9	128
9	129
9	130
9	131
9	132
9	133
9	134
9	135
9	136
9	137
9	138
9	139
9	140
9	141
9	142
9	143
9	144
9	145
9	146
9	147
9	148
9	149
9	150
9	151
9	152
9	153
9	154
9	155
9	156
9	157
9	158
9	159
9	160
9	161
10	11
10	16
10	17
10	18
10	24
10	28
10	36
10	37
10	40
10	41
10	45
10	46
10	51
10	52
10	54
10	60
10	61
10	63
10	64
10	66
10	67
10	68
10	69
10	70
10	71
10	72
10	73
10	74
10	75
10	76
10	77
10	78
10	79
10	80
10	81
10	82
10	83
10	84
10	85
10	86
10	87
10	88
10	89
10	90
10	91
10	92
10	93
10	94
10	95
10	96
10	97
10	98
10	99
10	100
10	101
10	102
10	103
10	104
10	105
10	106
10	107
10	108
10	109
10	110
10	111
10	112
10	113
10	114
10	115
10	116
10	117
10	118
10	119
10	120
10	121
10	122
10	123
10	124
10	125
10	126
10	127
10	128
10	129
10	130
10	131
10	132
10	133
10	134
10	135
10	136
10	137
10	138
10	139
10	140
10	141
10	142
10	143
10	144
10	145
10	146
10	147
10	148
10	149
10	150
10	151
10	152
10	153
10	154
10	155
10	156
10	157
10	158
10	159
10	160
10	161
11	12
11	13
11	14
11	15
11	16
11	17
11	18
11	19
11	20
11	21
11	22
11	23
11	24
11	25
11	26
11	27
11	28
11	29
11	30
11	31
11	32
11	33
11	34
11	35
11	36
11	37
11	38
11	39
11	40
11	41
11	42
11	43
11	44
11	45
11	46
11	47
11	48
11	49
11	50
11	51
11	52
11	53
11	54
11	55
11	56
11	57
11	58
11	59
11	60
11	61
11	62
11	63
11	64
11	65
11	66
11	67
11	68
11	69
11	70
11	71
11	72
11	73
11	74
11	75
11	76
11	77
11	78
11	79
11	80
11	81
11	82
11	83
11	84
11	85
11	86
11	87
11	88
11	89
11	90
11	91
11	92
11	93
11	94
11	95
11	96
11	97
11	98
11	99
11	100
11	101
11	102
11	103
11	104
11	105
11	106
11	107
11	108
11	109
11	110
11	111
11	112
11	113
11	114
11	115
11	116
11	117
11	118
11	119
11	120
11	121
11	122
11	123
11	124
11	125
11	126
11	127
11	128
11	129
11	130
11	131
11	132
11	133
11	134
11	135
11	136
11	137
11	138
11	139
11	140
11	141
11	142
11	143
11	144
11	145
11	146
11	147
11	148
11	149
11	150
11	151
11	152
11	153
11	154
11	155
11	156
11	157
11	158
11	159
11	160
11	161
12	24
12	28
12	36
12	37
12	39
12	40
12	41
12	44
12	45
12	46
12	48
12	49
12	50
12	51
12	52
12	54
12	60
12	61
12	63
12	64
12	66
12	67
12	68
12	69
12	70
12	71
12	72
12	73
12	74
12	75
12	76
12	77
12	78
12	79
12	80
12	81
12	82
12	83
12	84
12	85
12	86
12	87
12	88
12	89
12	90
12	91
12	92
12	93
12	94
12	95
12	96
12	97
12	98
12	99
12	100
12	101
12	102
12	103
12	104
12	105
12	106
12	107
12	108
12	109
12	110
12	111
12	112
12	113
12	114
12	115
12	116
12	117
12	118
12	119
12	120
12	121
12	122
12	123
12	124
12	125
12	126
12	127
12	128
12	129
12	130
12	131
12	132
12	133
12	134
12	135
12	136
12	137
12	138
12	139
12	140
12	141
12	142
12	143
12	144
12	145
12	146
12	147
12	148
12	149
12	150
12	151
12	152
12	153
12	154
12	155
12	156
12	157
12	158
12	159
12	160
12	161
13	28
13	36
13	40
13	41
13	44
13	45
13	46
13	48
13	49
13	50
13	52
13	54
13	60
13	61
13	63
13	64
13	66
13	67
13	68
13	69
13	70
13	71
13	72
13	73
13	74
13	75
13	76
13	77
13	78
13	79
13	80
13	81
13	82
13	83
13	84
13	85
13	86
13	87
13	88
13	89
13	90
13	91
13	92
13	93
13	94
13	95
13	96
13	97
13	98
13	99
13	100
13	101
13	102
13	103
13	104
13	105
13	106
13	107
13	108
13	109
13	110
13	111
13	112
13	113
13	114
13	115
13	116
13	117
13	118
13	119
13	120
13	121
13	122
13	123
13	124
13	125
13	126
13	127
13	128
13	129
13	130
13	131
13	132
13	133
13	134
13	135
13	136
13	137
13	138
13	139
13	140
13	141
13	142
13	143
13	144
13	145
13	146
13	147
13	148
13	149
13	150
13	151
13	152
13	153
13	154
13	155
13	156
13	157
13	158
13	159
13	160
13	161
14	20
14	21
14	23
14	24
14	28
14	31
14	33
14	34
14	35
14	36
14	37
14	38
14	39
14	40
14	41
14	42
14	43
14	44
14	45
14	46
14	47
14	48
14	49
14	50
14	51
14	52
14	53
14	54
14	55
14	56
14	57
14	58
14	59
14	60
14	61
14	62
14	63
14	64
14	65
14	66
14	67
14	68
14	69
14	70
14	71
14	72
14	73
14	74
14	75
14	76
14	77
14	78
14	79
14	80
14	81
14	82
14	83
14	84
14	85
14	86
14	87
14	88
14	89
14	90
14	91
14	92
14	93
14	94
14	95
14	96
14	97
14	98
14	99
14	100
14	101
14	102
14	103
14	104
14	105
14	106
14	107
14	108
14	109
14	110
14	111
14	112
14	113
14	114
14	115
14	116
14	117
14	118
14	119
14	120
14	121
14	122
14	123
14	124
14	125
14	126
14	127
14	128
14	129
14	130
14	131
14	132
14	133
14	134
14	135
14	136
14	137
14	138
14	139
14	140
14	141
14	142
14	143
14	144
14	145
14	146
14	147
14	148
14	149
14	150
14	151
14	152
14	153
14	154
14	155
14	156
14	157
14	158
14	159
14	160
14	161
15	20
15	21
15	23
15	24
15	28
15	31
15	33
15	34
15	35
15	36
15	37
15	38
15	39
15	40
15	41
15	42
15	43
15	44
15	45
15	46
15	47
15	48
15	49
15	50
15	51
15	52
15	53
15	54
15	55
15	56
15	57
15	58
15	59
15	60
15	61
15	62
15	63
15	64
15	65
15	66
15	67
15	68
15	69
15	70
15	71
15	72
15	73
15	74
15	75
15	76
15	77
15	78
15	79
15	80
15	81
15	82
15	83
15	84
15	85
15	86
15	87
15	88
15	89
15	90
15	91
15	92
15	93
15	94
15	95
15	96
15	97
15	98
15	99
15	100
15	101
15	102
15	103
15	104
15	105
15	106
15	107
15	108
15	109
15	110
15	111
15	112
15	113
15	114
15	115
15	116
15	117
15	118
15	119
15	120
15	121
15	122
15	123
15	124
15	125
15	126
15	127
15	128
15	129
15	130
15	131
15	132
15	133
15	134
15	135
15	136
15	137
15	138
15	139
15	140
15	141
15	142
15	143
15	144
15	145
15	146
15	147
15	148
15	149
15	150
15	151
15	152
15	153
15	154
15	155
15	156
15	157
15	158
15	159
15	160
15	161
16	28
16	41
16	45
16	48
16	52
16	54
16	63
16	64
16	69
16	70
16	72
16	74
16	77
16	78
16	79
16	80
16	82
16	83
16	84
16	85
16	86
16	87
16	88
16	89
16	90
16	91
16	92
16	94
16	96
16	97
16	98
16	100
16	101
16	102
16	103
16	104
16	105
16	106
16	107
16	108
16	109
16	110
16	111
16	112
16	113
16	114
16	115
16	116
16	117
16	118
16	119
16	120
16	121
16	122
16	123
16	124
16	125
16	126
16	127
16	128
16	129
16	130
16	131
16	132
16	133
16	134
16	135
16	136
16	137
16	138
16	139
16	140
16	141
16	142
16	143
16	144
16	145
16	146
16	147
16	148
16	149
16	150
16	151
16	152
16	153
16	154
16	155
16	156
16	157
16	158
16	159
16	160
16	161
17	28
17	33
17	40
17	41
17	44
17	45
17	46
17	47
17	48
17	49
17	50
17	52
17	54
17	60
17	61
17	63
17	64
17	66
17	67
17	68
17	69
17	70
17	71
17	72
17	73
17	74
17	75
17	76
17	77
17	78
17	79
17	80
17	81
17	82
17	83
17	84
17	85
17	86
17	87
17	88
17	89
17	90
17	91
17	92
17	93
17	94
17	95
17	96
17	97
17	98
17	99
17	100
17	101
17	102
17	103
17	104
17	105
17	106
17	107
17	108
17	109
17	110
17	111
17	112
17	113
17	114
17	115
17	116
17	117
17	118
17	119
17	120
17	121
17	122
17	123
17	124
17	125
17	126
17	127
17	128
17	129
17	130
17	131
17	132
17	133
17	134
17	135
17	136
17	137
17	138
17	139
17	140
17	141
17	142
17	143
17	144
17	145
17	146
17	147
17	148
17	149
17	150
17	151
17	152
17	153
17	154
17	155
17	156
17	157
17	158
17	159
17	160
17	161
18	28
18	33
18	40
18	41
18	45
18	48
18	52
18	54
18	63
18	64
18	69
18	70
18	72
18	74
18	77
18	78
18	79
18	80
18	82
18	83
18	84
18	85
18	86
18	87
18	88
18	89
18	90
18	91
18	92
18	94
18	96
18	97
18	98
18	100
18	101
18	102
18	103
18	104
18	105
18	106
18	107
18	108
18	109
18	110
18	111
18	112
18	113
18	114
18	115
18	116
18	117
18	118
18	119
18	120
18	121
18	122
18	123
18	124
18	125
18	126
18	127
18	128
18	129
18	130
18	131
18	132
18	133
18	134
18	135
18	136
18	137
18	138
18	139
18	140
18	141
18	142
18	143
18	144
18	145
18	146
18	147
18	148
18	149
18	150
18	151
18	152
18	153
18	154
18	155
18	156
18	157
18	158
18	159
18	160
18	161
19	28
19	48
19	72
19	74
19	78
19	80
19	82
19	85
19	86
19	87
19	89
19	90
19	92
19	94
19	96
19	98
19	100
19	101
19	102
19	103
19	104
19	105
19	106
19	107
19	108
19	109
19	110
19	111
19	112
19	113
19	114
19	115
19	116
19	117
19	118
19	119
19	120
19	121
19	122
19	123
19	124
19	125
19	126
19	127
19	128
19	129
19	130
19	131
19	132
19	133
19	134
19	135
19	136
19	137
19	138
19	139
19	140
19	141
19	142
19	143
19	144
19	145
19	146
19	147
19	148
19	149
19	150
19	151
19	152
19	153
19	154
19	155
19	156
19	157
19	158
19	159
19	160
19	161
20	28
20	41
20	45
20	46
20	48
20	52
20	54
20	60
20	61
20	63
20	64
20	66
20	67
20	68
20	69
20	70
20	71
20	72
20	73
20	74
20	75
20	76
20	77
20	78
20	79
20	80
20	81
20	82
20	83
20	84
20	85
20	86
20	87
20	88
20	89
20	90
20	91
20	92
20	93
20	94
20	95
20	96
20	97
20	98
20	99
20	100
20	101
20	102
20	103
20	104
20	105
20	106
20	107
20	108
20	109
20	110
20	111
20	112
20	113
20	114
20	115
20	116
20	117
20	118
20	119
20	120
20	121
20	122
20	123
20	124
20	125
20	126
20	127
20	128
20	129
20	130
20	131
20	132
20	133
20	134
20	135
20	136
20	137
20	138
20	139
20	140
20	141
20	142
20	143
20	144
20	145
20	146
20	147
20	148
20	149
20	150
20	151
20	152
20	153
20	154
20	155
20	156
20	157
20	158
20	159
20	160
20	161
21	28
21	48
21	72
21	74
21	78
21	80
21	82
21	85
21	86
21	87
21	89
21	90
21	92
21	94
21	96
21	98
21	100
21	101
21	102
21	103
21	104
21	105
21	106
21	107
21	108
21	109
21	110
21	111
21	112
21	113
21	114
21	115
21	116
21	117
21	118
21	119
21	120
21	121
21	122
21	123
21	124
21	125
21	126
21	127
21	128
21	129
21	130
21	131
21	132
21	133
21	134
21	135
21	136
21	137
21	138
21	139
21	140
21	141
21	142
21	143
21	144
21	145
21	146
21	147
21	148
21	149
21	150
21	151
21	152
21	153
21	154
21	155
21	156
21	157
21	158
21	159
21	160
21	161
22	28
22	52
22	72
22	101
22	102
22	104
22	105
22	106
22	107
22	108
22	109
22	110
22	111
22	112
22	113
22	114
22	115
22	116
22	117
22	118
22	119
22	120
22	121
22	122
22	123
22	124
22	125
22	126
22	127
22	128
22	129
22	130
22	131
22	132
22	133
22	134
22	135
22	136
22	137
22	138
22	139
22	140
22	141
22	142
22	143
22	144
22	145
22	146
22	147
22	148
22	149
22	150
22	151
22	152
22	153
22	154
22	155
22	156
22	157
22	158
22	159
22	160
22	161
23	28
23	45
23	48
23	52
23	54
23	60
23	61
23	63
23	64
23	66
23	67
23	68
23	69
23	71
23	72
23	73
23	74
23	75
23	76
23	77
23	78
23	79
23	80
23	81
23	82
23	83
23	84
23	85
23	86
23	87
23	88
23	89
23	90
23	91
23	92
23	93
23	94
23	95
23	96
23	97
23	98
23	99
23	100
23	101
23	102
23	103
23	104
23	105
23	106
23	107
23	108
23	109
23	110
23	111
23	112
23	113
23	114
23	115
23	116
23	117
23	118
23	119
23	120
23	121
23	122
23	123
23	124
23	125
23	126
23	127
23	128
23	129
23	130
23	131
23	132
23	133
23	134
23	135
23	136
23	137
23	138
23	139
23	140
23	141
23	142
23	143
23	144
23	145
23	146
23	147
23	148
23	149
23	150
23	151
23	152
23	153
23	154
23	155
23	156
23	157
23	158
23	159
23	160
23	161
24	28
24	29
24	30
24	32
24	33
24	36
24	40
24	41
24	43
24	45
24	48
24	52
24	53
24	54
24	55
24	63
24	64
24	69
24	70
24	72
24	74
24	77
24	78
24	79
24	80
24	82
24	83
24	84
24	85
24	86
24	87
24	88
24	89
24	90
24	91
24	92
24	94
24	96
24	97
24	98
24	100
24	101
24	102
24	103
24	104
24	105
24	106
24	107
24	108
24	109
24	110
24	111
24	112
24	113
24	114
24	115
24	116
24	117
24	118
24	119
24	120
24	121
24	122
24	123
24	124
24	125
24	126
24	127
24	128
24	129
24	130
24	131
24	132
24	133
24	134
24	135
24	136
24	137
24	138
24	139
24	140
24	141
24	142
24	143
24	144
24	145
24	146
24	147
24	148
24	149
24	150
24	151
24	152
24	153
24	154
24	155
24	156
24	157
24	158
24	159
24	160
24	161
25	28
25	48
25	72
25	74
25	78
25	80
25	82
25	85
25	86
25	87
25	89
25	90
25	92
25	94
25	96
25	98
25	100
25	101
25	102
25	103
25	104
25	105
25	106
25	107
25	108
25	109
25	110
25	111
25	112
25	113
25	114
25	115
25	116
25	117
25	118
25	119
25	120
25	121
25	122
25	123
25	124
25	125
25	126
25	127
25	128
25	129
25	130
25	131
25	132
25	133
25	134
25	135
25	136
25	137
25	138
25	139
25	140
25	141
25	142
25	143
25	144
25	145
25	146
25	147
25	148
25	149
25	150
25	151
25	152
25	153
25	154
25	155
25	156
25	157
25	158
25	159
25	160
25	161
26	28
26	48
26	72
26	101
26	102
26	106
26	109
26	110
26	111
26	113
26	114
26	115
26	116
26	117
26	118
26	119
26	120
26	121
26	122
26	123
26	124
26	125
26	126
26	128
26	129
26	130
26	131
26	132
26	133
26	134
26	135
26	136
26	137
26	138
26	139
26	140
26	141
26	142
26	143
26	144
26	145
26	146
26	147
26	148
26	149
26	150
26	151
26	152
26	153
26	154
26	155
26	156
26	157
26	158
26	159
26	160
26	161
27	28
27	48
27	72
27	74
27	78
27	80
27	82
27	85
27	86
27	87
27	89
27	90
27	92
27	94
27	96
27	98
27	100
27	101
27	102
27	103
27	104
27	105
27	106
27	107
27	108
27	109
27	110
27	111
27	112
27	113
27	114
27	115
27	116
27	117
27	118
27	119
27	120
27	121
27	122
27	123
27	124
27	125
27	126
27	127
27	128
27	129
27	130
27	131
27	132
27	133
27	134
27	135
27	136
27	137
27	138
27	139
27	140
27	141
27	142
27	143
27	144
27	145
27	146
27	147
27	148
27	149
27	150
27	151
27	152
27	153
27	154
27	155
27	156
27	157
27	158
27	159
27	160
27	161
28	29
28	30
28	31
28	32
28	33
28	34
28	35
28	36
28	37
28	38
28	39
28	40
28	41
28	42
28	43
28	44
28	45
28	46
28	47
28	48
28	49
28	50
28	51
28	52
28	53
28	54
28	55
28	56
28	57
28	58
28	59
28	60
28	61
28	62
28	63
28	64
28	65
28	66
28	67
28	68
28	69
28	70
28	71
28	72
28	73
28	74
28	75
28	76
28	77
28	78
28	79
28	80
28	81
28	82
28	83
28	84
28	85
28	86
28	87
28	88
28	89
28	90
28	91
28	92
28	93
28	94
28	95
28	96
28	97
28	98
28	99
28	100
28	101
28	102
28	103
28	104
28	105
28	106
28	107
28	108
28	109
28	110
28	111
28	112
28	113
28	114
28	115
28	116
28	117
28	118
28	119
28	120
28	121
28	122
28	123
28	124
28	125
28	126
28	127
28	128
28	129
28	130
28	131
28	132
28	133
28	134
28	135
28	136
28	137
28	138
28	139
28	140
28	141
28	142
28	143
28	144
28	145
28	146
28	147
28	148
28	149
28	150
28	151
28	152
28	153
28	154
28	155
28	156
28	157
28	158
28	159
28	160
28	161
29	48
29	72
29	74
29	78
29	80
29	82
29	85
29	86
29	87
29	89
29	90
29	92
29	94
29	96
29	98
29	100
29	101
29	102
29	103
29	104
29	105
29	106
29	107
29	108
29	109
29	110
29	111
29	112
29	113
29	114
29	115
29	116
29	117
29	118
29	119
29	120
29	121
29	122
29	123
29	124
29	125
29	126
29	127
29	128
29	129
29	130
29	131
29	132
29	133
29	134
29	135
29	136
29	137
29	138
29	139
29	140
29	141
29	142
29	143
29	144
29	145
29	146
29	147
29	148
29	149
29	150
29	151
29	152
29	153
29	154
29	155
29	156
29	157
29	158
29	159
29	160
29	161
30	48
30	72
30	74
30	78
30	80
30	82
30	85
30	86
30	87
30	89
30	90
30	92
30	94
30	96
30	98
30	100
30	101
30	102
30	103
30	104
30	105
30	106
30	107
30	108
30	109
30	110
30	111
30	112
30	113
30	114
30	115
30	116
30	117
30	118
30	119
30	120
30	121
30	122
30	123
30	124
30	125
30	126
30	127
30	128
30	129
30	130
30	131
30	132
30	133
30	134
30	135
30	136
30	137
30	138
30	139
30	140
30	141
30	142
30	143
30	144
30	145
30	146
30	147
30	148
30	149
30	150
30	151
30	152
30	153
30	154
30	155
30	156
30	157
30	158
30	159
30	160
30	161
31	72
31	74
31	78
31	80
31	82
31	85
31	86
31	87
31	89
31	90
31	92
31	94
31	96
31	98
31	100
31	101
31	102
31	103
31	104
31	105
31	106
31	107
31	108
31	109
31	110
31	111
31	112
31	113
31	114
31	115
31	116
31	117
31	118
31	119
31	120
31	121
31	122
31	123
31	124
31	125
31	126
31	127
31	128
31	129
31	130
31	131
31	132
31	133
31	134
31	135
31	136
31	137
31	138
31	139
31	140
31	141
31	142
31	143
31	144
31	145
31	146
31	147
31	148
31	149
31	150
31	151
31	152
31	153
31	154
31	155
31	156
31	157
31	158
31	159
31	160
31	161
32	48
32	72
32	74
32	78
32	80
32	82
32	85
32	86
32	87
32	89
32	90
32	92
32	94
32	96
32	98
32	100
32	101
32	102
32	103
32	104
32	105
32	106
32	107
32	108
32	109
32	110
32	111
32	112
32	113
32	114
32	115
32	116
32	117
32	118
32	119
32	120
32	121
32	122
32	123
32	124
32	125
32	126
32	127
32	128
32	129
32	130
32	131
32	132
32	133
32	134
32	135
32	136
32	137
32	138
32	139
32	140
32	141
32	142
32	143
32	144
32	145
32	146
32	147
32	148
32	149
32	150
32	151
32	152
32	153
32	154
32	155
32	156
32	157
32	158
32	159
32	160
32	161
33	37
33	41
33	45
33	46
33	48
33	51
33	52
33	54
33	60
33	61
33	63
33	64
33	66
33	67
33	68
33	69
33	70
33	71
33	72
33	73
33	74
33	75
33	76
33	77
33	78
33	79
33	80
33	81
33	82
33	83
33	84
33	85
33	86
33	87
33	88
33	89
33	90
33	91
33	92
33	93
33	94
33	95
33	96
33	97
33	98
33	99
33	100
33	101
33	102
33	103
33	104
33	105
33	106
33	107
33	108
33	109
33	110
33	111
33	112
33	113
33	114
33	115
33	116
33	117
33	118
33	119
33	120
33	121
33	122
33	123
33	124
33	125
33	126
33	127
33	128
33	129
33	130
33	131
33	132
33	133
33	134
33	135
33	136
33	137
33	138
33	139
33	140
33	141
33	142
33	143
33	144
33	145
33	146
33	147
33	148
33	149
33	150
33	151
33	152
33	153
33	154
33	155
33	156
33	157
33	158
33	159
33	160
33	161
34	72
34	74
34	78
34	80
34	82
34	85
34	86
34	87
34	89
34	90
34	92
34	94
34	96
34	98
34	100
34	101
34	102
34	103
34	104
34	105
34	106
34	107
34	108
34	109
34	110
34	111
34	112
34	113
34	114
34	115
34	116
34	117
34	118
34	119
34	120
34	121
34	122
34	123
34	124
34	125
34	126
34	127
34	128
34	129
34	130
34	131
34	132
34	133
34	134
34	135
34	136
34	137
34	138
34	139
34	140
34	141
34	142
34	143
34	144
34	145
34	146
34	147
34	148
34	149
34	150
34	151
34	152
34	153
34	154
34	155
34	156
34	157
34	158
34	159
34	160
34	161
35	72
35	74
35	78
35	80
35	82
35	85
35	86
35	87
35	89
35	90
35	92
35	94
35	96
35	98
35	100
35	101
35	102
35	103
35	104
35	105
35	106
35	107
35	108
35	109
35	110
35	111
35	112
35	113
35	114
35	115
35	116
35	117
35	118
35	119
35	120
35	121
35	122
35	123
35	124
35	125
35	126
35	127
35	128
35	129
35	130
35	131
35	132
35	133
35	134
35	135
35	136
35	137
35	138
35	139
35	140
35	141
35	142
35	143
35	144
35	145
35	146
35	147
35	148
35	149
35	150
35	151
35	152
35	153
35	154
35	155
35	156
35	157
35	158
35	159
35	160
35	161
36	48
36	52
36	61
36	63
36	64
36	71
36	72
36	73
36	74
36	75
36	76
36	77
36	78
36	79
36	80
36	81
36	82
36	83
36	84
36	85
36	86
36	87
36	88
36	89
36	90
36	91
36	92
36	94
36	95
36	96
36	97
36	98
36	99
36	100
36	101
36	102
36	103
36	104
36	105
36	106
36	107
36	108
36	109
36	110
36	111
36	112
36	113
36	114
36	115
36	116
36	117
36	118
36	119
36	120
36	121
36	122
36	123
36	124
36	125
36	126
36	127
36	128
36	129
36	130
36	131
36	132
36	133
36	134
36	135
36	136
36	137
36	138
36	139
36	140
36	141
36	142
36	143
36	144
36	145
36	146
36	147
36	148
36	149
36	150
36	151
36	152
36	153
36	154
36	155
36	156
36	157
36	158
36	159
36	160
36	161
37	48
37	72
37	77
37	98
37	101
37	102
37	103
37	104
37	105
37	106
37	107
37	108
37	109
37	110
37	111
37	112
37	113
37	114
37	115
37	116
37	117
37	118
37	119
37	120
37	121
37	122
37	123
37	124
37	125
37	126
37	127
37	128
37	129
37	130
37	131
37	132
37	133
37	134
37	135
37	136
37	137
37	138
37	139
37	140
37	141
37	142
37	143
37	144
37	145
37	146
37	147
37	148
37	149
37	150
37	151
37	152
37	153
37	154
37	155
37	156
37	157
37	158
37	159
37	160
37	161
38	72
38	74
38	78
38	80
38	82
38	85
38	86
38	87
38	89
38	90
38	92
38	94
38	96
38	98
38	100
38	101
38	102
38	103
38	104
38	105
38	106
38	107
38	108
38	109
38	110
38	111
38	112
38	113
38	114
38	115
38	116
38	117
38	118
38	119
38	120
38	121
38	122
38	123
38	124
38	125
38	126
38	127
38	128
38	129
38	130
38	131
38	132
38	133
38	134
38	135
38	136
38	137
38	138
38	139
38	140
38	141
38	142
38	143
38	144
38	145
38	146
38	147
38	148
38	149
38	150
38	151
38	152
38	153
38	154
38	155
38	156
38	157
38	158
38	159
38	160
38	161
39	52
39	54
39	63
39	64
39	69
39	72
39	74
39	77
39	78
39	80
39	82
39	83
39	84
39	85
39	86
39	87
39	88
39	89
39	90
39	91
39	92
39	94
39	96
39	97
39	98
39	100
39	101
39	102
39	103
39	104
39	105
39	106
39	107
39	108
39	109
39	110
39	111
39	112
39	113
39	114
39	115
39	116
39	117
39	118
39	119
39	120
39	121
39	122
39	123
39	124
39	125
39	126
39	127
39	128
39	129
39	130
39	131
39	132
39	133
39	134
39	135
39	136
39	137
39	138
39	139
39	140
39	141
39	142
39	143
39	144
39	145
39	146
39	147
39	148
39	149
39	150
39	151
39	152
39	153
39	154
39	155
39	156
39	157
39	158
39	159
39	160
39	161
40	48
40	52
40	60
40	61
40	63
40	64
40	66
40	71
40	72
40	73
40	74
40	75
40	76
40	77
40	78
40	79
40	80
40	81
40	82
40	83
40	84
40	85
40	86
40	87
40	88
40	89
40	90
40	91
40	92
40	93
40	94
40	95
40	96
40	97
40	98
40	99
40	100
40	101
40	102
40	103
40	104
40	105
40	106
40	107
40	108
40	109
40	110
40	111
40	112
40	113
40	114
40	115
40	116
40	117
40	118
40	119
40	120
40	121
40	122
40	123
40	124
40	125
40	126
40	127
40	128
40	129
40	130
40	131
40	132
40	133
40	134
40	135
40	136
40	137
40	138
40	139
40	140
40	141
40	142
40	143
40	144
40	145
40	146
40	147
40	148
40	149
40	150
40	151
40	152
40	153
40	154
40	155
40	156
40	157
40	158
40	159
40	160
40	161
41	48
41	61
41	63
41	64
41	71
41	72
41	73
41	74
41	75
41	76
41	77
41	78
41	79
41	80
41	81
41	82
41	83
41	84
41	85
41	86
41	87
41	88
41	89
41	90
41	91
41	92
41	94
41	95
41	96
41	97
41	98
41	99
41	100
41	101
41	102
41	103
41	104
41	105
41	106
41	107
41	108
41	109
41	110
41	111
41	112
41	113
41	114
41	115
41	116
41	117
41	118
41	119
41	120
41	121
41	122
41	123
41	124
41	125
41	126
41	127
41	128
41	129
41	130
41	131
41	132
41	133
41	134
41	135
41	136
41	137
41	138
41	139
41	140
41	141
41	142
41	143
41	144
41	145
41	146
41	147
41	148
41	149
41	150
41	151
41	152
41	153
41	154
41	155
41	156
41	157
41	158
41	159
41	160
41	161
42	48
42	72
42	74
42	78
42	80
42	86
42	87
42	89
42	90
42	92
42	94
42	96
42	98
42	100
42	101
42	102
42	105
42	106
42	107
42	108
42	109
42	110
42	111
42	113
42	114
42	115
42	116
42	117
42	118
42	119
42	120
42	121
42	122
42	123
42	124
42	125
42	126
42	128
42	129
42	130
42	131
42	132
42	133
42	134
42	135
42	136
42	137
42	138
42	139
42	140
42	141
42	142
42	143
42	144
42	145
42	146
42	147
42	148
42	149
42	150
42	151
42	152
42	153
42	154
42	155
42	156
42	157
42	158
42	159
42	160
42	161
43	48
43	72
43	74
43	78
43	80
43	82
43	85
43	86
43	87
43	89
43	90
43	92
43	94
43	96
43	98
43	100
43	101
43	102
43	103
43	104
43	105
43	106
43	107
43	108
43	109
43	110
43	111
43	112
43	113
43	114
43	115
43	116
43	117
43	118
43	119
43	120
43	121
43	122
43	123
43	124
43	125
43	126
43	127
43	128
43	129
43	130
43	131
43	132
43	133
43	134
43	135
43	136
43	137
43	138
43	139
43	140
43	141
43	142
43	143
43	144
43	145
43	146
43	147
43	148
43	149
43	150
43	151
43	152
43	153
43	154
43	155
43	156
43	157
43	158
43	159
43	160
43	161
44	52
44	61
44	63
44	64
44	71
44	72
44	73
44	74
44	75
44	76
44	77
44	78
44	80
44	81
44	82
44	83
44	84
44	85
44	86
44	87
44	88
44	89
44	90
44	91
44	92
44	94
44	95
44	96
44	97
44	98
44	99
44	100
44	101
44	102
44	103
44	104
44	105
44	106
44	107
44	108
44	109
44	110
44	111
44	112
44	113
44	114
44	115
44	116
44	117
44	118
44	119
44	120
44	121
44	122
44	123
44	124
44	125
44	126
44	127
44	128
44	129
44	130
44	131
44	132
44	133
44	134
44	135
44	136
44	137
44	138
44	139
44	140
44	141
44	142
44	143
44	144
44	145
44	146
44	147
44	148
44	149
44	150
44	151
44	152
44	153
44	154
44	155
44	156
44	157
44	158
44	159
44	160
44	161
45	48
45	64
45	72
45	89
45	98
45	100
45	101
45	102
45	105
45	106
45	107
45	108
45	109
45	110
45	111
45	113
45	114
45	115
45	117
45	118
45	119
45	120
45	121
45	122
45	123
45	124
45	125
45	126
45	128
45	129
45	130
45	131
45	132
45	133
45	134
45	135
45	136
45	137
45	138
45	139
45	140
45	141
45	142
45	143
45	144
45	145
45	146
45	147
45	148
45	149
45	150
45	151
45	152
45	153
45	154
45	155
45	156
45	157
45	158
45	159
45	160
45	161
46	48
46	72
46	101
46	102
46	105
46	106
46	107
46	108
46	109
46	110
46	111
46	113
46	114
46	115
46	116
46	117
46	118
46	119
46	120
46	121
46	122
46	123
46	124
46	125
46	126
46	128
46	129
46	130
46	131
46	132
46	133
46	134
46	135
46	136
46	137
46	138
46	139
46	140
46	141
46	142
46	143
46	144
46	145
46	146
46	147
46	148
46	149
46	150
46	151
46	152
46	153
46	154
46	155
46	156
46	157
46	158
46	159
46	160
46	161
47	52
47	53
47	54
47	55
47	56
47	57
47	58
47	60
47	61
47	62
47	63
47	64
47	65
47	66
47	67
47	68
47	69
47	71
47	72
47	73
47	74
47	75
47	76
47	77
47	78
47	79
47	80
47	81
47	82
47	83
47	84
47	85
47	86
47	87
47	88
47	89
47	90
47	91
47	92
47	93
47	94
47	95
47	96
47	97
47	98
47	99
47	100
47	101
47	102
47	103
47	104
47	105
47	106
47	107
47	108
47	109
47	110
47	111
47	112
47	113
47	114
47	115
47	116
47	117
47	118
47	119
47	120
47	121
47	122
47	123
47	124
47	125
47	126
47	127
47	128
47	129
47	130
47	131
47	132
47	133
47	134
47	135
47	136
47	137
47	138
47	139
47	140
47	141
47	142
47	143
47	144
47	145
47	146
47	147
47	148
47	149
47	150
47	151
47	152
47	153
47	154
47	155
47	156
47	157
47	158
47	159
47	160
47	161
48	51
48	52
48	53
48	54
48	55
48	56
48	57
48	58
48	59
48	60
48	61
48	62
48	63
48	64
48	65
48	66
48	67
48	68
48	69
48	70
48	71
48	72
48	73
48	74
48	75
48	76
48	77
48	78
48	79
48	80
48	81
48	82
48	83
48	84
48	85
48	86
48	87
48	88
48	89
48	90
48	91
48	92
48	93
48	94
48	95
48	96
48	97
48	98
48	99
48	100
48	101
48	102
48	103
48	104
48	105
48	106
48	107
48	108
48	109
48	110
48	111
48	112
48	113
48	114
48	115
48	116
48	117
48	118
48	119
48	120
48	121
48	122
48	123
48	124
48	125
48	126
48	127
48	128
48	129
48	130
48	131
48	132
48	133
48	134
48	135
48	136
48	137
48	138
48	139
48	140
48	141
48	142
48	143
48	144
48	145
48	146
48	147
48	148
48	149
48	150
48	151
48	152
48	153
48	154
48	155
48	156
48	157
48	158
48	159
48	160
48	161
49	52
49	64
49	72
49	74
49	77
49	80
49	82
49	83
49	85
49	88
49	89
49	96
49	98
49	100
49	101
49	102
49	103
49	104
49	105
49	106
49	107
49	108
49	109
49	110
49	111
49	112
49	113
49	114
49	115
49	116
49	117
49	118
49	119
49	120
49	121
49	122
49	123
49	124
49	125
49	126
49	127
49	128
49	129
49	130
49	131
49	132
49	133
49	134
49	135
49	136
49	137
49	138
49	139
49	140
49	141
49	142
49	143
49	144
49	145
49	146
49	147
49	148
49	149
49	150
49	151
49	152
49	153
49	154
49	155
49	156
49	157
49	158
49	159
49	160
49	161
50	52
50	64
50	72
50	74
50	77
50	82
50	83
50	85
50	86
50	87
50	89
50	90
50	92
50	94
50	97
50	98
50	100
50	101
50	102
50	103
50	104
50	105
50	106
50	107
50	108
50	109
50	110
50	111
50	112
50	113
50	114
50	115
50	116
50	117
50	118
50	119
50	120
50	121
50	122
50	123
50	124
50	125
50	126
50	127
50	128
50	129
50	130
50	131
50	132
50	133
50	134
50	135
50	136
50	137
50	138
50	139
50	140
50	141
50	142
50	143
50	144
50	145
50	146
50	147
50	148
50	149
50	150
50	151
50	152
50	153
50	154
50	155
50	156
50	157
50	158
50	159
50	160
50	161
51	52
51	54
51	63
51	64
51	72
51	74
51	77
51	78
51	79
51	80
51	82
51	83
51	84
51	85
51	86
51	87
51	88
51	89
51	90
51	91
51	92
51	94
51	96
51	97
51	98
51	100
51	101
51	102
51	103
51	104
51	105
51	106
51	107
51	108
51	109
51	110
51	111
51	112
51	113
51	114
51	115
51	116
51	117
51	118
51	119
51	120
51	121
51	122
51	123
51	124
51	125
51	126
51	127
51	128
51	129
51	130
51	131
51	132
51	133
51	134
51	135
51	136
51	137
51	138
51	139
51	140
51	141
51	142
51	143
51	144
51	145
51	146
51	147
51	148
51	149
51	150
51	151
51	152
51	153
51	154
51	155
51	156
51	157
51	158
51	159
51	160
51	161
52	60
52	61
52	70
52	72
52	90
52	101
52	102
52	106
52	109
52	110
52	111
52	113
52	114
52	115
52	116
52	117
52	118
52	119
52	120
52	121
52	122
52	123
52	124
52	125
52	126
52	128
52	129
52	130
52	131
52	132
52	133
52	134
52	135
52	136
52	137
52	138
52	139
52	140
52	141
52	142
52	143
52	144
52	145
52	146
52	147
52	148
52	149
52	150
52	151
52	152
52	153
52	154
52	155
52	156
52	157
52	158
52	159
52	160
52	161
53	72
53	101
53	102
53	110
53	111
53	113
53	117
53	118
53	119
53	120
53	121
53	122
53	124
53	125
53	126
53	128
53	129
53	133
53	134
53	135
53	136
53	137
53	138
53	139
53	140
53	141
53	143
53	144
53	145
53	146
53	150
53	152
53	153
53	154
53	157
53	158
53	159
53	160
53	161
54	61
54	70
54	72
54	74
54	90
54	101
54	102
54	104
54	106
54	109
54	110
54	111
54	112
54	113
54	114
54	115
54	116
54	117
54	118
54	119
54	120
54	121
54	122
54	123
54	124
54	125
54	126
54	127
54	128
54	129
54	130
54	131
54	132
54	133
54	134
54	135
54	136
54	137
54	138
54	139
54	140
54	141
54	142
54	143
54	144
54	145
54	146
54	147
54	148
54	149
54	150
54	151
54	152
54	153
54	154
54	155
54	156
54	157
54	158
54	159
54	160
54	161
55	72
55	74
55	90
55	101
55	102
55	104
55	106
55	109
55	110
55	111
55	112
55	113
55	114
55	115
55	116
55	117
55	118
55	119
55	120
55	121
55	122
55	123
55	124
55	125
55	126
55	127
55	128
55	129
55	130
55	131
55	132
55	133
55	134
55	135
55	136
55	137
55	138
55	139
55	140
55	141
55	142
55	143
55	144
55	145
55	146
55	147
55	148
55	149
55	150
55	151
55	152
55	153
55	154
55	155
55	156
55	157
55	158
55	159
55	160
55	161
56	72
56	74
56	80
56	82
56	85
56	89
56	96
56	98
56	100
56	101
56	102
56	103
56	104
56	105
56	106
56	107
56	108
56	109
56	110
56	111
56	112
56	113
56	114
56	115
56	116
56	117
56	118
56	119
56	120
56	121
56	122
56	123
56	124
56	125
56	126
56	127
56	128
56	129
56	130
56	131
56	132
56	133
56	134
56	135
56	136
56	137
56	138
56	139
56	140
56	141
56	142
56	143
56	144
56	145
56	146
56	147
56	148
56	149
56	150
56	151
56	152
56	153
56	154
56	155
56	156
56	157
56	158
56	159
56	160
56	161
57	72
57	74
57	82
57	85
57	89
57	98
57	100
57	101
57	102
57	103
57	104
57	105
57	106
57	107
57	108
57	109
57	110
57	111
57	112
57	113
57	114
57	115
57	116
57	117
57	118
57	119
57	120
57	121
57	122
57	123
57	124
57	125
57	126
57	127
57	128
57	129
57	130
57	131
57	132
57	133
57	134
57	135
57	136
57	137
57	138
57	139
57	140
57	141
57	142
57	143
57	144
57	145
57	146
57	147
57	148
57	149
57	150
57	151
57	152
57	153
57	154
57	155
57	156
57	157
57	158
57	159
57	160
57	161
58	72
58	102
58	106
58	113
58	117
58	118
58	119
58	120
58	121
58	125
58	132
58	135
58	136
58	144
58	145
58	157
58	158
58	159
58	160
58	161
59	72
59	101
59	102
59	106
59	110
59	111
59	113
59	114
59	117
59	118
59	119
59	120
59	121
59	122
59	123
59	124
59	125
59	126
59	128
59	129
59	130
59	132
59	133
59	134
59	135
59	136
59	137
59	138
59	139
59	140
59	141
59	142
59	143
59	144
59	145
59	146
59	147
59	148
59	149
59	150
59	151
59	152
59	153
59	154
59	155
59	156
59	157
59	158
59	159
59	160
59	161
60	70
60	72
60	101
60	102
60	105
60	106
60	107
60	108
60	109
60	110
60	111
60	113
60	114
60	115
60	116
60	117
60	118
60	119
60	120
60	121
60	122
60	123
60	124
60	125
60	126
60	128
60	129
60	130
60	131
60	132
60	133
60	134
60	135
60	136
60	137
60	138
60	139
60	140
60	141
60	142
60	143
60	144
60	145
60	146
60	147
60	148
60	149
60	150
60	151
60	152
60	153
60	154
60	155
60	156
60	157
60	158
60	159
60	160
60	161
61	70
61	72
61	101
61	102
61	105
61	106
61	107
61	108
61	109
61	110
61	111
61	113
61	114
61	115
61	116
61	117
61	118
61	119
61	120
61	121
61	122
61	123
61	124
61	125
61	126
61	128
61	129
61	130
61	131
61	132
61	133
61	134
61	135
61	136
61	137
61	138
61	139
61	140
61	141
61	142
61	143
61	144
61	145
61	146
61	147
61	148
61	149
61	150
61	151
61	152
61	153
61	154
61	155
61	156
61	157
61	158
61	159
61	160
61	161
62	72
62	102
62	106
62	113
62	117
62	118
62	119
62	120
62	121
62	125
62	132
62	135
62	136
62	144
62	145
62	157
62	158
62	159
62	160
62	161
63	70
63	72
63	101
63	102
63	106
63	109
63	110
63	111
63	113
63	114
63	115
63	116
63	117
63	118
63	119
63	120
63	121
63	122
63	123
63	124
63	125
63	126
63	128
63	129
63	130
63	131
63	132
63	133
63	134
63	135
63	136
63	137
63	138
63	139
63	140
63	141
63	142
63	143
63	144
63	145
63	146
63	147
63	148
63	149
63	150
63	151
63	152
63	153
63	154
63	155
63	156
63	157
63	158
63	159
63	160
63	161
64	70
64	72
64	101
64	102
64	110
64	111
64	113
64	116
64	117
64	118
64	119
64	120
64	121
64	122
64	124
64	125
64	126
64	128
64	129
64	133
64	134
64	135
64	136
64	137
64	138
64	139
64	140
64	141
64	143
64	144
64	145
64	146
64	150
64	152
64	153
64	154
64	157
64	158
64	159
64	160
64	161
65	72
65	101
65	102
65	106
65	110
65	111
65	113
65	114
65	116
65	117
65	118
65	119
65	120
65	121
65	122
65	123
65	124
65	125
65	126
65	128
65	129
65	130
65	132
65	133
65	134
65	135
65	136
65	137
65	138
65	139
65	140
65	141
65	142
65	143
65	144
65	145
65	146
65	147
65	148
65	149
65	150
65	151
65	152
65	153
65	154
65	155
65	156
65	157
65	158
65	159
65	160
65	161
66	70
66	72
66	101
66	102
66	106
66	109
66	110
66	111
66	113
66	114
66	116
66	117
66	118
66	119
66	120
66	121
66	122
66	123
66	124
66	125
66	126
66	128
66	129
66	130
66	131
66	132
66	133
66	134
66	135
66	136
66	137
66	138
66	139
66	140
66	141
66	142
66	143
66	144
66	145
66	146
66	147
66	148
66	149
66	150
66	151
66	152
66	153
66	154
66	155
66	156
66	157
66	158
66	159
66	160
66	161
67	72
67	101
67	102
67	106
67	109
67	110
67	111
67	113
67	114
67	116
67	117
67	118
67	119
67	120
67	121
67	122
67	123
67	124
67	125
67	126
67	128
67	129
67	130
67	131
67	132
67	133
67	134
67	135
67	136
67	137
67	138
67	139
67	140
67	141
67	142
67	143
67	144
67	145
67	146
67	147
67	148
67	149
67	150
67	151
67	152
67	153
67	154
67	155
67	156
67	157
67	158
67	159
67	160
67	161
68	72
68	102
68	118
68	119
68	135
68	136
68	144
68	145
68	157
68	158
68	159
68	160
68	161
69	72
69	102
69	144
69	145
70	71
70	72
70	73
70	74
70	75
70	76
70	77
70	78
70	79
70	80
70	81
70	82
70	83
70	84
70	85
70	86
70	87
70	88
70	89
70	90
70	91
70	92
70	93
70	94
70	95
70	96
70	97
70	98
70	99
70	100
70	101
70	102
70	103
70	104
70	105
70	106
70	107
70	108
70	109
70	110
70	111
70	112
70	113
70	114
70	115
70	116
70	117
70	118
70	119
70	120
70	121
70	122
70	123
70	124
70	125
70	126
70	127
70	128
70	129
70	130
70	131
70	132
70	133
70	134
70	135
70	136
70	137
70	138
70	139
70	140
70	141
70	142
70	143
70	144
70	145
70	146
70	147
70	148
70	149
70	150
70	151
70	152
70	153
70	154
70	155
70	156
70	157
70	158
70	159
70	160
70	161
71	72
71	102
71	118
71	119
71	135
71	136
71	144
71	145
71	157
71	158
71	159
71	160
71	161
72	73
72	74
72	75
72	76
72	77
72	78
72	79
72	80
72	81
72	82
72	83
72	84
72	85
72	86
72	87
72	88
72	89
72	90
72	91
72	92
72	93
72	94
72	95
72	96
72	97
72	98
72	99
72	100
72	101
72	102
72	103
72	104
72	105
72	106
72	107
72	108
72	109
72	110
72	111
72	112
72	113
72	114
72	115
72	116
72	117
72	118
72	119
72	120
72	121
72	122
72	123
72	124
72	125
72	126
72	127
72	128
72	129
72	130
72	131
72	132
72	133
72	134
72	135
72	136
72	137
72	138
72	139
72	140
72	141
72	142
72	143
72	144
72	145
72	146
72	147
72	148
72	149
72	150
72	151
72	152
72	153
72	154
72	155
72	156
72	157
72	158
72	159
72	160
72	161
73	101
73	102
73	105
73	106
73	108
73	109
73	110
73	111
73	113
73	114
73	115
73	116
73	117
73	118
73	119
73	120
73	121
73	122
73	123
73	124
73	125
73	126
73	128
73	129
73	130
73	131
73	132
73	133
73	134
73	135
73	136
73	137
73	138
73	139
73	140
73	141
73	142
73	143
73	144
73	145
73	146
73	147
73	148
73	149
73	150
73	151
73	152
73	153
73	154
73	155
73	156
73	157
73	158
73	159
73	160
73	161
74	101
74	102
74	105
74	106
74	108
74	109
74	110
74	111
74	113
74	114
74	115
74	116
74	117
74	118
74	119
74	120
74	121
74	122
74	123
74	124
74	125
74	126
74	128
74	129
74	130
74	131
74	132
74	133
74	134
74	135
74	136
74	137
74	138
74	139
74	140
74	141
74	142
74	143
74	144
74	145
74	146
74	147
74	148
74	149
74	150
74	151
74	152
74	153
74	154
74	155
74	156
74	157
74	158
74	159
74	160
74	161
75	102
75	106
75	113
75	117
75	118
75	119
75	120
75	121
75	125
75	132
75	135
75	136
75	144
75	145
75	157
75	158
75	159
75	160
75	161
76	101
76	102
76	105
76	106
76	108
76	109
76	110
76	111
76	113
76	114
76	115
76	117
76	118
76	119
76	120
76	121
76	122
76	123
76	124
76	125
76	126
76	128
76	129
76	130
76	131
76	132
76	133
76	134
76	135
76	136
76	137
76	138
76	139
76	140
76	141
76	142
76	143
76	144
76	145
76	146
76	147
76	148
76	149
76	150
76	151
76	152
76	153
76	154
76	155
76	156
76	157
76	158
76	159
76	160
76	161
77	90
77	102
77	106
77	113
77	117
77	118
77	119
77	120
77	121
77	125
77	132
77	135
77	136
77	144
77	145
77	157
77	158
77	159
77	160
77	161
78	101
78	102
78	110
78	111
78	113
78	117
78	118
78	119
78	120
78	121
78	122
78	124
78	125
78	126
78	128
78	129
78	133
78	134
78	135
78	136
78	137
78	138
78	139
78	140
78	141
78	143
78	144
78	145
78	146
78	150
78	152
78	153
78	154
78	157
78	158
78	159
78	160
78	161
79	102
79	106
79	113
79	120
79	121
79	132
79	135
79	136
79	144
79	145
79	157
79	158
79	159
79	160
79	161
80	101
80	102
80	106
80	109
80	110
80	111
80	113
80	117
80	118
80	119
80	120
80	121
80	122
80	123
80	124
80	125
80	126
80	128
80	129
80	131
80	133
80	134
80	135
80	136
80	137
80	138
80	139
80	140
80	141
80	142
80	143
80	144
80	145
80	146
80	149
80	150
80	152
80	153
80	154
80	157
80	158
80	159
80	160
80	161
81	101
81	102
81	110
81	111
81	113
81	116
81	117
81	118
81	119
81	120
81	124
81	128
81	129
81	133
81	134
81	135
81	136
81	137
81	138
81	139
81	140
81	141
81	143
81	144
81	145
81	146
81	150
81	152
81	153
81	154
81	157
81	158
81	159
81	160
81	161
82	102
82	113
82	117
82	135
82	136
82	144
82	145
83	102
83	119
83	135
83	136
83	144
83	145
84	102
84	113
84	117
84	118
84	119
84	120
84	135
84	136
84	144
84	145
84	157
84	158
84	159
84	160
84	161
85	102
85	113
85	117
85	118
85	119
85	120
85	135
85	136
85	144
85	145
86	89
86	98
86	101
86	102
86	105
86	106
86	107
86	108
86	109
86	110
86	111
86	113
86	114
86	115
86	116
86	117
86	118
86	119
86	120
86	121
86	122
86	123
86	124
86	125
86	126
86	128
86	129
86	130
86	131
86	132
86	133
86	134
86	135
86	136
86	137
86	138
86	139
86	140
86	141
86	142
86	143
86	144
86	145
86	146
86	147
86	148
86	149
86	150
86	151
86	152
86	153
86	154
86	155
86	156
86	157
86	158
86	159
86	160
86	161
87	89
87	98
87	101
87	102
87	105
87	106
87	107
87	109
87	110
87	111
87	113
87	114
87	115
87	117
87	118
87	119
87	120
87	121
87	122
87	123
87	124
87	125
87	126
87	128
87	129
87	130
87	131
87	132
87	133
87	134
87	135
87	136
87	137
87	138
87	139
87	140
87	141
87	142
87	143
87	144
87	145
87	146
87	147
87	148
87	149
87	150
87	151
87	152
87	153
87	154
87	155
87	156
87	157
87	158
87	159
87	160
87	161
88	102
88	106
88	113
88	117
88	118
88	119
88	120
88	121
88	125
88	132
88	135
88	136
88	144
88	145
88	157
88	158
88	159
88	160
88	161
89	92
89	101
89	102
89	106
89	110
89	111
89	112
89	113
89	114
89	116
89	117
89	118
89	119
89	120
89	121
89	122
89	124
89	125
89	126
89	128
89	129
89	130
89	132
89	133
89	134
89	135
89	136
89	137
89	138
89	139
89	140
89	141
89	143
89	144
89	145
89	146
89	150
89	151
89	152
89	153
89	154
89	157
89	158
89	159
89	160
89	161
90	101
90	102
90	104
90	105
90	106
90	108
90	109
90	110
90	111
90	112
90	113
90	114
90	115
90	116
90	117
90	118
90	119
90	120
90	121
90	122
90	123
90	124
90	125
90	126
90	127
90	128
90	129
90	130
90	131
90	132
90	133
90	134
90	135
90	136
90	137
90	138
90	139
90	140
90	141
90	142
90	143
90	144
90	145
90	146
90	147
90	148
90	149
90	150
90	151
90	152
90	153
90	154
90	155
90	156
90	157
90	158
90	159
90	160
90	161
91	102
91	106
91	113
91	120
91	121
91	124
91	134
91	135
91	136
91	144
91	145
91	157
91	158
91	159
91	160
91	161
92	102
92	105
92	106
92	107
92	108
92	113
92	120
92	121
92	124
92	132
92	134
92	135
92	136
92	144
92	145
92	157
92	158
92	159
92	160
92	161
93	101
93	102
93	106
93	109
93	110
93	111
93	113
93	114
93	115
93	117
93	118
93	119
93	120
93	121
93	122
93	123
93	124
93	125
93	126
93	128
93	129
93	130
93	131
93	132
93	133
93	134
93	135
93	136
93	137
93	138
93	139
93	140
93	141
93	142
93	143
93	144
93	145
93	146
93	147
93	148
93	149
93	150
93	151
93	152
93	153
93	154
93	155
93	156
93	157
93	158
93	159
93	160
93	161
94	102
94	105
94	106
94	108
94	113
94	120
94	121
94	124
94	132
94	134
94	135
94	136
94	144
94	145
94	157
94	158
94	159
94	160
94	161
95	102
95	106
95	113
95	120
95	121
95	124
95	132
95	134
95	135
95	136
95	144
95	145
95	157
95	158
95	159
95	160
95	161
96	102
96	105
96	106
96	144
96	145
97	102
97	104
97	106
97	113
97	120
97	121
97	124
97	132
97	134
97	135
97	136
97	144
97	145
97	157
97	158
97	159
97	160
97	161
98	101
98	102
98	110
98	111
98	113
98	117
98	118
98	119
98	120
98	121
98	122
98	124
98	125
98	126
98	128
98	129
98	133
98	134
98	135
98	136
98	137
98	138
98	139
98	140
98	141
98	143
98	144
98	145
98	146
98	150
98	152
98	153
98	154
98	157
98	158
98	159
98	160
98	161
99	101
99	102
99	110
99	111
99	113
99	117
99	118
99	119
99	120
99	121
99	122
99	124
99	125
99	126
99	128
99	129
99	133
99	134
99	135
99	136
99	137
99	138
99	139
99	140
99	141
99	143
99	144
99	145
99	146
99	150
99	152
99	153
99	154
99	157
99	158
99	159
99	160
99	161
100	101
100	102
100	119
100	135
100	136
100	137
100	144
100	145
100	146
100	154
100	158
100	160
100	161
101	102
101	105
101	106
101	144
101	145
102	103
102	104
102	105
102	106
102	107
102	108
102	109
102	110
102	111
102	112
102	113
102	114
102	115
102	116
102	117
102	118
102	119
102	120
102	121
102	122
102	123
102	124
102	125
102	126
102	127
102	128
102	129
102	130
102	131
102	132
102	133
102	134
102	135
102	136
102	137
102	138
102	139
102	140
102	141
102	142
102	143
102	144
102	145
102	146
102	147
102	148
102	149
102	150
102	151
102	152
102	153
102	154
102	155
102	156
102	157
102	158
102	159
102	160
102	161
103	145
103	157
103	158
103	159
103	160
103	161
104	106
104	144
104	145
104	157
104	158
104	159
104	160
104	161
105	110
105	111
105	113
105	116
105	117
105	118
105	119
105	120
105	121
105	122
105	124
105	125
105	126
105	128
105	129
105	133
105	134
105	135
105	136
105	137
105	138
105	139
105	140
105	141
105	143
105	144
105	145
105	146
105	150
105	152
105	153
105	154
105	157
105	158
105	159
105	160
105	161
106	109
106	110
106	111
106	112
106	113
106	114
106	115
106	116
106	117
106	118
106	119
106	120
106	121
106	122
106	123
106	124
106	125
106	126
106	127
106	128
106	129
106	130
106	131
106	132
106	133
106	134
106	135
106	136
106	137
106	138
106	139
106	140
106	141
106	142
106	143
106	144
106	145
106	146
106	147
106	148
106	149
106	150
106	151
106	152
106	153
106	154
106	155
106	156
106	157
106	158
106	159
106	160
106	161
107	113
107	135
107	136
107	144
107	145
108	135
108	136
108	144
108	145
111	145
112	145
113	135
113	136
113	145
113	157
113	158
113	159
113	160
113	161
114	144
114	145
115	145
116	145
117	135
117	136
117	157
117	158
117	159
117	160
117	161
118	145
118	157
118	158
118	159
118	160
118	161
119	135
119	136
119	145
119	157
119	158
119	159
119	160
119	161
120	157
120	158
120	159
120	160
120	161
121	157
121	158
121	159
121	160
121	161
122	145
123	145
123	158
123	160
123	161
124	145
124	157
124	158
124	159
124	160
124	161
125	135
125	136
125	157
125	158
125	159
125	160
125	161
126	145
126	157
126	158
126	159
126	160
126	161
127	144
127	145
128	144
128	145
129	144
129	145
130	145
131	144
131	145
132	145
133	145
134	144
134	145
134	157
134	158
134	159
134	160
134	161
135	144
135	145
135	157
135	158
135	159
135	160
135	161
136	144
136	145
136	157
136	158
136	159
136	160
136	161
137	144
137	145
138	145
141	145
142	145
143	145
144	146
144	147
144	148
144	149
144	150
144	151
144	152
144	153
144	154
144	155
144	156
144	157
144	158
144	159
144	160
144	161
145	146
145	147
145	148
145	149
145	150
145	151
145	152
145	153
145	154
145	155
145	156
145	157
145	158
145	159
145	160
145	161