172	7272
1	8
1	9
1	12
1	13
1	14
1	15
1	16
1	17
1	18
1	19
1	20
1	21
1	22
1	23
1	24
1	25
1	26
1	27
1	28
1	29
1	30
1	31
1	32
1	33
1	34
1	35
1	36
1	37
1	38
1	39
1	40
1	41
1	42
1	43
1	44
1	45
1	46
1	47
1	48
1	49
1	50
1	51
1	52
1	53
1	54
1	55
1	56
1	57
1	58
1	59
1	60
1	61
1	62
1	63
1	64
1	65
1	66
1	67
1	68
1	69
1	70
1	71
1	72
1	73
1	74
1	75
1	76
1	77
1	78
1	79
1	80
1	81
1	82
1	83
1	84
1	85
1	86
1	87
1	88
1	89
1	90
1	91
1	92
1	93
1	94
1	95
1	96
1	97
1	98
1	99
1	100
1	101
1	102
1	103
1	104
1	105
1	106
1	107
1	108
1	109
1	110
1	111
1	112
1	113
1	114
1	115
1	116
1	117
1	118
1	119
1	120
1	121
1	122
1	123
1	124
1	125
1	126
1	127
1	128
1	129
1	130
1	131
1	132
1	133
1	134
1	135
1	136
1	137
1	138
1	139
1	140
1	141
1	142
1	143
1	144
1	145
1	146
1	147
1	148
1	149
1	150
1	151
1	152
1	153
1	154
1	155
1	156
1	157
1	158
1	159
1	160
1	161
1	162
1	163
1	164
1	165
1	166
1	167
1	168
1	169
1	170
1	171
1	172
2	14
2	16
2	17
2	18
2	20
2	22
2	24
2	25
2	27
2	28
2	29
2	30
2	31
2	32
2	33
2	34
2	35
2	36
2	37
2	38
2	39
2	40
2	41
2	42
2	43
2	44
2	45
2	46
2	47
2	48
2	49
2	50
2	51
2	52
2	53
2	54
2	55
2	56
2	57
2	58
2	59
2	60
2	61
2	62
2	63
2	64
2	65
2	66
2	67
2	68
2	69
2	70
2	71
2	72
2	73
2	74
2	75
2	76
2	77
2	78
2	79
2	80
2	81
2	82
2	83
2	84
2	85
2	86
2	87
2	88
2	89
2	90
2	91
2	92
2	93
2	94
2	95
2	96
2	97
2	98
2	99
2	100
2	101
2	102
2	103
2	104
2	105
2	106
2	107
2	108
2	109
2	110
2	111
2	112
2	113
2	114
2	115
2	116
2	117
2	118
2	119
2	120
2	121
2	122
2	123
2	124
2	125
2	126
2	127
2	128
2	129
2	130
2	131
2	132
2	133
2	134
2	135
2	136
2	137
2	138
2	139
2	140
2	141
2	142
2	143
2	144
2	145
2	146
2	147
2	148
2	149
2	150
2	151
2	152
2	153
2	154
2	155
2	156
2	157
2	158
2	159
2	160
2	161
2	162
2	163
2	164
2	165
2	166
2	167
2	168
2	169
2	170
2	171
2	172
3	14
3	17
3	18
3	40
3	51
3	60
3	67
3	69
3	70
3	71
3	72
3	74
3	75
3	76
3	77
3	78
3	79
3	80
3	82
3	83
3	84
3	85
3	89
3	90
3	93
3	96
3	97
3	99
3	100
3	102
3	103
3	104
3	106
3	107
3	108
3	109
3	110
3	111
3	112
3	113
3	114
3	115
3	116
3	117
3	118
3	119
3	120
3	121
3	122
3	123
3	124
3	125
3	126
3	127
3	128
3	129
3	130
3	131
3	132
3	133
3	134
3	135
3	136
3	137
3	138
3	139
3	140
3	141
3	142
3	143
3	144
3	145
3	146
3	147
3	148
3	149
3	150
3	151
3	152
3	153
3	154
3	155
3	156
3	157
3	158
3	159
3	160
3	161
3	162
3	163
3	164
3	165
3	166
3	167
3	168
3	169
3	170
3	171
3	172
4	14
4	17
4	18
4	29
4	38
4	40
4	44
4	45
4	49
4	50
4	51
4	52
4	53
4	54
4	55
4	57
4	58
4	59
4	60
4	61
4	62
4	63
4	64
4	65
4	66
4	67
4	68
4	69
4	70
4	71
4	72
4	73
4	74
4	75
4	76
4	77
4	78
4	79
4	80
4	81
4	82
4	83
4	84
4	85
4	86
4	87
4	88
4	89
4	90
4	91
4	92
4	93
4	94
4	95
4	96
4	97
4	98
4	99
4	100
4	101
4	102
4	103
4	104
4	105
4	106
4	107
4	108
4	109
4	110
4	111
4	112
4	113
4	114
4	115
4	116
4	117
4	118
4	119
4	120
4	121
4	122
4	123
4	124
4	125
4	126
4	127
4	128
4	129
4	130
4	131
4	132
4	133
4	134
4	135
4	136
4	137
4	138
4	139
4	140
4	141
4	142
4	143
4	144
4	145
4	146
4	147
4	148
4	149
4	150
4	151
4	152
4	153
4	154
4	155
4	156
4	157
4	158
4	159
4	160
4	161
4	162
4	163
4	164
4	165
4	166
4	167
4	168
4	169
4	170
4	171
4	172
5	14
5	17
5	18
5	29
5	38
5	40
5	44
5	45
5	49
5	50
5	51
5	52
5	53
5	54
5	55
5	57
5	58
5	59
5	60
5	61
5	62
5	63
5	64
5	65
5	66
5	67
5	68
5	69
5	70
5	71
5	72
5	73
5	74
5	75
5	76
5	77
5	78
5	79
5	80
5	81
5	82
5	83
5	84
5	85
5	86
5	87
5	88
5	89
5	90
5	91
5	92
5	93
5	94
5	95
5	96
5	97
5	98
5	99
5	100
5	101
5	102
5	103
5	104
5	105
5	106
5	107
5	108
5	109
5	110
5	111
5	112
5	113
5	114
5	115
5	116
5	117
5	118
5	119
5	120
5	121
5	122
5	123
5	124
5	125
5	126
5	127
5	128
5	129
5	130
5	131
5	132
5	133
5	134
5	135
5	136
5	137
5	138
5	139
5	140
5	141
5	142
5	143
5	144
5	145
5	146
5	147
5	148
5	149
5	150
5	151
5	152
5	153
5	154
5	155
5	156
5	157
5	158
5	159
5	160
5	161
5	162
5	163
5	164
5	165
5	166
5	167
5	168
5	169
5	170
5	171
5	172
6	14
6	16
6	17
6	18
6	20
6	22
6	24
6	25
6	27
6	28
6	29
6	30
6	31
6	32
6	33
6	34
6	35
6	36
6	37
6	38
6	39
6	40
6	41
6	42
6	43
6	44
6	45
6	46
6	47
6	48
6	49
6	50
6	51
6	52
6	53
6	54
6	55
6	56
6	57
6	58
6	59
6	60
6	61
6	62
6	63
6	64
6	65
6	66
6	67
6	68
6	69
6	70
6	71
6	72
6	73
6	74
6	75
6	76
6	77
6	78
6	79
6	80
6	81
6	82
6	83
6	84
6	85
6	86
6	87
6	88
6	89
6	90
6	91
6	92
6	93
6	94
6	95
6	96
6	97
6	98
6	99
6	100
6	101
6	102
6	103
6	104
6	105
6	106
6	107
6	108
6	109
6	110
6	111
6	112
6	113
6	114
6	115
6	116
6	117
6	118
6	119
6	120
6	121
6	122
6	123
6	124
6	125
6	126
6	127
6	128
6	129
6	130
6	131
6	132
6	133
6	134
6	135
6	136
6	137
6	138
6	139
6	140
6	141
6	142
6	143
6	144
6	145
6	146
6	147
6	148
6	149
6	150
6	151
6	152
6	153
6	154
6	155
6	156
6	157
6	158
6	159
6	160
6	161
6	162
6	163
6	164
6	165
6	166
6	167
6	168
6	169
6	170
6	171
6	172
7	14
7	17
7	18
7	29
7	34
7	38
7	39
7	40
7	44
7	45
7	46
7	49
7	50
7	51
7	52
7	53
7	54
7	55
7	57
7	58
7	59
7	60
7	61
7	62
7	63
7	64
7	65
7	66
7	67
7	68
7	69
7	70
7	71
7	72
7	73
7	74
7	75
7	76
7	77
7	78
7	79
7	80
7	81
7	82
7	83
7	84
7	85
7	86
7	87
7	88
7	89
7	90
7	91
7	92
7	93
7	94
7	95
7	96
7	97
7	98
7	99
7	100
7	101
7	102
7	103
7	104
7	105
7	106
7	107
7	108
7	109
7	110
7	111
7	112
7	113
7	114
7	115
7	116
7	117
7	118
7	119
7	120
7	121
7	122
7	123
7	124
7	125
7	126
7	127
7	128
7	129
7	130
7	131
7	132
7	133
7	134
7	135
7	136
7	137
7	138
7	139
7	140
7	141
7	142
7	143
7	144
7	145
7	146
7	147
7	148
7	149
7	150
7	151
7	152
7	153
7	154
7	155
7	156
7	157
7	158
7	159
7	160
7	161
7	162
7	163
7	164
7	165
7	166
7	167
7	168
7	169
7	170
7	171
7	172
8	14
8	17
8	18
8	51
8	60
8	67
8	69
8	71
8	72
8	74
8	75
8	76
8	77
8	79
8	80
8	82
8	83
8	84
8	85
8	89
8	90
8	93
8	96
8	97
8	99
8	100
8	102
8	103
8	104
8	106
8	107
8	108
8	109
8	110
8	111
8	112
8	113
8	114
8	115
8	116
8	117
8	118
8	119
8	120
8	121
8	122
8	123
8	124
8	125
8	126
8	127
8	128
8	129
8	130
8	131
8	132
8	133
8	134
8	135
8	136
8	137
8	138
8	139
8	140
8	141
8	142
8	143
8	144
8	145
8	146
8	147
8	148
8	149
8	150
8	151
8	152
8	153
8	154
8	155
8	156
8	157
8	158
8	159
8	160
8	161
8	162
8	163
8	164
8	165
8	166
8	167
8	168
8	169
8	170
8	171
8	172
9	14
9	17
9	18
9	38
9	40
9	44
9	45
9	49
9	50
9	51
9	52
9	53
9	54
9	55
9	57
9	58
9	59
9	60
9	61
9	62
9	63
9	64
9	65
9	66
9	67
9	68
9	69
9	70
9	71
9	72
9	73
9	74
9	75
9	76
9	77
9	78
9	79
9	80
9	81
9	82
9	83
9	84
9	85
9	86
9	87
9	88
9	89
9	90
9	91
9	92
9	93
9	94
9	95
9	96
9	97
9	98
9	99
9	100
9	101
9	102
9	103
9	104
9	105
9	106
9	107
9	108
9	109
9	110
9	111
9	112
9	113
9	114
9	115
9	116
9	117
9	118
9	119
9	120
9	121
9	122
9	123
9	124
9	125
9	126
9	127
9	128
9	129
9	130
9	131
9	132
9	133
9	134
9	135
9	136
9	137
9	138
9	139
9	140
9	141
9	142
9	143
9	144
9	145
9	146
9	147
9	148
9	149
9	150
9	151
9	152
9	153
9	154
9	155
9	156
9	157
9	158
9	159
9	160
9	161
9	162
9	163
9	164
9	165
9	166
9	167
9	168
9	169
9	170
9	171
9	172
10	14
10	17
10	18
10	60
10	66
10	67
10	69
10	71
10	72
10	74
10	75
10	76
10	77
10	79
10	80
10	82
10	83
10	84
10	85
10	89
10	90
10	93
10	96
10	97
10	99
10	100
10	102
10	103
10	104
10	106
10	107
10	108
10	109
10	110
10	111
10	112
10	113
10	114
10	115
10	116
10	117
10	118
10	119
10	120
10	121
10	122
10	123
10	124
10	125
10	126
10	127
10	128
10	129
10	130
10	131
10	132
10	133
10	134
10	135
10	136
10	137
10	138
10	139
10	140
10	141
10	142
10	143
10	144
10	145
10	146
10	147
10	148
10	149
10	150
10	151
10	152
10	153
10	154
10	155
10	156
10	157
10	158
10	159
10	160
10	161
10	162
10	163
10	164
10	165
10	166
10	167
10	168
10	169
10	170
10	171
10	172
11	14
11	17
11	18
11	51
11	60
11	67
11	69
11	71
11	72
11	74
11	75
11	76
11	77
11	79
11	80
11	82
11	83
11	84
11	85
11	89
11	90
11	93
11	96
11	97
11	99
11	100
11	102
11	103
11	104
11	106
11	107
11	108
11	109
11	110
11	111
11	112
11	113
11	114
11	115
11	116
11	117
11	118
11	119
11	120
11	121
11	122
11	123
11	124
11	125
11	126
11	127
11	128
11	129
11	130
11	131
11	132
11	133
11	134
11	135
11	136
11	137
11	138
11	139
11	140
11	141
11	142
11	143
11	144
11	145
11	146
11	147
11	148
11	149
11	150
11	151
11	152
11	153
11	154
11	155
11	156
11	157
11	158
11	159
11	160
11	161
11	162
11	163
11	164
11	165
11	166
11	167
11	168
11	169
11	170
11	171
11	172
12	14
12	17
12	18
12	40
12	51
12	60
12	67
12	69
12	70
12	71
12	72
12	74
12	75
12	76
12	77
12	78
12	79
12	80
12	82
12	83
12	84
12	85
12	89
12	90
12	93
12	96
12	97
12	99
12	100
12	102
12	103
12	104
12	106
12	107
12	108
12	109
12	110
12	111
12	112
12	113
12	114
12	115
12	116
12	117
12	118
12	119
12	120
12	121
12	122
12	123
12	124
12	125
12	126
12	127
12	128
12	129
12	130
12	131
12	132
12	133
12	134
12	135
12	136
12	137
12	138
12	139
12	140
12	141
12	142
12	143
12	144
12	145
12	146
12	147
12	148
12	149
12	150
12	151
12	152
12	153
12	154
12	155
12	156
12	157
12	158
12	159
12	160
12	161
12	162
12	163
12	164
12	165
12	166
12	167
12	168
12	169
12	170
12	171
12	172
13	14
13	17
13	18
13	67
13	71
13	72
13	74
13	75
13	76
13	77
13	79
13	82
13	83
13	84
13	85
13	86
13	89
13	90
13	91
13	93
13	96
13	97
13	99
13	100
13	101
13	102
13	103
13	104
13	106
13	107
13	108
13	109
13	110
13	111
13	112
13	113
13	114
13	115
13	116
13	117
13	118
13	119
13	120
13	121
13	122
13	123
13	124
13	125
13	126
13	127
13	128
13	129
13	130
13	131
13	132
13	133
13	134
13	135
13	136
13	137
13	138
13	139
13	140
13	141
13	142
13	143
13	144
13	145
13	146
13	147
13	148
13	149
13	150
13	151
13	152
13	153
13	154
13	155
13	156
13	157
13	158
13	159
13	160
13	161
13	162
13	163
13	164
13	165
13	166
13	167
13	168
13	169
13	170
13	171
13	172
14	15
14	16
14	17
14	18
14	19
14	20
14	21
14	22
14	23
14	24
14	25
14	26
14	27
14	28
14	29
14	30
14	31
14	32
14	33
14	34
14	35
14	36
14	37
14	38
14	39
14	40
14	41
14	42
14	43
14	44
14	45
14	46
14	47
14	48
14	49
14	50
14	51
14	52
14	53
14	54
14	55
14	56
14	57
14	58
14	59
14	60
14	61
14	62
14	63
14	64
14	65
14	66
14	67
14	68
14	69
14	70
14	71
14	72
14	73
14	74
14	75
14	76
14	77
14	78
14	79
14	80
14	81
14	82
14	83
14	84
14	85
14	86
14	87
14	88
14	89
14	90
14	91
14	92
14	93
14	94
14	95
14	96
14	97
14	98
14	99
14	100
14	101
14	102
14	103
14	104
14	105
14	106
14	107
14	108
14	109
14	110
14	111
14	112
14	113
14	114
14	115
14	116
14	117
14	118
14	119
14	120
14	121
14	122
14	123
14	124
14	125
14	126
14	127
14	128
14	129
14	130
14	131
14	132
14	133
14	134
14	135
14	136
14	137
14	138
14	139
14	140
14	141
14	142
14	143
14	144
14	145
14	146
14	147
14	148
14	149
14	150
14	151
14	152
14	153
14	154
14	155
14	156
14	157
14	158
14	159
14	160
14	161
14	162
14	163
14	164
14	165
14	166
14	167
14	168
14	169
14	170
14	171
14	172
15	17
15	18
15	40
15	45
15	51
15	53
15	60
15	63
15	64
15	66
15	67
15	69
15	70
15	71
15	72
15	73
15	74
15	75
15	76
15	77
15	78
15	79
15	80
15	81
15	82
15	83
15	84
15	85
15	86
15	89
15	90
15	91
15	92
15	93
15	94
15	96
15	97
15	98
15	99
15	100
15	101
15	102
15	103
15	104
15	106
15	107
15	108
15	109
15	110
15	111
15	112
15	113
15	114
15	115
15	116
15	117
15	118
15	119
15	120
15	121
15	122
15	123
15	124
15	125
15	126
15	127
15	128
15	129
15	130
15	131
15	132
15	133
15	134
15	135
15	136
15	137
15	138
15	139
15	140
15	141
15	142
15	143
15	144
15	145
15	146
15	147
15	148
15	149
15	150
15	151
15	152
15	153
15	154
15	155
15	156
15	157
15	158
15	159
15	160
15	161
15	162
15	163
15	164
15	165
15	166
15	167
15	168
15	169
15	170
15	171
15	172
16	17
16	18
16	67
16	71
16	72
16	74
16	75
16	76
16	77
16	79
16	82
16	83
16	84
16	85
16	90
16	93
16	99
16	102
16	103
16	104
16	106
16	107
16	108
16	109
16	110
16	111
16	112
16	113
16	114
16	115
16	116
16	117
16	118
16	119
16	120
16	121
16	122
16	123
16	124
16	125
16	126
16	127
16	128
16	129
16	130
16	131
16	132
16	133
16	134
16	135
16	136
16	137
16	138
16	139
16	140
16	141
16	142
16	143
16	144
16	145
16	146
16	147
16	148
16	149
16	150
16	151
16	152
16	153
16	154
16	155
16	156
16	157
16	158
16	159
16	160
16	161
16	162
16	163
16	164
16	165
16	166
16	167
16	168
16	169
16	170
16	171
16	172
17	18
17	19
17	20
17	21
17	22
17	23
17	24
17	25
17	26
17	27
17	28
17	29
17	30
17	31
17	32
17	33
17	34
17	35
17	36
17	37
17	38
17	39
17	40
17	41
17	42
17	43
17	44
17	45
17	46
17	47
17	48
17	49
17	50
17	51
17	52
17	53
17	54
17	55
17	56
17	57
17	58
17	59
17	60
17	61
17	62
17	63
17	64
17	65
17	66
17	67
17	68
17	69
17	70
17	71
17	72
17	73
17	74
17	75
17	76
17	77
17	78
17	79
17	80
17	81
17	82
17	83
17	84
17	85
17	86
17	87
17	88
17	89
17	90
17	91
17	92
17	93
17	94
17	95
17	96
17	97
17	98
17	99
17	100
17	101
17	102
17	103
17	104
17	105
17	106
17	107
17	108
17	109
17	110
17	111
17	112
17	113
17	114
17	115
17	116
17	117
17	118
17	119
17	120
17	121
17	122
17	123
17	124
17	125
17	126
17	127
17	128
17	129
17	130
17	131
17	132
17	133
17	134
17	135
17	136
17	137
17	138
17	139
17	140
17	141
17	142
17	143
17	144
17	145
17	146
17	147
17	148
17	149
17	150
17	151
17	152
17	153
17	154
17	155
17	156
17	157
17	158
17	159
17	160
17	161
17	162
17	163
17	164
17	165
17	166
17	167
17	168
17	169
17	170
17	171
17	172
18	19
18	20
18	21
18	22
18	23
18	24
18	25
18	26
18	27
18	28
18	29
18	30
18	31
18	32
18	33
18	34
18	35
18	36
18	37
18	38
18	39
18	40
18	41
18	42
18	43
18	44
18	45
18	46
18	47
18	48
18	49
18	50
18	51
18	52
18	53
18	54
18	55
18	56
18	57
18	58
18	59
18	60
18	61
18	62
18	63
18	64
18	65
18	66
18	67
18	68
18	69
18	70
18	71
18	72
18	73
18	74
18	75
18	76
18	77
18	78
18	79
18	80
18	81
18	82
18	83
18	84
18	85
18	86
18	87
18	88
18	89
18	90
18	91
18	92
18	93
18	94
18	95
18	96
18	97
18	98
18	99
18	100
18	101
18	102
18	103
18	104
18	105
18	106
18	107
18	108
18	109
18	110
18	111
18	112
18	113
18	114
18	115
18	116
18	117
18	118
18	119
18	120
18	121
18	122
18	123
18	124
18	125
18	126
18	127
18	128
18	129
18	130
18	131
18	132
18	133
18	134
18	135
18	136
18	137
18	138
18	139
18	140
18	141
18	142
18	143
18	144
18	145
18	146
18	147
18	148
18	149
18	150
18	151
18	152
18	153
18	154
18	155
18	156
18	157
18	158
18	159
18	160
18	161
18	162
18	163
18	164
18	165
18	166
18	167
18	168
18	169
18	170
18	171
18	172
19	67
19	71
19	72
19	74
19	75
19	76
19	77
19	79
19	82
19	83
19	84
19	85
19	90
19	93
19	96
19	99
19	102
19	103
19	104
19	106
19	107
19	108
19	109
19	110
19	111
19	112
19	113
19	114
19	115
19	116
19	117
19	118
19	119
19	120
19	121
19	122
19	123
19	124
19	125
19	126
19	127
19	128
19	129
19	130
19	131
19	132
19	133
19	134
19	135
19	136
19	137
19	138
19	139
19	140
19	141
19	142
19	143
19	144
19	145
19	146
19	147
19	148
19	149
19	150
19	151
19	152
19	153
19	154
19	155
19	156
19	157
19	158
19	159
19	160
19	161
19	162
19	163
19	164
19	165
19	166
19	167
19	168
19	169
19	170
19	171
19	172
20	67
20	71
20	72
20	75
20	79
20	82
20	83
20	84
20	89
20	90
20	93
20	96
20	99
20	100
20	102
20	103
20	104
20	106
20	107
20	109
20	110
20	111
20	112
20	113
20	114
20	115
20	116
20	117
20	118
20	119
20	120
20	122
20	124
20	125
20	126
20	127
20	128
20	129
20	130
20	131
20	132
20	133
20	134
20	135
20	136
20	137
20	138
20	139
20	140
20	141
20	142
20	143
20	144
20	145
20	146
20	147
20	148
20	149
20	150
20	151
20	152
20	153
20	154
20	155
20	156
20	157
20	158
20	159
20	160
20	161
20	162
20	163
20	164
20	165
20	166
20	167
20	168
20	169
20	170
20	171
20	172
21	71
21	75
21	83
21	84
21	103
21	107
21	117
21	118
21	124
21	125
21	126
21	127
21	128
21	129
21	130
21	132
21	133
21	134
21	135
21	136
21	137
21	138
21	139
21	140
21	141
21	143
21	144
21	145
21	146
21	147
21	148
21	149
21	150
21	151
21	152
21	153
21	154
21	155
21	156
21	157
21	158
21	159
21	160
21	161
21	162
21	163
21	164
21	165
21	166
21	167
21	168
21	169
21	170
21	171
21	172
22	71
22	75
22	79
22	83
22	84
22	93
22	99
22	103
22	107
22	109
22	117
22	118
22	119
22	124
22	125
22	126
22	127
22	128
22	129
22	130
22	132
22	133
22	134
22	135
22	136
22	137
22	138
22	139
22	140
22	141
22	143
22	144
22	145
22	146
22	147
22	148
22	149
22	150
22	151
22	152
22	153
22	154
22	155
22	156
22	157
22	158
22	159
22	160
22	161
22	162
22	163
22	164
22	165
22	166
22	167
22	168
22	169
22	170
22	171
22	172
23	71
23	75
23	103
23	107
23	109
23	117
23	118
23	124
23	125
23	126
23	127
23	128
23	129
23	130
23	132
23	133
23	134
23	135
23	136
23	137
23	138
23	139
23	140
23	141
23	143
23	144
23	145
23	146
23	147
23	148
23	149
23	150
23	151
23	152
23	153
23	154
23	155
23	156
23	157
23	158
23	159
23	160
23	161
23	162
23	163
23	164
23	165
23	166
23	167
23	168
23	169
23	170
23	171
23	172
24	38
24	39
24	40
24	45
24	49
24	52
24	53
24	54
24	55
24	57
24	58
24	59
24	60
24	61
24	62
24	63
24	65
24	66
24	67
24	68
24	69
24	70
24	71
24	72
24	73
24	74
24	75
24	76
24	77
24	78
24	79
24	80
24	81
24	82
24	83
24	84
24	85
24	86
24	87
24	88
24	89
24	90
24	91
24	92
24	93
24	94
24	95
24	96
24	97
24	98
24	99
24	100
24	101
24	102
24	103
24	104
24	105
24	106
24	107
24	108
24	109
24	110
24	111
24	112
24	113
24	114
24	115
24	116
24	117
24	118
24	119
24	120
24	121
24	122
24	123
24	124
24	125
24	126
24	127
24	128
24	129
24	130
24	131
24	132
24	133
24	134
24	135
24	136
24	137
24	138
24	139
24	140
24	141
24	142
24	143
24	144
24	145
24	146
24	147
24	148
24	149
24	150
24	151
24	152
24	153
24	154
24	155
24	156
24	157
24	158
24	159
24	160
24	161
24	162
24	163
24	164
24	165
24	166
24	167
24	168
24	169
24	170
24	171
24	172
25	71
25	75
25	79
25	83
25	84
25	93
25	99
25	103
25	107
25	109
25	117
25	118
25	119
25	124
25	125
25	126
25	127
25	128
25	129
25	130
25	132
25	133
25	134
25	135
25	136
25	137
25	138
25	139
25	140
25	141
25	143
25	144
25	145
25	146
25	147
25	148
25	149
25	150
25	151
25	152
25	153
25	154
25	155
25	156
25	157
25	158
25	159
25	160
25	161
25	162
25	163
25	164
25	165
25	166
25	167
25	168
25	169
25	170
25	171
25	172
26	67
26	71
26	72
26	74
26	75
26	76
26	77
26	79
26	82
26	83
26	84
26	85
26	90
26	93
26	96
26	99
26	102
26	103
26	104
26	106
26	107
26	108
26	109
26	110
26	111
26	112
26	113
26	114
26	115
26	116
26	117
26	118
26	119
26	120
26	121
26	122
26	123
26	124
26	125
26	126
26	127
26	128
26	129
26	130
26	131
26	132
26	133
26	134
26	135
26	136
26	137
26	138
26	139
26	140
26	141
26	142
26	143
26	144
26	145
26	146
26	147
26	148
26	149
26	150
26	151
26	152
26	153
26	154
26	155
26	156
26	157
26	158
26	159
26	160
26	161
26	162
26	163
26	164
26	165
26	166
26	167
26	168
26	169
26	170
26	171
26	172
27	67
27	71
27	72
27	74
27	75
27	76
27	77
27	79
27	82
27	83
27	84
27	85
27	90
27	93
27	96
27	99
27	102
27	103
27	104
27	106
27	107
27	108
27	109
27	110
27	111
27	112
27	113
27	114
27	115
27	116
27	117
27	118
27	119
27	120
27	121
27	122
27	123
27	124
27	125
27	126
27	127
27	128
27	129
27	130
27	131
27	132
27	133
27	134
27	135
27	136
27	137
27	138
27	139
27	140
27	141
27	142
27	143
27	144
27	145
27	146
27	147
27	148
27	149
27	150
27	151
27	152
27	153
27	154
27	155
27	156
27	157
27	158
27	159
27	160
27	161
27	162
27	163
27	164
27	165
27	166
27	167
27	168
27	169
27	170
27	171
27	172
28	67
28	71
28	72
28	74
28	75
28	76
28	77
28	79
28	82
28	83
28	84
28	85
28	90
28	93
28	96
28	99
28	102
28	103
28	104
28	106
28	107
28	108
28	109
28	110
28	111
28	112
28	113
28	114
28	115
28	116
28	117
28	118
28	119
28	120
28	121
28	122
28	123
28	124
28	125
28	126
28	127
28	128
28	129
28	130
28	131
28	132
28	133
28	134
28	135
28	136
28	137
28	138
28	139
28	140
28	141
28	142
28	143
28	144
28	145
28	146
28	147
28	148
28	149
28	150
28	151
28	152
28	153
28	154
28	155
28	156
28	157
28	158
28	159
28	160
28	161
28	162
28	163
28	164
28	165
28	166
28	167
28	168
28	169
28	170
28	171
28	172
29	71
29	74
29	75
29	76
29	77
29	82
29	90
29	93
29	99
29	102
29	103
29	104
29	106
29	107
29	108
29	109
29	110
29	111
29	112
29	113
29	114
29	115
29	116
29	117
29	118
29	119
29	120
29	122
29	124
29	125
29	126
29	127
29	128
29	129
29	130
29	131
29	132
29	133
29	134
29	135
29	136
29	137
29	138
29	139
29	140
29	141
29	142
29	143
29	144
29	145
29	146
29	147
29	148
29	149
29	150
29	151
29	152
29	153
29	154
29	155
29	156
29	157
29	158
29	159
29	160
29	161
29	162
29	163
29	164
29	165
29	166
29	167
29	168
29	169
29	170
29	171
29	172
30	71
30	75
30	103
30	107
30	112
30	117
30	118
30	125
30	126
30	128
30	129
30	130
30	132
30	133
30	134
30	135
30	136
30	137
30	138
30	139
30	140
30	141
30	143
30	144
30	145
30	146
30	147
30	148
30	149
30	150
30	151
30	152
30	153
30	154
30	155
30	156
30	157
30	158
30	159
30	160
30	161
30	162
30	163
30	164
30	165
30	166
30	167
30	168
30	169
30	170
30	171
30	172
31	71
31	75
31	102
31	103
31	104
31	106
31	107
31	117
31	118
31	124
31	125
31	126
31	127
31	128
31	129
31	130
31	132
31	133
31	134
31	135
31	136
31	137
31	138
31	139
31	140
31	141
31	143
31	144
31	145
31	146
31	147
31	148
31	149
31	150
31	151
31	152
31	153
31	154
31	155
31	156
31	157
31	158
31	159
31	160
31	161
31	162
31	163
31	164
31	165
31	166
31	167
31	168
31	169
31	170
31	171
31	172
32	103
32	125
32	130
32	135
32	136
32	140
32	141
32	144
32	145
32	146
32	147
32	148
32	150
32	151
32	152
32	153
32	155
32	156
32	157
32	158
32	159
32	160
32	161
32	162
32	163
32	164
32	166
32	167
32	168
32	169
32	170
32	171
32	172
33	67
33	71
33	72
33	74
33	75
33	76
33	77
33	79
33	82
33	83
33	84
33	85
33	90
33	93
33	99
33	102
33	103
33	104
33	106
33	107
33	108
33	109
33	110
33	111
33	112
33	113
33	114
33	115
33	116
33	117
33	118
33	119
33	120
33	122
33	124
33	125
33	126
33	127
33	128
33	129
33	130
33	131
33	132
33	133
33	134
33	135
33	136
33	137
33	138
33	139
33	140
33	141
33	142
33	143
33	144
33	145
33	146
33	147
33	148
33	149
33	150
33	151
33	152
33	153
33	154
33	155
33	156
33	157
33	158
33	159
33	160
33	161
33	162
33	163
33	164
33	165
33	166
33	167
33	168
33	169
33	170
33	171
33	172
34	71
34	75
34	103
34	107
34	117
34	118
34	125
34	126
34	128
34	129
34	130
34	132
34	133
34	134
34	135
34	136
34	137
34	138
34	139
34	140
34	141
34	143
34	144
34	145
34	146
34	147
34	148
34	149
34	150
34	151
34	152
34	153
34	154
34	155
34	156
34	157
34	158
34	159
34	160
34	161
34	162
34	163
34	164
34	165
34	166
34	167
34	168
34	169
34	170
34	171
34	172
35	71
35	75
35	99
35	103
35	107
35	117
35	118
35	124
35	125
35	126
35	127
35	128
35	129
35	130
35	132
35	133
35	134
35	135
35	136
35	137
35	138
35	139
35	140
35	141
35	143
35	144
35	145
35	146
35	147
35	148
35	149
35	150
35	151
35	152
35	153
35	154
35	155
35	156
35	157
35	158
35	159
35	160
35	161
35	162
35	163
35	164
35	165
35	166
35	167
35	168
35	169
35	170
35	171
35	172
36	71
36	75
36	83
36	84
36	99
36	103
36	107
36	117
36	118
36	124
36	125
36	126
36	127
36	128
36	129
36	130
36	132
36	133
36	134
36	135
36	136
36	137
36	138
36	139
36	140
36	141
36	143
36	144
36	145
36	146
36	147
36	148
36	149
36	150
36	151
36	152
36	153
36	154
36	155
36	156
36	157
36	158
36	159
36	160
36	161
36	162
36	163
36	164
36	165
36	166
36	167
36	168
36	169
36	170
36	171
36	172
37	71
37	75
37	99
37	102
37	103
37	104
37	106
37	107
37	114
37	115
37	117
37	118
37	120
37	122
37	124
37	125
37	126
37	127
37	128
37	129
37	130
37	131
37	132
37	133
37	134
37	135
37	136
37	137
37	138
37	139
37	140
37	141
37	142
37	143
37	144
37	145
37	146
37	147
37	148
37	149
37	150
37	151
37	152
37	153
37	154
37	155
37	156
37	157
37	158
37	159
37	160
37	161
37	162
37	163
37	164
37	165
37	166
37	167
37	168
37	169
37	170
37	171
37	172
38	102
38	103
38	125
38	127
38	130
38	135
38	136
38	140
38	141
38	144
38	145
38	146
38	147
38	148
38	150
38	151
38	152
38	153
38	155
38	156
38	157
38	158
38	159
38	160
38	161
38	162
38	163
38	164
38	166
38	167
38	168
38	169
38	170
38	171
38	172
39	71
39	75
39	103
39	107
39	117
39	118
39	125
39	126
39	128
39	129
39	130
39	132
39	133
39	134
39	135
39	136
39	137
39	138
39	139
39	140
39	141
39	143
39	144
39	145
39	146
39	147
39	148
39	149
39	150
39	151
39	152
39	153
39	154
39	155
39	156
39	157
39	158
39	159
39	160
39	161
39	162
39	163
39	164
39	165
39	166
39	167
39	168
39	169
39	170
39	171
39	172
40	71
40	75
40	99
40	100
40	102
40	103
40	104
40	105
40	106
40	107
40	114
40	115
40	117
40	118
40	120
40	121
40	122
40	123
40	124
40	125
40	126
40	127
40	128
40	129
40	130
40	131
40	132
40	133
40	134
40	135
40	136
40	137
40	138
40	139
40	140
40	141
40	142
40	143
40	144
40	145
40	146
40	147
40	148
40	149
40	150
40	151
40	152
40	153
40	154
40	155
40	156
40	157
40	158
40	159
40	160
40	161
40	162
40	163
40	164
40	165
40	166
40	167
40	168
40	169
40	170
40	171
40	172
41	71
41	103
41	117
41	118
41	124
41	125
41	126
41	127
41	128
41	129
41	130
41	132
41	133
41	134
41	135
41	136
41	137
41	138
41	139
41	140
41	141
41	143
41	144
41	145
41	146
41	147
41	148
41	149
41	150
41	151
41	152
41	153
41	154
41	155
41	156
41	157
41	158
41	159
41	160
41	161
41	162
41	163
41	164
41	165
41	166
41	167
41	168
41	169
41	170
41	171
41	172
42	71
42	99
42	103
42	109
42	117
42	118
42	119
42	124
42	125
42	126
42	127
42	128
42	129
42	130
42	132
42	133
42	134
42	135
42	136
42	137
42	138
42	139
42	140
42	141
42	143
42	144
42	145
42	146
42	147
42	148
42	149
42	150
42	151
42	152
42	153
42	154
42	155
42	156
42	157
42	158
42	159
42	160
42	161
42	162
42	163
42	164
42	165
42	166
42	167
42	168
42	169
42	170
42	171
42	172
43	118
43	125
43	130
43	135
43	136
43	141
43	144
43	146
43	148
43	150
43	153
43	155
43	156
43	157
43	158
43	159
43	160
43	161
43	162
43	163
43	164
43	166
43	167
43	168
43	169
43	170
43	171
43	172
44	75
44	103
44	107
44	117
44	118
44	124
44	125
44	126
44	127
44	128
44	129
44	130
44	132
44	133
44	134
44	135
44	136
44	137
44	138
44	139
44	140
44	141
44	143
44	144
44	145
44	146
44	147
44	148
44	149
44	150
44	151
44	152
44	153
44	154
44	155
44	156
44	157
44	158
44	159
44	160
44	161
44	162
44	163
44	164
44	165
44	166
44	167
44	168
44	169
44	170
44	171
44	172
45	75
45	102
45	103
45	104
45	106
45	107
45	117
45	118
45	124
45	125
45	126
45	127
45	128
45	129
45	130
45	132
45	133
45	134
45	135
45	136
45	137
45	138
45	139
45	140
45	141
45	143
45	144
45	145
45	146
45	147
45	148
45	149
45	150
45	151
45	152
45	153
45	154
45	155
45	156
45	157
45	158
45	159
45	160
45	161
45	162
45	163
45	164
45	165
45	166
45	167
45	168
45	169
45	170
45	171
45	172
46	75
46	103
46	107
46	117
46	118
46	124
46	125
46	126
46	127
46	128
46	129
46	130
46	132
46	133
46	134
46	135
46	136
46	137
46	138
46	139
46	140
46	141
46	143
46	144
46	145
46	146
46	147
46	148
46	149
46	150
46	151
46	152
46	153
46	154
46	155
46	156
46	157
46	158
46	159
46	160
46	161
46	162
46	163
46	164
46	165
46	166
46	167
46	168
46	169
46	170
46	171
46	172
47	71
47	75
47	77
47	102
47	103
47	104
47	106
47	107
47	110
47	112
47	118
47	124
47	125
47	126
47	127
47	129
47	130
47	134
47	135
47	136
47	137
47	139
47	141
47	143
47	144
47	145
47	146
47	147
47	148
47	149
47	150
47	151
47	152
47	153
47	154
47	155
47	156
47	157
47	158
47	159
47	160
47	161
47	162
47	163
47	164
47	165
47	166
47	167
47	168
47	169
47	170
47	171
47	172
48	103
48	118
48	125
48	130
48	135
48	136
48	141
48	144
48	146
48	153
48	155
48	156
48	157
48	158
48	159
48	160
48	161
48	162
48	163
48	164
48	166
48	167
48	168
48	169
48	170
48	171
48	172
49	71
49	75
49	79
49	93
49	103
49	107
49	112
49	117
49	118
49	125
49	126
49	128
49	129
49	130
49	132
49	133
49	134
49	135
49	136
49	137
49	138
49	139
49	140
49	141
49	143
49	144
49	145
49	146
49	147
49	148
49	149
49	150
49	151
49	152
49	153
49	154
49	155
49	156
49	157
49	158
49	159
49	160
49	161
49	162
49	163
49	164
49	165
49	166
49	167
49	168
49	169
49	170
49	171
49	172
50	130
50	135
50	136
50	141
50	144
50	146
50	153
50	155
50	156
50	157
50	158
50	159
50	160
50	161
50	162
50	163
50	164
50	166
50	167
50	168
50	169
50	170
50	171
50	172
51	71
51	103
51	107
51	112
51	117
51	118
51	125
51	126
51	128
51	129
51	130
51	132
51	133
51	134
51	135
51	136
51	137
51	138
51	139
51	140
51	141
51	143
51	144
51	145
51	146
51	147
51	148
51	149
51	150
51	151
51	152
51	153
51	154
51	155
51	156
51	157
51	158
51	159
51	160
51	161
51	162
51	163
51	164
51	165
51	166
51	167
51	168
51	169
51	170
51	171
51	172
52	103
52	118
52	125
52	130
52	135
52	136
52	146
52	153
52	155
52	156
52	157
52	158
52	159
52	160
52	161
52	162
52	163
52	164
52	166
52	167
52	168
52	169
52	170
52	171
52	172
53	75
53	103
53	107
53	117
53	118
53	125
53	128
53	130
53	135
53	136
53	140
53	141
53	144
53	145
53	146
53	147
53	148
53	150
53	151
53	152
53	153
53	155
53	156
53	157
53	158
53	159
53	160
53	161
53	162
53	163
53	164
53	166
53	167
53	168
53	169
53	170
53	171
53	172
54	71
54	103
54	118
54	130
54	135
54	136
54	141
54	144
54	146
54	153
54	155
54	156
54	157
54	158
54	159
54	160
54	161
54	162
54	163
54	164
54	166
54	167
54	168
54	169
54	170
54	171
54	172
55	75
55	103
55	107
55	117
55	118
55	125
55	126
55	128
55	129
55	130
55	132
55	133
55	134
55	135
55	136
55	137
55	138
55	139
55	140
55	141
55	143
55	144
55	145
55	146
55	147
55	148
55	149
55	150
55	151
55	152
55	153
55	154
55	155
55	156
55	157
55	158
55	159
55	160
55	161
55	162
55	163
55	164
55	165
55	166
55	167
55	168
55	169
55	170
55	171
55	172
56	75
56	77
56	93
56	96
56	99
56	102
56	103
56	104
56	106
56	107
56	108
56	110
56	112
56	114
56	115
56	117
56	118
56	120
56	122
56	124
56	125
56	126
56	127
56	128
56	129
56	130
56	131
56	132
56	133
56	134
56	135
56	136
56	137
56	138
56	139
56	140
56	141
56	142
56	143
56	144
56	145
56	146
56	147
56	148
56	149
56	150
56	151
56	152
56	153
56	154
56	155
56	156
56	157
56	158
56	159
56	160
56	161
56	162
56	163
56	164
56	165
56	166
56	167
56	168
56	169
56	170
56	171
56	172
57	103
57	107
57	125
57	130
57	135
57	136
57	141
57	144
57	145
57	146
57	147
57	148
57	150
57	151
57	152
57	153
57	155
57	156
57	157
57	158
57	159
57	160
57	161
57	162
57	163
57	164
57	166
57	167
57	168
57	169
57	170
57	171
57	172
58	103
58	118
58	125
58	130
58	135
58	136
58	141
58	144
58	146
58	148
58	150
58	153
58	155
58	156
58	157
58	158
58	159
58	160
58	161
58	162
58	163
58	164
58	166
58	167
58	168
58	169
58	170
58	171
58	172
59	103
59	118
59	125
59	130
59	134
59	135
59	136
59	141
59	144
59	146
59	148
59	149
59	150
59	153
59	154
59	155
59	156
59	157
59	158
59	159
59	160
59	161
59	162
59	163
59	164
59	165
59	166
59	167
59	168
59	169
59	170
59	171
59	172
60	71
60	103
60	118
60	125
60	130
60	135
60	136
60	141
60	144
60	146
60	148
60	150
60	153
60	155
60	156
60	157
60	158
60	159
60	160
60	161
60	162
60	163
60	164
60	166
60	167
60	168
60	169
60	170
60	171
60	172
61	103
61	117
61	118
61	125
61	130
61	135
61	136
61	140
61	141
61	144
61	145
61	146
61	147
61	148
61	150
61	151
61	152
61	153
61	155
61	156
61	157
61	158
61	159
61	160
61	161
61	162
61	163
61	164
61	166
61	167
61	168
61	169
61	170
61	171
61	172
62	75
62	103
62	107
62	117
62	118
62	125
62	126
62	128
62	129
62	130
62	132
62	133
62	134
62	135
62	136
62	137
62	138
62	139
62	140
62	141
62	143
62	144
62	145
62	146
62	147
62	148
62	149
62	150
62	151
62	152
62	153
62	154
62	155
62	156
62	157
62	158
62	159
62	160
62	161
62	162
62	163
62	164
62	165
62	166
62	167
62	168
62	169
62	170
62	171
62	172
63	102
63	103
63	104
63	106
63	117
63	118
63	125
63	127
63	128
63	130
63	135
63	136
63	140
63	141
63	144
63	145
63	146
63	147
63	148
63	150
63	151
63	152
63	153
63	155
63	156
63	157
63	158
63	159
63	160
63	161
63	162
63	163
63	164
63	166
63	167
63	168
63	169
63	170
63	171
63	172
64	102
64	103
64	104
64	117
64	118
64	124
64	125
64	126
64	127
64	128
64	129
64	130
64	132
64	133
64	134
64	135
64	136
64	137
64	138
64	139
64	140
64	141
64	143
64	144
64	145
64	146
64	147
64	148
64	149
64	150
64	151
64	152
64	153
64	154
64	155
64	156
64	157
64	158
64	159
64	160
64	161
64	162
64	163
64	164
64	165
64	166
64	167
64	168
64	169
64	170
64	171
64	172
65	103
65	125
65	130
65	135
65	136
65	140
65	141
65	144
65	145
65	146
65	147
65	148
65	150
65	151
65	152
65	153
65	155
65	156
65	157
65	158
65	159
65	160
65	161
65	162
65	163
65	164
65	166
65	167
65	168
65	169
65	170
65	171
65	172
66	102
66	103
66	107
66	125
66	127
66	130
66	135
66	136
66	140
66	141
66	144
66	145
66	146
66	147
66	148
66	150
66	151
66	152
66	153
66	155
66	156
66	157
66	158
66	159
66	160
66	161
66	162
66	163
66	164
66	166
66	167
66	168
66	169
66	170
66	171
66	172
67	75
67	93
67	102
67	103
67	107
67	125
67	127
67	130
67	135
67	136
67	140
67	141
67	144
67	145
67	146
67	147
67	148
67	150
67	151
67	152
67	153
67	155
67	156
67	157
67	158
67	159
67	160
67	161
67	162
67	163
67	164
67	166
67	167
67	168
67	169
67	170
67	171
67	172
68	103
68	130
68	135
68	136
68	141
68	144
68	146
68	148
68	150
68	153
68	155
68	156
68	157
68	158
68	159
68	160
68	161
68	162
68	163
68	164
68	166
68	167
68	168
68	169
68	170
68	171
68	172
69	99
69	102
69	103
69	104
69	117
69	118
69	124
69	125
69	126
69	127
69	128
69	129
69	130
69	132
69	133
69	134
69	135
69	136
69	137
69	138
69	139
69	140
69	141
69	143
69	144
69	145
69	146
69	147
69	148
69	149
69	150
69	151
69	152
69	153
69	154
69	155
69	156
69	157
69	158
69	159
69	160
69	161
69	162
69	163
69	164
69	165
69	166
69	167
69	168
69	169
69	170
69	171
69	172
70	103
70	136
70	141
70	146
70	156
70	159
70	161
70	162
70	166
70	167
70	168
70	169
70	170
70	171
70	172
71	74
71	75
71	76
71	91
71	93
71	100
71	101
71	102
71	103
71	104
71	106
71	107
71	108
71	110
71	112
71	117
71	118
71	120
71	121
71	122
71	123
71	125
71	127
71	128
71	130
71	131
71	135
71	136
71	140
71	141
71	144
71	145
71	146
71	147
71	148
71	150
71	151
71	152
71	153
71	155
71	156
71	157
71	158
71	159
71	160
71	161
71	162
71	163
71	164
71	166
71	167
71	168
71	169
71	170
71	171
71	172
72	103
72	107
72	127
72	136
72	141
72	146
72	156
72	159
72	161
72	162
72	166
72	167
72	168
72	169
72	170
72	171
72	172
73	102
73	103
73	104
73	106
73	107
73	118
73	125
73	127
73	130
73	135
73	136
73	141
73	144
73	145
73	146
73	147
73	148
73	150
73	151
73	152
73	153
73	155
73	156
73	157
73	158
73	159
73	160
73	161
73	162
73	163
73	164
73	166
73	167
73	168
73	169
73	170
73	171
73	172
74	82
74	90
74	99
74	102
74	103
74	104
74	106
74	107
74	110
74	112
74	113
74	117
74	118
74	119
74	124
74	125
74	126
74	127
74	128
74	129
74	130
74	132
74	133
74	134
74	135
74	136
74	137
74	138
74	139
74	140
74	141
74	143
74	144
74	145
74	146
74	147
74	148
74	149
74	150
74	151
74	152
74	153
74	154
74	155
74	156
74	157
74	158
74	159
74	160
74	161
74	162
74	163
74	164
74	165
74	166
74	167
74	168
74	169
74	170
74	171
74	172
75	80
75	82
75	83
75	84
75	86
75	90
75	91
75	92
75	93
75	95
75	98
75	99
75	100
75	101
75	102
75	103
75	104
75	106
75	107
75	110
75	111
75	112
75	113
75	114
75	115
75	116
75	117
75	118
75	119
75	120
75	122
75	123
75	124
75	125
75	126
75	127
75	128
75	129
75	130
75	131
75	132
75	133
75	134
75	135
75	136
75	137
75	138
75	139
75	140
75	141
75	142
75	143
75	144
75	145
75	146
75	147
75	148
75	149
75	150
75	151
75	152
75	153
75	154
75	155
75	156
75	157
75	158
75	159
75	160
75	161
75	162
75	163
75	164
75	165
75	166
75	167
75	168
75	169
75	170
75	171
75	172
76	99
76	102
76	103
76	104
76	117
76	118
76	119
76	124
76	125
76	126
76	127
76	128
76	129
76	130
76	132
76	133
76	134
76	135
76	136
76	137
76	138
76	139
76	140
76	141
76	143
76	144
76	145
76	146
76	147
76	148
76	149
76	150
76	151
76	152
76	153
76	154
76	155
76	156
76	157
76	158
76	159
76	160
76	161
76	162
76	163
76	164
76	165
76	166
76	167
76	168
76	169
76	170
76	171
76	172
77	83
77	84
77	93
77	99
77	103
77	125
77	126
77	127
77	129
77	130
77	133
77	134
77	135
77	136
77	137
77	138
77	139
77	141
77	143
77	144
77	145
77	146
77	147
77	148
77	149
77	150
77	151
77	152
77	153
77	154
77	155
77	156
77	157
77	158
77	159
77	160
77	161
77	162
77	163
77	164
77	165
77	166
77	167
77	168
77	169
77	170
77	171
77	172
78	102
78	103
78	104
78	106
78	107
78	110
78	112
78	117
78	118
78	120
78	122
78	123
78	125
78	127
78	128
78	130
78	131
78	135
78	136
78	140
78	141
78	144
78	145
78	146
78	147
78	148
78	150
78	151
78	152
78	153
78	155
78	156
78	157
78	158
78	159
78	160
78	161
78	162
78	163
78	164
78	166
78	167
78	168
78	169
78	170
78	171
78	172
79	93
79	102
79	103
79	104
79	106
79	107
79	108
79	117
79	118
79	120
79	121
79	122
79	123
79	125
79	127
79	128
79	130
79	131
79	135
79	136
79	140
79	141
79	144
79	145
79	146
79	147
79	148
79	150
79	151
79	152
79	153
79	155
79	156
79	157
79	158
79	159
79	160
79	161
79	162
79	163
79	164
79	166
79	167
79	168
79	169
79	170
79	171
79	172
80	93
80	103
80	107
80	125
80	130
80	135
80	136
80	140
80	141
80	144
80	145
80	146
80	147
80	148
80	150
80	151
80	152
80	153
80	155
80	156
80	157
80	158
80	159
80	160
80	161
80	162
80	163
80	164
80	166
80	167
80	168
80	169
80	170
80	171
80	172
81	102
81	103
81	104
81	106
81	107
81	117
81	118
81	125
81	128
81	130
81	135
81	136
81	140
81	141
81	144
81	145
81	146
81	147
81	148
81	150
81	151
81	152
81	153
81	155
81	156
81	157
81	158
81	159
81	160
81	161
81	162
81	163
81	164
81	166
81	167
81	168
81	169
81	170
81	171
81	172
82	93
82	99
82	102
82	103
82	106
82	107
82	117
82	118
82	125
82	126
82	127
82	129
82	130
82	132
82	133
82	134
82	135
82	136
82	137
82	138
82	139
82	140
82	141
82	143
82	144
82	145
82	146
82	147
82	148
82	149
82	150
82	151
82	152
82	153
82	154
82	155
82	156
82	157
82	158
82	159
82	160
82	161
82	162
82	163
82	164
82	165
82	166
82	167
82	168
82	169
82	170
82	171
82	172
83	93
83	96
83	99
83	102
83	103
83	104
83	106
83	107
83	108
83	114
83	115
83	117
83	118
83	120
83	121
83	122
83	123
83	124
83	125
83	126
83	127
83	128
83	129
83	130
83	131
83	132
83	133
83	134
83	135
83	136
83	137
83	138
83	139
83	140
83	141
83	142
83	143
83	144
83	145
83	146
83	147
83	148
83	149
83	150
83	151
83	152
83	153
83	154
83	155
83	156
83	157
83	158
83	159
83	160
83	161
83	162
83	163
83	164
83	165
83	166
83	167
83	168
83	169
83	170
83	171
83	172
84	93
84	96
84	99
84	102
84	103
84	104
84	106
84	107
84	108
84	114
84	115
84	117
84	118
84	120
84	121
84	122
84	123
84	124
84	125
84	126
84	127
84	128
84	129
84	130
84	131
84	132
84	133
84	134
84	135
84	136
84	137
84	138
84	139
84	140
84	141
84	142
84	143
84	144
84	145
84	146
84	147
84	148
84	149
84	150
84	151
84	152
84	153
84	154
84	155
84	156
84	157
84	158
84	159
84	160
84	161
84	162
84	163
84	164
84	165
84	166
84	167
84	168
84	169
84	170
84	171
84	172
85	96
85	99
85	102
85	103
85	104
85	106
85	107
85	117
85	118
85	124
85	125
85	126
85	127
85	128
85	129
85	130
85	132
85	133
85	134
85	135
85	136
85	137
85	138
85	139
85	140
85	141
85	143
85	144
85	145
85	146
85	147
85	148
85	149
85	150
85	151
85	152
85	153
85	154
85	155
85	156
85	157
85	158
85	159
85	160
85	161
85	162
85	163
85	164
85	165
85	166
85	167
85	168
85	169
85	170
85	171
85	172
86	103
86	107
86	118
86	130
86	135
86	136
86	141
86	144
86	145
86	146
86	147
86	151
86	152
86	153
86	155
86	156
86	157
86	158
86	159
86	160
86	161
86	162
86	163
86	164
86	166
86	167
86	168
86	169
86	170
86	171
86	172
87	103
87	136
87	141
87	146
87	156
87	159
87	161
87	162
87	166
87	167
87	168
87	169
87	170
87	171
87	172
88	103
88	136
88	153
88	155
88	156
88	159
88	160
88	161
88	162
88	163
88	164
88	166
88	167
88	168
88	169
88	170
88	171
88	172
89	93
89	130
89	135
89	136
89	144
89	146
89	148
89	150
89	153
89	155
89	156
89	157
89	158
89	159
89	160
89	161
89	162
89	163
89	164
89	166
89	167
89	168
89	169
89	170
89	171
89	172
90	93
90	156
90	161
90	162
90	169
90	170
90	171
90	172
91	102
91	103
91	107
91	118
91	130
91	134
91	135
91	136
91	137
91	139
91	141
91	144
91	145
91	146
91	147
91	149
91	151
91	152
91	153
91	155
91	156
91	157
91	158
91	159
91	160
91	161
91	162
91	163
91	164
91	165
91	166
91	167
91	168
91	169
91	170
91	171
91	172
92	102
92	103
92	104
92	107
92	118
92	125
92	126
92	129
92	130
92	134
92	135
92	136
92	137
92	139
92	141
92	143
92	144
92	145
92	146
92	147
92	148
92	149
92	150
92	151
92	152
92	153
92	154
92	155
92	156
92	157
92	158
92	159
92	160
92	161
92	162
92	163
92	164
92	165
92	166
92	167
92	168
92	169
92	170
92	171
92	172
93	99
93	102
93	103
93	104
93	105
93	106
93	107
93	108
93	109
93	110
93	111
93	112
93	113
93	114
93	115
93	116
93	117
93	118
93	119
93	120
93	122
93	124
93	125
93	126
93	127
93	128
93	129
93	130
93	131
93	132
93	133
93	134
93	135
93	136
93	137
93	138
93	139
93	140
93	141
93	142
93	143
93	144
93	145
93	146
93	147
93	148
93	149
93	150
93	151
93	152
93	153
93	154
93	155
93	156
93	157
93	158
93	159
93	160
93	161
93	162
93	163
93	164
93	165
93	166
93	167
93	168
93	169
93	170
93	171
93	172
94	102
94	103
94	104
94	106
94	107
94	118
94	124
94	125
94	126
94	127
94	129
94	130
94	134
94	135
94	136
94	137
94	139
94	141
94	143
94	144
94	145
94	146
94	147
94	148
94	149
94	150
94	151
94	152
94	153
94	154
94	155
94	156
94	157
94	158
94	159
94	160
94	161
94	162
94	163
94	164
94	165
94	166
94	167
94	168
94	169
94	170
94	171
94	172
95	103
95	107
95	125
95	130
95	135
95	136
95	141
95	144
95	145
95	146
95	147
95	148
95	150
95	151
95	152
95	153
95	155
95	156
95	157
95	158
95	159
95	160
95	161
95	162
95	163
95	164
95	166
95	167
95	168
95	169
95	170
95	171
95	172
96	102
96	103
96	104
96	107
96	117
96	118
96	125
96	127
96	128
96	130
96	135
96	136
96	140
96	141
96	144
96	145
96	146
96	147
96	148
96	150
96	151
96	152
96	153
96	155
96	156
96	157
96	158
96	159
96	160
96	161
96	162
96	163
96	164
96	166
96	167
96	168
96	169
96	170
96	171
96	172
97	130
97	135
97	136
97	141
97	144
97	145
97	146
97	147
97	151
97	152
97	153
97	155
97	156
97	157
97	158
97	159
97	160
97	161
97	162
97	163
97	164
97	166
97	167
97	168
97	169
97	170
97	171
97	172
98	102
98	103
98	107
98	125
98	130
98	135
98	136
98	141
98	144
98	146
98	148
98	150
98	153
98	155
98	156
98	157
98	158
98	159
98	160
98	161
98	162
98	163
98	164
98	166
98	167
98	168
98	169
98	170
98	171
98	172
99	103
99	146
99	156
99	162
99	169
99	170
99	171
99	172
100	103
100	136
100	146
100	147
100	151
100	152
100	156
100	159
100	160
100	161
100	162
100	163
100	164
100	167
100	168
100	169
100	170
100	171
100	172
101	103
101	107
101	136
101	146
101	147
101	151
101	152
101	156
101	159
101	160
101	161
101	162
101	163
101	164
101	167
101	168
101	169
101	170
101	171
101	172
102	112
102	117
102	118
102	119
102	120
102	123
102	125
102	127
102	128
102	130
102	131
102	135
102	136
102	140
102	141
102	144
102	145
102	146
102	147
102	148
102	150
102	151
102	152
102	153
102	155
102	156
102	157
102	158
102	159
102	160
102	161
102	162
102	163
102	164
102	166
102	167
102	168
102	169
102	170
102	171
102	172
103	107
103	109
103	111
103	112
103	113
103	114
103	115
103	116
103	117
103	118
103	119
103	120
103	121
103	122
103	123
103	124
103	125
103	126
103	127
103	128
103	129
103	130
103	131
103	132
103	133
103	134
103	135
103	136
103	137
103	138
103	139
103	140
103	141
103	142
103	143
103	144
103	145
103	146
103	147
103	148
103	149
103	150
103	151
103	152
103	153
103	154
103	155
103	156
103	157
103	158
103	159
103	160
103	161
103	162
103	163
103	164
103	165
103	166
103	167
103	168
103	169
103	170
103	171
103	172
104	117
104	125
104	130
104	135
104	136
104	140
104	141
104	144
104	145
104	146
104	147
104	148
104	150
104	151
104	152
104	153
104	155
104	156
104	157
104	158
104	159
104	160
104	161
104	162
104	163
104	164
104	166
104	167
104	168
104	169
104	170
104	171
104	172
105	136
105	141
105	146
105	156
105	159
105	161
105	162
105	166
105	167
105	168
105	169
105	170
105	171
105	172
106	112
106	117
106	118
106	120
106	125
106	128
106	130
106	131
106	135
106	136
106	140
106	141
106	144
106	145
106	146
106	147
106	148
106	150
106	151
106	152
106	153
106	155
106	156
106	157
106	158
106	159
106	160
106	161
106	162
106	163
106	164
106	166
106	167
106	168
106	169
106	170
106	171
106	172
107	117
107	118
107	119
107	123
107	125
107	127
107	129
107	130
107	131
107	132
107	133
107	134
107	135
107	136
107	138
107	139
107	140
107	141
107	142
107	144
107	145
107	146
107	147
107	148
107	149
107	150
107	151
107	152
107	153
107	154
107	155
107	156
107	157
107	158
107	159
107	160
107	161
107	162
107	163
107	164
107	165
107	166
107	167
107	168
107	169
107	170
107	171
107	172
108	130
108	136
108	141
108	144
108	145
108	146
108	147
108	151
108	152
108	153
108	155
108	156
108	159
108	160
108	161
108	162
108	163
108	164
108	166
108	167
108	168
108	169
108	170
108	171
108	172
109	136
109	146
109	156
109	159
109	161
109	162
109	166
109	167
109	168
109	169
109	170
109	171
109	172
110	136
110	145
110	146
110	147
110	151
110	152
110	153
110	155
110	156
110	159
110	160
110	161
110	162
110	163
110	164
110	166
110	167
110	168
110	169
110	170
110	171
110	172
111	136
111	146
111	153
111	155
111	156
111	159
111	160
111	161
111	162
111	163
111	164
111	166
111	167
111	168
111	169
111	170
111	171
111	172
112	118
112	130
112	136
112	141
112	144
112	145
112	146
112	147
112	151
112	152
112	153
112	155
112	156
112	159
112	160
112	161
112	162
112	163
112	164
112	166
112	167
112	168
112	169
112	170
112	171
112	172
113	136
113	145
113	146
113	147
113	151
113	152
113	153
113	155
113	156
113	159
113	160
113	161
113	162
113	163
113	164
113	166
113	167
113	168
113	169
113	170
113	171
113	172
114	136
114	146
114	156
114	159
114	161
114	162
114	167
114	168
114	169
114	170
114	171
114	172
115	146
115	156
115	161
115	162
115	167
115	168
115	169
115	170
115	171
115	172
116	130
116	136
116	141
116	144
116	146
116	153
116	155
116	156
116	159
116	160
116	161
116	162
116	163
116	164
116	166
116	167
116	168
116	169
116	170
116	171
116	172
117	118
117	125
117	130
117	135
117	136
117	139
117	144
117	145
117	146
117	147
117	149
117	151
117	152
117	153
117	155
117	156
117	157
117	158
117	159
117	160
117	161
117	162
117	163
117	164
117	165
117	166
117	167
117	168
117	169
117	170
117	171
117	172
118	130
118	135
118	136
118	141
118	144
118	145
118	146
118	147
118	148
118	150
118	151
118	152
118	153
118	155
118	156
118	157
118	158
118	159
118	160
118	161
118	162
118	163
118	164
118	166
118	167
118	168
118	169
118	170
118	171
118	172
119	136
119	146
119	147
119	151
119	152
119	156
119	159
119	160
119	161
119	162
119	163
119	164
119	167
119	168
119	169
119	170
119	171
119	172
120	136
120	146
120	153
120	155
120	156
120	159
120	160
120	161
120	162
120	163
120	164
120	166
120	167
120	168
120	169
120	170
120	171
120	172
121	136
121	146
121	153
121	155
121	156
121	159
121	160
121	161
121	162
121	163
121	164
121	166
121	167
121	168
121	169
121	170
121	171
121	172
122	136
122	146
122	156
122	159
122	160
122	161
122	162
122	163
122	164
122	167
122	168
122	169
122	170
122	171
122	172
123	136
123	146
123	153
123	155
123	156
123	159
123	160
123	161
123	162
123	163
123	164
123	166
123	167
123	168
123	169
123	170
123	171
123	172
124	136
124	146
124	156
124	159
124	161
124	162
124	167
124	168
124	169
124	170
124	171
124	172
125	136
125	146
125	153
125	155
125	156
125	159
125	160
125	161
125	162
125	163
125	164
125	166
125	167
125	168
125	169
125	170
125	171
125	172
126	156
126	161
126	162
126	167
126	168
126	169
126	170
126	171
126	172
127	135
127	136
127	139
127	145
127	146
127	147
127	149
127	151
127	152
127	153
127	155
127	156
127	157
127	158
127	159
127	160
127	161
127	162
127	163
127	164
127	165
127	166
127	167
127	168
127	169
127	170
127	171
127	172
128	135
128	136
128	146
128	147
128	151
128	152
128	153
128	155
128	156
128	157
128	158
128	159
128	160
128	161
128	162
128	163
128	164
128	166
128	167
128	168
128	169
128	170
128	171
128	172
129	136
129	146
129	156
129	159
129	161
129	162
129	167
129	168
129	169
129	170
129	171
129	172
130	135
130	136
130	141
130	144
130	145
130	146
130	147
130	151
130	152
130	153
130	155
130	156
130	157
130	158
130	159
130	160
130	161
130	162
130	163
130	164
130	166
130	167
130	168
130	169
130	170
130	171
130	172
131	136
131	146
131	153
131	155
131	156
131	159
131	160
131	161
131	162
131	163
131	164
131	166
131	167
131	168
131	169
131	170
131	171
131	172
132	136
132	156
132	159
132	161
132	162
132	166
132	167
132	168
132	169
132	170
132	171
132	172
133	136
133	146
133	156
133	159
133	161
133	162
133	166
133	167
133	168
133	169
133	170
133	171
133	172
134	136
134	146
134	156
134	159
134	161
134	162
134	166
134	167
134	168
134	169
134	170
134	171
134	172
135	141
135	146
135	147
135	151
135	152
135	156
135	160
135	161
135	162
135	166
135	167
135	168
135	169
135	170
135	171
135	172
136	137
136	139
136	140
136	141
136	142
136	144
136	145
136	146
136	147
136	149
136	150
136	151
136	152
136	153
136	155
136	156
136	159
136	160
136	161
136	162
136	163
136	164
136	166
136	167
136	168
136	169
136	170
136	171
136	172
137	141
137	156
137	159
137	161
137	162
137	166
137	167
137	168
137	169
137	170
137	171
137	172
138	156
138	161
138	162
138	167
138	168
138	169
138	170
138	171
138	172
139	141
139	156
139	159
139	161
139	162
139	166
139	167
139	168
139	169
139	170
139	171
139	172
140	146
140	153
140	155
140	156
140	159
140	160
140	161
140	162
140	163
140	164
140	166
140	167
140	168
140	169
140	170
140	171
140	172
141	145
141	146
141	147
141	148
141	149
141	150
141	151
141	152
141	153
141	154
141	155
141	156
141	157
141	158
141	159
141	160
141	161
141	162
141	163
141	164
141	165
141	166
141	167
141	168
141	169
141	170
141	171
141	172
142	156
142	159
142	161
142	162
142	166
142	167
142	168
142	169
142	170
142	171
142	172
143	146
143	156
143	161
143	169
143	170
143	171
143	172
144	146
144	153
144	155
144	156
144	159
144	160
144	161
144	162
144	163
144	164
144	166
144	167
144	168
144	169
144	170
144	171
144	172
145	153
145	155
145	156
145	159
145	160
145	161
145	162
145	163
145	164
145	166
145	167
145	168
145	169
145	170
145	171
145	172
146	148
146	149
146	150
146	153
146	154
146	155
146	156
146	157
146	158
146	159
146	160
146	161
146	162
146	163
146	164
146	165
146	166
146	167
146	168
146	169
146	170
146	171
146	172
147	148
147	150
147	153
147	155
147	156
147	157
147	158
147	159
147	160
147	161
147	162
147	163
147	164
147	166
147	167
147	168
147	169
147	170
147	171
147	172
148	151
148	152
148	156
148	162
148	169
148	170
148	171
148	172
149	156
149	162
149	169
149	170
149	171
149	172
150	151
150	152
150	156
150	170
150	171
150	172
151	153
151	155
151	156
151	157
151	158
151	159
151	160
151	161
151	162
151	163
151	164
151	166
151	167
151	168
151	169
151	170
151	171
151	172
152	153
152	155
152	156
152	157
152	158
152	159
152	160
152	161
152	162
152	163
152	164
152	166
152	167
152	168
152	169
152	170
152	171
152	172
153	156
153	159
153	160
153	161
153	162
153	163
153	164
153	166
153	167
153	168
153	169
153	170
153	171
153	172
154	156
154	161
154	162
154	167
154	168
154	169
154	170
154	171
154	172
155	156
155	159
155	160
155	161
155	162
155	163
155	164
155	166
155	167
155	168
155	169
155	170
155	171
155	172
156	157
156	158
156	159
156	160
156	161
156	162
156	163
156	164
156	165
156	166
156	167
156	168
156	169
156	170
156	171
156	172
157	169
157	170
157	171
157	172
158	160
158	169
158	170
158	171
158	172
159	160
159	164
159	170
159	171
159	172
160	161
160	162
160	167
160	168
160	169
160	170
160	171
160	172
161	164
161	171
161	172
162	164
162	171
162	172
163	170
163	171
163	172
164	166
164	169
164	170
164	171
164	172
165	169
165	170
165	171
165	172
166	171
166	172
167	171
167	172
168	171
168	172
169	171
169	172
170	171
170	172