288	1828
1	3
1	4
1	5
1	6
1	42
1	228
1	273
1	285
1	287
2	3
2	4
2	5
2	6
2	42
2	228
2	273
2	285
2	287
3	7
3	8
3	9
3	10
3	11
3	12
3	13
3	14
3	15
3	16
3	17
3	18
3	19
3	20
3	21
3	22
3	23
3	24
3	25
3	26
3	27
3	28
3	29
3	30
3	31
3	32
3	33
3	34
3	35
3	36
3	37
3	38
3	39
3	40
3	41
3	42
3	43
3	44
3	45
3	46
3	47
3	48
3	49
3	50
3	51
3	52
3	53
3	54
3	55
3	56
3	57
3	58
3	59
3	60
3	61
3	62
3	63
3	64
3	65
3	66
3	67
3	68
3	69
3	70
3	71
3	72
3	73
3	74
3	75
3	76
3	77
3	78
3	79
3	80
3	81
3	82
3	83
3	84
3	85
3	86
3	87
3	88
3	89
3	90
3	91
3	92
3	93
3	94
3	95
3	96
3	97
3	98
3	99
3	100
3	101
3	102
3	103
3	104
3	105
3	106
3	107
3	108
3	109
3	110
3	111
3	112
3	113
3	114
3	115
3	116
3	117
3	118
3	119
3	120
3	121
3	122
3	123
3	124
3	125
3	126
3	127
3	128
3	129
3	130
3	131
3	132
3	133
3	134
3	135
3	136
3	137
3	138
3	139
3	140
3	141
3	142
3	143
3	144
3	145
3	146
3	147
3	148
3	149
3	150
3	151
3	152
3	153
3	154
3	155
3	156
3	157
3	158
3	159
3	160
3	161
3	162
3	163
3	164
3	165
3	166
3	167
3	168
3	169
3	170
3	171
3	172
3	173
3	174
3	175
3	176
3	177
3	178
3	179
3	180
3	181
3	182
3	183
3	184
3	185
3	186
3	187
3	188
3	189
3	190
3	191
3	192
3	193
3	194
3	195
3	196
3	197
3	198
3	199
3	200
3	201
3	202
3	203
3	204
3	205
3	206
3	207
3	208
3	209
3	210
3	211
3	212
3	213
3	214
3	215
3	216
3	217
3	218
3	219
3	220
3	221
3	222
3	223
3	224
3	225
3	226
3	227
3	228
3	229
3	230
3	231
3	232
3	233
3	234
3	235
3	236
3	237
3	238
3	239
3	240
3	241
3	242
3	243
3	244
3	245
3	246
3	247
3	248
3	249
3	250
3	251
3	252
3	253
3	254
3	255
3	256
3	257
3	258
3	259
3	260
3	261
3	262
3	263
3	264
3	265
3	266
3	267
3	268
3	269
3	270
3	271
3	272
3	273
3	274
3	275
3	276
3	277
3	278
3	279
3	280
3	281
3	282
3	283
3	284
3	285
3	286
3	287
3	288
4	7
4	8
4	9
4	10
4	11
4	12
4	13
4	14
4	15
4	16
4	17
4	18
4	19
4	20
4	21
4	22
4	23
4	24
4	25
4	26
4	27
4	28
4	29
4	30
4	31
4	32
4	33
4	34
4	35
4	36
4	37
4	38
4	39
4	40
4	41
4	42
4	43
4	44
4	45
4	46
4	47
4	48
4	49
4	50
4	51
4	52
4	53
4	54
4	55
4	56
4	57
4	58
4	59
4	60
4	61
4	62
4	63
4	64
4	65
4	66
4	67
4	68
4	69
4	70
4	71
4	72
4	73
4	74
4	75
4	76
4	77
4	78
4	79
4	80
4	81
4	82
4	83
4	84
4	85
4	86
4	87
4	88
4	89
4	90
4	91
4	92
4	93
4	94
4	95
4	96
4	97
4	98
4	99
4	100
4	101
4	102
4	103
4	104
4	105
4	106
4	107
4	108
4	109
4	110
4	111
4	112
4	113
4	114
4	115
4	116
4	117
4	118
4	119
4	120
4	121
4	122
4	123
4	124
4	125
4	126
4	127
4	128
4	129
4	130
4	131
4	132
4	133
4	134
4	135
4	136
4	137
4	138
4	139
4	140
4	141
4	142
4	143
4	144
4	145
4	146
4	147
4	148
4	149
4	150
4	151
4	152
4	153
4	154
4	155
4	156
4	157
4	158
4	159
4	160
4	161
4	162
4	163
4	164
4	165
4	166
4	167
4	168
4	169
4	170
4	171
4	172
4	173
4	174
4	175
4	176
4	177
4	178
4	179
4	180
4	181
4	182
4	183
4	184
4	185
4	186
4	187
4	188
4	189
4	190
4	191
4	192
4	193
4	194
4	195
4	196
4	197
4	198
4	199
4	200
4	201
4	202
4	203
4	204
4	205
4	206
4	207
4	208
4	209
4	210
4	211
4	212
4	213
4	214
4	215
4	216
4	217
4	218
4	219
4	220
4	221
4	222
4	223
4	224
4	225
4	226
4	227
4	228
4	229
4	230
4	231
4	232
4	233
4	234
4	235
4	236
4	237
4	238
4	239
4	240
4	241
4	242
4	243
4	244
4	245
4	246
4	247
4	248
4	249
4	250
4	251
4	252
4	253
4	254
4	255
4	256
4	257
4	258
4	259
4	260
4	261
4	262
4	263
4	264
4	265
4	266
4	267
4	268
4	269
4	270
4	271
4	272
4	273
4	274
4	275
4	276
4	277
4	278
4	279
4	280
4	281
4	282
4	283
4	284
4	285
4	286
4	287
4	288
5	7
5	8
5	9
5	10
5	11
5	12
5	13
5	14
5	15
5	16
5	17
5	18
5	19
5	20
5	21
5	22
5	23
5	24
5	25
5	26
5	27
5	28
5	29
5	30
5	31
5	32
5	33
5	34
5	35
5	36
5	37
5	38
5	39
5	40
5	41
5	42
5	43
5	44
5	45
5	46
5	47
5	48
5	49
5	50
5	51
5	52
5	53
5	54
5	55
5	56
5	57
5	58
5	59
5	60
5	61
5	62
5	63
5	64
5	65
5	66
5	67
5	68
5	69
5	70
5	71
5	72
5	73
5	74
5	75
5	76
5	77
5	78
5	79
5	80
5	81
5	82
5	83
5	84
5	85
5	86
5	87
5	88
5	89
5	90
5	91
5	92
5	93
5	94
5	95
5	96
5	97
5	98
5	99
5	100
5	101
5	102
5	103
5	104
5	105
5	106
5	107
5	108
5	109
5	110
5	111
5	112
5	113
5	114
5	115
5	116
5	117
5	118
5	119
5	120
5	121
5	122
5	123
5	124
5	125
5	126
5	127
5	128
5	129
5	130
5	131
5	132
5	133
5	134
5	135
5	136
5	137
5	138
5	139
5	140
5	141
5	142
5	143
5	144
5	145
5	146
5	147
5	148
5	149
5	150
5	151
5	152
5	153
5	154
5	155
5	156
5	157
5	158
5	159
5	160
5	161
5	162
5	163
5	164
5	165
5	166
5	167
5	168
5	169
5	170
5	171
5	172
5	173
5	174
5	175
5	176
5	177
5	178
5	179
5	180
5	181
5	182
5	183
5	184
5	185
5	186
5	187
5	188
5	189
5	190
5	191
5	192
5	193
5	194
5	195
5	196
5	197
5	198
5	199
5	200
5	201
5	202
5	203
5	204
5	205
5	206
5	207
5	208
5	209
5	210
5	211
5	212
5	213
5	214
5	215
5	216
5	217
5	218
5	219
5	220
5	221
5	222
5	223
5	224
5	225
5	226
5	227
5	228
5	229
5	230
5	231
5	232
5	233
5	234
5	235
5	236
5	237
5	238
5	239
5	240
5	241
5	242
5	243
5	244
5	245
5	246
5	247
5	248
5	249
5	250
5	251
5	252
5	253
5	254
5	255
5	256
5	257
5	258
5	259
5	260
5	261
5	262
5	263
5	264
5	265
5	266
5	267
5	268
5	269
5	270
5	271
5	272
5	273
5	274
5	275
5	276
5	277
5	278
5	279
5	280
5	281
5	282
5	283
5	284
5	285
5	286
5	287
5	288
6	7
6	8
6	9
6	10
6	11
6	12
6	13
6	14
6	15
6	16
6	17
6	18
6	19
6	20
6	21
6	22
6	23
6	24
6	25
6	26
6	27
6	28
6	29
6	30
6	31
6	32
6	33
6	34
6	35
6	36
6	37
6	38
6	39
6	40
6	41
6	42
6	43
6	44
6	45
6	46
6	47
6	48
6	49
6	50
6	51
6	52
6	53
6	54
6	55
6	56
6	57
6	58
6	59
6	60
6	61
6	62
6	63
6	64
6	65
6	66
6	67
6	68
6	69
6	70
6	71
6	72
6	73
6	74
6	75
6	76
6	77
6	78
6	79
6	80
6	81
6	82
6	83
6	84
6	85
6	86
6	87
6	88
6	89
6	90
6	91
6	92
6	93
6	94
6	95
6	96
6	97
6	98
6	99
6	100
6	101
6	102
6	103
6	104
6	105
6	106
6	107
6	108
6	109
6	110
6	111
6	112
6	113
6	114
6	115
6	116
6	117
6	118
6	119
6	120
6	121
6	122
6	123
6	124
6	125
6	126
6	127
6	128
6	129
6	130
6	131
6	132
6	133
6	134
6	135
6	136
6	137
6	138
6	139
6	140
6	141
6	142
6	143
6	144
6	145
6	146
6	147
6	148
6	149
6	150
6	151
6	152
6	153
6	154
6	155
6	156
6	157
6	158
6	159
6	160
6	161
6	162
6	163
6	164
6	165
6	166
6	167
6	168
6	169
6	170
6	171
6	172
6	173
6	174
6	175
6	176
6	177
6	178
6	179
6	180
6	181
6	182
6	183
6	184
6	185
6	186
6	187
6	188
6	189
6	190
6	191
6	192
6	193
6	194
6	195
6	196
6	197
6	198
6	199
6	200
6	201
6	202
6	203
6	204
6	205
6	206
6	207
6	208
6	209
6	210
6	211
6	212
6	213
6	214
6	215
6	216
6	217
6	218
6	219
6	220
6	221
6	222
6	223
6	224
6	225
6	226
6	227
6	228
6	229
6	230
6	231
6	232
6	233
6	234
6	235
6	236
6	237
6	238
6	239
6	240
6	241
6	242
6	243
6	244
6	245
6	246
6	247
6	248
6	249
6	250
6	251
6	252
6	253
6	254
6	255
6	256
6	257
6	258
6	259
6	260
6	261
6	262
6	263
6	264
6	265
6	266
6	267
6	268
6	269
6	270
6	271
6	272
6	273
6	274
6	275
6	276
6	277
6	278
6	279
6	280
6	281
6	282
6	283
6	284
6	285
6	286
6	287
6	288
7	42
7	228
7	273
7	285
7	287
8	42
8	228
8	273
8	285
8	287
9	42
9	228
9	273
9	285
10	42
10	228
11	42
11	228
12	42
12	228
13	42
13	228
13	273
13	285
14	42
14	228
14	273
14	285
14	287
15	42
15	228
15	273
15	285
15	287
16	42
16	228
17	42
17	228
18	42
18	228
19	42
19	228
19	273
19	285
19	287
20	42
20	228
21	42
21	228
22	42
22	228
22	273
22	285
22	287
23	42
23	228
23	273
23	285
23	287
24	42
24	228
25	42
25	228
26	42
26	228
26	273
26	285
26	287
27	42
27	228
27	273
27	285
27	287
28	42
28	228
28	273
28	285
28	287
29	42
29	228
30	42
30	228
31	42
31	228
32	42
32	228
33	42
33	228
33	273
33	285
33	287
34	42
34	228
35	42
35	228
36	42
36	228
37	42
37	228
38	42
38	228
39	42
39	228
40	42
40	228
41	42
41	228
42	43
42	44
42	45
42	46
42	47
42	48
42	49
42	50
42	51
42	52
42	53
42	54
42	55
42	56
42	57
42	58
42	59
42	60
42	61
42	62
42	63
42	64
42	65
42	66
42	67
42	68
42	69
42	70
42	71
42	72
42	73
42	74
42	75
42	76
42	77
42	78
42	79
42	80
42	81
42	82
42	83
42	84
42	85
42	86
42	87
42	88
42	89
42	90
42	91
42	92
42	93
42	94
42	95
42	96
42	97
42	98
42	99
42	100
42	101
42	102
42	103
42	104
42	105
42	106
42	107
42	108
42	109
42	110
42	111
42	112
42	113
42	114
42	115
42	116
42	117
42	118
42	119
42	120
42	121
42	122
42	123
42	124
42	125
42	126
42	127
42	128
42	129
42	130
42	131
42	132
42	133
42	134
42	135
42	136
42	137
42	138
42	139
42	140
42	141
42	142
42	143
42	144
42	145
42	146
42	147
42	148
42	149
42	150
42	151
42	152
42	153
42	154
42	155
42	156
42	157
42	158
42	159
42	160
42	161
42	162
42	163
42	164
42	165
42	166
42	167
42	168
42	169
42	170
42	171
42	172
42	173
42	174
42	175
42	176
42	177
42	178
42	179
42	180
42	181
42	182
42	183
42	184
42	185
42	186
42	187
42	188
42	189
42	190
42	191
42	192
42	193
42	194
42	195
42	196
42	197
42	198
42	199
42	200
42	201
42	202
42	203
42	204
42	205
42	206
42	207
42	208
42	209
42	210
42	211
42	212
42	213
42	214
42	215
42	216
42	217
42	218
42	219
42	220
42	221
42	222
42	223
42	224
42	225
42	226
42	227
42	228
42	229
42	230
42	231
42	232
42	233
42	234
42	235
42	236
42	237
42	238
42	239
42	240
42	241
42	242
42	243
42	244
42	245
42	246
42	247
42	248
42	249
42	250
42	251
42	252
42	253
42	254
42	255
42	256
42	257
42	258
42	259
42	260
42	261
42	262
42	263
42	264
42	265
42	266
42	267
42	268
42	269
42	270
42	271
42	272
42	273
42	274
42	275
42	276
42	277
42	278
42	279
42	280
42	281
42	282
42	283
42	284
42	285
42	286
42	287
42	288
43	228
44	228
45	228
46	228
47	228
48	228
48	273
48	285
48	287
49	228
50	228
51	228
51	273
51	285
51	287
52	228
53	228
54	228
55	228
56	228
56	273
56	285
57	228
58	228
58	273
58	285
58	287
59	228
60	228
61	228
62	228
63	228
64	228
65	228
66	228
67	228
68	228
69	228
70	228
71	228
72	228
73	228
74	228
75	228
76	228
77	228
78	228
79	228
80	228
81	228
81	273
81	285
81	287
82	228
82	246
82	247
82	252
82	253
82	254
82	255
82	256
82	258
82	261
82	262
82	264
82	265
82	266
82	267
82	269
82	273
82	274
82	277
82	278
82	279
82	281
82	282
82	283
82	285
82	286
82	287
83	228
83	273
83	285
83	287
84	228
85	228
86	228
87	228
88	228
89	228
90	228
91	228
92	228
93	228
94	228
95	228
96	228
97	228
98	228
99	228
100	228
100	273
100	285
100	287
101	228
102	228
103	228
104	228
105	228
106	228
107	228
108	228
109	228
110	228
111	228
112	228
113	228
114	228
115	228
116	228
117	228
118	228
119	228
120	228
121	228
122	228
123	228
124	228
125	228
126	228
127	228
128	228
128	273
128	285
128	287
129	228
130	228
131	228
132	228
133	228
134	228
135	228
136	228
137	228
138	228
139	228
140	228
141	228
142	228
142	273
142	285
142	287
143	228
143	246
143	247
143	252
143	253
143	254
143	255
143	256
143	258
143	261
143	262
143	264
143	265
143	266
143	267
143	269
143	273
143	274
143	277
143	278
143	279
143	281
143	282
143	283
143	285
143	286
143	287
144	228
145	228
146	228
147	228
148	228
149	228
150	228
151	228
151	273
151	285
151	287
152	228
153	228
153	273
153	285
153	287
154	228
155	228
156	228
157	228
158	228
159	228
160	228
161	228
162	228
163	228
164	228
165	228
166	228
167	228
168	228
169	228
170	228
171	228
172	228
173	228
174	228
175	228
176	228
177	228
178	228
179	228
180	228
181	228
182	228
183	228
184	228
185	228
186	228
187	228
188	228
189	228
190	228
191	228
192	228
193	228
194	228
195	228
196	228
197	228
198	228
199	228
200	228
201	228
202	228
203	228
204	228
205	228
206	228
207	228
208	228
209	228
210	228
211	228
212	228
213	228
214	228
215	228
216	228
217	228
218	228
219	228
220	228
221	228
222	228
223	228
224	228
225	228
226	228
227	228
228	229
228	230
228	231
228	232
228	233
228	234
228	235
228	236
228	237
228	238
228	239
228	240
228	241
228	242
228	243
228	244
228	245
228	246
228	247
228	248
228	249
228	250
228	251
228	252
228	253
228	254
228	255
228	256
228	257
228	258
228	259
228	260
228	261
228	262
228	263
228	264
228	265
228	266
228	267
228	268
228	269
228	270
228	271
228	272
228	273
228	274
228	275
228	276
228	277
228	278
228	279
228	280
228	281
228	282
228	283
228	284
228	285
228	286
228	287
228	288