288	2740
1	3
1	4
1	5
1	6
1	42
1	228
1	246
1	247
1	252
1	253
1	254
1	255
1	256
1	258
1	261
1	262
1	264
1	265
1	266
1	267
1	269
1	273
1	274
1	277
1	278
1	279
1	281
1	282
1	283
1	285
1	286
1	287
2	3
2	4
2	5
2	6
2	42
2	228
2	246
2	247
2	252
2	253
2	254
2	255
2	256
2	258
2	261
2	262
2	264
2	265
2	266
2	267
2	269
2	273
2	274
2	277
2	278
2	279
2	281
2	282
2	283
2	285
2	286
2	287
3	7
3	8
3	9
3	10
3	11
3	12
3	13
3	14
3	15
3	16
3	17
3	18
3	19
3	20
3	21
3	22
3	23
3	24
3	25
3	26
3	27
3	28
3	29
3	30
3	31
3	32
3	33
3	34
3	35
3	36
3	37
3	38
3	39
3	40
3	41
3	42
3	43
3	44
3	45
3	46
3	47
3	48
3	49
3	50
3	51
3	52
3	53
3	54
3	55
3	56
3	57
3	58
3	59
3	60
3	61
3	62
3	63
3	64
3	65
3	66
3	67
3	68
3	69
3	70
3	71
3	72
3	73
3	74
3	75
3	76
3	77
3	78
3	79
3	80
3	81
3	82
3	83
3	84
3	85
3	86
3	87
3	88
3	89
3	90
3	91
3	92
3	93
3	94
3	95
3	96
3	97
3	98
3	99
3	100
3	101
3	102
3	103
3	104
3	105
3	106
3	107
3	108
3	109
3	110
3	111
3	112
3	113
3	114
3	115
3	116
3	117
3	118
3	119
3	120
3	121
3	122
3	123
3	124
3	125
3	126
3	127
3	128
3	129
3	130
3	131
3	132
3	133
3	134
3	135
3	136
3	137
3	138
3	139
3	140
3	141
3	142
3	143
3	144
3	145
3	146
3	147
3	148
3	149
3	150
3	151
3	152
3	153
3	154
3	155
3	156
3	157
3	158
3	159
3	160
3	161
3	162
3	163
3	164
3	165
3	166
3	167
3	168
3	169
3	170
3	171
3	172
3	173
3	174
3	175
3	176
3	177
3	178
3	179
3	180
3	181
3	182
3	183
3	184
3	185
3	186
3	187
3	188
3	189
3	190
3	191
3	192
3	193
3	194
3	195
3	196
3	197
3	198
3	199
3	200
3	201
3	202
3	203
3	204
3	205
3	206
3	207
3	208
3	209
3	210
3	211
3	212
3	213
3	214
3	215
3	216
3	217
3	218
3	219
3	220
3	221
3	222
3	223
3	224
3	225
3	226
3	227
3	228
3	229
3	230
3	231
3	232
3	233
3	234
3	235
3	236
3	237
3	238
3	239
3	240
3	241
3	242
3	243
3	244
3	245
3	246
3	247
3	248
3	249
3	250
3	251
3	252
3	253
3	254
3	255
3	256
3	257
3	258
3	259
3	260
3	261
3	262
3	263
3	264
3	265
3	266
3	267
3	268
3	269
3	270
3	271
3	272
3	273
3	274
3	275
3	276
3	277
3	278
3	279
3	280
3	281
3	282
3	283
3	284
3	285
3	286
3	287
3	288
4	7
4	8
4	9
4	10
4	11
4	12
4	13
4	14
4	15
4	16
4	17
4	18
4	19
4	20
4	21
4	22
4	23
4	24
4	25
4	26
4	27
4	28
4	29
4	30
4	31
4	32
4	33
4	34
4	35
4	36
4	37
4	38
4	39
4	40
4	41
4	42
4	43
4	44
4	45
4	46
4	47
4	48
4	49
4	50
4	51
4	52
4	53
4	54
4	55
4	56
4	57
4	58
4	59
4	60
4	61
4	62
4	63
4	64
4	65
4	66
4	67
4	68
4	69
4	70
4	71
4	72
4	73
4	74
4	75
4	76
4	77
4	78
4	79
4	80
4	81
4	82
4	83
4	84
4	85
4	86
4	87
4	88
4	89
4	90
4	91
4	92
4	93
4	94
4	95
4	96
4	97
4	98
4	99
4	100
4	101
4	102
4	103
4	104
4	105
4	106
4	107
4	108
4	109
4	110
4	111
4	112
4	113
4	114
4	115
4	116
4	117
4	118
4	119
4	120
4	121
4	122
4	123
4	124
4	125
4	126
4	127
4	128
4	129
4	130
4	131
4	132
4	133
4	134
4	135
4	136
4	137
4	138
4	139
4	140
4	141
4	142
4	143
4	144
4	145
4	146
4	147
4	148
4	149
4	150
4	151
4	152
4	153
4	154
4	155
4	156
4	157
4	158
4	159
4	160
4	161
4	162
4	163
4	164
4	165
4	166
4	167
4	168
4	169
4	170
4	171
4	172
4	173
4	174
4	175
4	176
4	177
4	178
4	179
4	180
4	181
4	182
4	183
4	184
4	185
4	186
4	187
4	188
4	189
4	190
4	191
4	192
4	193
4	194
4	195
4	196
4	197
4	198
4	199
4	200
4	201
4	202
4	203
4	204
4	205
4	206
4	207
4	208
4	209
4	210
4	211
4	212
4	213
4	214
4	215
4	216
4	217
4	218
4	219
4	220
4	221
4	222
4	223
4	224
4	225
4	226
4	227
4	228
4	229
4	230
4	231
4	232
4	233
4	234
4	235
4	236
4	237
4	238
4	239
4	240
4	241
4	242
4	243
4	244
4	245
4	246
4	247
4	248
4	249
4	250
4	251
4	252
4	253
4	254
4	255
4	256
4	257
4	258
4	259
4	260
4	261
4	262
4	263
4	264
4	265
4	266
4	267
4	268
4	269
4	270
4	271
4	272
4	273
4	274
4	275
4	276
4	277
4	278
4	279
4	280
4	281
4	282
4	283
4	284
4	285
4	286
4	287
4	288
5	7
5	8
5	9
5	10
5	11
5	12
5	13
5	14
5	15
5	16
5	17
5	18
5	19
5	20
5	21
5	22
5	23
5	24
5	25
5	26
5	27
5	28
5	29
5	30
5	31
5	32
5	33
5	34
5	35
5	36
5	37
5	38
5	39
5	40
5	41
5	42
5	43
5	44
5	45
5	46
5	47
5	48
5	49
5	50
5	51
5	52
5	53
5	54
5	55
5	56
5	57
5	58
5	59
5	60
5	61
5	62
5	63
5	64
5	65
5	66
5	67
5	68
5	69
5	70
5	71
5	72
5	73
5	74
5	75
5	76
5	77
5	78
5	79
5	80
5	81
5	82
5	83
5	84
5	85
5	86
5	87
5	88
5	89
5	90
5	91
5	92
5	93
5	94
5	95
5	96
5	97
5	98
5	99
5	100
5	101
5	102
5	103
5	104
5	105
5	106
5	107
5	108
5	109
5	110
5	111
5	112
5	113
5	114
5	115
5	116
5	117
5	118
5	119
5	120
5	121
5	122
5	123
5	124
5	125
5	126
5	127
5	128
5	129
5	130
5	131
5	132
5	133
5	134
5	135
5	136
5	137
5	138
5	139
5	140
5	141
5	142
5	143
5	144
5	145
5	146
5	147
5	148
5	149
5	150
5	151
5	152
5	153
5	154
5	155
5	156
5	157
5	158
5	159
5	160
5	161
5	162
5	163
5	164
5	165
5	166
5	167
5	168
5	169
5	170
5	171
5	172
5	173
5	174
5	175
5	176
5	177
5	178
5	179
5	180
5	181
5	182
5	183
5	184
5	185
5	186
5	187
5	188
5	189
5	190
5	191
5	192
5	193
5	194
5	195
5	196
5	197
5	198
5	199
5	200
5	201
5	202
5	203
5	204
5	205
5	206
5	207
5	208
5	209
5	210
5	211
5	212
5	213
5	214
5	215
5	216
5	217
5	218
5	219
5	220
5	221
5	222
5	223
5	224
5	225
5	226
5	227
5	228
5	229
5	230
5	231
5	232
5	233
5	234
5	235
5	236
5	237
5	238
5	239
5	240
5	241
5	242
5	243
5	244
5	245
5	246
5	247
5	248
5	249
5	250
5	251
5	252
5	253
5	254
5	255
5	256
5	257
5	258
5	259
5	260
5	261
5	262
5	263
5	264
5	265
5	266
5	267
5	268
5	269
5	270
5	271
5	272
5	273
5	274
5	275
5	276
5	277
5	278
5	279
5	280
5	281
5	282
5	283
5	284
5	285
5	286
5	287
5	288
6	7
6	8
6	9
6	10
6	11
6	12
6	13
6	14
6	15
6	16
6	17
6	18
6	19
6	20
6	21
6	22
6	23
6	24
6	25
6	26
6	27
6	28
6	29
6	30
6	31
6	32
6	33
6	34
6	35
6	36
6	37
6	38
6	39
6	40
6	41
6	42
6	43
6	44
6	45
6	46
6	47
6	48
6	49
6	50
6	51
6	52
6	53
6	54
6	55
6	56
6	57
6	58
6	59
6	60
6	61
6	62
6	63
6	64
6	65
6	66
6	67
6	68
6	69
6	70
6	71
6	72
6	73
6	74
6	75
6	76
6	77
6	78
6	79
6	80
6	81
6	82
6	83
6	84
6	85
6	86
6	87
6	88
6	89
6	90
6	91
6	92
6	93
6	94
6	95
6	96
6	97
6	98
6	99
6	100
6	101
6	102
6	103
6	104
6	105
6	106
6	107
6	108
6	109
6	110
6	111
6	112
6	113
6	114
6	115
6	116
6	117
6	118
6	119
6	120
6	121
6	122
6	123
6	124
6	125
6	126
6	127
6	128
6	129
6	130
6	131
6	132
6	133
6	134
6	135
6	136
6	137
6	138
6	139
6	140
6	141
6	142
6	143
6	144
6	145
6	146
6	147
6	148
6	149
6	150
6	151
6	152
6	153
6	154
6	155
6	156
6	157
6	158
6	159
6	160
6	161
6	162
6	163
6	164
6	165
6	166
6	167
6	168
6	169
6	170
6	171
6	172
6	173
6	174
6	175
6	176
6	177
6	178
6	179
6	180
6	181
6	182
6	183
6	184
6	185
6	186
6	187
6	188
6	189
6	190
6	191
6	192
6	193
6	194
6	195
6	196
6	197
6	198
6	199
6	200
6	201
6	202
6	203
6	204
6	205
6	206
6	207
6	208
6	209
6	210
6	211
6	212
6	213
6	214
6	215
6	216
6	217
6	218
6	219
6	220
6	221
6	222
6	223
6	224
6	225
6	226
6	227
6	228
6	229
6	230
6	231
6	232
6	233
6	234
6	235
6	236
6	237
6	238
6	239
6	240
6	241
6	242
6	243
6	244
6	245
6	246
6	247
6	248
6	249
6	250
6	251
6	252
6	253
6	254
6	255
6	256
6	257
6	258
6	259
6	260
6	261
6	262
6	263
6	264
6	265
6	266
6	267
6	268
6	269
6	270
6	271
6	272
6	273
6	274
6	275
6	276
6	277
6	278
6	279
6	280
6	281
6	282
6	283
6	284
6	285
6	286
6	287
6	288
7	42
7	228
7	246
7	247
7	252
7	253
7	254
7	255
7	256
7	258
7	261
7	262
7	264
7	265
7	266
7	267
7	269
7	273
7	274
7	277
7	278
7	279
7	281
7	282
7	283
7	285
7	286
7	287
8	42
8	228
8	246
8	247
8	252
8	253
8	254
8	255
8	256
8	258
8	261
8	262
8	264
8	265
8	266
8	267
8	269
8	273
8	274
8	277
8	278
8	279
8	281
8	282
8	283
8	285
8	286
8	287
9	42
9	228
9	246
9	252
9	253
9	254
9	255
9	256
9	258
9	261
9	264
9	265
9	266
9	267
9	269
9	273
9	274
9	277
9	281
9	282
9	283
9	285
9	286
9	287
10	42
10	228
10	273
10	285
10	287
11	42
11	228
11	273
11	285
11	287
12	42
12	228
12	273
12	285
12	287
13	42
13	228
13	246
13	252
13	253
13	254
13	255
13	256
13	258
13	261
13	264
13	265
13	266
13	267
13	269
13	273
13	274
13	277
13	281
13	282
13	283
13	285
13	286
13	287
14	42
14	228
14	246
14	247
14	252
14	253
14	254
14	255
14	256
14	258
14	261
14	262
14	264
14	265
14	266
14	267
14	269
14	273
14	274
14	277
14	278
14	279
14	281
14	282
14	283
14	285
14	286
14	287
15	42
15	228
15	246
15	247
15	252
15	253
15	254
15	255
15	256
15	258
15	261
15	262
15	264
15	265
15	266
15	267
15	269
15	273
15	274
15	277
15	278
15	279
15	281
15	282
15	283
15	285
15	286
15	287
16	42
16	228
16	273
16	285
16	287
17	42
17	228
18	42
18	228
18	273
18	285
18	287
19	42
19	228
19	246
19	247
19	252
19	253
19	254
19	255
19	256
19	258
19	261
19	262
19	264
19	265
19	266
19	267
19	269
19	273
19	274
19	277
19	278
19	279
19	281
19	282
19	283
19	285
19	286
19	287
20	42
20	228
20	273
20	285
20	287
21	42
21	228
21	273
21	285
21	287
22	42
22	228
22	246
22	247
22	252
22	253
22	254
22	255
22	256
22	258
22	261
22	262
22	264
22	265
22	266
22	267
22	269
22	273
22	274
22	277
22	278
22	279
22	281
22	282
22	283
22	285
22	286
22	287
23	42
23	228
23	246
23	247
23	252
23	253
23	254
23	255
23	256
23	258
23	261
23	262
23	264
23	265
23	266
23	267
23	269
23	273
23	274
23	277
23	278
23	279
23	281
23	282
23	283
23	285
23	286
23	287
24	42
24	228
24	273
24	285
24	287
25	42
25	228
25	273
25	285
25	287
26	42
26	228
26	246
26	247
26	252
26	253
26	254
26	255
26	256
26	258
26	261
26	262
26	264
26	265
26	266
26	267
26	269
26	273
26	274
26	277
26	278
26	279
26	281
26	282
26	283
26	285
26	286
26	287
27	42
27	228
27	246
27	247
27	252
27	253
27	254
27	255
27	256
27	258
27	261
27	262
27	264
27	265
27	266
27	267
27	269
27	273
27	274
27	277
27	278
27	279
27	281
27	282
27	283
27	285
27	286
27	287
28	42
28	228
28	246
28	247
28	252
28	253
28	254
28	255
28	256
28	258
28	261
28	262
28	264
28	265
28	266
28	267
28	269
28	273
28	274
28	277
28	278
28	279
28	281
28	282
28	283
28	285
28	286
28	287
29	42
29	228
29	273
29	285
29	287
30	42
30	228
30	273
30	285
30	287
31	42
31	228
31	273
31	285
31	287
32	42
32	228
32	273
32	285
32	287
33	42
33	228
33	246
33	247
33	252
33	253
33	254
33	255
33	256
33	258
33	261
33	262
33	264
33	265
33	266
33	267
33	269
33	273
33	274
33	277
33	278
33	279
33	281
33	282
33	283
33	285
33	286
33	287
34	42
34	228
35	42
35	228
35	273
35	285
35	287
36	42
36	228
36	273
36	285
36	287
37	42
37	228
37	273
37	285
37	287
38	42
38	228
38	273
38	285
38	287
39	42
39	228
39	273
39	285
39	287
40	42
40	228
40	273
40	285
40	287
41	42
41	228
42	43
42	44
42	45
42	46
42	47
42	48
42	49
42	50
42	51
42	52
42	53
42	54
42	55
42	56
42	57
42	58
42	59
42	60
42	61
42	62
42	63
42	64
42	65
42	66
42	67
42	68
42	69
42	70
42	71
42	72
42	73
42	74
42	75
42	76
42	77
42	78
42	79
42	80
42	81
42	82
42	83
42	84
42	85
42	86
42	87
42	88
42	89
42	90
42	91
42	92
42	93
42	94
42	95
42	96
42	97
42	98
42	99
42	100
42	101
42	102
42	103
42	104
42	105
42	106
42	107
42	108
42	109
42	110
42	111
42	112
42	113
42	114
42	115
42	116
42	117
42	118
42	119
42	120
42	121
42	122
42	123
42	124
42	125
42	126
42	127
42	128
42	129
42	130
42	131
42	132
42	133
42	134
42	135
42	136
42	137
42	138
42	139
42	140
42	141
42	142
42	143
42	144
42	145
42	146
42	147
42	148
42	149
42	150
42	151
42	152
42	153
42	154
42	155
42	156
42	157
42	158
42	159
42	160
42	161
42	162
42	163
42	164
42	165
42	166
42	167
42	168
42	169
42	170
42	171
42	172
42	173
42	174
42	175
42	176
42	177
42	178
42	179
42	180
42	181
42	182
42	183
42	184
42	185
42	186
42	187
42	188
42	189
42	190
42	191
42	192
42	193
42	194
42	195
42	196
42	197
42	198
42	199
42	200
42	201
42	202
42	203
42	204
42	205
42	206
42	207
42	208
42	209
42	210
42	211
42	212
42	213
42	214
42	215
42	216
42	217
42	218
42	219
42	220
42	221
42	222
42	223
42	224
42	225
42	226
42	227
42	228
42	229
42	230
42	231
42	232
42	233
42	234
42	235
42	236
42	237
42	238
42	239
42	240
42	241
42	242
42	243
42	244
42	245
42	246
42	247
42	248
42	249
42	250
42	251
42	252
42	253
42	254
42	255
42	256
42	257
42	258
42	259
42	260
42	261
42	262
42	263
42	264
42	265
42	266
42	267
42	268
42	269
42	270
42	271
42	272
42	273
42	274
42	275
42	276
42	277
42	278
42	279
42	280
42	281
42	282
42	283
42	284
42	285
42	286
42	287
42	288
43	228
43	273
43	285
43	287
44	228
44	273
44	285
44	287
45	228
46	228
46	273
46	285
46	287
47	228
47	273
47	285
47	287
48	228
48	246
48	247
48	252
48	253
48	254
48	255
48	256
48	258
48	261
48	262
48	264
48	265
48	266
48	267
48	269
48	273
48	274
48	277
48	278
48	279
48	281
48	282
48	283
48	285
48	286
48	287
49	228
49	273
49	285
49	287
50	228
50	273
50	285
50	287
51	228
51	246
51	247
51	252
51	253
51	254
51	255
51	256
51	258
51	261
51	262
51	264
51	265
51	266
51	267
51	269
51	273
51	274
51	277
51	278
51	279
51	281
51	282
51	283
51	285
51	286
51	287
52	228
52	273
52	285
52	287
53	228
53	273
53	285
53	287
54	228
54	273
54	285
54	287
55	228
56	228
56	246
56	252
56	253
56	254
56	255
56	256
56	258
56	261
56	264
56	265
56	266
56	267
56	269
56	273
56	274
56	277
56	281
56	282
56	283
56	285
56	286
56	287
57	228
57	273
57	285
57	287
58	228
58	246
58	247
58	252
58	253
58	254
58	255
58	256
58	258
58	261
58	262
58	264
58	265
58	266
58	267
58	269
58	273
58	274
58	277
58	278
58	279
58	281
58	282
58	283
58	285
58	286
58	287
59	228
59	273
59	285
59	287
60	228
60	273
60	285
60	287
61	228
61	273
61	285
61	287
62	228
62	273
62	285
62	287
63	228
63	273
63	285
63	287
64	228
64	273
64	285
64	287
65	228
65	273
65	285
65	287
66	228
66	273
66	285
66	287
67	228
68	228
68	273
68	285
68	287
69	228
69	273
69	285
69	287
70	228
70	273
70	285
70	287
71	228
71	273
71	285
71	287
72	228
72	273
72	285
72	287
73	228
73	273
73	285
73	287
74	228
74	273
74	285
74	287
75	228
75	273
75	285
75	287
76	228
76	273
76	285
76	287
77	228
77	273
77	285
77	287
78	228
78	273
78	285
78	287
79	228
79	273
79	285
79	287
80	228
80	273
80	285
81	228
81	246
81	247
81	252
81	253
81	254
81	255
81	256
81	258
81	261
81	262
81	264
81	265
81	266
81	267
81	269
81	273
81	274
81	277
81	278
81	279
81	281
81	282
81	283
81	285
81	286
81	287
82	228
82	234
82	236
82	237
82	238
82	239
82	240
82	241
82	242
82	245
82	246
82	247
82	248
82	249
82	250
82	251
82	252
82	253
82	254
82	255
82	256
82	257
82	258
82	259
82	260
82	261
82	262
82	263
82	264
82	265
82	266
82	267
82	268
82	269
82	270
82	271
82	272
82	273
82	274
82	275
82	276
82	277
82	278
82	279
82	280
82	281
82	282
82	283
82	284
82	285
82	286
82	287
83	228
83	246
83	247
83	252
83	253
83	254
83	255
83	256
83	258
83	261
83	262
83	264
83	265
83	266
83	267
83	269
83	273
83	274
83	277
83	278
83	279
83	281
83	282
83	283
83	285
83	286
83	287
84	228
84	273
84	285
85	228
85	273
85	285
85	287
86	228
87	228
87	273
87	285
87	287
88	228
89	228
90	228
90	273
90	285
90	287
91	228
91	273
91	285
91	287
92	228
92	273
92	285
92	287
93	228
93	273
93	285
93	287
94	228
95	228
95	273
95	285
95	287
96	228
96	273
96	285
96	287
97	228
97	273
97	285
97	287
98	228
98	273
98	285
98	287
99	228
99	273
99	285
99	287
100	228
100	246
100	247
100	252
100	253
100	254
100	255
100	256
100	258
100	261
100	262
100	264
100	265
100	266
100	267
100	269
100	273
100	274
100	277
100	278
100	279
100	281
100	282
100	283
100	285
100	286
100	287
101	228
101	273
101	285
101	287
102	228
102	273
102	285
102	287
103	228
103	273
103	285
104	228
105	228
105	273
105	285
105	287
106	228
106	273
106	285
106	287
107	228
108	228
108	273
108	285
108	287
109	228
110	228
110	273
110	285
110	287
111	228
112	228
113	228
114	228
115	228
116	228
117	228
118	228
119	228
120	228
121	228
122	228
123	228
124	228
125	228
126	228
127	228
128	228
128	246
128	247
128	252
128	253
128	254
128	255
128	256
128	258
128	261
128	262
128	264
128	265
128	266
128	267
128	269
128	273
128	274
128	277
128	278
128	279
128	281
128	282
128	283
128	285
128	286
128	287
129	228
129	273
129	285
129	287
130	228
131	228
131	273
131	285
131	287
132	228
132	273
132	285
132	287
133	228
133	273
133	285
134	228
134	273
134	285
134	287
135	228
135	273
135	285
136	228
136	273
136	285
136	287
137	228
137	273
137	285
138	228
138	273
138	285
139	228
139	273
139	285
139	287
140	228
140	273
140	285
141	228
142	228
142	246
142	247
142	252
142	253
142	254
142	255
142	256
142	258
142	261
142	262
142	264
142	265
142	266
142	267
142	269
142	273
142	274
142	277
142	278
142	279
142	281
142	282
142	283
142	285
142	286
142	287
143	228
143	234
143	236
143	237
143	238
143	239
143	240
143	241
143	242
143	245
143	246
143	247
143	248
143	249
143	250
143	251
143	252
143	253
143	254
143	255
143	256
143	257
143	258
143	259
143	260
143	261
143	262
143	263
143	264
143	265
143	266
143	267
143	268
143	269
143	270
143	271
143	272
143	273
143	274
143	275
143	276
143	277
143	278
143	279
143	280
143	281
143	282
143	283
143	284
143	285
143	286
143	287
144	228
145	228
146	228
146	273
146	285
146	287
147	228
148	228
149	228
149	273
149	285
149	287
150	228
150	273
150	285
150	287
151	228
151	246
151	247
151	252
151	253
151	254
151	255
151	256
151	258
151	261
151	262
151	264
151	265
151	266
151	267
151	269
151	273
151	274
151	277
151	278
151	279
151	281
151	282
151	283
151	285
151	286
151	287
152	228
152	273
152	285
152	287
153	228
153	246
153	247
153	252
153	253
153	254
153	255
153	256
153	258
153	261
153	262
153	264
153	265
153	266
153	267
153	269
153	273
153	274
153	277
153	278
153	279
153	281
153	282
153	283
153	285
153	286
153	287
154	228
154	273
154	285
154	287
155	228
156	228
156	273
156	285
156	287
157	228
158	228
159	228
160	228
161	228
162	228
163	228
164	228
165	228
166	228
167	228
167	273
167	285
167	287
168	228
169	228
169	273
169	285
169	287
170	228
170	273
170	285
170	287
171	228
172	228
172	273
172	285
172	287
173	228
174	228
175	228
176	228
177	228
178	228
179	228
180	228
181	228
182	228
183	228
184	228
185	228
186	228
187	228
188	228
189	228
190	228
191	228
192	228
193	228
194	228
195	228
196	228
197	228
198	228
199	228
200	228
201	228
202	228
203	228
204	228
204	273
204	285
204	287
205	228
206	228
207	228
208	228
209	228
210	228
211	228
211	273
211	285
212	228
213	228
214	228
215	228
216	228
217	228
218	228
219	228
220	228
221	228
222	228
223	228
223	273
223	285
223	287
224	228
225	228
226	228
227	228
228	229
228	230
228	231
228	232
228	233
228	234
228	235
228	236
228	237
228	238
228	239
228	240
228	241
228	242
228	243
228	244
228	245
228	246
228	247
228	248
228	249
228	250
228	251
228	252
228	253
228	254
228	255
228	256
228	257
228	258
228	259
228	260
228	261
228	262
228	263
228	264
228	265
228	266
228	267
228	268
228	269
228	270
228	271
228	272
228	273
228	274
228	275
228	276
228	277
228	278
228	279
228	280
228	281
228	282
228	283
228	284
228	285
228	286
228	287
228	288
273	288
285	288
287	288