288	10125
1	3
1	4
1	5
1	6
1	42
1	193
1	214
1	223
1	224
1	228
1	229
1	230
1	232
1	233
1	234
1	235
1	236
1	237
1	238
1	239
1	240
1	241
1	242
1	243
1	244
1	245
1	246
1	247
1	248
1	249
1	250
1	251
1	252
1	253
1	254
1	255
1	256
1	257
1	258
1	259
1	260
1	261
1	262
1	263
1	264
1	265
1	266
1	267
1	268
1	269
1	270
1	271
1	272
1	273
1	274
1	275
1	276
1	277
1	278
1	279
1	280
1	281
1	282
1	283
1	284
1	285
1	286
1	287
2	3
2	4
2	5
2	6
2	42
2	193
2	214
2	223
2	224
2	225
2	228
2	229
2	230
2	232
2	233
2	234
2	235
2	236
2	237
2	238
2	239
2	240
2	241
2	242
2	243
2	244
2	245
2	246
2	247
2	248
2	249
2	250
2	251
2	252
2	253
2	254
2	255
2	256
2	257
2	258
2	259
2	260
2	261
2	262
2	263
2	264
2	265
2	266
2	267
2	268
2	269
2	270
2	271
2	272
2	273
2	274
2	275
2	276
2	277
2	278
2	279
2	280
2	281
2	282
2	283
2	284
2	285
2	286
2	287
3	7
3	8
3	9
3	10
3	11
3	12
3	13
3	14
3	15
3	16
3	17
3	18
3	19
3	20
3	21
3	22
3	23
3	24
3	25
3	26
3	27
3	28
3	29
3	30
3	31
3	32
3	33
3	34
3	35
3	36
3	37
3	38
3	39
3	40
3	41
3	42
3	43
3	44
3	45
3	46
3	47
3	48
3	49
3	50
3	51
3	52
3	53
3	54
3	55
3	56
3	57
3	58
3	59
3	60
3	61
3	62
3	63
3	64
3	65
3	66
3	67
3	68
3	69
3	70
3	71
3	72
3	73
3	74
3	75
3	76
3	77
3	78
3	79
3	80
3	81
3	82
3	83
3	84
3	85
3	86
3	87
3	88
3	89
3	90
3	91
3	92
3	93
3	94
3	95
3	96
3	97
3	98
3	99
3	100
3	101
3	102
3	103
3	104
3	105
3	106
3	107
3	108
3	109
3	110
3	111
3	112
3	113
3	114
3	115
3	116
3	117
3	118
3	119
3	120
3	121
3	122
3	123
3	124
3	125
3	126
3	127
3	128
3	129
3	130
3	131
3	132
3	133
3	134
3	135
3	136
3	137
3	138
3	139
3	140
3	141
3	142
3	143
3	144
3	145
3	146
3	147
3	148
3	149
3	150
3	151
3	152
3	153
3	154
3	155
3	156
3	157
3	158
3	159
3	160
3	161
3	162
3	163
3	164
3	165
3	166
3	167
3	168
3	169
3	170
3	171
3	172
3	173
3	174
3	175
3	176
3	177
3	178
3	179
3	180
3	181
3	182
3	183
3	184
3	185
3	186
3	187
3	188
3	189
3	190
3	191
3	192
3	193
3	194
3	195
3	196
3	197
3	198
3	199
3	200
3	201
3	202
3	203
3	204
3	205
3	206
3	207
3	208
3	209
3	210
3	211
3	212
3	213
3	214
3	215
3	216
3	217
3	218
3	219
3	220
3	221
3	222
3	223
3	224
3	225
3	226
3	227
3	228
3	229
3	230
3	231
3	232
3	233
3	234
3	235
3	236
3	237
3	238
3	239
3	240
3	241
3	242
3	243
3	244
3	245
3	246
3	247
3	248
3	249
3	250
3	251
3	252
3	253
3	254
3	255
3	256
3	257
3	258
3	259
3	260
3	261
3	262
3	263
3	264
3	265
3	266
3	267
3	268
3	269
3	270
3	271
3	272
3	273
3	274
3	275
3	276
3	277
3	278
3	279
3	280
3	281
3	282
3	283
3	284
3	285
3	286
3	287
3	288
4	7
4	8
4	9
4	10
4	11
4	12
4	13
4	14
4	15
4	16
4	17
4	18
4	19
4	20
4	21
4	22
4	23
4	24
4	25
4	26
4	27
4	28
4	29
4	30
4	31
4	32
4	33
4	34
4	35
4	36
4	37
4	38
4	39
4	40
4	41
4	42
4	43
4	44
4	45
4	46
4	47
4	48
4	49
4	50
4	51
4	52
4	53
4	54
4	55
4	56
4	57
4	58
4	59
4	60
4	61
4	62
4	63
4	64
4	65
4	66
4	67
4	68
4	69
4	70
4	71
4	72
4	73
4	74
4	75
4	76
4	77
4	78
4	79
4	80
4	81
4	82
4	83
4	84
4	85
4	86
4	87
4	88
4	89
4	90
4	91
4	92
4	93
4	94
4	95
4	96
4	97
4	98
4	99
4	100
4	101
4	102
4	103
4	104
4	105
4	106
4	107
4	108
4	109
4	110
4	111
4	112
4	113
4	114
4	115
4	116
4	117
4	118
4	119
4	120
4	121
4	122
4	123
4	124
4	125
4	126
4	127
4	128
4	129
4	130
4	131
4	132
4	133
4	134
4	135
4	136
4	137
4	138
4	139
4	140
4	141
4	142
4	143
4	144
4	145
4	146
4	147
4	148
4	149
4	150
4	151
4	152
4	153
4	154
4	155
4	156
4	157
4	158
4	159
4	160
4	161
4	162
4	163
4	164
4	165
4	166
4	167
4	168
4	169
4	170
4	171
4	172
4	173
4	174
4	175
4	176
4	177
4	178
4	179
4	180
4	181
4	182
4	183
4	184
4	185
4	186
4	187
4	188
4	189
4	190
4	191
4	192
4	193
4	194
4	195
4	196
4	197
4	198
4	199
4	200
4	201
4	202
4	203
4	204
4	205
4	206
4	207
4	208
4	209
4	210
4	211
4	212
4	213
4	214
4	215
4	216
4	217
4	218
4	219
4	220
4	221
4	222
4	223
4	224
4	225
4	226
4	227
4	228
4	229
4	230
4	231
4	232
4	233
4	234
4	235
4	236
4	237
4	238
4	239
4	240
4	241
4	242
4	243
4	244
4	245
4	246
4	247
4	248
4	249
4	250
4	251
4	252
4	253
4	254
4	255
4	256
4	257
4	258
4	259
4	260
4	261
4	262
4	263
4	264
4	265
4	266
4	267
4	268
4	269
4	270
4	271
4	272
4	273
4	274
4	275
4	276
4	277
4	278
4	279
4	280
4	281
4	282
4	283
4	284
4	285
4	286
4	287
4	288
5	7
5	8
5	9
5	10
5	11
5	12
5	13
5	14
5	15
5	16
5	17
5	18
5	19
5	20
5	21
5	22
5	23
5	24
5	25
5	26
5	27
5	28
5	29
5	30
5	31
5	32
5	33
5	34
5	35
5	36
5	37
5	38
5	39
5	40
5	41
5	42
5	43
5	44
5	45
5	46
5	47
5	48
5	49
5	50
5	51
5	52
5	53
5	54
5	55
5	56
5	57
5	58
5	59
5	60
5	61
5	62
5	63
5	64
5	65
5	66
5	67
5	68
5	69
5	70
5	71
5	72
5	73
5	74
5	75
5	76
5	77
5	78
5	79
5	80
5	81
5	82
5	83
5	84
5	85
5	86
5	87
5	88
5	89
5	90
5	91
5	92
5	93
5	94
5	95
5	96
5	97
5	98
5	99
5	100
5	101
5	102
5	103
5	104
5	105
5	106
5	107
5	108
5	109
5	110
5	111
5	112
5	113
5	114
5	115
5	116
5	117
5	118
5	119
5	120
5	121
5	122
5	123
5	124
5	125
5	126
5	127
5	128
5	129
5	130
5	131
5	132
5	133
5	134
5	135
5	136
5	137
5	138
5	139
5	140
5	141
5	142
5	143
5	144
5	145
5	146
5	147
5	148
5	149
5	150
5	151
5	152
5	153
5	154
5	155
5	156
5	157
5	158
5	159
5	160
5	161
5	162
5	163
5	164
5	165
5	166
5	167
5	168
5	169
5	170
5	171
5	172
5	173
5	174
5	175
5	176
5	177
5	178
5	179
5	180
5	181
5	182
5	183
5	184
5	185
5	186
5	187
5	188
5	189
5	190
5	191
5	192
5	193
5	194
5	195
5	196
5	197
5	198
5	199
5	200
5	201
5	202
5	203
5	204
5	205
5	206
5	207
5	208
5	209
5	210
5	211
5	212
5	213
5	214
5	215
5	216
5	217
5	218
5	219
5	220
5	221
5	222
5	223
5	224
5	225
5	226
5	227
5	228
5	229
5	230
5	231
5	232
5	233
5	234
5	235
5	236
5	237
5	238
5	239
5	240
5	241
5	242
5	243
5	244
5	245
5	246
5	247
5	248
5	249
5	250
5	251
5	252
5	253
5	254
5	255
5	256
5	257
5	258
5	259
5	260
5	261
5	262
5	263
5	264
5	265
5	266
5	267
5	268
5	269
5	270
5	271
5	272
5	273
5	274
5	275
5	276
5	277
5	278
5	279
5	280
5	281
5	282
5	283
5	284
5	285
5	286
5	287
5	288
6	7
6	8
6	9
6	10
6	11
6	12
6	13
6	14
6	15
6	16
6	17
6	18
6	19
6	20
6	21
6	22
6	23
6	24
6	25
6	26
6	27
6	28
6	29
6	30
6	31
6	32
6	33
6	34
6	35
6	36
6	37
6	38
6	39
6	40
6	41
6	42
6	43
6	44
6	45
6	46
6	47
6	48
6	49
6	50
6	51
6	52
6	53
6	54
6	55
6	56
6	57
6	58
6	59
6	60
6	61
6	62
6	63
6	64
6	65
6	66
6	67
6	68
6	69
6	70
6	71
6	72
6	73
6	74
6	75
6	76
6	77
6	78
6	79
6	80
6	81
6	82
6	83
6	84
6	85
6	86
6	87
6	88
6	89
6	90
6	91
6	92
6	93
6	94
6	95
6	96
6	97
6	98
6	99
6	100
6	101
6	102
6	103
6	104
6	105
6	106
6	107
6	108
6	109
6	110
6	111
6	112
6	113
6	114
6	115
6	116
6	117
6	118
6	119
6	120
6	121
6	122
6	123
6	124
6	125
6	126
6	127
6	128
6	129
6	130
6	131
6	132
6	133
6	134
6	135
6	136
6	137
6	138
6	139
6	140
6	141
6	142
6	143
6	144
6	145
6	146
6	147
6	148
6	149
6	150
6	151
6	152
6	153
6	154
6	155
6	156
6	157
6	158
6	159
6	160
6	161
6	162
6	163
6	164
6	165
6	166
6	167
6	168
6	169
6	170
6	171
6	172
6	173
6	174
6	175
6	176
6	177
6	178
6	179
6	180
6	181
6	182
6	183
6	184
6	185
6	186
6	187
6	188
6	189
6	190
6	191
6	192
6	193
6	194
6	195
6	196
6	197
6	198
6	199
6	200
6	201
6	202
6	203
6	204
6	205
6	206
6	207
6	208
6	209
6	210
6	211
6	212
6	213
6	214
6	215
6	216
6	217
6	218
6	219
6	220
6	221
6	222
6	223
6	224
6	225
6	226
6	227
6	228
6	229
6	230
6	231
6	232
6	233
6	234
6	235
6	236
6	237
6	238
6	239
6	240
6	241
6	242
6	243
6	244
6	245
6	246
6	247
6	248
6	249
6	250
6	251
6	252
6	253
6	254
6	255
6	256
6	257
6	258
6	259
6	260
6	261
6	262
6	263
6	264
6	265
6	266
6	267
6	268
6	269
6	270
6	271
6	272
6	273
6	274
6	275
6	276
6	277
6	278
6	279
6	280
6	281
6	282
6	283
6	284
6	285
6	286
6	287
6	288
7	42
7	214
7	223
7	228
7	229
7	230
7	232
7	233
7	234
7	235
7	236
7	237
7	238
7	239
7	240
7	241
7	242
7	243
7	244
7	245
7	246
7	247
7	248
7	249
7	250
7	251
7	252
7	253
7	254
7	255
7	256
7	257
7	258
7	259
7	260
7	261
7	262
7	263
7	264
7	265
7	266
7	267
7	268
7	269
7	270
7	271
7	272
7	273
7	274
7	275
7	276
7	277
7	278
7	279
7	280
7	281
7	282
7	283
7	284
7	285
7	286
7	287
8	42
8	214
8	223
8	228
8	229
8	230
8	232
8	233
8	234
8	235
8	236
8	237
8	238
8	239
8	240
8	241
8	242
8	243
8	244
8	245
8	246
8	247
8	248
8	249
8	250
8	251
8	252
8	253
8	254
8	255
8	256
8	257
8	258
8	259
8	260
8	261
8	262
8	263
8	264
8	265
8	266
8	267
8	268
8	269
8	270
8	271
8	272
8	273
8	274
8	275
8	276
8	277
8	278
8	279
8	280
8	281
8	282
8	283
8	284
8	285
8	286
8	287
9	42
9	223
9	228
9	229
9	230
9	233
9	234
9	236
9	237
9	238
9	239
9	240
9	241
9	242
9	243
9	244
9	245
9	246
9	247
9	248
9	249
9	250
9	251
9	252
9	253
9	254
9	255
9	256
9	257
9	258
9	259
9	260
9	261
9	262
9	263
9	264
9	265
9	266
9	267
9	268
9	269
9	270
9	271
9	272
9	273
9	274
9	275
9	276
9	277
9	278
9	279
9	280
9	281
9	282
9	283
9	284
9	285
9	286
9	287
10	42
10	228
10	234
10	236
10	237
10	238
10	239
10	240
10	241
10	242
10	245
10	246
10	247
10	248
10	249
10	250
10	251
10	252
10	253
10	254
10	255
10	256
10	257
10	258
10	259
10	260
10	261
10	262
10	263
10	264
10	265
10	266
10	267
10	268
10	269
10	270
10	271
10	272
10	273
10	274
10	275
10	276
10	277
10	278
10	279
10	280
10	281
10	282
10	283
10	284
10	285
10	286
10	287
11	42
11	228
11	234
11	236
11	237
11	238
11	239
11	240
11	241
11	242
11	245
11	246
11	247
11	248
11	249
11	250
11	251
11	252
11	253
11	254
11	255
11	256
11	257
11	258
11	259
11	260
11	261
11	262
11	263
11	264
11	265
11	266
11	267
11	268
11	269
11	270
11	271
11	272
11	273
11	274
11	275
11	276
11	277
11	278
11	279
11	280
11	281
11	282
11	283
11	284
11	285
11	286
11	287
12	42
12	223
12	228
12	234
12	236
12	237
12	238
12	239
12	240
12	241
12	242
12	245
12	246
12	247
12	248
12	249
12	250
12	251
12	252
12	253
12	254
12	255
12	256
12	257
12	258
12	259
12	260
12	261
12	262
12	263
12	264
12	265
12	266
12	267
12	268
12	269
12	270
12	271
12	272
12	273
12	274
12	275
12	276
12	277
12	278
12	279
12	280
12	281
12	282
12	283
12	284
12	285
12	286
12	287
13	42
13	223
13	228
13	229
13	230
13	233
13	234
13	236
13	237
13	238
13	239
13	240
13	241
13	242
13	243
13	244
13	245
13	246
13	247
13	248
13	249
13	250
13	251
13	252
13	253
13	254
13	255
13	256
13	257
13	258
13	259
13	260
13	261
13	262
13	263
13	264
13	265
13	266
13	267
13	268
13	269
13	270
13	271
13	272
13	273
13	274
13	275
13	276
13	277
13	278
13	279
13	280
13	281
13	282
13	283
13	284
13	285
13	286
13	287
14	42
14	214
14	223
14	228
14	229
14	230
14	232
14	233
14	234
14	235
14	236
14	237
14	238
14	239
14	240
14	241
14	242
14	243
14	244
14	245
14	246
14	247
14	248
14	249
14	250
14	251
14	252
14	253
14	254
14	255
14	256
14	257
14	258
14	259
14	260
14	261
14	262
14	263
14	264
14	265
14	266
14	267
14	268
14	269
14	270
14	271
14	272
14	273
14	274
14	275
14	276
14	277
14	278
14	279
14	280
14	281
14	282
14	283
14	284
14	285
14	286
14	287
15	42
15	214
15	223
15	228
15	229
15	230
15	232
15	233
15	234
15	235
15	236
15	237
15	238
15	239
15	240
15	241
15	242
15	243
15	244
15	245
15	246
15	247
15	248
15	249
15	250
15	251
15	252
15	253
15	254
15	255
15	256
15	257
15	258
15	259
15	260
15	261
15	262
15	263
15	264
15	265
15	266
15	267
15	268
15	269
15	270
15	271
15	272
15	273
15	274
15	275
15	276
15	277
15	278
15	279
15	280
15	281
15	282
15	283
15	284
15	285
15	286
15	287
16	42
16	223
16	228
16	234
16	236
16	237
16	238
16	239
16	240
16	241
16	242
16	245
16	246
16	247
16	248
16	249
16	250
16	251
16	252
16	253
16	254
16	255
16	256
16	257
16	258
16	259
16	260
16	261
16	262
16	263
16	264
16	265
16	266
16	267
16	268
16	269
16	270
16	271
16	272
16	273
16	274
16	275
16	276
16	277
16	278
16	279
16	280
16	281
16	282
16	283
16	284
16	285
16	286
16	287
17	42
17	228
17	246
17	247
17	252
17	253
17	254
17	255
17	256
17	258
17	261
17	262
17	264
17	265
17	266
17	267
17	269
17	273
17	274
17	277
17	278
17	279
17	281
17	282
17	283
17	285
17	286
17	287
18	42
18	223
18	228
18	234
18	236
18	237
18	238
18	239
18	240
18	241
18	242
18	245
18	246
18	247
18	248
18	249
18	250
18	251
18	252
18	253
18	254
18	255
18	256
18	257
18	258
18	259
18	260
18	261
18	262
18	263
18	264
18	265
18	266
18	267
18	268
18	269
18	270
18	271
18	272
18	273
18	274
18	275
18	276
18	277
18	278
18	279
18	280
18	281
18	282
18	283
18	284
18	285
18	286
18	287
19	42
19	214
19	223
19	228
19	229
19	230
19	232
19	233
19	234
19	235
19	236
19	237
19	238
19	239
19	240
19	241
19	242
19	243
19	244
19	245
19	246
19	247
19	248
19	249
19	250
19	251
19	252
19	253
19	254
19	255
19	256
19	257
19	258
19	259
19	260
19	261
19	262
19	263
19	264
19	265
19	266
19	267
19	268
19	269
19	270
19	271
19	272
19	273
19	274
19	275
19	276
19	277
19	278
19	279
19	280
19	281
19	282
19	283
19	284
19	285
19	286
19	287
20	42
20	228
20	234
20	236
20	237
20	238
20	239
20	240
20	241
20	242
20	245
20	246
20	247
20	248
20	249
20	250
20	251
20	252
20	253
20	254
20	255
20	256
20	257
20	258
20	259
20	260
20	261
20	262
20	263
20	264
20	265
20	266
20	267
20	268
20	269
20	270
20	271
20	272
20	273
20	274
20	275
20	276
20	277
20	278
20	279
20	280
20	281
20	282
20	283
20	284
20	285
20	286
20	287
21	42
21	223
21	228
21	234
21	236
21	237
21	238
21	239
21	240
21	241
21	242
21	245
21	246
21	247
21	248
21	249
21	250
21	251
21	252
21	253
21	254
21	255
21	256
21	257
21	258
21	259
21	260
21	261
21	262
21	263
21	264
21	265
21	266
21	267
21	268
21	269
21	270
21	271
21	272
21	273
21	274
21	275
21	276
21	277
21	278
21	279
21	280
21	281
21	282
21	283
21	284
21	285
21	286
21	287
22	42
22	214
22	223
22	224
22	228
22	229
22	230
22	232
22	233
22	234
22	235
22	236
22	237
22	238
22	239
22	240
22	241
22	242
22	243
22	244
22	245
22	246
22	247
22	248
22	249
22	250
22	251
22	252
22	253
22	254
22	255
22	256
22	257
22	258
22	259
22	260
22	261
22	262
22	263
22	264
22	265
22	266
22	267
22	268
22	269
22	270
22	271
22	272
22	273
22	274
22	275
22	276
22	277
22	278
22	279
22	280
22	281
22	282
22	283
22	284
22	285
22	286
22	287
23	42
23	214
23	223
23	228
23	229
23	230
23	232
23	233
23	234
23	235
23	236
23	237
23	238
23	239
23	240
23	241
23	242
23	243
23	244
23	245
23	246
23	247
23	248
23	249
23	250
23	251
23	252
23	253
23	254
23	255
23	256
23	257
23	258
23	259
23	260
23	261
23	262
23	263
23	264
23	265
23	266
23	267
23	268
23	269
23	270
23	271
23	272
23	273
23	274
23	275
23	276
23	277
23	278
23	279
23	280
23	281
23	282
23	283
23	284
23	285
23	286
23	287
24	42
24	223
24	228
24	234
24	236
24	237
24	238
24	239
24	240
24	241
24	242
24	245
24	246
24	247
24	248
24	249
24	250
24	251
24	252
24	253
24	254
24	255
24	256
24	257
24	258
24	259
24	260
24	261
24	262
24	263
24	264
24	265
24	266
24	267
24	268
24	269
24	270
24	271
24	272
24	273
24	274
24	275
24	276
24	277
24	278
24	279
24	280
24	281
24	282
24	283
24	284
24	285
24	286
24	287
25	42
25	223
25	228
25	234
25	236
25	237
25	238
25	239
25	240
25	241
25	242
25	245
25	246
25	247
25	248
25	249
25	250
25	251
25	252
25	253
25	254
25	255
25	256
25	257
25	258
25	259
25	260
25	261
25	262
25	263
25	264
25	265
25	266
25	267
25	268
25	269
25	270
25	271
25	272
25	273
25	274
25	275
25	276
25	277
25	278
25	279
25	280
25	281
25	282
25	283
25	284
25	285
25	286
25	287
26	42
26	214
26	223
26	228
26	229
26	230
26	232
26	233
26	234
26	235
26	236
26	237
26	238
26	239
26	240
26	241
26	242
26	243
26	244
26	245
26	246
26	247
26	248
26	249
26	250
26	251
26	252
26	253
26	254
26	255
26	256
26	257
26	258
26	259
26	260
26	261
26	262
26	263
26	264
26	265
26	266
26	267
26	268
26	269
26	270
26	271
26	272
26	273
26	274
26	275
26	276
26	277
26	278
26	279
26	280
26	281
26	282
26	283
26	284
26	285
26	286
26	287
27	42
27	214
27	223
27	228
27	229
27	230
27	232
27	233
27	234
27	235
27	236
27	237
27	238
27	239
27	240
27	241
27	242
27	243
27	244
27	245
27	246
27	247
27	248
27	249
27	250
27	251
27	252
27	253
27	254
27	255
27	256
27	257
27	258
27	259
27	260
27	261
27	262
27	263
27	264
27	265
27	266
27	267
27	268
27	269
27	270
27	271
27	272
27	273
27	274
27	275
27	276
27	277
27	278
27	279
27	280
27	281
27	282
27	283
27	284
27	285
27	286
27	287
28	42
28	214
28	223
28	228
28	229
28	230
28	232
28	233
28	234
28	235
28	236
28	237
28	238
28	239
28	240
28	241
28	242
28	243
28	244
28	245
28	246
28	247
28	248
28	249
28	250
28	251
28	252
28	253
28	254
28	255
28	256
28	257
28	258
28	259
28	260
28	261
28	262
28	263
28	264
28	265
28	266
28	267
28	268
28	269
28	270
28	271
28	272
28	273
28	274
28	275
28	276
28	277
28	278
28	279
28	280
28	281
28	282
28	283
28	284
28	285
28	286
28	287
29	42
29	214
29	223
29	228
29	229
29	230
29	233
29	234
29	236
29	237
29	238
29	239
29	240
29	241
29	242
29	245
29	246
29	247
29	248
29	249
29	250
29	251
29	252
29	253
29	254
29	255
29	256
29	257
29	258
29	259
29	260
29	261
29	262
29	263
29	264
29	265
29	266
29	267
29	268
29	269
29	270
29	271
29	272
29	273
29	274
29	275
29	276
29	277
29	278
29	279
29	280
29	281
29	282
29	283
29	284
29	285
29	286
29	287
30	42
30	223
30	228
30	232
30	234
30	236
30	237
30	238
30	239
30	240
30	241
30	242
30	245
30	246
30	247
30	248
30	249
30	250
30	251
30	252
30	253
30	254
30	255
30	256
30	257
30	258
30	259
30	260
30	261
30	262
30	263
30	264
30	265
30	266
30	267
30	268
30	269
30	270
30	271
30	272
30	273
30	274
30	275
30	276
30	277
30	278
30	279
30	280
30	281
30	282
30	283
30	284
30	285
30	286
30	287
31	42
31	223
31	228
31	229
31	230
31	233
31	234
31	236
31	237
31	238
31	239
31	240
31	241
31	242
31	245
31	246
31	247
31	248
31	249
31	250
31	251
31	252
31	253
31	254
31	255
31	256
31	257
31	258
31	259
31	260
31	261
31	262
31	263
31	264
31	265
31	266
31	267
31	268
31	269
31	270
31	271
31	272
31	273
31	274
31	275
31	276
31	277
31	278
31	279
31	280
31	281
31	282
31	283
31	284
31	285
31	286
31	287
32	42
32	214
32	223
32	228
32	229
32	230
32	233
32	234
32	236
32	237
32	238
32	239
32	240
32	241
32	242
32	245
32	246
32	247
32	248
32	249
32	250
32	251
32	252
32	253
32	254
32	255
32	256
32	257
32	258
32	259
32	260
32	261
32	262
32	263
32	264
32	265
32	266
32	267
32	268
32	269
32	270
32	271
32	272
32	273
32	274
32	275
32	276
32	277
32	278
32	279
32	280
32	281
32	282
32	283
32	284
32	285
32	286
32	287
33	42
33	214
33	223
33	228
33	229
33	230
33	232
33	233
33	234
33	235
33	236
33	237
33	238
33	239
33	240
33	241
33	242
33	243
33	244
33	245
33	246
33	247
33	248
33	249
33	250
33	251
33	252
33	253
33	254
33	255
33	256
33	257
33	258
33	259
33	260
33	261
33	262
33	263
33	264
33	265
33	266
33	267
33	268
33	269
33	270
33	271
33	272
33	273
33	274
33	275
33	276
33	277
33	278
33	279
33	280
33	281
33	282
33	283
33	284
33	285
33	286
33	287
34	42
34	228
34	237
34	246
34	247
34	252
34	253
34	254
34	255
34	256
34	258
34	261
34	262
34	264
34	265
34	266
34	267
34	269
34	273
34	274
34	277
34	278
34	279
34	281
34	282
34	283
34	285
34	286
34	287
35	42
35	228
35	234
35	236
35	237
35	238
35	239
35	240
35	241
35	242
35	245
35	246
35	247
35	248
35	249
35	250
35	251
35	252
35	253
35	254
35	255
35	256
35	257
35	258
35	259
35	260
35	261
35	262
35	263
35	264
35	265
35	266
35	267
35	268
35	269
35	270
35	271
35	272
35	273
35	274
35	275
35	276
35	277
35	278
35	279
35	280
35	281
35	282
35	283
35	284
35	285
35	286
35	287
36	42
36	223
36	228
36	234
36	236
36	237
36	238
36	239
36	240
36	241
36	242
36	245
36	246
36	247
36	248
36	249
36	250
36	251
36	252
36	253
36	254
36	255
36	256
36	257
36	258
36	259
36	260
36	261
36	262
36	263
36	264
36	265
36	266
36	267
36	268
36	269
36	270
36	271
36	272
36	273
36	274
36	275
36	276
36	277
36	278
36	279
36	280
36	281
36	282
36	283
36	284
36	285
36	286
36	287
37	42
37	223
37	228
37	234
37	236
37	237
37	238
37	239
37	240
37	241
37	242
37	245
37	246
37	247
37	248
37	249
37	250
37	251
37	252
37	253
37	254
37	255
37	256
37	257
37	258
37	259
37	260
37	261
37	262
37	263
37	264
37	265
37	266
37	267
37	268
37	269
37	270
37	271
37	272
37	273
37	274
37	275
37	276
37	277
37	278
37	279
37	280
37	281
37	282
37	283
37	284
37	285
37	286
37	287
38	42
38	228
38	234
38	236
38	237
38	238
38	239
38	240
38	241
38	242
38	245
38	246
38	247
38	248
38	249
38	250
38	251
38	252
38	253
38	254
38	255
38	256
38	257
38	258
38	259
38	260
38	261
38	262
38	263
38	264
38	265
38	266
38	267
38	268
38	269
38	270
38	271
38	272
38	273
38	274
38	275
38	276
38	277
38	278
38	279
38	280
38	281
38	282
38	283
38	284
38	285
38	286
38	287
39	42
39	223
39	228
39	234
39	236
39	237
39	238
39	239
39	240
39	241
39	242
39	245
39	246
39	247
39	248
39	249
39	250
39	251
39	252
39	253
39	254
39	255
39	256
39	257
39	258
39	259
39	260
39	261
39	262
39	263
39	264
39	265
39	266
39	267
39	268
39	269
39	270
39	271
39	272
39	273
39	274
39	275
39	276
39	277
39	278
39	279
39	280
39	281
39	282
39	283
39	284
39	285
39	286
39	287
40	42
40	223
40	228
40	234
40	236
40	237
40	238
40	239
40	240
40	241
40	242
40	245
40	246
40	247
40	248
40	249
40	250
40	251
40	252
40	253
40	254
40	255
40	256
40	257
40	258
40	259
40	260
40	261
40	262
40	263
40	264
40	265
40	266
40	267
40	268
40	269
40	270
40	271
40	272
40	273
40	274
40	275
40	276
40	277
40	278
40	279
40	280
40	281
40	282
40	283
40	284
40	285
40	286
40	287
41	42
41	228
41	246
41	247
41	252
41	253
41	254
41	255
41	256
41	258
41	261
41	262
41	264
41	265
41	266
41	267
41	269
41	273
41	274
41	277
41	278
41	279
41	281
41	282
41	283
41	285
41	286
41	287
42	43
42	44
42	45
42	46
42	47
42	48
42	49
42	50
42	51
42	52
42	53
42	54
42	55
42	56
42	57
42	58
42	59
42	60
42	61
42	62
42	63
42	64
42	65
42	66
42	67
42	68
42	69
42	70
42	71
42	72
42	73
42	74
42	75
42	76
42	77
42	78
42	79
42	80
42	81
42	82
42	83
42	84
42	85
42	86
42	87
42	88
42	89
42	90
42	91
42	92
42	93
42	94
42	95
42	96
42	97
42	98
42	99
42	100
42	101
42	102
42	103
42	104
42	105
42	106
42	107
42	108
42	109
42	110
42	111
42	112
42	113
42	114
42	115
42	116
42	117
42	118
42	119
42	120
42	121
42	122
42	123
42	124
42	125
42	126
42	127
42	128
42	129
42	130
42	131
42	132
42	133
42	134
42	135
42	136
42	137
42	138
42	139
42	140
42	141
42	142
42	143
42	144
42	145
42	146
42	147
42	148
42	149
42	150
42	151
42	152
42	153
42	154
42	155
42	156
42	157
42	158
42	159
42	160
42	161
42	162
42	163
42	164
42	165
42	166
42	167
42	168
42	169
42	170
42	171
42	172
42	173
42	174
42	175
42	176
42	177
42	178
42	179
42	180
42	181
42	182
42	183
42	184
42	185
42	186
42	187
42	188
42	189
42	190
42	191
42	192
42	193
42	194
42	195
42	196
42	197
42	198
42	199
42	200
42	201
42	202
42	203
42	204
42	205
42	206
42	207
42	208
42	209
42	210
42	211
42	212
42	213
42	214
42	215
42	216
42	217
42	218
42	219
42	220
42	221
42	222
42	223
42	224
42	225
42	226
42	227
42	228
42	229
42	230
42	231
42	232
42	233
42	234
42	235
42	236
42	237
42	238
42	239
42	240
42	241
42	242
42	243
42	244
42	245
42	246
42	247
42	248
42	249
42	250
42	251
42	252
42	253
42	254
42	255
42	256
42	257
42	258
42	259
42	260
42	261
42	262
42	263
42	264
42	265
42	266
42	267
42	268
42	269
42	270
42	271
42	272
42	273
42	274
42	275
42	276
42	277
42	278
42	279
42	280
42	281
42	282
42	283
42	284
42	285
42	286
42	287
42	288
43	223
43	228
43	232
43	234
43	236
43	237
43	238
43	239
43	240
43	241
43	242
43	245
43	246
43	247
43	248
43	249
43	250
43	251
43	252
43	253
43	254
43	255
43	256
43	257
43	258
43	259
43	260
43	261
43	262
43	263
43	264
43	265
43	266
43	267
43	268
43	269
43	270
43	271
43	272
43	273
43	274
43	275
43	276
43	277
43	278
43	279
43	280
43	281
43	282
43	283
43	284
43	285
43	286
43	287
44	223
44	228
44	234
44	236
44	237
44	238
44	239
44	240
44	241
44	242
44	245
44	246
44	247
44	248
44	249
44	250
44	251
44	252
44	253
44	254
44	255
44	256
44	257
44	258
44	259
44	260
44	261
44	262
44	263
44	264
44	265
44	266
44	267
44	268
44	269
44	270
44	271
44	272
44	273
44	274
44	275
44	276
44	277
44	278
44	279
44	280
44	281
44	282
44	283
44	284
44	285
44	286
44	287
45	228
45	246
45	247
45	252
45	253
45	254
45	255
45	256
45	258
45	261
45	262
45	264
45	265
45	266
45	267
45	269
45	273
45	274
45	277
45	278
45	279
45	281
45	282
45	283
45	285
45	286
45	287
46	228
46	234
46	236
46	237
46	238
46	239
46	240
46	241
46	242
46	245
46	246
46	247
46	248
46	249
46	250
46	251
46	252
46	253
46	254
46	255
46	256
46	257
46	258
46	259
46	260
46	261
46	262
46	263
46	264
46	265
46	266
46	267
46	268
46	269
46	270
46	271
46	272
46	273
46	274
46	275
46	276
46	277
46	278
46	279
46	280
46	281
46	282
46	283
46	284
46	285
46	286
46	287
47	228
47	234
47	236
47	237
47	238
47	239
47	240
47	241
47	242
47	245
47	246
47	247
47	248
47	249
47	250
47	251
47	252
47	253
47	254
47	255
47	256
47	257
47	258
47	259
47	260
47	261
47	262
47	263
47	264
47	265
47	266
47	267
47	268
47	269
47	270
47	271
47	272
47	273
47	274
47	275
47	276
47	277
47	278
47	279
47	280
47	281
47	282
47	283
47	284
47	285
47	286
47	287
48	214
48	223
48	228
48	229
48	230
48	232
48	233
48	234
48	235
48	236
48	237
48	238
48	239
48	240
48	241
48	242
48	243
48	244
48	245
48	246
48	247
48	248
48	249
48	250
48	251
48	252
48	253
48	254
48	255
48	256
48	257
48	258
48	259
48	260
48	261
48	262
48	263
48	264
48	265
48	266
48	267
48	268
48	269
48	270
48	271
48	272
48	273
48	274
48	275
48	276
48	277
48	278
48	279
48	280
48	281
48	282
48	283
48	284
48	285
48	286
48	287
49	223
49	228
49	234
49	236
49	237
49	238
49	239
49	240
49	241
49	242
49	245
49	246
49	247
49	248
49	249
49	250
49	251
49	252
49	253
49	254
49	255
49	256
49	257
49	258
49	259
49	260
49	261
49	262
49	263
49	264
49	265
49	266
49	267
49	268
49	269
49	270
49	271
49	272
49	273
49	274
49	275
49	276
49	277
49	278
49	279
49	280
49	281
49	282
49	283
49	284
49	285
49	286
49	287
50	228
50	234
50	236
50	237
50	238
50	239
50	240
50	241
50	242
50	245
50	246
50	247
50	248
50	249
50	250
50	251
50	252
50	253
50	254
50	255
50	256
50	257
50	258
50	259
50	260
50	261
50	262
50	263
50	264
50	265
50	266
50	267
50	268
50	269
50	270
50	271
50	272
50	273
50	274
50	275
50	276
50	277
50	278
50	279
50	280
50	281
50	282
50	283
50	284
50	285
50	286
50	287
51	214
51	223
51	228
51	229
51	230
51	232
51	233
51	234
51	235
51	236
51	237
51	238
51	239
51	240
51	241
51	242
51	243
51	244
51	245
51	246
51	247
51	248
51	249
51	250
51	251
51	252
51	253
51	254
51	255
51	256
51	257
51	258
51	259
51	260
51	261
51	262
51	263
51	264
51	265
51	266
51	267
51	268
51	269
51	270
51	271
51	272
51	273
51	274
51	275
51	276
51	277
51	278
51	279
51	280
51	281
51	282
51	283
51	284
51	285
51	286
51	287
52	228
52	234
52	236
52	237
52	238
52	239
52	240
52	241
52	242
52	245
52	246
52	247
52	248
52	249
52	250
52	251
52	252
52	253
52	254
52	255
52	256
52	257
52	258
52	259
52	260
52	261
52	262
52	263
52	264
52	265
52	266
52	267
52	268
52	269
52	270
52	271
52	272
52	273
52	274
52	275
52	276
52	277
52	278
52	279
52	280
52	281
52	282
52	283
52	284
52	285
52	286
52	287
53	223
53	228
53	229
53	230
53	233
53	234
53	236
53	237
53	238
53	239
53	240
53	241
53	242
53	245
53	246
53	247
53	248
53	249
53	250
53	251
53	252
53	253
53	254
53	255
53	256
53	257
53	258
53	259
53	260
53	261
53	262
53	263
53	264
53	265
53	266
53	267
53	268
53	269
53	270
53	271
53	272
53	273
53	274
53	275
53	276
53	277
53	278
53	279
53	280
53	281
53	282
53	283
53	284
53	285
53	286
53	287
54	223
54	228
54	234
54	236
54	237
54	238
54	239
54	240
54	241
54	242
54	245
54	246
54	247
54	248
54	249
54	250
54	251
54	252
54	253
54	254
54	255
54	256
54	257
54	258
54	259
54	260
54	261
54	262
54	263
54	264
54	265
54	266
54	267
54	268
54	269
54	270
54	271
54	272
54	273
54	274
54	275
54	276
54	277
54	278
54	279
54	280
54	281
54	282
54	283
54	284
54	285
54	286
54	287
55	228
55	246
55	247
55	252
55	253
55	254
55	255
55	256
55	258
55	261
55	262
55	264
55	265
55	266
55	267
55	269
55	273
55	274
55	277
55	278
55	279
55	281
55	282
55	283
55	285
55	286
55	287
56	223
56	228
56	229
56	230
56	233
56	234
56	236
56	237
56	238
56	239
56	240
56	241
56	242
56	243
56	244
56	245
56	246
56	247
56	248
56	249
56	250
56	251
56	252
56	253
56	254
56	255
56	256
56	257
56	258
56	259
56	260
56	261
56	262
56	263
56	264
56	265
56	266
56	267
56	268
56	269
56	270
56	271
56	272
56	273
56	274
56	275
56	276
56	277
56	278
56	279
56	280
56	281
56	282
56	283
56	284
56	285
56	286
56	287
57	228
57	234
57	236
57	237
57	238
57	239
57	240
57	241
57	242
57	245
57	246
57	247
57	248
57	249
57	250
57	251
57	252
57	253
57	254
57	255
57	256
57	257
57	258
57	259
57	260
57	261
57	262
57	263
57	264
57	265
57	266
57	267
57	268
57	269
57	270
57	271
57	272
57	273
57	274
57	275
57	276
57	277
57	278
57	279
57	280
57	281
57	282
57	283
57	284
57	285
57	286
57	287
58	214
58	223
58	228
58	229
58	230
58	232
58	233
58	234
58	235
58	236
58	237
58	238
58	239
58	240
58	241
58	242
58	243
58	244
58	245
58	246
58	247
58	248
58	249
58	250
58	251
58	252
58	253
58	254
58	255
58	256
58	257
58	258
58	259
58	260
58	261
58	262
58	263
58	264
58	265
58	266
58	267
58	268
58	269
58	270
58	271
58	272
58	273
58	274
58	275
58	276
58	277
58	278
58	279
58	280
58	281
58	282
58	283
58	284
58	285
58	286
58	287
59	223
59	228
59	234
59	236
59	237
59	238
59	239
59	240
59	241
59	242
59	245
59	246
59	247
59	248
59	249
59	250
59	251
59	252
59	253
59	254
59	255
59	256
59	257
59	258
59	259
59	260
59	261
59	262
59	263
59	264
59	265
59	266
59	267
59	268
59	269
59	270
59	271
59	272
59	273
59	274
59	275
59	276
59	277
59	278
59	279
59	280
59	281
59	282
59	283
59	284
59	285
59	286
59	287
60	228
60	234
60	236
60	237
60	238
60	239
60	240
60	241
60	242
60	245
60	246
60	247
60	248
60	249
60	250
60	251
60	252
60	253
60	254
60	255
60	256
60	257
60	258
60	259
60	260
60	261
60	262
60	263
60	264
60	265
60	266
60	267
60	268
60	269
60	270
60	271
60	272
60	273
60	274
60	275
60	276
60	277
60	278
60	279
60	280
60	281
60	282
60	283
60	284
60	285
60	286
60	287
61	228
61	234
61	236
61	237
61	238
61	239
61	240
61	241
61	242
61	245
61	246
61	247
61	248
61	249
61	250
61	251
61	252
61	253
61	254
61	255
61	256
61	257
61	258
61	259
61	260
61	261
61	262
61	263
61	264
61	265
61	266
61	267
61	268
61	269
61	270
61	271
61	272
61	273
61	274
61	275
61	276
61	277
61	278
61	279
61	280
61	281
61	282
61	283
61	284
61	285
61	286
61	287
62	228
62	234
62	236
62	237
62	238
62	239
62	240
62	241
62	242
62	245
62	246
62	247
62	248
62	249
62	250
62	251
62	252
62	253
62	254
62	255
62	256
62	257
62	258
62	259
62	260
62	261
62	262
62	263
62	264
62	265
62	266
62	267
62	268
62	269
62	270
62	271
62	272
62	273
62	274
62	275
62	276
62	277
62	278
62	279
62	280
62	281
62	282
62	283
62	284
62	285
62	286
62	287
63	228
63	234
63	236
63	237
63	238
63	239
63	240
63	241
63	242
63	245
63	246
63	247
63	248
63	249
63	250
63	251
63	252
63	253
63	254
63	255
63	256
63	257
63	258
63	259
63	260
63	261
63	262
63	263
63	264
63	265
63	266
63	267
63	268
63	269
63	270
63	271
63	272
63	273
63	274
63	275
63	276
63	277
63	278
63	279
63	280
63	281
63	282
63	283
63	284
63	285
63	286
63	287
64	223
64	228
64	234
64	236
64	237
64	238
64	239
64	240
64	241
64	242
64	245
64	246
64	247
64	248
64	249
64	250
64	251
64	252
64	253
64	254
64	255
64	256
64	257
64	258
64	259
64	260
64	261
64	262
64	263
64	264
64	265
64	266
64	267
64	268
64	269
64	270
64	271
64	272
64	273
64	274
64	275
64	276
64	277
64	278
64	279
64	280
64	281
64	282
64	283
64	284
64	285
64	286
64	287
65	228
65	234
65	236
65	237
65	238
65	239
65	240
65	241
65	242
65	245
65	246
65	247
65	248
65	249
65	250
65	251
65	252
65	253
65	254
65	255
65	256
65	257
65	258
65	259
65	260
65	261
65	262
65	263
65	264
65	265
65	266
65	267
65	268
65	269
65	270
65	271
65	272
65	273
65	274
65	275
65	276
65	277
65	278
65	279
65	280
65	281
65	282
65	283
65	284
65	285
65	286
65	287
66	228
66	234
66	236
66	237
66	238
66	239
66	240
66	241
66	242
66	245
66	246
66	247
66	248
66	249
66	250
66	251
66	252
66	253
66	254
66	255
66	256
66	257
66	258
66	259
66	260
66	261
66	262
66	263
66	264
66	265
66	266
66	267
66	268
66	269
66	270
66	271
66	272
66	273
66	274
66	275
66	276
66	277
66	278
66	279
66	280
66	281
66	282
66	283
66	284
66	285
66	286
66	287
67	228
67	246
67	247
67	252
67	253
67	254
67	255
67	256
67	258
67	261
67	262
67	264
67	265
67	266
67	267
67	269
67	273
67	274
67	277
67	278
67	279
67	281
67	282
67	283
67	285
67	286
67	287
68	228
68	234
68	236
68	237
68	238
68	239
68	240
68	241
68	242
68	245
68	246
68	247
68	248
68	249
68	250
68	251
68	252
68	253
68	254
68	255
68	256
68	257
68	258
68	259
68	260
68	261
68	262
68	263
68	264
68	265
68	266
68	267
68	268
68	269
68	270
68	271
68	272
68	273
68	274
68	275
68	276
68	277
68	278
68	279
68	280
68	281
68	282
68	283
68	284
68	285
68	286
68	287
69	228
69	234
69	236
69	237
69	238
69	239
69	240
69	241
69	242
69	245
69	246
69	247
69	248
69	249
69	250
69	251
69	252
69	253
69	254
69	255
69	256
69	257
69	258
69	259
69	260
69	261
69	262
69	263
69	264
69	265
69	266
69	267
69	268
69	269
69	270
69	271
69	272
69	273
69	274
69	275
69	276
69	277
69	278
69	279
69	280
69	281
69	282
69	283
69	284
69	285
69	286
69	287
70	228
70	234
70	236
70	237
70	238
70	239
70	240
70	241
70	242
70	245
70	246
70	247
70	248
70	249
70	250
70	251
70	252
70	253
70	254
70	255
70	256
70	257
70	258
70	259
70	260
70	261
70	262
70	263
70	264
70	265
70	266
70	267
70	268
70	269
70	270
70	271
70	272
70	273
70	274
70	275
70	276
70	277
70	278
70	279
70	280
70	281
70	282
70	283
70	284
70	285
70	286
70	287
71	228
71	234
71	236
71	237
71	238
71	239
71	240
71	241
71	242
71	245
71	246
71	247
71	248
71	249
71	250
71	251
71	252
71	253
71	254
71	255
71	256
71	257
71	258
71	259
71	260
71	261
71	262
71	263
71	264
71	265
71	266
71	267
71	268
71	269
71	270
71	271
71	272
71	273
71	274
71	275
71	276
71	277
71	278
71	279
71	280
71	281
71	282
71	283
71	284
71	285
71	286
71	287
72	228
72	234
72	236
72	237
72	238
72	239
72	240
72	241
72	242
72	245
72	246
72	247
72	248
72	249
72	250
72	251
72	252
72	253
72	254
72	255
72	256
72	257
72	258
72	259
72	260
72	261
72	262
72	263
72	264
72	265
72	266
72	267
72	268
72	269
72	270
72	271
72	272
72	273
72	274
72	275
72	276
72	277
72	278
72	279
72	280
72	281
72	282
72	283
72	284
72	285
72	286
72	287
73	223
73	228
73	229
73	230
73	232
73	233
73	234
73	235
73	236
73	237
73	238
73	239
73	240
73	241
73	242
73	245
73	246
73	247
73	248
73	249
73	250
73	251
73	252
73	253
73	254
73	255
73	256
73	257
73	258
73	259
73	260
73	261
73	262
73	263
73	264
73	265
73	266
73	267
73	268
73	269
73	270
73	271
73	272
73	273
73	274
73	275
73	276
73	277
73	278
73	279
73	280
73	281
73	282
73	283
73	284
73	285
73	286
73	287
74	223
74	228
74	229
74	230
74	233
74	234
74	236
74	237
74	238
74	239
74	240
74	241
74	242
74	245
74	246
74	247
74	248
74	249
74	250
74	251
74	252
74	253
74	254
74	255
74	256
74	257
74	258
74	259
74	260
74	261
74	262
74	263
74	264
74	265
74	266
74	267
74	268
74	269
74	270
74	271
74	272
74	273
74	274
74	275
74	276
74	277
74	278
74	279
74	280
74	281
74	282
74	283
74	284
74	285
74	286
74	287
75	223
75	228
75	232
75	234
75	236
75	237
75	238
75	239
75	240
75	241
75	242
75	245
75	246
75	247
75	248
75	249
75	250
75	251
75	252
75	253
75	254
75	255
75	256
75	257
75	258
75	259
75	260
75	261
75	262
75	263
75	264
75	265
75	266
75	267
75	268
75	269
75	270
75	271
75	272
75	273
75	274
75	275
75	276
75	277
75	278
75	279
75	280
75	281
75	282
75	283
75	284
75	285
75	286
75	287
76	228
76	234
76	236
76	237
76	238
76	239
76	240
76	241
76	242
76	245
76	246
76	247
76	248
76	249
76	250
76	251
76	252
76	253
76	254
76	255
76	256
76	257
76	258
76	259
76	260
76	261
76	262
76	263
76	264
76	265
76	266
76	267
76	268
76	269
76	270
76	271
76	272
76	273
76	274
76	275
76	276
76	277
76	278
76	279
76	280
76	281
76	282
76	283
76	284
76	285
76	286
76	287
77	228
77	234
77	236
77	237
77	238
77	239
77	240
77	241
77	242
77	245
77	246
77	247
77	248
77	249
77	250
77	251
77	252
77	253
77	254
77	255
77	256
77	257
77	258
77	259
77	260
77	261
77	262
77	263
77	264
77	265
77	266
77	267
77	268
77	269
77	270
77	271
77	272
77	273
77	274
77	275
77	276
77	277
77	278
77	279
77	280
77	281
77	282
77	283
77	284
77	285
77	286
77	287
78	228
78	234
78	236
78	237
78	238
78	239
78	240
78	241
78	242
78	245
78	246
78	247
78	248
78	249
78	250
78	251
78	252
78	253
78	254
78	255
78	256
78	257
78	258
78	259
78	260
78	261
78	262
78	263
78	264
78	265
78	266
78	267
78	268
78	269
78	270
78	271
78	272
78	273
78	274
78	275
78	276
78	277
78	278
78	279
78	280
78	281
78	282
78	283
78	284
78	285
78	286
78	287
79	228
79	234
79	236
79	237
79	238
79	239
79	240
79	241
79	242
79	245
79	246
79	247
79	248
79	249
79	250
79	251
79	252
79	253
79	254
79	255
79	256
79	257
79	258
79	259
79	260
79	261
79	262
79	263
79	264
79	265
79	266
79	267
79	268
79	269
79	270
79	271
79	272
79	273
79	274
79	275
79	276
79	277
79	278
79	279
79	280
79	281
79	282
79	283
79	284
79	285
79	286
79	287
80	228
80	237
80	240
80	241
80	245
80	246
80	247
80	248
80	249
80	250
80	251
80	252
80	253
80	254
80	255
80	256
80	257
80	258
80	259
80	260
80	261
80	262
80	263
80	264
80	265
80	266
80	267
80	268
80	269
80	270
80	271
80	272
80	273
80	274
80	275
80	276
80	277
80	278
80	279
80	280
80	281
80	282
80	283
80	284
80	285
80	286
80	287
81	214
81	223
81	228
81	229
81	230
81	232
81	233
81	234
81	235
81	236
81	237
81	238
81	239
81	240
81	241
81	242
81	243
81	244
81	245
81	246
81	247
81	248
81	249
81	250
81	251
81	252
81	253
81	254
81	255
81	256
81	257
81	258
81	259
81	260
81	261
81	262
81	263
81	264
81	265
81	266
81	267
81	268
81	269
81	270
81	271
81	272
81	273
81	274
81	275
81	276
81	277
81	278
81	279
81	280
81	281
81	282
81	283
81	284
81	285
81	286
81	287
82	193
82	205
82	211
82	214
82	218
82	219
82	220
82	223
82	224
82	225
82	228
82	229
82	230
82	231
82	232
82	233
82	234
82	235
82	236
82	237
82	238
82	239
82	240
82	241
82	242
82	243
82	244
82	245
82	246
82	247
82	248
82	249
82	250
82	251
82	252
82	253
82	254
82	255
82	256
82	257
82	258
82	259
82	260
82	261
82	262
82	263
82	264
82	265
82	266
82	267
82	268
82	269
82	270
82	271
82	272
82	273
82	274
82	275
82	276
82	277
82	278
82	279
82	280
82	281
82	282
82	283
82	284
82	285
82	286
82	287
83	214
83	223
83	228
83	229
83	230
83	232
83	233
83	234
83	235
83	236
83	237
83	238
83	239
83	240
83	241
83	242
83	243
83	244
83	245
83	246
83	247
83	248
83	249
83	250
83	251
83	252
83	253
83	254
83	255
83	256
83	257
83	258
83	259
83	260
83	261
83	262
83	263
83	264
83	265
83	266
83	267
83	268
83	269
83	270
83	271
83	272
83	273
83	274
83	275
83	276
83	277
83	278
83	279
83	280
83	281
83	282
83	283
83	284
83	285
83	286
83	287
84	228
84	237
84	240
84	241
84	245
84	246
84	247
84	248
84	249
84	250
84	251
84	252
84	253
84	254
84	255
84	256
84	257
84	258
84	259
84	260
84	261
84	262
84	263
84	264
84	265
84	266
84	267
84	268
84	269
84	270
84	271
84	272
84	273
84	274
84	275
84	276
84	277
84	278
84	279
84	280
84	281
84	282
84	283
84	284
84	285
84	286
84	287
85	228
85	234
85	236
85	237
85	238
85	239
85	240
85	241
85	242
85	245
85	246
85	247
85	248
85	249
85	250
85	251
85	252
85	253
85	254
85	255
85	256
85	257
85	258
85	259
85	260
85	261
85	262
85	263
85	264
85	265
85	266
85	267
85	268
85	269
85	270
85	271
85	272
85	273
85	274
85	275
85	276
85	277
85	278
85	279
85	280
85	281
85	282
85	283
85	284
85	285
85	286
85	287
86	228
86	234
86	236
86	237
86	238
86	246
86	247
86	252
86	253
86	254
86	255
86	256
86	258
86	261
86	262
86	264
86	265
86	266
86	267
86	269
86	273
86	274
86	277
86	278
86	279
86	281
86	282
86	283
86	285
86	286
86	287
87	228
87	234
87	236
87	237
87	238
87	239
87	240
87	241
87	242
87	245
87	246
87	247
87	248
87	249
87	250
87	251
87	252
87	253
87	254
87	255
87	256
87	257
87	258
87	259
87	260
87	261
87	262
87	263
87	264
87	265
87	266
87	267
87	268
87	269
87	270
87	271
87	272
87	273
87	274
87	275
87	276
87	277
87	278
87	279
87	280
87	281
87	282
87	283
87	284
87	285
87	286
87	287
88	228
88	234
88	236
88	237
88	238
88	246
88	247
88	252
88	253
88	254
88	255
88	256
88	258
88	261
88	262
88	264
88	265
88	266
88	267
88	269
88	273
88	274
88	277
88	278
88	279
88	281
88	282
88	283
88	285
88	286
88	287
89	228
89	246
89	247
89	252
89	253
89	254
89	255
89	256
89	258
89	261
89	262
89	264
89	265
89	266
89	267
89	269
89	273
89	274
89	277
89	278
89	279
89	281
89	282
89	283
89	285
89	286
89	287
90	228
90	234
90	236
90	237
90	238
90	239
90	240
90	241
90	242
90	245
90	246
90	247
90	248
90	249
90	250
90	251
90	252
90	253
90	254
90	255
90	256
90	257
90	258
90	259
90	260
90	261
90	262
90	263
90	264
90	265
90	266
90	267
90	268
90	269
90	270
90	271
90	272
90	273
90	274
90	275
90	276
90	277
90	278
90	279
90	280
90	281
90	282
90	283
90	284
90	285
90	286
90	287
91	228
91	234
91	236
91	237
91	238
91	239
91	240
91	241
91	242
91	245
91	246
91	247
91	248
91	249
91	250
91	251
91	252
91	253
91	254
91	255
91	256
91	257
91	258
91	259
91	260
91	261
91	262
91	263
91	264
91	265
91	266
91	267
91	268
91	269
91	270
91	271
91	272
91	273
91	274
91	275
91	276
91	277
91	278
91	279
91	280
91	281
91	282
91	283
91	284
91	285
91	286
91	287
92	228
92	234
92	236
92	237
92	238
92	239
92	240
92	241
92	242
92	245
92	246
92	247
92	248
92	249
92	250
92	251
92	252
92	253
92	254
92	255
92	256
92	257
92	258
92	259
92	260
92	261
92	262
92	263
92	264
92	265
92	266
92	267
92	268
92	269
92	270
92	271
92	272
92	273
92	274
92	275
92	276
92	277
92	278
92	279
92	280
92	281
92	282
92	283
92	284
92	285
92	286
92	287
93	223
93	228
93	234
93	236
93	237
93	238
93	239
93	240
93	241
93	242
93	245
93	246
93	247
93	248
93	249
93	250
93	251
93	252
93	253
93	254
93	255
93	256
93	257
93	258
93	259
93	260
93	261
93	262
93	263
93	264
93	265
93	266
93	267
93	268
93	269
93	270
93	271
93	272
93	273
93	274
93	275
93	276
93	277
93	278
93	279
93	280
93	281
93	282
93	283
93	284
93	285
93	286
93	287
94	228
94	234
94	236
94	237
94	238
94	246
94	247
94	252
94	253
94	254
94	255
94	256
94	258
94	261
94	262
94	264
94	265
94	266
94	267
94	269
94	273
94	274
94	277
94	278
94	279
94	281
94	282
94	283
94	285
94	286
94	287
95	228
95	234
95	236
95	237
95	238
95	239
95	240
95	241
95	242
95	245
95	246
95	247
95	248
95	249
95	250
95	251
95	252
95	253
95	254
95	255
95	256
95	257
95	258
95	259
95	260
95	261
95	262
95	263
95	264
95	265
95	266
95	267
95	268
95	269
95	270
95	271
95	272
95	273
95	274
95	275
95	276
95	277
95	278
95	279
95	280
95	281
95	282
95	283
95	284
95	285
95	286
95	287
96	228
96	234
96	236
96	237
96	238
96	239
96	240
96	241
96	242
96	245
96	246
96	247
96	248
96	249
96	250
96	251
96	252
96	253
96	254
96	255
96	256
96	257
96	258
96	259
96	260
96	261
96	262
96	263
96	264
96	265
96	266
96	267
96	268
96	269
96	270
96	271
96	272
96	273
96	274
96	275
96	276
96	277
96	278
96	279
96	280
96	281
96	282
96	283
96	284
96	285
96	286
96	287
97	228
97	234
97	236
97	237
97	238
97	239
97	240
97	241
97	242
97	245
97	246
97	247
97	248
97	249
97	250
97	251
97	252
97	253
97	254
97	255
97	256
97	257
97	258
97	259
97	260
97	261
97	262
97	263
97	264
97	265
97	266
97	267
97	268
97	269
97	270
97	271
97	272
97	273
97	274
97	275
97	276
97	277
97	278
97	279
97	280
97	281
97	282
97	283
97	284
97	285
97	286
97	287
98	223
98	228
98	234
98	236
98	237
98	238
98	239
98	240
98	241
98	242
98	245
98	246
98	247
98	248
98	249
98	250
98	251
98	252
98	253
98	254
98	255
98	256
98	257
98	258
98	259
98	260
98	261
98	262
98	263
98	264
98	265
98	266
98	267
98	268
98	269
98	270
98	271
98	272
98	273
98	274
98	275
98	276
98	277
98	278
98	279
98	280
98	281
98	282
98	283
98	284
98	285
98	286
98	287
99	223
99	228
99	232
99	234
99	236
99	237
99	238
99	239
99	240
99	241
99	242
99	245
99	246
99	247
99	248
99	249
99	250
99	251
99	252
99	253
99	254
99	255
99	256
99	257
99	258
99	259
99	260
99	261
99	262
99	263
99	264
99	265
99	266
99	267
99	268
99	269
99	270
99	271
99	272
99	273
99	274
99	275
99	276
99	277
99	278
99	279
99	280
99	281
99	282
99	283
99	284
99	285
99	286
99	287
100	214
100	223
100	228
100	229
100	230
100	232
100	233
100	234
100	235
100	236
100	237
100	238
100	239
100	240
100	241
100	242
100	243
100	244
100	245
100	246
100	247
100	248
100	249
100	250
100	251
100	252
100	253
100	254
100	255
100	256
100	257
100	258
100	259
100	260
100	261
100	262
100	263
100	264
100	265
100	266
100	267
100	268
100	269
100	270
100	271
100	272
100	273
100	274
100	275
100	276
100	277
100	278
100	279
100	280
100	281
100	282
100	283
100	284
100	285
100	286
100	287
101	223
101	228
101	232
101	234
101	236
101	237
101	238
101	239
101	240
101	241
101	242
101	245
101	246
101	247
101	248
101	249
101	250
101	251
101	252
101	253
101	254
101	255
101	256
101	257
101	258
101	259
101	260
101	261
101	262
101	263
101	264
101	265
101	266
101	267
101	268
101	269
101	270
101	271
101	272
101	273
101	274
101	275
101	276
101	277
101	278
101	279
101	280
101	281
101	282
101	283
101	284
101	285
101	286
101	287
102	223
102	228
102	234
102	236
102	237
102	238
102	239
102	240
102	241
102	242
102	245
102	246
102	247
102	248
102	249
102	250
102	251
102	252
102	253
102	254
102	255
102	256
102	257
102	258
102	259
102	260
102	261
102	262
102	263
102	264
102	265
102	266
102	267
102	268
102	269
102	270
102	271
102	272
102	273
102	274
102	275
102	276
102	277
102	278
102	279
102	280
102	281
102	282
102	283
102	284
102	285
102	286
102	287
103	228
103	237
103	240
103	241
103	245
103	246
103	247
103	248
103	249
103	250
103	251
103	252
103	253
103	254
103	255
103	256
103	257
103	258
103	259
103	260
103	261
103	262
103	263
103	264
103	265
103	266
103	267
103	268
103	269
103	270
103	271
103	272
103	273
103	274
103	275
103	276
103	277
103	278
103	279
103	280
103	281
103	282
103	283
103	284
103	285
103	286
103	287
104	228
104	237
104	246
104	247
104	252
104	253
104	254
104	255
104	256
104	258
104	261
104	262
104	264
104	265
104	266
104	267
104	269
104	273
104	274
104	277
104	278
104	279
104	281
104	282
104	283
104	285
104	286
104	287
105	223
105	228
105	229
105	230
105	233
105	234
105	236
105	237
105	238
105	239
105	240
105	241
105	242
105	245
105	246
105	247
105	248
105	249
105	250
105	251
105	252
105	253
105	254
105	255
105	256
105	257
105	258
105	259
105	260
105	261
105	262
105	263
105	264
105	265
105	266
105	267
105	268
105	269
105	270
105	271
105	272
105	273
105	274
105	275
105	276
105	277
105	278
105	279
105	280
105	281
105	282
105	283
105	284
105	285
105	286
105	287
106	228
106	234
106	236
106	237
106	238
106	239
106	240
106	241
106	242
106	245
106	246
106	247
106	248
106	249
106	250
106	251
106	252
106	253
106	254
106	255
106	256
106	257
106	258
106	259
106	260
106	261
106	262
106	263
106	264
106	265
106	266
106	267
106	268
106	269
106	270
106	271
106	272
106	273
106	274
106	275
106	276
106	277
106	278
106	279
106	280
106	281
106	282
106	283
106	284
106	285
106	286
106	287
107	228
107	246
107	247
107	252
107	253
107	254
107	255
107	256
107	258
107	261
107	262
107	264
107	265
107	266
107	267
107	269
107	273
107	274
107	277
107	278
107	279
107	281
107	282
107	283
107	285
107	286
107	287
108	228
108	234
108	236
108	237
108	238
108	239
108	240
108	241
108	242
108	245
108	246
108	247
108	248
108	249
108	250
108	251
108	252
108	253
108	254
108	255
108	256
108	257
108	258
108	259
108	260
108	261
108	262
108	263
108	264
108	265
108	266
108	267
108	268
108	269
108	270
108	271
108	272
108	273
108	274
108	275
108	276
108	277
108	278
108	279
108	280
108	281
108	282
108	283
108	284
108	285
108	286
108	287
109	228
109	234
109	236
109	237
109	238
109	246
109	247
109	252
109	253
109	254
109	255
109	256
109	258
109	261
109	262
109	264
109	265
109	266
109	267
109	269
109	273
109	274
109	277
109	278
109	279
109	281
109	282
109	283
109	285
109	286
109	287
110	228
110	234
110	236
110	237
110	238
110	239
110	240
110	241
110	242
110	245
110	246
110	247
110	248
110	249
110	250
110	251
110	252
110	253
110	254
110	255
110	256
110	257
110	258
110	259
110	260
110	261
110	262
110	263
110	264
110	265
110	266
110	267
110	268
110	269
110	270
110	271
110	272
110	273
110	274
110	275
110	276
110	277
110	278
110	279
110	280
110	281
110	282
110	283
110	284
110	285
110	286
110	287
111	228
111	237
111	246
111	247
111	252
111	253
111	254
111	255
111	256
111	258
111	261
111	262
111	264
111	265
111	266
111	267
111	269
111	273
111	274
111	277
111	278
111	279
111	281
111	282
111	283
111	285
111	286
111	287
112	228
112	246
112	247
112	252
112	253
112	254
112	255
112	256
112	258
112	261
112	262
112	264
112	265
112	266
112	267
112	269
112	273
112	274
112	277
112	278
112	279
112	281
112	282
112	283
112	285
112	286
112	287
113	228
113	234
113	236
113	237
113	238
113	246
113	247
113	252
113	253
113	254
113	255
113	256
113	258
113	261
113	262
113	264
113	265
113	266
113	267
113	269
113	273
113	274
113	277
113	278
113	279
113	281
113	282
113	283
113	285
113	286
113	287
114	228
114	246
114	247
114	252
114	253
114	254
114	255
114	256
114	258
114	261
114	262
114	264
114	265
114	266
114	267
114	269
114	273
114	274
114	277
114	278
114	279
114	281
114	282
114	283
114	285
114	286
114	287
115	228
115	237
115	246
115	247
115	252
115	253
115	254
115	255
115	256
115	258
115	261
115	262
115	264
115	265
115	266
115	267
115	269
115	273
115	274
115	277
115	278
115	279
115	281
115	282
115	283
115	285
115	286
115	287
116	228
116	237
116	246
116	247
116	252
116	253
116	254
116	255
116	256
116	258
116	261
116	262
116	264
116	265
116	266
116	267
116	269
116	273
116	274
116	277
116	278
116	279
116	281
116	282
116	283
116	285
116	286
116	287
117	228
117	234
117	236
117	237
117	238
117	246
117	247
117	252
117	253
117	254
117	255
117	256
117	258
117	261
117	262
117	264
117	265
117	266
117	267
117	269
117	273
117	274
117	277
117	278
117	279
117	281
117	282
117	283
117	285
117	286
117	287
118	228
118	237
118	246
118	247
118	252
118	253
118	254
118	255
118	256
118	258
118	261
118	262
118	264
118	265
118	266
118	267
118	269
118	273
118	274
118	277
118	278
118	279
118	281
118	282
118	283
118	285
118	286
118	287
119	228
119	237
119	246
119	247
119	252
119	253
119	254
119	255
119	256
119	258
119	261
119	262
119	264
119	265
119	266
119	267
119	269
119	273
119	274
119	277
119	278
119	279
119	281
119	282
119	283
119	285
119	286
119	287
120	228
120	237
120	246
120	247
120	252
120	253
120	254
120	255
120	256
120	258
120	261
120	262
120	264
120	265
120	266
120	267
120	269
120	273
120	274
120	277
120	278
120	279
120	281
120	282
120	283
120	285
120	286
120	287
121	228
121	246
121	247
121	252
121	253
121	254
121	255
121	256
121	258
121	261
121	262
121	264
121	265
121	266
121	267
121	269
121	273
121	274
121	277
121	278
121	279
121	281
121	282
121	283
121	285
121	286
121	287
122	228
122	237
122	246
122	247
122	252
122	253
122	254
122	255
122	256
122	258
122	261
122	262
122	264
122	265
122	266
122	267
122	269
122	273
122	274
122	277
122	278
122	279
122	281
122	282
122	283
122	285
122	286
122	287
123	228
123	246
123	252
123	253
123	254
123	255
123	256
123	258
123	261
123	264
123	265
123	266
123	267
123	269
123	273
123	274
123	277
123	281
123	282
123	283
123	285
123	286
123	287
124	228
124	237
124	273
124	285
124	287
125	228
125	237
125	246
125	247
125	252
125	253
125	254
125	255
125	256
125	258
125	261
125	262
125	264
125	265
125	266
125	267
125	269
125	273
125	274
125	277
125	278
125	279
125	281
125	282
125	283
125	285
125	286
125	287
126	228
126	246
126	247
126	252
126	253
126	254
126	255
126	256
126	258
126	261
126	262
126	264
126	265
126	266
126	267
126	269
126	273
126	274
126	277
126	278
126	279
126	281
126	282
126	283
126	285
126	286
126	287
127	223
127	228
127	234
127	236
127	237
127	238
127	246
127	247
127	252
127	253
127	254
127	255
127	256
127	258
127	261
127	262
127	264
127	265
127	266
127	267
127	269
127	273
127	274
127	277
127	278
127	279
127	281
127	282
127	283
127	285
127	286
127	287
128	193
128	214
128	223
128	224
128	225
128	228
128	229
128	230
128	232
128	233
128	234
128	235
128	236
128	237
128	238
128	239
128	240
128	241
128	242
128	243
128	244
128	245
128	246
128	247
128	248
128	249
128	250
128	251
128	252
128	253
128	254
128	255
128	256
128	257
128	258
128	259
128	260
128	261
128	262
128	263
128	264
128	265
128	266
128	267
128	268
128	269
128	270
128	271
128	272
128	273
128	274
128	275
128	276
128	277
128	278
128	279
128	280
128	281
128	282
128	283
128	284
128	285
128	286
128	287
129	228
129	234
129	236
129	237
129	238
129	239
129	240
129	241
129	242
129	245
129	246
129	247
129	248
129	249
129	250
129	251
129	252
129	253
129	254
129	255
129	256
129	257
129	258
129	259
129	260
129	261
129	262
129	263
129	264
129	265
129	266
129	267
129	268
129	269
129	270
129	271
129	272
129	273
129	274
129	275
129	276
129	277
129	278
129	279
129	280
129	281
129	282
129	283
129	284
129	285
129	286
129	287
130	228
130	234
130	236
130	237
130	238
130	246
130	247
130	252
130	253
130	254
130	255
130	256
130	258
130	261
130	262
130	264
130	265
130	266
130	267
130	269
130	273
130	274
130	277
130	278
130	279
130	281
130	282
130	283
130	285
130	286
130	287
131	223
131	228
131	229
131	230
131	233
131	234
131	236
131	237
131	238
131	239
131	240
131	241
131	242
131	245
131	246
131	247
131	248
131	249
131	250
131	251
131	252
131	253
131	254
131	255
131	256
131	257
131	258
131	259
131	260
131	261
131	262
131	263
131	264
131	265
131	266
131	267
131	268
131	269
131	270
131	271
131	272
131	273
131	274
131	275
131	276
131	277
131	278
131	279
131	280
131	281
131	282
131	283
131	284
131	285
131	286
131	287
132	223
132	228
132	229
132	230
132	232
132	233
132	234
132	235
132	236
132	237
132	238
132	239
132	240
132	241
132	242
132	245
132	246
132	247
132	248
132	249
132	250
132	251
132	252
132	253
132	254
132	255
132	256
132	257
132	258
132	259
132	260
132	261
132	262
132	263
132	264
132	265
132	266
132	267
132	268
132	269
132	270
132	271
132	272
132	273
132	274
132	275
132	276
132	277
132	278
132	279
132	280
132	281
132	282
132	283
132	284
132	285
132	286
132	287
133	228
133	237
133	240
133	241
133	245
133	246
133	247
133	248
133	249
133	250
133	251
133	252
133	253
133	254
133	255
133	256
133	257
133	258
133	259
133	260
133	261
133	262
133	263
133	264
133	265
133	266
133	267
133	268
133	269
133	270
133	271
133	272
133	273
133	274
133	275
133	276
133	277
133	278
133	279
133	280
133	281
133	282
133	283
133	284
133	285
133	286
133	287
134	223
134	228
134	229
134	230
134	233
134	234
134	236
134	237
134	238
134	239
134	240
134	241
134	242
134	245
134	246
134	247
134	248
134	249
134	250
134	251
134	252
134	253
134	254
134	255
134	256
134	257
134	258
134	259
134	260
134	261
134	262
134	263
134	264
134	265
134	266
134	267
134	268
134	269
134	270
134	271
134	272
134	273
134	274
134	275
134	276
134	277
134	278
134	279
134	280
134	281
134	282
134	283
134	284
134	285
134	286
134	287
135	228
135	237
135	240
135	241
135	245
135	246
135	247
135	248
135	249
135	250
135	251
135	252
135	253
135	254
135	255
135	256
135	257
135	258
135	259
135	260
135	261
135	262
135	263
135	264
135	265
135	266
135	267
135	268
135	269
135	270
135	271
135	272
135	273
135	274
135	275
135	276
135	277
135	278
135	279
135	280
135	281
135	282
135	283
135	284
135	285
135	286
135	287
136	228
136	234
136	236
136	237
136	238
136	239
136	240
136	241
136	242
136	245
136	246
136	247
136	248
136	249
136	250
136	251
136	252
136	253
136	254
136	255
136	256
136	257
136	258
136	259
136	260
136	261
136	262
136	263
136	264
136	265
136	266
136	267
136	268
136	269
136	270
136	271
136	272
136	273
136	274
136	275
136	276
136	277
136	278
136	279
136	280
136	281
136	282
136	283
136	284
136	285
136	286
136	287
137	228
137	237
137	240
137	241
137	245
137	246
137	247
137	248
137	249
137	250
137	251
137	252
137	253
137	254
137	255
137	256
137	257
137	258
137	259
137	260
137	261
137	262
137	263
137	264
137	265
137	266
137	267
137	268
137	269
137	270
137	271
137	272
137	273
137	274
137	275
137	276
137	277
137	278
137	279
137	280
137	281
137	282
137	283
137	284
137	285
137	286
137	287
138	228
138	237
138	240
138	241
138	245
138	246
138	247
138	248
138	249
138	250
138	251
138	252
138	253
138	254
138	255
138	256
138	257
138	258
138	259
138	260
138	261
138	262
138	263
138	264
138	265
138	266
138	267
138	268
138	269
138	270
138	271
138	272
138	273
138	274
138	275
138	276
138	277
138	278
138	279
138	280
138	281
138	282
138	283
138	284
138	285
138	286
138	287
139	228
139	234
139	236
139	237
139	238
139	239
139	240
139	241
139	242
139	245
139	246
139	247
139	248
139	249
139	250
139	251
139	252
139	253
139	254
139	255
139	256
139	257
139	258
139	259
139	260
139	261
139	262
139	263
139	264
139	265
139	266
139	267
139	268
139	269
139	270
139	271
139	272
139	273
139	274
139	275
139	276
139	277
139	278
139	279
139	280
139	281
139	282
139	283
139	284
139	285
139	286
139	287
140	228
140	237
140	240
140	241
140	245
140	246
140	247
140	248
140	249
140	250
140	251
140	252
140	253
140	254
140	255
140	256
140	257
140	258
140	259
140	260
140	261
140	262
140	263
140	264
140	265
140	266
140	267
140	268
140	269
140	270
140	271
140	272
140	273
140	274
140	275
140	276
140	277
140	278
140	279
140	280
140	281
140	282
140	283
140	284
140	285
140	286
140	287
141	228
141	237
141	238
141	246
141	247
141	252
141	253
141	254
141	255
141	256
141	258
141	261
141	262
141	264
141	265
141	266
141	267
141	269
141	273
141	274
141	277
141	278
141	279
141	281
141	282
141	283
141	285
141	286
141	287
142	214
142	223
142	228
142	229
142	230
142	232
142	233
142	234
142	235
142	236
142	237
142	238
142	239
142	240
142	241
142	242
142	243
142	244
142	245
142	246
142	247
142	248
142	249
142	250
142	251
142	252
142	253
142	254
142	255
142	256
142	257
142	258
142	259
142	260
142	261
142	262
142	263
142	264
142	265
142	266
142	267
142	268
142	269
142	270
142	271
142	272
142	273
142	274
142	275
142	276
142	277
142	278
142	279
142	280
142	281
142	282
142	283
142	284
142	285
142	286
142	287
143	193
143	205
143	211
143	214
143	218
143	219
143	220
143	223
143	224
143	225
143	228
143	229
143	230
143	231
143	232
143	233
143	234
143	235
143	236
143	237
143	238
143	239
143	240
143	241
143	242
143	243
143	244
143	245
143	246
143	247
143	248
143	249
143	250
143	251
143	252
143	253
143	254
143	255
143	256
143	257
143	258
143	259
143	260
143	261
143	262
143	263
143	264
143	265
143	266
143	267
143	268
143	269
143	270
143	271
143	272
143	273
143	274
143	275
143	276
143	277
143	278
143	279
143	280
143	281
143	282
143	283
143	284
143	285
143	286
143	287
144	228
144	246
144	247
144	252
144	253
144	254
144	255
144	256
144	258
144	261
144	262
144	264
144	265
144	266
144	267
144	269
144	273
144	274
144	277
144	278
144	279
144	281
144	282
144	283
144	285
144	286
144	287
145	228
145	246
145	247
145	252
145	253
145	254
145	255
145	256
145	258
145	261
145	262
145	264
145	265
145	266
145	267
145	269
145	273
145	274
145	277
145	278
145	279
145	281
145	282
145	283
145	285
145	286
145	287
146	228
146	234
146	236
146	237
146	238
146	239
146	240
146	241
146	242
146	245
146	246
146	247
146	248
146	249
146	250
146	251
146	252
146	253
146	254
146	255
146	256
146	257
146	258
146	259
146	260
146	261
146	262
146	263
146	264
146	265
146	266
146	267
146	268
146	269
146	270
146	271
146	272
146	273
146	274
146	275
146	276
146	277
146	278
146	279
146	280
146	281
146	282
146	283
146	284
146	285
146	286
146	287
147	228
147	246
147	247
147	252
147	253
147	254
147	255
147	256
147	258
147	261
147	262
147	264
147	265
147	266
147	267
147	269
147	273
147	274
147	277
147	278
147	279
147	281
147	282
147	283
147	285
147	286
147	287
148	228
148	246
148	247
148	252
148	253
148	254
148	255
148	256
148	258
148	261
148	262
148	264
148	265
148	266
148	267
148	269
148	273
148	274
148	277
148	278
148	279
148	281
148	282
148	283
148	285
148	286
148	287
149	228
149	234
149	236
149	237
149	238
149	239
149	240
149	241
149	242
149	245
149	246
149	247
149	248
149	249
149	250
149	251
149	252
149	253
149	254
149	255
149	256
149	257
149	258
149	259
149	260
149	261
149	262
149	263
149	264
149	265
149	266
149	267
149	268
149	269
149	270
149	271
149	272
149	273
149	274
149	275
149	276
149	277
149	278
149	279
149	280
149	281
149	282
149	283
149	284
149	285
149	286
149	287
150	228
150	234
150	236
150	237
150	238
150	239
150	240
150	241
150	242
150	245
150	246
150	247
150	248
150	249
150	250
150	251
150	252
150	253
150	254
150	255
150	256
150	257
150	258
150	259
150	260
150	261
150	262
150	263
150	264
150	265
150	266
150	267
150	268
150	269
150	270
150	271
150	272
150	273
150	274
150	275
150	276
150	277
150	278
150	279
150	280
150	281
150	282
150	283
150	284
150	285
150	286
150	287
151	214
151	223
151	228
151	229
151	230
151	232
151	233
151	234
151	235
151	236
151	237
151	238
151	239
151	240
151	241
151	242
151	243
151	244
151	245
151	246
151	247
151	248
151	249
151	250
151	251
151	252
151	253
151	254
151	255
151	256
151	257
151	258
151	259
151	260
151	261
151	262
151	263
151	264
151	265
151	266
151	267
151	268
151	269
151	270
151	271
151	272
151	273
151	274
151	275
151	276
151	277
151	278
151	279
151	280
151	281
151	282
151	283
151	284
151	285
151	286
151	287
152	228
152	234
152	236
152	237
152	238
152	239
152	240
152	241
152	242
152	245
152	246
152	247
152	248
152	249
152	250
152	251
152	252
152	253
152	254
152	255
152	256
152	257
152	258
152	259
152	260
152	261
152	262
152	263
152	264
152	265
152	266
152	267
152	268
152	269
152	270
152	271
152	272
152	273
152	274
152	275
152	276
152	277
152	278
152	279
152	280
152	281
152	282
152	283
152	284
152	285
152	286
152	287
153	214
153	223
153	228
153	229
153	230
153	232
153	233
153	234
153	235
153	236
153	237
153	238
153	239
153	240
153	241
153	242
153	243
153	244
153	245
153	246
153	247
153	248
153	249
153	250
153	251
153	252
153	253
153	254
153	255
153	256
153	257
153	258
153	259
153	260
153	261
153	262
153	263
153	264
153	265
153	266
153	267
153	268
153	269
153	270
153	271
153	272
153	273
153	274
153	275
153	276
153	277
153	278
153	279
153	280
153	281
153	282
153	283
153	284
153	285
153	286
153	287
154	228
154	234
154	236
154	237
154	238
154	239
154	240
154	241
154	242
154	245
154	246
154	247
154	248
154	249
154	250
154	251
154	252
154	253
154	254
154	255
154	256
154	257
154	258
154	259
154	260
154	261
154	262
154	263
154	264
154	265
154	266
154	267
154	268
154	269
154	270
154	271
154	272
154	273
154	274
154	275
154	276
154	277
154	278
154	279
154	280
154	281
154	282
154	283
154	284
154	285
154	286
154	287
155	228
155	246
155	247
155	252
155	253
155	254
155	255
155	256
155	258
155	261
155	262
155	264
155	265
155	266
155	267
155	269
155	273
155	274
155	277
155	278
155	279
155	281
155	282
155	283
155	285
155	286
155	287
156	228
156	234
156	236
156	237
156	238
156	239
156	240
156	241
156	242
156	245
156	246
156	247
156	248
156	249
156	250
156	251
156	252
156	253
156	254
156	255
156	256
156	257
156	258
156	259
156	260
156	261
156	262
156	263
156	264
156	265
156	266
156	267
156	268
156	269
156	270
156	271
156	272
156	273
156	274
156	275
156	276
156	277
156	278
156	279
156	280
156	281
156	282
156	283
156	284
156	285
156	286
156	287
157	228
157	237
157	246
157	247
157	252
157	253
157	254
157	255
157	256
157	258
157	261
157	262
157	264
157	265
157	266
157	267
157	269
157	273
157	274
157	277
157	278
157	279
157	281
157	282
157	283
157	285
157	286
157	287
158	228
158	273
158	285
158	287
159	228
159	273
159	285
159	287
160	228
160	246
160	247
160	252
160	253
160	254
160	255
160	256
160	258
160	261
160	262
160	264
160	265
160	266
160	267
160	269
160	273
160	274
160	277
160	278
160	279
160	281
160	282
160	283
160	285
160	286
160	287
161	228
161	273
161	285
161	287
162	228
162	273
162	285
162	287
163	228
163	273
163	285
163	287
164	228
164	246
164	247
164	252
164	253
164	254
164	255
164	256
164	258
164	261
164	262
164	264
164	265
164	266
164	267
164	269
164	273
164	274
164	277
164	278
164	279
164	281
164	282
164	283
164	285
164	286
164	287
165	228
165	246
165	247
165	252
165	253
165	254
165	255
165	256
165	258
165	261
165	262
165	264
165	265
165	266
165	267
165	269
165	273
165	274
165	277
165	278
165	279
165	281
165	282
165	283
165	285
165	286
165	287
166	228
166	246
166	247
166	252
166	253
166	254
166	255
166	256
166	258
166	261
166	262
166	264
166	265
166	266
166	267
166	269
166	273
166	274
166	277
166	278
166	279
166	281
166	282
166	283
166	285
166	286
166	287
167	228
167	234
167	236
167	237
167	238
167	239
167	240
167	241
167	242
167	245
167	246
167	247
167	248
167	249
167	250
167	251
167	252
167	253
167	254
167	255
167	256
167	257
167	258
167	259
167	260
167	261
167	262
167	263
167	264
167	265
167	266
167	267
167	268
167	269
167	270
167	271
167	272
167	273
167	274
167	275
167	276
167	277
167	278
167	279
167	280
167	281
167	282
167	283
167	284
167	285
167	286
167	287
168	228
168	246
168	247
168	252
168	253
168	254
168	255
168	256
168	258
168	261
168	262
168	264
168	265
168	266
168	267
168	269
168	273
168	274
168	277
168	278
168	279
168	281
168	282
168	283
168	285
168	286
168	287
169	228
169	234
169	236
169	237
169	238
169	239
169	240
169	241
169	242
169	245
169	246
169	247
169	248
169	249
169	250
169	251
169	252
169	253
169	254
169	255
169	256
169	257
169	258
169	259
169	260
169	261
169	262
169	263
169	264
169	265
169	266
169	267
169	268
169	269
169	270
169	271
169	272
169	273
169	274
169	275
169	276
169	277
169	278
169	279
169	280
169	281
169	282
169	283
169	284
169	285
169	286
169	287
170	228
170	229
170	230
170	233
170	234
170	236
170	237
170	238
170	239
170	240
170	241
170	242
170	245
170	246
170	247
170	248
170	249
170	250
170	251
170	252
170	253
170	254
170	255
170	256
170	257
170	258
170	259
170	260
170	261
170	262
170	263
170	264
170	265
170	266
170	267
170	268
170	269
170	270
170	271
170	272
170	273
170	274
170	275
170	276
170	277
170	278
170	279
170	280
170	281
170	282
170	283
170	284
170	285
170	286
170	287
171	228
171	234
171	236
171	237
171	238
171	246
171	247
171	252
171	253
171	254
171	255
171	256
171	258
171	261
171	262
171	264
171	265
171	266
171	267
171	269
171	273
171	274
171	277
171	278
171	279
171	281
171	282
171	283
171	285
171	286
171	287
172	228
172	229
172	230
172	233
172	234
172	236
172	237
172	238
172	239
172	240
172	241
172	242
172	245
172	246
172	247
172	248
172	249
172	250
172	251
172	252
172	253
172	254
172	255
172	256
172	257
172	258
172	259
172	260
172	261
172	262
172	263
172	264
172	265
172	266
172	267
172	268
172	269
172	270
172	271
172	272
172	273
172	274
172	275
172	276
172	277
172	278
172	279
172	280
172	281
172	282
172	283
172	284
172	285
172	286
172	287
173	228
173	246
173	252
173	253
173	254
173	255
173	256
173	258
173	261
173	264
173	265
173	266
173	267
173	269
173	273
173	274
173	277
173	281
173	282
173	283
173	285
173	286
173	287
174	228
174	237
174	246
174	247
174	252
174	253
174	254
174	255
174	256
174	258
174	261
174	262
174	264
174	265
174	266
174	267
174	269
174	273
174	274
174	277
174	278
174	279
174	281
174	282
174	283
174	285
174	286
174	287
175	228
175	246
175	247
175	252
175	253
175	254
175	255
175	256
175	258
175	261
175	262
175	264
175	265
175	266
175	267
175	269
175	273
175	274
175	277
175	278
175	279
175	281
175	282
175	283
175	285
175	286
175	287
176	228
176	246
176	247
176	252
176	253
176	254
176	255
176	256
176	258
176	261
176	262
176	264
176	265
176	266
176	267
176	269
176	273
176	274
176	277
176	278
176	279
176	281
176	282
176	283
176	285
176	286
176	287
177	228
177	246
177	247
177	252
177	253
177	254
177	255
177	256
177	258
177	261
177	262
177	264
177	265
177	266
177	267
177	269
177	273
177	274
177	277
177	278
177	279
177	281
177	282
177	283
177	285
177	286
177	287
178	228
179	228
180	228
180	273
180	285
180	287
181	228
181	273
181	285
181	287
182	228
182	273
182	285
182	287
183	228
183	246
183	252
183	253
183	254
183	255
183	256
183	258
183	261
183	264
183	265
183	266
183	267
183	269
183	273
183	274
183	277
183	281
183	282
183	283
183	285
183	286
183	287
184	228
184	246
184	247
184	252
184	253
184	254
184	255
184	256
184	258
184	261
184	262
184	264
184	265
184	266
184	267
184	269
184	273
184	274
184	277
184	278
184	279
184	281
184	282
184	283
184	285
184	286
184	287
185	228
185	246
185	247
185	252
185	253
185	254
185	255
185	256
185	258
185	261
185	262
185	264
185	265
185	266
185	267
185	269
185	273
185	274
185	277
185	278
185	279
185	281
185	282
185	283
185	285
185	286
185	287
186	228
186	273
186	285
186	287
187	228
187	273
187	285
187	287
188	228
188	273
188	285
188	287
189	228
189	273
189	285
189	287
190	228
190	273
190	285
190	287
191	228
191	246
191	252
191	253
191	254
191	255
191	256
191	258
191	261
191	264
191	265
191	266
191	267
191	269
191	273
191	274
191	277
191	281
191	282
191	283
191	285
191	286
191	287
192	228
192	246
192	252
192	253
192	254
192	255
192	256
192	258
192	261
192	264
192	265
192	266
192	267
192	269
192	273
192	274
192	277
192	281
192	282
192	283
192	285
192	286
192	287
193	228
193	234
193	236
193	237
193	238
193	246
193	247
193	252
193	253
193	254
193	255
193	256
193	258
193	261
193	262
193	264
193	265
193	266
193	267
193	269
193	273
193	274
193	277
193	278
193	279
193	281
193	282
193	283
193	285
193	286
193	287
194	228
194	273
194	285
194	287
195	228
195	234
195	236
195	237
195	238
195	246
195	247
195	252
195	253
195	254
195	255
195	256
195	258
195	261
195	262
195	264
195	265
195	266
195	267
195	269
195	273
195	274
195	277
195	278
195	279
195	281
195	282
195	283
195	285
195	286
195	287
196	228
196	273
196	285
196	287
197	228
197	234
197	237
197	246
197	247
197	252
197	253
197	254
197	255
197	256
197	258
197	261
197	262
197	264
197	265
197	266
197	267
197	269
197	273
197	274
197	277
197	278
197	279
197	281
197	282
197	283
197	285
197	286
197	287
198	228
198	273
198	285
198	287
199	228
199	246
199	247
199	252
199	253
199	254
199	255
199	256
199	258
199	261
199	262
199	264
199	265
199	266
199	267
199	269
199	273
199	274
199	277
199	278
199	279
199	281
199	282
199	283
199	285
199	286
199	287
200	228
200	246
200	247
200	252
200	253
200	254
200	255
200	256
200	258
200	261
200	262
200	264
200	265
200	266
200	267
200	269
200	273
200	274
200	277
200	278
200	279
200	281
200	282
200	283
200	285
200	286
200	287
201	228
201	237
201	246
201	247
201	252
201	253
201	254
201	255
201	256
201	258
201	261
201	262
201	264
201	265
201	266
201	267
201	269
201	273
201	274
201	277
201	278
201	279
201	281
201	282
201	283
201	285
201	286
201	287
202	228
202	246
202	247
202	252
202	253
202	254
202	255
202	256
202	258
202	261
202	262
202	264
202	265
202	266
202	267
202	269
202	273
202	274
202	277
202	278
202	279
202	281
202	282
202	283
202	285
202	286
202	287
203	228
203	273
203	285
203	287
204	228
204	234
204	236
204	237
204	238
204	239
204	240
204	241
204	242
204	245
204	246
204	247
204	248
204	249
204	250
204	251
204	252
204	253
204	254
204	255
204	256
204	257
204	258
204	259
204	260
204	261
204	262
204	263
204	264
204	265
204	266
204	267
204	268
204	269
204	270
204	271
204	272
204	273
204	274
204	275
204	276
204	277
204	278
204	279
204	280
204	281
204	282
204	283
204	284
204	285
204	286
204	287
205	228
205	273
205	285
205	287
206	228
206	246
206	247
206	252
206	253
206	254
206	255
206	256
206	258
206	261
206	262
206	264
206	265
206	266
206	267
206	269
206	273
206	274
206	277
206	278
206	279
206	281
206	282
206	283
206	285
206	286
206	287
207	228
207	246
207	252
207	253
207	254
207	255
207	256
207	258
207	261
207	264
207	265
207	266
207	267
207	269
207	273
207	274
207	277
207	281
207	282
207	283
207	285
207	286
207	287
208	228
209	228
209	273
209	285
210	228
210	273
210	285
210	287
211	228
211	237
211	240
211	241
211	245
211	246
211	247
211	248
211	249
211	250
211	251
211	252
211	253
211	254
211	255
211	256
211	257
211	258
211	259
211	260
211	261
211	262
211	263
211	264
211	265
211	266
211	267
211	268
211	269
211	270
211	271
211	272
211	273
211	274
211	275
211	276
211	277
211	278
211	279
211	280
211	281
211	282
211	283
211	284
211	285
211	286
211	287
212	228
212	273
212	285
212	287
213	228
213	273
213	285
213	287
214	228
214	273
214	285
214	287
215	228
215	273
215	285
215	287
216	228
216	273
216	285
217	228
217	246
217	247
217	252
217	253
217	254
217	255
217	256
217	258
217	261
217	262
217	264
217	265
217	266
217	267
217	269
217	273
217	274
217	277
217	278
217	279
217	281
217	282
217	283
217	285
217	286
217	287
218	228
219	228
220	228
221	228
221	273
221	285
221	287
222	228
222	246
222	247
222	252
222	253
222	254
222	255
222	256
222	258
222	261
222	262
222	264
222	265
222	266
222	267
222	269
222	273
222	274
222	277
222	278
222	279
222	281
222	282
222	283
222	285
222	286
222	287
223	228
223	239
223	240
223	241
223	245
223	246
223	247
223	248
223	249
223	250
223	251
223	252
223	253
223	254
223	255
223	256
223	257
223	258
223	259
223	260
223	261
223	262
223	263
223	264
223	265
223	266
223	267
223	268
223	269
223	270
223	271
223	272
223	273
223	274
223	275
223	276
223	277
223	278
223	279
223	280
223	281
223	282
223	283
223	284
223	285
223	286
223	287
223	288
224	228
224	246
224	247
224	252
224	253
224	254
224	255
224	256
224	258
224	261
224	262
224	264
224	265
224	266
224	267
224	269
224	273
224	274
224	277
224	278
224	279
224	281
224	282
224	283
224	285
224	286
224	287
225	228
225	273
225	285
225	287
226	228
226	246
226	247
226	252
226	253
226	254
226	255
226	256
226	258
226	261
226	262
226	264
226	265
226	266
226	267
226	269
226	273
226	274
226	277
226	278
226	279
226	281
226	282
226	283
226	285
226	286
226	287
227	228
227	246
227	247
227	252
227	253
227	254
227	255
227	256
227	258
227	261
227	262
227	264
227	265
227	266
227	267
227	269
227	273
227	274
227	277
227	278
227	279
227	281
227	282
227	283
227	285
227	286
227	287
228	229
228	230
228	231
228	232
228	233
228	234
228	235
228	236
228	237
228	238
228	239
228	240
228	241
228	242
228	243
228	244
228	245
228	246
228	247
228	248
228	249
228	250
228	251
228	252
228	253
228	254
228	255
228	256
228	257
228	258
228	259
228	260
228	261
228	262
228	263
228	264
228	265
228	266
228	267
228	268
228	269
228	270
228	271
228	272
228	273
228	274
228	275
228	276
228	277
228	278
228	279
228	280
228	281
228	282
228	283
228	284
228	285
228	286
228	287
228	288
229	253
229	254
229	267
229	269
229	273
229	277
229	282
229	283
229	285
229	288
230	253
230	254
230	267
230	269
230	273
230	277
230	282
230	283
230	285
230	288
231	253
231	254
231	267
231	269
231	273
231	277
231	282
231	283
231	285
232	273
232	285
232	288
233	288
234	288
235	288
236	288
237	273
237	285
237	288
238	273
238	285
238	288
239	288
240	288
241	288
242	288
245	288
246	288
247	288
248	288
249	288
250	288
251	288
252	288
253	288
254	288
255	288
256	288
257	288
258	288
259	288
260	288
261	288
262	288
263	288
264	288
265	288
266	288
267	288
268	288
269	288
270	288
271	288
272	288
273	288
274	288
275	288
276	288
277	288
278	288
279	288
280	288
281	288
282	288
283	288
284	288
285	288
286	288
287	288