242	2248
1	50
1	99
1	240
1	241
1	242
2	50
2	99
2	154
2	160
2	173
2	174
2	192
2	194
2	202
2	204
2	213
2	214
2	215
2	216
2	218
2	219
2	222
2	224
2	225
2	226
2	227
2	231
2	232
2	233
2	234
2	236
2	237
2	238
2	239
2	240
2	241
2	242
3	50
3	99
3	240
3	241
3	242
4	50
4	99
4	240
4	241
4	242
5	50
5	99
5	240
5	241
5	242
6	50
6	99
6	240
6	241
6	242
7	50
7	99
7	151
7	154
7	160
7	167
7	168
7	173
7	174
7	188
7	190
7	192
7	194
7	199
7	201
7	202
7	204
7	205
7	206
7	210
7	211
7	212
7	213
7	214
7	215
7	216
7	218
7	219
7	222
7	224
7	225
7	226
7	227
7	231
7	232
7	233
7	234
7	236
7	237
7	238
7	239
7	240
7	241
7	242
8	50
8	99
8	154
8	160
8	173
8	174
8	192
8	194
8	202
8	204
8	213
8	214
8	215
8	216
8	218
8	219
8	222
8	224
8	225
8	226
8	227
8	231
8	232
8	233
8	234
8	236
8	237
8	238
8	239
8	240
8	241
8	242
9	50
9	99
9	154
9	160
9	173
9	174
9	192
9	194
9	202
9	204
9	213
9	214
9	215
9	216
9	218
9	219
9	222
9	224
9	225
9	226
9	227
9	231
9	232
9	233
9	234
9	236
9	237
9	238
9	239
9	240
9	241
9	242
10	36
10	50
10	99
10	240
10	241
10	242
11	50
11	99
12	50
12	99
12	240
12	241
12	242
13	50
13	99
13	240
13	241
13	242
14	50
14	99
14	240
15	50
15	99
15	240
15	241
15	242
16	50
16	99
16	204
16	226
16	227
16	232
16	234
16	236
16	238
16	239
16	240
16	241
16	242
17	50
17	99
17	154
17	160
17	173
17	174
17	192
17	194
17	202
17	204
17	213
17	214
17	215
17	216
17	218
17	219
17	222
17	224
17	225
17	226
17	227
17	231
17	232
17	233
17	234
17	236
17	237
17	238
17	239
17	240
17	241
17	242
18	50
18	99
18	154
18	160
18	173
18	174
18	192
18	194
18	202
18	204
18	213
18	214
18	215
18	216
18	218
18	219
18	222
18	224
18	225
18	226
18	227
18	231
18	232
18	233
18	234
18	236
18	237
18	238
18	239
18	240
18	241
18	242
19	50
19	99
19	240
19	241
19	242
20	50
20	99
20	240
20	241
20	242
21	50
21	99
21	154
21	160
21	173
21	174
21	192
21	194
21	202
21	204
21	213
21	214
21	215
21	216
21	218
21	219
21	222
21	224
21	225
21	226
21	227
21	231
21	232
21	233
21	234
21	236
21	237
21	238
21	239
21	240
21	241
21	242
22	50
22	99
22	154
22	160
22	173
22	174
22	192
22	194
22	202
22	204
22	213
22	214
22	215
22	216
22	218
22	219
22	222
22	224
22	225
22	226
22	227
22	231
22	232
22	233
22	234
22	236
22	237
22	238
22	239
22	240
22	241
22	242
23	50
23	99
23	108
23	115
23	130
23	140
23	142
23	143
23	147
23	154
23	158
23	160
23	173
23	174
23	176
23	180
23	182
23	184
23	186
23	187
23	189
23	192
23	193
23	194
23	195
23	196
23	197
23	202
23	204
23	208
23	209
23	213
23	214
23	215
23	216
23	217
23	218
23	219
23	220
23	221
23	222
23	223
23	224
23	225
23	226
23	227
23	228
23	229
23	230
23	231
23	232
23	233
23	234
23	235
23	236
23	237
23	238
23	239
23	240
23	241
23	242
24	50
24	99
24	204
24	224
24	225
24	226
24	227
24	231
24	232
24	234
24	236
24	238
24	239
24	240
24	241
24	242
25	50
25	99
25	151
25	154
25	156
25	158
25	160
25	165
25	167
25	173
25	174
25	180
25	182
25	184
25	186
25	187
25	188
25	189
25	190
25	191
25	192
25	193
25	194
25	195
25	196
25	197
25	198
25	199
25	202
25	203
25	204
25	205
25	206
25	208
25	209
25	210
25	211
25	212
25	213
25	214
25	215
25	216
25	217
25	218
25	219
25	220
25	221
25	222
25	223
25	224
25	225
25	226
25	227
25	228
25	229
25	230
25	231
25	232
25	233
25	234
25	235
25	236
25	237
25	238
25	239
25	240
25	241
25	242
26	50
26	99
26	204
26	224
26	225
26	226
26	227
26	231
26	232
26	234
26	236
26	238
26	239
26	240
26	241
26	242
27	50
27	99
27	173
27	174
27	192
27	202
27	204
27	213
27	214
27	215
27	216
27	218
27	219
27	222
27	224
27	225
27	226
27	227
27	231
27	232
27	233
27	234
27	236
27	237
27	238
27	239
27	240
27	241
27	242
28	50
28	99
28	204
28	224
28	225
28	226
28	227
28	231
28	232
28	234
28	236
28	238
28	239
28	240
28	241
28	242
29	50
29	99
29	154
29	160
29	173
29	174
29	192
29	194
29	202
29	204
29	213
29	214
29	215
29	216
29	218
29	219
29	222
29	224
29	225
29	226
29	227
29	231
29	232
29	233
29	234
29	236
29	237
29	238
29	239
29	240
29	241
29	242
30	50
30	75
30	90
30	99
30	103
30	104
30	105
30	107
30	108
30	110
30	113
30	115
30	116
30	121
30	123
30	124
30	127
30	130
30	131
30	134
30	135
30	136
30	137
30	138
30	140
30	142
30	143
30	145
30	147
30	148
30	150
30	151
30	152
30	154
30	155
30	156
30	158
30	159
30	160
30	163
30	164
30	165
30	167
30	168
30	169
30	170
30	171
30	172
30	173
30	174
30	175
30	176
30	180
30	182
30	184
30	186
30	187
30	188
30	189
30	190
30	191
30	192
30	193
30	194
30	195
30	196
30	197
30	198
30	199
30	200
30	201
30	202
30	203
30	204
30	205
30	206
30	208
30	209
30	210
30	211
30	212
30	213
30	214
30	215
30	216
30	217
30	218
30	219
30	220
30	221
30	222
30	223
30	224
30	225
30	226
30	227
30	228
30	229
30	230
30	231
30	232
30	233
30	234
30	235
30	236
30	237
30	238
30	239
30	240
30	241
30	242
31	50
31	99
31	154
31	160
31	173
31	174
31	192
31	194
31	202
31	204
31	213
31	214
31	215
31	216
31	218
31	219
31	222
31	224
31	225
31	226
31	227
31	231
31	232
31	233
31	234
31	236
31	237
31	238
31	239
31	240
31	241
31	242
32	50
32	99
32	108
32	140
32	147
32	154
32	158
32	160
32	173
32	174
32	180
32	182
32	184
32	186
32	187
32	189
32	192
32	193
32	194
32	195
32	196
32	197
32	202
32	204
32	208
32	209
32	213
32	214
32	215
32	216
32	217
32	218
32	219
32	220
32	221
32	222
32	223
32	224
32	225
32	226
32	227
32	228
32	229
32	230
32	231
32	232
32	233
32	234
32	235
32	236
32	237
32	238
32	239
32	240
32	241
32	242
33	50
33	99
33	108
33	115
33	130
33	140
33	142
33	143
33	147
33	154
33	158
33	160
33	173
33	174
33	176
33	180
33	182
33	184
33	186
33	187
33	189
33	192
33	193
33	194
33	195
33	196
33	197
33	202
33	204
33	208
33	209
33	213
33	214
33	215
33	216
33	217
33	218
33	219
33	220
33	221
33	222
33	223
33	224
33	225
33	226
33	227
33	228
33	229
33	230
33	231
33	232
33	233
33	234
33	235
33	236
33	237
33	238
33	239
33	240
33	241
33	242
34	50
34	99
34	204
34	214
34	219
34	222
34	224
34	225
34	226
34	227
34	231
34	232
34	233
34	234
34	236
34	237
34	238
34	239
34	240
34	241
34	242
35	50
35	99
35	204
35	214
35	219
35	222
35	224
35	225
35	226
35	227
35	231
35	232
35	233
35	234
35	236
35	237
35	238
35	239
35	240
35	241
35	242
36	50
36	71
36	74
36	75
36	78
36	80
36	82
36	86
36	88
36	90
36	93
36	94
36	97
36	99
36	106
36	107
36	108
36	109
36	110
36	111
36	112
36	113
36	115
36	116
36	118
36	119
36	123
36	127
36	130
36	131
36	132
36	133
36	134
36	135
36	136
36	137
36	138
36	139
36	140
36	141
36	142
36	143
36	144
36	145
36	146
36	147
36	148
36	149
36	150
36	151
36	152
36	153
36	154
36	155
36	156
36	157
36	158
36	159
36	160
36	161
36	162
36	163
36	164
36	165
36	166
36	167
36	168
36	169
36	170
36	171
36	172
36	173
36	174
36	175
36	176
36	177
36	178
36	179
36	180
36	181
36	182
36	183
36	184
36	185
36	186
36	187
36	188
36	189
36	190
36	191
36	192
36	193
36	194
36	195
36	196
36	197
36	198
36	199
36	200
36	201
36	202
36	203
36	204
36	205
36	206
36	207
36	208
36	209
36	210
36	211
36	212
36	213
36	214
36	215
36	216
36	217
36	218
36	219
36	220
36	221
36	222
36	223
36	224
36	225
36	226
36	227
36	228
36	229
36	230
36	231
36	232
36	233
36	234
36	235
36	236
36	237
36	238
36	239
36	240
36	241
36	242
37	50
37	99
37	108
37	119
37	140
37	141
37	147
37	148
37	151
37	152
37	154
37	156
37	158
37	160
37	165
37	167
37	171
37	172
37	173
37	174
37	175
37	177
37	178
37	179
37	180
37	182
37	183
37	184
37	185
37	186
37	187
37	188
37	189
37	190
37	191
37	192
37	193
37	194
37	195
37	196
37	197
37	198
37	199
37	202
37	203
37	204
37	205
37	206
37	208
37	209
37	210
37	211
37	212
37	213
37	214
37	215
37	216
37	217
37	218
37	219
37	220
37	221
37	222
37	223
37	224
37	225
37	226
37	227
37	228
37	229
37	230
37	231
37	232
37	233
37	234
37	235
37	236
37	237
37	238
37	239
37	240
37	241
37	242
38	50
38	99
38	204
38	224
38	225
38	226
38	227
38	231
38	232
38	234
38	236
38	238
38	239
38	240
38	241
38	242
39	50
39	99
39	154
39	160
39	173
39	174
39	192
39	194
39	202
39	204
39	213
39	214
39	215
39	216
39	218
39	219
39	222
39	224
39	225
39	226
39	227
39	231
39	232
39	233
39	234
39	236
39	237
39	238
39	239
39	240
39	241
39	242
40	50
40	99
40	151
40	154
40	156
40	158
40	160
40	165
40	167
40	173
40	174
40	180
40	182
40	184
40	186
40	187
40	188
40	189
40	190
40	191
40	192
40	193
40	194
40	195
40	196
40	197
40	198
40	199
40	202
40	203
40	204
40	205
40	206
40	208
40	209
40	210
40	211
40	212
40	213
40	214
40	215
40	216
40	217
40	218
40	219
40	220
40	221
40	222
40	223
40	224
40	225
40	226
40	227
40	228
40	229
40	230
40	231
40	232
40	233
40	234
40	235
40	236
40	237
40	238
40	239
40	240
40	241
40	242
41	50
41	99
41	204
41	214
41	219
41	222
41	224
41	225
41	226
41	227
41	231
41	232
41	233
41	234
41	236
41	237
41	238
41	239
41	240
41	241
41	242
42	50
42	99
42	154
42	158
42	160
42	173
42	174
42	180
42	182
42	184
42	186
42	187
42	189
42	192
42	193
42	194
42	195
42	196
42	197
42	202
42	204
42	208
42	209
42	213
42	214
42	215
42	216
42	217
42	218
42	219
42	220
42	221
42	222
42	223
42	224
42	225
42	226
42	227
42	228
42	229
42	230
42	231
42	232
42	233
42	234
42	235
42	236
42	237
42	238
42	239
42	240
42	241
42	242
43	50
43	99
43	204
43	214
43	219
43	221
43	222
43	223
43	224
43	225
43	226
43	227
43	228
43	231
43	232
43	233
43	234
43	235
43	236
43	237
43	238
43	239
43	240
43	241
43	242
44	50
44	99
44	184
44	204
44	214
44	219
44	221
44	222
44	223
44	224
44	225
44	226
44	227
44	228
44	229
44	231
44	232
44	233
44	234
44	235
44	236
44	237
44	238
44	239
44	240
44	241
44	242
45	50
45	99
45	154
45	158
45	160
45	173
45	174
45	180
45	182
45	184
45	186
45	187
45	189
45	192
45	193
45	194
45	195
45	196
45	197
45	202
45	204
45	208
45	209
45	213
45	214
45	215
45	216
45	217
45	218
45	219
45	220
45	221
45	222
45	223
45	224
45	225
45	226
45	227
45	228
45	229
45	230
45	231
45	232
45	233
45	234
45	235
45	236
45	237
45	238
45	239
45	240
45	241
45	242
46	50
46	99
46	204
46	224
46	225
46	226
46	227
46	231
46	232
46	234
46	236
46	238
46	239
46	240
46	241
46	242
47	50
47	99
47	204
47	224
47	225
47	226
47	227
47	231
47	232
47	234
47	236
47	238
47	239
47	240
47	241
47	242
48	50
48	99
48	204
48	224
48	225
48	226
48	227
48	231
48	232
48	234
48	236
48	238
48	239
48	240
48	241
48	242
49	50
49	99
49	226
49	234
49	240
49	241
49	242
50	51
50	52
50	53
50	54
50	55
50	56
50	57
50	58
50	59
50	60
50	61
50	62
50	63
50	64
50	65
50	66
50	67
50	68
50	69
50	70
50	71
50	72
50	73
50	74
50	75
50	76
50	77
50	78
50	79
50	80
50	81
50	82
50	83
50	84
50	85
50	86
50	87
50	88
50	89
50	90
50	91
50	92
50	93
50	94
50	95
50	96
50	97
50	98
50	99
50	100
50	101
50	102
50	103
50	104
50	105
50	106
50	107
50	108
50	109
50	110
50	111
50	112
50	113
50	114
50	115
50	116
50	117
50	118
50	119
50	120
50	121
50	122
50	123
50	124
50	125
50	126
50	127
50	128
50	129
50	130
50	131
50	132
50	133
50	134
50	135
50	136
50	137
50	138
50	139
50	140
50	141
50	142
50	143
50	144
50	145
50	146
50	147
50	148
50	149
50	150
50	151
50	152
50	153
50	154
50	155
50	156
50	157
50	158
50	159
50	160
50	161
50	162
50	163
50	164
50	165
50	166
50	167
50	168
50	169
50	170
50	171
50	172
50	173
50	174
50	175
50	176
50	177
50	178
50	179
50	180
50	181
50	182
50	183
50	184
50	185
50	186
50	187
50	188
50	189
50	190
50	191
50	192
50	193
50	194
50	195
50	196
50	197
50	198
50	199
50	200
50	201
50	202
50	203
50	204
50	205
50	206
50	207
50	208
50	209
50	210
50	211
50	212
50	213
50	214
50	215
50	216
50	217
50	218
50	219
50	220
50	221
50	222
50	223
50	224
50	225
50	226
50	227
50	228
50	229
50	230
50	231
50	232
50	233
50	234
50	235
50	236
50	237
50	238
50	239
50	240
50	241
50	242
51	99
51	192
51	202
51	204
51	213
51	214
51	219
51	222
51	224
51	225
51	226
51	227
51	231
51	232
51	233
51	234
51	236
51	237
51	238
51	239
51	240
51	241
51	242
52	99
52	173
52	174
52	192
52	202
52	204
52	213
52	214
52	215
52	216
52	218
52	219
52	222
52	224
52	225
52	226
52	227
52	231
52	232
52	233
52	234
52	236
52	237
52	238
52	239
52	240
52	241
52	242
53	99
53	151
53	154
53	156
53	158
53	160
53	165
53	167
53	173
53	174
53	180
53	182
53	184
53	186
53	187
53	188
53	189
53	190
53	191
53	192
53	193
53	194
53	195
53	196
53	197
53	198
53	199
53	202
53	203
53	204
53	205
53	206
53	208
53	209
53	210
53	211
53	212
53	213
53	214
53	215
53	216
53	217
53	218
53	219
53	220
53	221
53	222
53	223
53	224
53	225
53	226
53	227
53	228
53	229
53	230
53	231
53	232
53	233
53	234
53	235
53	236
53	237
53	238
53	239
53	240
53	241
53	242
54	99
54	154
54	160
54	173
54	174
54	192
54	194
54	202
54	204
54	213
54	214
54	215
54	216
54	218
54	219
54	222
54	224
54	225
54	226
54	227
54	231
54	232
54	233
54	234
54	236
54	237
54	238
54	239
54	240
54	241
54	242
55	99
55	192
55	202
55	204
55	213
55	214
55	219
55	222
55	224
55	225
55	226
55	227
55	231
55	232
55	233
55	234
55	236
55	237
55	238
55	239
55	240
55	241
55	242
56	99
56	226
56	234
56	240
56	241
56	242
57	99
57	240
57	241
57	242
58	99
58	240
58	241
58	242
59	99
59	240
59	241
59	242
60	99
61	99
61	226
61	234
61	236
61	240
61	241
61	242
62	99
62	226
62	234
62	236
62	240
62	241
62	242
63	99
63	226
63	234
63	236
63	240
63	241
63	242
64	99
64	151
64	154
64	156
64	158
64	160
64	165
64	167
64	173
64	174
64	180
64	182
64	184
64	186
64	187
64	188
64	189
64	190
64	191
64	192
64	193
64	194
64	195
64	196
64	197
64	198
64	199
64	202
64	203
64	204
64	205
64	206
64	208
64	209
64	210
64	211
64	212
64	213
64	214
64	215
64	216
64	217
64	218
64	219
64	220
64	221
64	222
64	223
64	224
64	225
64	226
64	227
64	228
64	229
64	230
64	231
64	232
64	233
64	234
64	235
64	236
64	237
64	238
64	239
64	240
64	241
64	242
65	99
65	226
65	234
65	236
65	240
65	241
65	242
66	99
67	99
68	99
68	240
69	99
69	240
69	241
69	242
70	99
71	99
71	240
71	241
71	242
72	99
73	99
74	99
75	99
75	204
75	226
75	234
75	236
75	240
75	241
75	242
76	99
76	241
76	242
77	99
77	202
77	213
77	214
77	222
77	226
77	234
77	240
77	241
77	242
78	99
79	99
79	240
79	241
79	242
80	99
81	99
81	226
81	234
81	240
81	241
81	242
82	99
83	99
83	240
84	99
84	240
84	241
84	242
85	99
85	226
85	234
85	236
85	240
85	241
85	242
86	99
86	226
86	234
86	240
86	241
86	242
87	99
88	99
88	240
88	241
88	242
89	99
89	226
89	234
89	240
89	241
89	242
90	99
90	204
90	219
90	226
90	227
90	232
90	234
90	236
90	237
90	240
90	241
90	242
91	99
92	99
93	99
93	240
93	241
93	242
94	99
94	240
94	241
94	242
95	99
95	240
95	241
95	242
96	99
97	99
98	99
98	241
98	242
99	100
99	101
99	102
99	103
99	104
99	105
99	106
99	107
99	108
99	109
99	110
99	111
99	112
99	113
99	114
99	115
99	116
99	117
99	118
99	119
99	120
99	121
99	122
99	123
99	124
99	125
99	126
99	127
99	128
99	129
99	130
99	131
99	132
99	133
99	134
99	135
99	136
99	137
99	138
99	139
99	140
99	141
99	142
99	143
99	144
99	145
99	146
99	147
99	148
99	149
99	150
99	151
99	152
99	153
99	154
99	155
99	156
99	157
99	158
99	159
99	160
99	161
99	162
99	163
99	164
99	165
99	166
99	167
99	168
99	169
99	170
99	171
99	172
99	173
99	174
99	175
99	176
99	177
99	178
99	179
99	180
99	181
99	182
99	183
99	184
99	185
99	186
99	187
99	188
99	189
99	190
99	191
99	192
99	193
99	194
99	195
99	196
99	197
99	198
99	199
99	200
99	201
99	202
99	203
99	204
99	205
99	206
99	207
99	208
99	209
99	210
99	211
99	212
99	213
99	214
99	215
99	216
99	217
99	218
99	219
99	220
99	221
99	222
99	223
99	224
99	225
99	226
99	227
99	228
99	229
99	230
99	231
99	232
99	233
99	234
99	235
99	236
99	237
99	238
99	239
99	240
99	241
99	242
106	241
106	242
107	240
107	241
107	242
108	202
108	204
108	226
108	234
108	236
108	239
108	240
108	241
108	242
110	240
110	241
110	242
111	240
111	241
111	242
112	240
112	241
112	242
115	241
115	242
116	240
116	241
116	242
126	241
126	242
130	240
130	241
130	242
136	241
136	242
140	240
140	241
140	242
142	227
142	232
142	234
142	236
142	240
142	241
142	242
143	241
143	242
145	241
145	242
147	240
147	241
147	242
150	234
150	240
150	241
150	242
151	234
151	240
151	241
151	242