242	13682
1	36
1	40
1	50
1	61
1	62
1	63
1	64
1	65
1	67
1	69
1	71
1	75
1	79
1	90
1	99
1	103
1	104
1	105
1	107
1	108
1	110
1	113
1	114
1	115
1	116
1	121
1	122
1	123
1	124
1	127
1	128
1	129
1	130
1	131
1	132
1	134
1	135
1	136
1	137
1	138
1	140
1	142
1	143
1	145
1	147
1	148
1	149
1	150
1	151
1	152
1	154
1	155
1	156
1	157
1	158
1	159
1	160
1	163
1	164
1	165
1	166
1	167
1	168
1	169
1	170
1	171
1	172
1	173
1	174
1	175
1	176
1	180
1	182
1	184
1	186
1	187
1	188
1	189
1	190
1	191
1	192
1	193
1	194
1	195
1	196
1	197
1	198
1	199
1	200
1	201
1	202
1	203
1	204
1	205
1	206
1	207
1	208
1	209
1	210
1	211
1	212
1	213
1	214
1	215
1	216
1	217
1	218
1	219
1	220
1	221
1	222
1	223
1	224
1	225
1	226
1	227
1	228
1	229
1	230
1	231
1	232
1	233
1	234
1	235
1	236
1	237
1	238
1	239
1	240
1	241
1	242
2	23
2	36
2	37
2	40
2	45
2	49
2	50
2	53
2	60
2	61
2	62
2	63
2	64
2	65
2	67
2	68
2	69
2	71
2	74
2	75
2	76
2	77
2	78
2	79
2	80
2	81
2	84
2	85
2	86
2	87
2	89
2	90
2	91
2	93
2	94
2	95
2	96
2	97
2	98
2	99
2	100
2	101
2	102
2	103
2	104
2	105
2	106
2	107
2	108
2	109
2	110
2	111
2	112
2	113
2	114
2	115
2	116
2	117
2	118
2	119
2	120
2	121
2	122
2	123
2	124
2	125
2	126
2	127
2	128
2	129
2	130
2	131
2	132
2	133
2	134
2	135
2	136
2	137
2	138
2	139
2	140
2	141
2	142
2	143
2	144
2	145
2	146
2	147
2	148
2	149
2	150
2	151
2	152
2	153
2	154
2	155
2	156
2	157
2	158
2	159
2	160
2	161
2	162
2	163
2	164
2	165
2	166
2	167
2	168
2	169
2	170
2	171
2	172
2	173
2	174
2	175
2	176
2	177
2	178
2	179
2	180
2	181
2	182
2	183
2	184
2	185
2	186
2	187
2	188
2	189
2	190
2	191
2	192
2	193
2	194
2	195
2	196
2	197
2	198
2	199
2	200
2	201
2	202
2	203
2	204
2	205
2	206
2	207
2	208
2	209
2	210
2	211
2	212
2	213
2	214
2	215
2	216
2	217
2	218
2	219
2	220
2	221
2	222
2	223
2	224
2	225
2	226
2	227
2	228
2	229
2	230
2	231
2	232
2	233
2	234
2	235
2	236
2	237
2	238
2	239
2	240
2	241
2	242
3	36
3	40
3	45
3	50
3	61
3	62
3	63
3	64
3	65
3	67
3	68
3	69
3	71
3	75
3	77
3	79
3	90
3	99
3	103
3	104
3	105
3	107
3	108
3	110
3	113
3	114
3	115
3	116
3	121
3	122
3	123
3	124
3	127
3	128
3	129
3	130
3	131
3	132
3	134
3	135
3	136
3	137
3	138
3	140
3	142
3	143
3	145
3	147
3	148
3	149
3	150
3	151
3	152
3	154
3	155
3	156
3	157
3	158
3	159
3	160
3	163
3	164
3	165
3	166
3	167
3	168
3	169
3	170
3	171
3	172
3	173
3	174
3	175
3	176
3	180
3	182
3	184
3	186
3	187
3	188
3	189
3	190
3	191
3	192
3	193
3	194
3	195
3	196
3	197
3	198
3	199
3	200
3	201
3	202
3	203
3	204
3	205
3	206
3	207
3	208
3	209
3	210
3	211
3	212
3	213
3	214
3	215
3	216
3	217
3	218
3	219
3	220
3	221
3	222
3	223
3	224
3	225
3	226
3	227
3	228
3	229
3	230
3	231
3	232
3	233
3	234
3	235
3	236
3	237
3	238
3	239
3	240
3	241
3	242
4	30
4	36
4	40
4	50
4	61
4	63
4	64
4	65
4	75
4	90
4	99
4	103
4	104
4	105
4	107
4	108
4	110
4	113
4	115
4	116
4	121
4	123
4	124
4	127
4	130
4	131
4	134
4	135
4	136
4	137
4	138
4	140
4	142
4	143
4	145
4	147
4	148
4	150
4	151
4	152
4	154
4	155
4	156
4	158
4	159
4	160
4	163
4	164
4	165
4	167
4	168
4	169
4	170
4	171
4	172
4	173
4	174
4	175
4	176
4	180
4	182
4	184
4	186
4	187
4	188
4	189
4	190
4	191
4	192
4	193
4	194
4	195
4	196
4	197
4	198
4	199
4	200
4	201
4	202
4	203
4	204
4	205
4	206
4	208
4	209
4	210
4	211
4	212
4	213
4	214
4	215
4	216
4	217
4	218
4	219
4	220
4	221
4	222
4	223
4	224
4	225
4	226
4	227
4	228
4	229
4	230
4	231
4	232
4	233
4	234
4	235
4	236
4	237
4	238
4	239
4	240
4	241
4	242
5	36
5	50
5	61
5	65
5	75
5	90
5	99
5	103
5	104
5	105
5	107
5	108
5	110
5	113
5	115
5	116
5	121
5	123
5	124
5	127
5	130
5	131
5	134
5	135
5	136
5	137
5	138
5	140
5	142
5	143
5	145
5	147
5	148
5	150
5	151
5	152
5	154
5	155
5	156
5	158
5	159
5	160
5	163
5	164
5	165
5	167
5	168
5	169
5	170
5	171
5	172
5	173
5	174
5	175
5	176
5	180
5	182
5	184
5	186
5	187
5	188
5	189
5	190
5	191
5	192
5	193
5	194
5	195
5	196
5	197
5	198
5	199
5	200
5	201
5	202
5	203
5	204
5	205
5	206
5	208
5	209
5	210
5	211
5	212
5	213
5	214
5	215
5	216
5	217
5	218
5	219
5	220
5	221
5	222
5	223
5	224
5	225
5	226
5	227
5	228
5	229
5	230
5	231
5	232
5	233
5	234
5	235
5	236
5	237
5	238
5	239
5	240
5	241
5	242
6	30
6	36
6	40
6	50
6	61
6	63
6	64
6	65
6	75
6	90
6	99
6	103
6	104
6	105
6	107
6	108
6	110
6	113
6	115
6	116
6	121
6	123
6	124
6	127
6	130
6	131
6	134
6	135
6	136
6	137
6	138
6	140
6	142
6	143
6	145
6	147
6	148
6	150
6	151
6	152
6	154
6	155
6	156
6	158
6	159
6	160
6	163
6	164
6	165
6	167
6	168
6	169
6	170
6	171
6	172
6	173
6	174
6	175
6	176
6	180
6	182
6	184
6	186
6	187
6	188
6	189
6	190
6	191
6	192
6	193
6	194
6	195
6	196
6	197
6	198
6	199
6	200
6	201
6	202
6	203
6	204
6	205
6	206
6	208
6	209
6	210
6	211
6	212
6	213
6	214
6	215
6	216
6	217
6	218
6	219
6	220
6	221
6	222
6	223
6	224
6	225
6	226
6	227
6	228
6	229
6	230
6	231
6	232
6	233
6	234
6	235
6	236
6	237
6	238
6	239
6	240
6	241
6	242
7	23
7	32
7	40
7	45
7	48
7	50
7	56
7	57
7	60
7	61
7	63
7	64
7	65
7	66
7	67
7	68
7	69
7	70
7	71
7	72
7	73
7	74
7	75
7	76
7	77
7	78
7	79
7	80
7	81
7	84
7	85
7	86
7	87
7	89
7	90
7	91
7	93
7	94
7	95
7	96
7	97
7	98
7	99
7	100
7	101
7	102
7	103
7	104
7	105
7	106
7	107
7	108
7	109
7	110
7	111
7	112
7	113
7	114
7	115
7	116
7	117
7	118
7	119
7	120
7	121
7	122
7	123
7	124
7	125
7	126
7	127
7	128
7	129
7	130
7	131
7	132
7	133
7	134
7	135
7	136
7	137
7	138
7	139
7	140
7	141
7	142
7	143
7	144
7	145
7	146
7	147
7	148
7	149
7	150
7	151
7	152
7	153
7	154
7	155
7	156
7	157
7	158
7	159
7	160
7	161
7	162
7	163
7	164
7	165
7	166
7	167
7	168
7	169
7	170
7	171
7	172
7	173
7	174
7	175
7	176
7	177
7	178
7	179
7	180
7	181
7	182
7	183
7	184
7	185
7	186
7	187
7	188
7	189
7	190
7	191
7	192
7	193
7	194
7	195
7	196
7	197
7	198
7	199
7	200
7	201
7	202
7	203
7	204
7	205
7	206
7	207
7	208
7	209
7	210
7	211
7	212
7	213
7	214
7	215
7	216
7	217
7	218
7	219
7	220
7	221
7	222
7	223
7	224
7	225
7	226
7	227
7	228
7	229
7	230
7	231
7	232
7	233
7	234
7	235
7	236
7	237
7	238
7	239
7	240
7	241
7	242
8	23
8	50
8	60
8	61
8	65
8	67
8	68
8	69
8	71
8	74
8	75
8	76
8	77
8	78
8	79
8	80
8	84
8	85
8	86
8	87
8	90
8	91
8	93
8	94
8	95
8	96
8	97
8	98
8	99
8	100
8	101
8	102
8	103
8	104
8	105
8	106
8	107
8	108
8	109
8	110
8	111
8	112
8	113
8	114
8	115
8	116
8	117
8	118
8	119
8	120
8	121
8	122
8	123
8	124
8	125
8	126
8	127
8	128
8	129
8	130
8	131
8	132
8	133
8	134
8	135
8	136
8	137
8	138
8	139
8	140
8	141
8	142
8	143
8	144
8	145
8	146
8	147
8	148
8	149
8	150
8	151
8	152
8	153
8	154
8	155
8	156
8	157
8	158
8	159
8	160
8	161
8	162
8	163
8	164
8	165
8	166
8	167
8	168
8	169
8	170
8	171
8	172
8	173
8	174
8	175
8	176
8	177
8	178
8	179
8	180
8	181
8	182
8	183
8	184
8	185
8	186
8	187
8	188
8	189
8	190
8	191
8	192
8	193
8	194
8	195
8	196
8	197
8	198
8	199
8	200
8	201
8	202
8	203
8	204
8	205
8	206
8	207
8	208
8	209
8	210
8	211
8	212
8	213
8	214
8	215
8	216
8	217
8	218
8	219
8	220
8	221
8	222
8	223
8	224
8	225
8	226
8	227
8	228
8	229
8	230
8	231
8	232
8	233
8	234
8	235
8	236
8	237
8	238
8	239
8	240
8	241
8	242
9	17
9	18
9	23
9	30
9	36
9	37
9	40
9	45
9	49
9	50
9	51
9	52
9	53
9	54
9	55
9	60
9	61
9	62
9	63
9	64
9	65
9	67
9	68
9	69
9	71
9	74
9	75
9	76
9	77
9	78
9	79
9	80
9	81
9	84
9	85
9	86
9	87
9	89
9	90
9	91
9	93
9	94
9	95
9	96
9	97
9	98
9	99
9	100
9	101
9	102
9	103
9	104
9	105
9	106
9	107
9	108
9	109
9	110
9	111
9	112
9	113
9	114
9	115
9	116
9	117
9	118
9	119
9	120
9	121
9	122
9	123
9	124
9	125
9	126
9	127
9	128
9	129
9	130
9	131
9	132
9	133
9	134
9	135
9	136
9	137
9	138
9	139
9	140
9	141
9	142
9	143
9	144
9	145
9	146
9	147
9	148
9	149
9	150
9	151
9	152
9	153
9	154
9	155
9	156
9	157
9	158
9	159
9	160
9	161
9	162
9	163
9	164
9	165
9	166
9	167
9	168
9	169
9	170
9	171
9	172
9	173
9	174
9	175
9	176
9	177
9	178
9	179
9	180
9	181
9	182
9	183
9	184
9	185
9	186
9	187
9	188
9	189
9	190
9	191
9	192
9	193
9	194
9	195
9	196
9	197
9	198
9	199
9	200
9	201
9	202
9	203
9	204
9	205
9	206
9	207
9	208
9	209
9	210
9	211
9	212
9	213
9	214
9	215
9	216
9	217
9	218
9	219
9	220
9	221
9	222
9	223
9	224
9	225
9	226
9	227
9	228
9	229
9	230
9	231
9	232
9	233
9	234
9	235
9	236
9	237
9	238
9	239
9	240
9	241
9	242
10	23
10	25
10	30
10	32
10	33
10	34
10	36
10	37
10	40
10	41
10	42
10	43
10	44
10	45
10	50
10	53
10	61
10	62
10	63
10	64
10	65
10	67
10	68
10	69
10	71
10	75
10	77
10	79
10	89
10	90
10	99
10	103
10	104
10	105
10	107
10	108
10	110
10	113
10	114
10	115
10	116
10	121
10	122
10	123
10	124
10	127
10	128
10	129
10	130
10	131
10	132
10	134
10	135
10	136
10	137
10	138
10	140
10	142
10	143
10	145
10	147
10	148
10	149
10	150
10	151
10	152
10	154
10	155
10	156
10	157
10	158
10	159
10	160
10	163
10	164
10	165
10	166
10	167
10	168
10	169
10	170
10	171
10	172
10	173
10	174
10	175
10	176
10	180
10	182
10	184
10	186
10	187
10	188
10	189
10	190
10	191
10	192
10	193
10	194
10	195
10	196
10	197
10	198
10	199
10	200
10	201
10	202
10	203
10	204
10	205
10	206
10	207
10	208
10	209
10	210
10	211
10	212
10	213
10	214
10	215
10	216
10	217
10	218
10	219
10	220
10	221
10	222
10	223
10	224
10	225
10	226
10	227
10	228
10	229
10	230
10	231
10	232
10	233
10	234
10	235
10	236
10	237
10	238
10	239
10	240
10	241
10	242
11	36
11	37
11	40
11	50
11	64
11	99
11	151
11	154
11	160
11	167
11	168
11	173
11	174
11	188
11	190
11	192
11	194
11	199
11	201
11	202
11	204
11	205
11	206
11	210
11	211
11	212
11	213
11	214
11	215
11	216
11	218
11	219
11	222
11	224
11	225
11	226
11	227
11	231
11	232
11	233
11	234
11	236
11	237
11	238
11	239
11	240
11	241
11	242
12	36
12	37
12	40
12	50
12	53
12	61
12	63
12	64
12	65
12	75
12	90
12	99
12	103
12	104
12	105
12	107
12	108
12	110
12	113
12	115
12	116
12	121
12	123
12	124
12	127
12	130
12	131
12	134
12	135
12	136
12	137
12	138
12	140
12	142
12	143
12	145
12	147
12	148
12	150
12	151
12	152
12	154
12	155
12	156
12	158
12	159
12	160
12	163
12	164
12	165
12	167
12	168
12	169
12	170
12	171
12	172
12	173
12	174
12	175
12	176
12	180
12	182
12	184
12	186
12	187
12	188
12	189
12	190
12	191
12	192
12	193
12	194
12	195
12	196
12	197
12	198
12	199
12	200
12	201
12	202
12	203
12	204
12	205
12	206
12	208
12	209
12	210
12	211
12	212
12	213
12	214
12	215
12	216
12	217
12	218
12	219
12	220
12	221
12	222
12	223
12	224
12	225
12	226
12	227
12	228
12	229
12	230
12	231
12	232
12	233
12	234
12	235
12	236
12	237
12	238
12	239
12	240
12	241
12	242
13	36
13	37
13	40
13	50
13	61
13	63
13	64
13	65
13	75
13	99
13	103
13	104
13	105
13	107
13	108
13	110
13	113
13	115
13	116
13	121
13	123
13	124
13	127
13	130
13	131
13	134
13	135
13	136
13	137
13	138
13	140
13	142
13	143
13	145
13	147
13	148
13	150
13	151
13	152
13	154
13	155
13	156
13	158
13	159
13	160
13	163
13	164
13	165
13	167
13	168
13	169
13	170
13	171
13	172
13	173
13	174
13	175
13	176
13	180
13	182
13	184
13	186
13	187
13	188
13	189
13	190
13	191
13	192
13	193
13	194
13	195
13	196
13	197
13	198
13	199
13	200
13	201
13	202
13	203
13	204
13	205
13	206
13	208
13	209
13	210
13	211
13	212
13	213
13	214
13	215
13	216
13	217
13	218
13	219
13	220
13	221
13	222
13	223
13	224
13	225
13	226
13	227
13	228
13	229
13	230
13	231
13	232
13	233
13	234
13	235
13	236
13	237
13	238
13	239
13	240
13	241
13	242
14	36
14	50
14	99
14	108
14	110
14	115
14	130
14	140
14	142
14	143
14	147
14	154
14	158
14	160
14	173
14	174
14	176
14	180
14	182
14	184
14	186
14	187
14	189
14	192
14	193
14	194
14	195
14	196
14	197
14	202
14	204
14	208
14	209
14	213
14	214
14	215
14	216
14	217
14	218
14	219
14	220
14	221
14	222
14	223
14	224
14	225
14	226
14	227
14	228
14	229
14	230
14	231
14	232
14	233
14	234
14	235
14	236
14	237
14	238
14	239
14	240
14	241
14	242
15	30
15	36
15	40
15	50
15	61
15	63
15	64
15	65
15	75
15	99
15	103
15	104
15	105
15	107
15	108
15	110
15	113
15	115
15	116
15	121
15	123
15	124
15	127
15	130
15	131
15	134
15	135
15	136
15	137
15	138
15	140
15	142
15	143
15	145
15	147
15	148
15	150
15	151
15	152
15	154
15	155
15	156
15	158
15	159
15	160
15	163
15	164
15	165
15	167
15	168
15	169
15	170
15	171
15	172
15	173
15	174
15	175
15	176
15	180
15	182
15	184
15	186
15	187
15	188
15	189
15	190
15	191
15	192
15	193
15	194
15	195
15	196
15	197
15	198
15	199
15	200
15	201
15	202
15	203
15	204
15	205
15	206
15	208
15	209
15	210
15	211
15	212
15	213
15	214
15	215
15	216
15	217
15	218
15	219
15	220
15	221
15	222
15	223
15	224
15	225
15	226
15	227
15	228
15	229
15	230
15	231
15	232
15	233
15	234
15	235
15	236
15	237
15	238
15	239
15	240
15	241
15	242
16	30
16	36
16	50
16	99
16	151
16	154
16	156
16	158
16	159
16	160
16	165
16	167
16	168
16	173
16	174
16	175
16	176
16	178
16	179
16	180
16	181
16	182
16	184
16	185
16	186
16	187
16	188
16	189
16	190
16	191
16	192
16	193
16	194
16	195
16	196
16	197
16	198
16	199
16	200
16	201
16	202
16	203
16	204
16	205
16	206
16	208
16	209
16	210
16	211
16	212
16	213
16	214
16	215
16	216
16	217
16	218
16	219
16	220
16	221
16	222
16	223
16	224
16	225
16	226
16	227
16	228
16	229
16	230
16	231
16	232
16	233
16	234
16	235
16	236
16	237
16	238
16	239
16	240
16	241
16	242
17	25
17	30
17	36
17	37
17	40
17	50
17	60
17	61
17	62
17	63
17	64
17	65
17	67
17	69
17	71
17	74
17	75
17	78
17	79
17	80
17	84
17	85
17	86
17	87
17	90
17	93
17	94
17	95
17	96
17	97
17	99
17	100
17	101
17	102
17	103
17	104
17	105
17	106
17	107
17	108
17	109
17	110
17	111
17	112
17	113
17	114
17	115
17	116
17	117
17	118
17	119
17	120
17	121
17	122
17	123
17	124
17	125
17	126
17	127
17	128
17	129
17	130
17	131
17	132
17	133
17	134
17	135
17	136
17	137
17	138
17	139
17	140
17	141
17	142
17	143
17	144
17	145
17	146
17	147
17	148
17	149
17	150
17	151
17	152
17	153
17	154
17	155
17	156
17	157
17	158
17	159
17	160
17	161
17	162
17	163
17	164
17	165
17	166
17	167
17	168
17	169
17	170
17	171
17	172
17	173
17	174
17	175
17	176
17	177
17	178
17	179
17	180
17	181
17	182
17	183
17	184
17	185
17	186
17	187
17	188
17	189
17	190
17	191
17	192
17	193
17	194
17	195
17	196
17	197
17	198
17	199
17	200
17	201
17	202
17	203
17	204
17	205
17	206
17	207
17	208
17	209
17	210
17	211
17	212
17	213
17	214
17	215
17	216
17	217
17	218
17	219
17	220
17	221
17	222
17	223
17	224
17	225
17	226
17	227
17	228
17	229
17	230
17	231
17	232
17	233
17	234
17	235
17	236
17	237
17	238
17	239
17	240
17	241
17	242
18	30
18	36
18	37
18	40
18	45
18	49
18	50
18	53
18	60
18	61
18	62
18	63
18	64
18	65
18	67
18	68
18	69
18	71
18	74
18	75
18	76
18	77
18	78
18	79
18	80
18	84
18	85
18	86
18	87
18	90
18	91
18	93
18	94
18	95
18	96
18	97
18	98
18	99
18	100
18	101
18	102
18	103
18	104
18	105
18	106
18	107
18	108
18	109
18	110
18	111
18	112
18	113
18	114
18	115
18	116
18	117
18	118
18	119
18	120
18	121
18	122
18	123
18	124
18	125
18	126
18	127
18	128
18	129
18	130
18	131
18	132
18	133
18	134
18	135
18	136
18	137
18	138
18	139
18	140
18	141
18	142
18	143
18	144
18	145
18	146
18	147
18	148
18	149
18	150
18	151
18	152
18	153
18	154
18	155
18	156
18	157
18	158
18	159
18	160
18	161
18	162
18	163
18	164
18	165
18	166
18	167
18	168
18	169
18	170
18	171
18	172
18	173
18	174
18	175
18	176
18	177
18	178
18	179
18	180
18	181
18	182
18	183
18	184
18	185
18	186
18	187
18	188
18	189
18	190
18	191
18	192
18	193
18	194
18	195
18	196
18	197
18	198
18	199
18	200
18	201
18	202
18	203
18	204
18	205
18	206
18	207
18	208
18	209
18	210
18	211
18	212
18	213
18	214
18	215
18	216
18	217
18	218
18	219
18	220
18	221
18	222
18	223
18	224
18	225
18	226
18	227
18	228
18	229
18	230
18	231
18	232
18	233
18	234
18	235
18	236
18	237
18	238
18	239
18	240
18	241
18	242
19	36
19	50
19	61
19	65
19	99
19	104
19	105
19	108
19	110
19	115
19	121
19	123
19	124
19	127
19	130
19	131
19	134
19	135
19	136
19	137
19	138
19	140
19	142
19	143
19	145
19	147
19	148
19	150
19	151
19	152
19	154
19	155
19	156
19	158
19	159
19	160
19	163
19	164
19	165
19	167
19	168
19	169
19	170
19	171
19	172
19	173
19	174
19	175
19	176
19	180
19	182
19	184
19	186
19	187
19	188
19	189
19	190
19	191
19	192
19	193
19	194
19	195
19	196
19	197
19	198
19	199
19	200
19	201
19	202
19	203
19	204
19	205
19	206
19	208
19	209
19	210
19	211
19	212
19	213
19	214
19	215
19	216
19	217
19	218
19	219
19	220
19	221
19	222
19	223
19	224
19	225
19	226
19	227
19	228
19	229
19	230
19	231
19	232
19	233
19	234
19	235
19	236
19	237
19	238
19	239
19	240
19	241
19	242
20	36
20	50
20	61
20	65
20	75
20	99
20	103
20	104
20	105
20	107
20	108
20	110
20	113
20	115
20	116
20	121
20	123
20	124
20	127
20	130
20	131
20	134
20	135
20	136
20	137
20	138
20	140
20	142
20	143
20	145
20	147
20	148
20	150
20	151
20	152
20	154
20	155
20	156
20	158
20	159
20	160
20	163
20	164
20	165
20	167
20	168
20	169
20	170
20	171
20	172
20	173
20	174
20	175
20	176
20	180
20	182
20	184
20	186
20	187
20	188
20	189
20	190
20	191
20	192
20	193
20	194
20	195
20	196
20	197
20	198
20	199
20	200
20	201
20	202
20	203
20	204
20	205
20	206
20	208
20	209
20	210
20	211
20	212
20	213
20	214
20	215
20	216
20	217
20	218
20	219
20	220
20	221
20	222
20	223
20	224
20	225
20	226
20	227
20	228
20	229
20	230
20	231
20	232
20	233
20	234
20	235
20	236
20	237
20	238
20	239
20	240
20	241
20	242
21	23
21	40
21	45
21	50
21	52
21	54
21	60
21	61
21	63
21	64
21	65
21	67
21	68
21	69
21	71
21	74
21	75
21	76
21	77
21	78
21	79
21	80
21	81
21	84
21	85
21	86
21	87
21	89
21	90
21	91
21	93
21	94
21	95
21	96
21	97
21	98
21	99
21	100
21	101
21	102
21	103
21	104
21	105
21	106
21	107
21	108
21	109
21	110
21	111
21	112
21	113
21	114
21	115
21	116
21	117
21	118
21	119
21	120
21	121
21	122
21	123
21	124
21	125
21	126
21	127
21	128
21	129
21	130
21	131
21	132
21	133
21	134
21	135
21	136
21	137
21	138
21	139
21	140
21	141
21	142
21	143
21	144
21	145
21	146
21	147
21	148
21	149
21	150
21	151
21	152
21	153
21	154
21	155
21	156
21	157
21	158
21	159
21	160
21	161
21	162
21	163
21	164
21	165
21	166
21	167
21	168
21	169
21	170
21	171
21	172
21	173
21	174
21	175
21	176
21	177
21	178
21	179
21	180
21	181
21	182
21	183
21	184
21	185
21	186
21	187
21	188
21	189
21	190
21	191
21	192
21	193
21	194
21	195
21	196
21	197
21	198
21	199
21	200
21	201
21	202
21	203
21	204
21	205
21	206
21	207
21	208
21	209
21	210
21	211
21	212
21	213
21	214
21	215
21	216
21	217
21	218
21	219
21	220
21	221
21	222
21	223
21	224
21	225
21	226
21	227
21	228
21	229
21	230
21	231
21	232
21	233
21	234
21	235
21	236
21	237
21	238
21	239
21	240
21	241
21	242
22	50
22	60
22	61
22	65
22	67
22	68
22	69
22	71
22	74
22	75
22	78
22	80
22	85
22	86
22	87
22	90
22	91
22	93
22	94
22	95
22	96
22	97
22	98
22	99
22	100
22	101
22	102
22	103
22	104
22	105
22	106
22	107
22	108
22	109
22	110
22	111
22	112
22	113
22	114
22	115
22	116
22	117
22	118
22	119
22	120
22	121
22	122
22	123
22	124
22	125
22	126
22	127
22	128
22	129
22	130
22	131
22	132
22	133
22	134
22	135
22	136
22	137
22	138
22	139
22	140
22	141
22	142
22	143
22	144
22	145
22	146
22	147
22	148
22	149
22	150
22	151
22	152
22	153
22	154
22	155
22	156
22	157
22	158
22	159
22	160
22	161
22	162
22	163
22	164
22	165
22	166
22	167
22	168
22	169
22	170
22	171
22	172
22	173
22	174
22	175
22	176
22	177
22	178
22	179
22	180
22	181
22	182
22	183
22	184
22	185
22	186
22	187
22	188
22	189
22	190
22	191
22	192
22	193
22	194
22	195
22	196
22	197
22	198
22	199
22	200
22	201
22	202
22	203
22	204
22	205
22	206
22	207
22	208
22	209
22	210
22	211
22	212
22	213
22	214
22	215
22	216
22	217
22	218
22	219
22	220
22	221
22	222
22	223
22	224
22	225
22	226
22	227
22	228
22	229
22	230
22	231
22	232
22	233
22	234
22	235
22	236
22	237
22	238
22	239
22	240
22	241
22	242
23	27
23	36
23	37
23	40
23	41
23	50
23	52
23	53
23	54
23	60
23	61
23	63
23	64
23	65
23	67
23	68
23	69
23	71
23	74
23	75
23	76
23	77
23	78
23	79
23	80
23	81
23	82
23	83
23	84
23	85
23	86
23	87
23	88
23	89
23	90
23	91
23	92
23	93
23	94
23	95
23	96
23	97
23	98
23	99
23	100
23	101
23	102
23	103
23	104
23	105
23	106
23	107
23	108
23	109
23	110
23	111
23	112
23	113
23	114
23	115
23	116
23	117
23	118
23	119
23	120
23	121
23	122
23	123
23	124
23	125
23	126
23	127
23	128
23	129
23	130
23	131
23	132
23	133
23	134
23	135
23	136
23	137
23	138
23	139
23	140
23	141
23	142
23	143
23	144
23	145
23	146
23	147
23	148
23	149
23	150
23	151
23	152
23	153
23	154
23	155
23	156
23	157
23	158
23	159
23	160
23	161
23	162
23	163
23	164
23	165
23	166
23	167
23	168
23	169
23	170
23	171
23	172
23	173
23	174
23	175
23	176
23	177
23	178
23	179
23	180
23	181
23	182
23	183
23	184
23	185
23	186
23	187
23	188
23	189
23	190
23	191
23	192
23	193
23	194
23	195
23	196
23	197
23	198
23	199
23	200
23	201
23	202
23	203
23	204
23	205
23	206
23	207
23	208
23	209
23	210
23	211
23	212
23	213
23	214
23	215
23	216
23	217
23	218
23	219
23	220
23	221
23	222
23	223
23	224
23	225
23	226
23	227
23	228
23	229
23	230
23	231
23	232
23	233
23	234
23	235
23	236
23	237
23	238
23	239
23	240
23	241
23	242
24	36
24	40
24	50
24	63
24	64
24	65
24	75
24	85
24	86
24	90
24	93
24	94
24	97
24	99
24	100
24	101
24	102
24	103
24	104
24	105
24	106
24	107
24	108
24	109
24	110
24	111
24	112
24	113
24	115
24	116
24	118
24	119
24	120
24	121
24	123
24	124
24	125
24	126
24	127
24	130
24	131
24	134
24	135
24	136
24	137
24	138
24	139
24	140
24	141
24	142
24	143
24	144
24	145
24	146
24	147
24	148
24	150
24	151
24	152
24	153
24	154
24	155
24	156
24	158
24	159
24	160
24	162
24	163
24	164
24	165
24	167
24	168
24	169
24	170
24	171
24	172
24	173
24	174
24	175
24	176
24	177
24	178
24	179
24	180
24	181
24	182
24	183
24	184
24	185
24	186
24	187
24	188
24	189
24	190
24	191
24	192
24	193
24	194
24	195
24	196
24	197
24	198
24	199
24	200
24	201
24	202
24	203
24	204
24	205
24	206
24	208
24	209
24	210
24	211
24	212
24	213
24	214
24	215
24	216
24	217
24	218
24	219
24	220
24	221
24	222
24	223
24	224
24	225
24	226
24	227
24	228
24	229
24	230
24	231
24	232
24	233
24	234
24	235
24	236
24	237
24	238
24	239
24	240
24	241
24	242
25	50
25	65
25	66
25	67
25	69
25	70
25	71
25	72
25	73
25	74
25	75
25	78
25	79
25	80
25	81
25	82
25	84
25	85
25	86
25	87
25	88
25	89
25	90
25	93
25	94
25	97
25	99
25	100
25	101
25	102
25	103
25	104
25	105
25	106
25	107
25	108
25	109
25	110
25	111
25	112
25	113
25	114
25	115
25	116
25	117
25	118
25	119
25	120
25	121
25	122
25	123
25	124
25	125
25	126
25	127
25	128
25	129
25	130
25	131
25	132
25	133
25	134
25	135
25	136
25	137
25	138
25	139
25	140
25	141
25	142
25	143
25	144
25	145
25	146
25	147
25	148
25	149
25	150
25	151
25	152
25	153
25	154
25	155
25	156
25	157
25	158
25	159
25	160
25	161
25	162
25	163
25	164
25	165
25	166
25	167
25	168
25	169
25	170
25	171
25	172
25	173
25	174
25	175
25	176
25	177
25	178
25	179
25	180
25	181
25	182
25	183
25	184
25	185
25	186
25	187
25	188
25	189
25	190
25	191
25	192
25	193
25	194
25	195
25	196
25	197
25	198
25	199
25	200
25	201
25	202
25	203
25	204
25	205
25	206
25	207
25	208
25	209
25	210
25	211
25	212
25	213
25	214
25	215
25	216
25	217
25	218
25	219
25	220
25	221
25	222
25	223
25	224
25	225
25	226
25	227
25	228
25	229
25	230
25	231
25	232
25	233
25	234
25	235
25	236
25	237
25	238
25	239
25	240
25	241
25	242
26	30
26	36
26	50
26	65
26	75
26	93
26	99
26	101
26	103
26	104
26	105
26	106
26	107
26	108
26	110
26	111
26	113
26	115
26	116
26	119
26	121
26	123
26	124
26	127
26	130
26	131
26	134
26	135
26	136
26	137
26	138
26	140
26	141
26	142
26	143
26	145
26	147
26	148
26	150
26	151
26	152
26	153
26	154
26	155
26	156
26	158
26	159
26	160
26	162
26	163
26	164
26	165
26	167
26	168
26	169
26	170
26	171
26	172
26	173
26	174
26	175
26	176
26	177
26	178
26	179
26	180
26	181
26	182
26	183
26	184
26	185
26	186
26	187
26	188
26	189
26	190
26	191
26	192
26	193
26	194
26	195
26	196
26	197
26	198
26	199
26	200
26	201
26	202
26	203
26	204
26	205
26	206
26	208
26	209
26	210
26	211
26	212
26	213
26	214
26	215
26	216
26	217
26	218
26	219
26	220
26	221
26	222
26	223
26	224
26	225
26	226
26	227
26	228
26	229
26	230
26	231
26	232
26	233
26	234
26	235
26	236
26	237
26	238
26	239
26	240
26	241
26	242
27	30
27	33
27	36
27	50
27	65
27	67
27	69
27	71
27	74
27	75
27	78
27	80
27	93
27	99
27	101
27	103
27	104
27	105
27	106
27	107
27	108
27	110
27	111
27	113
27	114
27	115
27	116
27	117
27	119
27	121
27	122
27	123
27	124
27	127
27	128
27	129
27	130
27	131
27	132
27	134
27	135
27	136
27	137
27	138
27	140
27	141
27	142
27	143
27	145
27	147
27	148
27	149
27	150
27	151
27	152
27	153
27	154
27	155
27	156
27	157
27	158
27	159
27	160
27	161
27	162
27	163
27	164
27	165
27	166
27	167
27	168
27	169
27	170
27	171
27	172
27	173
27	174
27	175
27	176
27	177
27	178
27	179
27	180
27	181
27	182
27	183
27	184
27	185
27	186
27	187
27	188
27	189
27	190
27	191
27	192
27	193
27	194
27	195
27	196
27	197
27	198
27	199
27	200
27	201
27	202
27	203
27	204
27	205
27	206
27	207
27	208
27	209
27	210
27	211
27	212
27	213
27	214
27	215
27	216
27	217
27	218
27	219
27	220
27	221
27	222
27	223
27	224
27	225
27	226
27	227
27	228
27	229
27	230
27	231
27	232
27	233
27	234
27	235
27	236
27	237
27	238
27	239
27	240
27	241
27	242
28	30
28	36
28	50
28	65
28	75
28	85
28	86
28	90
28	93
28	94
28	97
28	99
28	100
28	101
28	102
28	103
28	104
28	105
28	106
28	107
28	108
28	109
28	110
28	111
28	112
28	113
28	115
28	116
28	118
28	119
28	120
28	121
28	123
28	124
28	125
28	126
28	127
28	130
28	131
28	134
28	135
28	136
28	137
28	138
28	139
28	140
28	141
28	142
28	143
28	144
28	145
28	146
28	147
28	148
28	150
28	151
28	152
28	153
28	154
28	155
28	156
28	158
28	159
28	160
28	162
28	163
28	164
28	165
28	167
28	168
28	169
28	170
28	171
28	172
28	173
28	174
28	175
28	176
28	177
28	178
28	179
28	180
28	181
28	182
28	183
28	184
28	185
28	186
28	187
28	188
28	189
28	190
28	191
28	192
28	193
28	194
28	195
28	196
28	197
28	198
28	199
28	200
28	201
28	202
28	203
28	204
28	205
28	206
28	208
28	209
28	210
28	211
28	212
28	213
28	214
28	215
28	216
28	217
28	218
28	219
28	220
28	221
28	222
28	223
28	224
28	225
28	226
28	227
28	228
28	229
28	230
28	231
28	232
28	233
28	234
28	235
28	236
28	237
28	238
28	239
28	240
28	241
28	242
29	50
29	60
29	61
29	65
29	67
29	68
29	69
29	71
29	74
29	75
29	76
29	77
29	78
29	79
29	80
29	81
29	84
29	85
29	86
29	87
29	89
29	90
29	91
29	93
29	94
29	95
29	96
29	97
29	98
29	99
29	100
29	101
29	102
29	103
29	104
29	105
29	106
29	107
29	108
29	109
29	110
29	111
29	112
29	113
29	114
29	115
29	116
29	117
29	118
29	119
29	120
29	121
29	122
29	123
29	124
29	125
29	126
29	127
29	128
29	129
29	130
29	131
29	132
29	133
29	134
29	135
29	136
29	137
29	138
29	139
29	140
29	141
29	142
29	143
29	144
29	145
29	146
29	147
29	148
29	149
29	150
29	151
29	152
29	153
29	154
29	155
29	156
29	157
29	158
29	159
29	160
29	161
29	162
29	163
29	164
29	165
29	166
29	167
29	168
29	169
29	170
29	171
29	172
29	173
29	174
29	175
29	176
29	177
29	178
29	179
29	180
29	181
29	182
29	183
29	184
29	185
29	186
29	187
29	188
29	189
29	190
29	191
29	192
29	193
29	194
29	195
29	196
29	197
29	198
29	199
29	200
29	201
29	202
29	203
29	204
29	205
29	206
29	207
29	208
29	209
29	210
29	211
29	212
29	213
29	214
29	215
29	216
29	217
29	218
29	219
29	220
29	221
29	222
29	223
29	224
29	225
29	226
29	227
29	228
29	229
29	230
29	231
29	232
29	233
29	234
29	235
29	236
29	237
29	238
29	239
29	240
29	241
29	242
30	35
30	36
30	39
30	40
30	44
30	45
30	46
30	47
30	48
30	49
30	50
30	51
30	52
30	53
30	54
30	55
30	56
30	57
30	58
30	59
30	60
30	61
30	62
30	63
30	64
30	65
30	66
30	67
30	68
30	69
30	70
30	71
30	72
30	73
30	74
30	75
30	76
30	77
30	78
30	79
30	80
30	81
30	82
30	83
30	84
30	85
30	86
30	87
30	88
30	89
30	90
30	91
30	92
30	93
30	94
30	95
30	96
30	97
30	98
30	99
30	100
30	101
30	102
30	103
30	104
30	105
30	106
30	107
30	108
30	109
30	110
30	111
30	112
30	113
30	114
30	115
30	116
30	117
30	118
30	119
30	120
30	121
30	122
30	123
30	124
30	125
30	126
30	127
30	128
30	129
30	130
30	131
30	132
30	133
30	134
30	135
30	136
30	137
30	138
30	139
30	140
30	141
30	142
30	143
30	144
30	145
30	146
30	147
30	148
30	149
30	150
30	151
30	152
30	153
30	154
30	155
30	156
30	157
30	158
30	159
30	160
30	161
30	162
30	163
30	164
30	165
30	166
30	167
30	168
30	169
30	170
30	171
30	172
30	173
30	174
30	175
30	176
30	177
30	178
30	179
30	180
30	181
30	182
30	183
30	184
30	185
30	186
30	187
30	188
30	189
30	190
30	191
30	192
30	193
30	194
30	195
30	196
30	197
30	198
30	199
30	200
30	201
30	202
30	203
30	204
30	205
30	206
30	207
30	208
30	209
30	210
30	211
30	212
30	213
30	214
30	215
30	216
30	217
30	218
30	219
30	220
30	221
30	222
30	223
30	224
30	225
30	226
30	227
30	228
30	229
30	230
30	231
30	232
30	233
30	234
30	235
30	236
30	237
30	238
30	239
30	240
30	241
30	242
31	36
31	50
31	52
31	53
31	54
31	60
31	61
31	65
31	67
31	68
31	69
31	71
31	74
31	75
31	76
31	77
31	78
31	79
31	80
31	81
31	84
31	85
31	86
31	87
31	89
31	90
31	91
31	93
31	94
31	95
31	96
31	97
31	98
31	99
31	100
31	101
31	102
31	103
31	104
31	105
31	106
31	107
31	108
31	109
31	110
31	111
31	112
31	113
31	114
31	115
31	116
31	117
31	118
31	119
31	120
31	121
31	122
31	123
31	124
31	125
31	126
31	127
31	128
31	129
31	130
31	131
31	132
31	133
31	134
31	135
31	136
31	137
31	138
31	139
31	140
31	141
31	142
31	143
31	144
31	145
31	146
31	147
31	148
31	149
31	150
31	151
31	152
31	153
31	154
31	155
31	156
31	157
31	158
31	159
31	160
31	161
31	162
31	163
31	164
31	165
31	166
31	167
31	168
31	169
31	170
31	171
31	172
31	173
31	174
31	175
31	176
31	177
31	178
31	179
31	180
31	181
31	182
31	183
31	184
31	185
31	186
31	187
31	188
31	189
31	190
31	191
31	192
31	193
31	194
31	195
31	196
31	197
31	198
31	199
31	200
31	201
31	202
31	203
31	204
31	205
31	206
31	207
31	208
31	209
31	210
31	211
31	212
31	213
31	214
31	215
31	216
31	217
31	218
31	219
31	220
31	221
31	222
31	223
31	224
31	225
31	226
31	227
31	228
31	229
31	230
31	231
31	232
31	233
31	234
31	235
31	236
31	237
31	238
31	239
31	240
31	241
31	242
32	40
32	50
32	63
32	64
32	65
32	67
32	68
32	69
32	71
32	74
32	75
32	76
32	78
32	79
32	80
32	81
32	82
32	83
32	84
32	85
32	86
32	87
32	88
32	89
32	90
32	91
32	92
32	93
32	94
32	95
32	96
32	97
32	98
32	99
32	100
32	101
32	102
32	103
32	104
32	105
32	106
32	107
32	108
32	109
32	110
32	111
32	112
32	113
32	114
32	115
32	116
32	117
32	118
32	119
32	120
32	121
32	122
32	123
32	124
32	125
32	126
32	127
32	128
32	129
32	130
32	131
32	132
32	133
32	134
32	135
32	136
32	137
32	138
32	139
32	140
32	141
32	142
32	143
32	144
32	145
32	146
32	147
32	148
32	149
32	150
32	151
32	152
32	153
32	154
32	155
32	156
32	157
32	158
32	159
32	160
32	161
32	162
32	163
32	164
32	165
32	166
32	167
32	168
32	169
32	170
32	171
32	172
32	173
32	174
32	175
32	176
32	177
32	178
32	179
32	180
32	181
32	182
32	183
32	184
32	185
32	186
32	187
32	188
32	189
32	190
32	191
32	192
32	193
32	194
32	195
32	196
32	197
32	198
32	199
32	200
32	201
32	202
32	203
32	204
32	205
32	206
32	207
32	208
32	209
32	210
32	211
32	212
32	213
32	214
32	215
32	216
32	217
32	218
32	219
32	220
32	221
32	222
32	223
32	224
32	225
32	226
32	227
32	228
32	229
32	230
32	231
32	232
32	233
32	234
32	235
32	236
32	237
32	238
32	239
32	240
32	241
32	242
33	36
33	40
33	50
33	52
33	53
33	54
33	60
33	61
33	63
33	64
33	65
33	67
33	68
33	69
33	71
33	74
33	75
33	76
33	77
33	78
33	79
33	80
33	81
33	82
33	83
33	84
33	85
33	86
33	87
33	88
33	89
33	90
33	91
33	92
33	93
33	94
33	95
33	96
33	97
33	98
33	99
33	100
33	101
33	102
33	103
33	104
33	105
33	106
33	107
33	108
33	109
33	110
33	111
33	112
33	113
33	114
33	115
33	116
33	117
33	118
33	119
33	120
33	121
33	122
33	123
33	124
33	125
33	126
33	127
33	128
33	129
33	130
33	131
33	132
33	133
33	134
33	135
33	136
33	137
33	138
33	139
33	140
33	141
33	142
33	143
33	144
33	145
33	146
33	147
33	148
33	149
33	150
33	151
33	152
33	153
33	154
33	155
33	156
33	157
33	158
33	159
33	160
33	161
33	162
33	163
33	164
33	165
33	166
33	167
33	168
33	169
33	170
33	171
33	172
33	173
33	174
33	175
33	176
33	177
33	178
33	179
33	180
33	181
33	182
33	183
33	184
33	185
33	186
33	187
33	188
33	189
33	190
33	191
33	192
33	193
33	194
33	195
33	196
33	197
33	198
33	199
33	200
33	201
33	202
33	203
33	204
33	205
33	206
33	207
33	208
33	209
33	210
33	211
33	212
33	213
33	214
33	215
33	216
33	217
33	218
33	219
33	220
33	221
33	222
33	223
33	224
33	225
33	226
33	227
33	228
33	229
33	230
33	231
33	232
33	233
33	234
33	235
33	236
33	237
33	238
33	239
33	240
33	241
33	242
34	50
34	71
34	74
34	86
34	99
34	108
34	111
34	115
34	119
34	123
34	127
34	130
34	131
34	132
34	134
34	135
34	136
34	137
34	138
34	140
34	141
34	142
34	143
34	145
34	147
34	148
34	149
34	150
34	151
34	152
34	153
34	154
34	155
34	156
34	157
34	158
34	159
34	160
34	161
34	162
34	163
34	164
34	165
34	166
34	167
34	168
34	169
34	170
34	171
34	172
34	173
34	174
34	175
34	176
34	177
34	178
34	179
34	180
34	181
34	182
34	183
34	184
34	185
34	186
34	187
34	188
34	189
34	190
34	191
34	192
34	193
34	194
34	195
34	196
34	197
34	198
34	199
34	200
34	201
34	202
34	203
34	204
34	205
34	206
34	207
34	208
34	209
34	210
34	211
34	212
34	213
34	214
34	215
34	216
34	217
34	218
34	219
34	220
34	221
34	222
34	223
34	224
34	225
34	226
34	227
34	228
34	229
34	230
34	231
34	232
34	233
34	234
34	235
34	236
34	237
34	238
34	239
34	240
34	241
34	242
35	50
35	65
35	99
35	101
35	103
35	104
35	105
35	108
35	110
35	111
35	113
35	115
35	116
35	119
35	121
35	123
35	124
35	127
35	130
35	131
35	132
35	134
35	135
35	136
35	137
35	138
35	140
35	141
35	142
35	143
35	145
35	147
35	148
35	149
35	150
35	151
35	152
35	153
35	154
35	155
35	156
35	157
35	158
35	159
35	160
35	161
35	162
35	163
35	164
35	165
35	166
35	167
35	168
35	169
35	170
35	171
35	172
35	173
35	174
35	175
35	176
35	177
35	178
35	179
35	180
35	181
35	182
35	183
35	184
35	185
35	186
35	187
35	188
35	189
35	190
35	191
35	192
35	193
35	194
35	195
35	196
35	197
35	198
35	199
35	200
35	201
35	202
35	203
35	204
35	205
35	206
35	207
35	208
35	209
35	210
35	211
35	212
35	213
35	214
35	215
35	216
35	217
35	218
35	219
35	220
35	221
35	222
35	223
35	224
35	225
35	226
35	227
35	228
35	229
35	230
35	231
35	232
35	233
35	234
35	235
35	236
35	237
35	238
35	239
35	240
35	241
35	242
36	39
36	40
36	41
36	47
36	48
36	49
36	50
36	51
36	52
36	53
36	54
36	55
36	56
36	57
36	58
36	59
36	60
36	61
36	63
36	64
36	65
36	66
36	67
36	68
36	69
36	70
36	71
36	72
36	73
36	74
36	75
36	76
36	77
36	78
36	79
36	80
36	81
36	82
36	83
36	84
36	85
36	86
36	87
36	88
36	89
36	90
36	91
36	92
36	93
36	94
36	95
36	96
36	97
36	98
36	99
36	100
36	101
36	102
36	103
36	104
36	105
36	106
36	107
36	108
36	109
36	110
36	111
36	112
36	113
36	114
36	115
36	116
36	117
36	118
36	119
36	120
36	121
36	122
36	123
36	124
36	125
36	126
36	127
36	128
36	129
36	130
36	131
36	132
36	133
36	134
36	135
36	136
36	137
36	138
36	139
36	140
36	141
36	142
36	143
36	144
36	145
36	146
36	147
36	148
36	149
36	150
36	151
36	152
36	153
36	154
36	155
36	156
36	157
36	158
36	159
36	160
36	161
36	162
36	163
36	164
36	165
36	166
36	167
36	168
36	169
36	170
36	171
36	172
36	173
36	174
36	175
36	176
36	177
36	178
36	179
36	180
36	181
36	182
36	183
36	184
36	185
36	186
36	187
36	188
36	189
36	190
36	191
36	192
36	193
36	194
36	195
36	196
36	197
36	198
36	199
36	200
36	201
36	202
36	203
36	204
36	205
36	206
36	207
36	208
36	209
36	210
36	211
36	212
36	213
36	214
36	215
36	216
36	217
36	218
36	219
36	220
36	221
36	222
36	223
36	224
36	225
36	226
36	227
36	228
36	229
36	230
36	231
36	232
36	233
36	234
36	235
36	236
36	237
36	238
36	239
36	240
36	241
36	242
37	40
37	50
37	51
37	55
37	56
37	57
37	63
37	64
37	65
37	66
37	67
37	68
37	69
37	70
37	71
37	72
37	73
37	74
37	75
37	76
37	78
37	79
37	80
37	81
37	82
37	83
37	84
37	85
37	86
37	87
37	88
37	89
37	90
37	91
37	92
37	93
37	94
37	95
37	96
37	97
37	98
37	99
37	100
37	101
37	102
37	103
37	104
37	105
37	106
37	107
37	108
37	109
37	110
37	111
37	112
37	113
37	114
37	115
37	116
37	117
37	118
37	119
37	120
37	121
37	122
37	123
37	124
37	125
37	126
37	127
37	128
37	129
37	130
37	131
37	132
37	133
37	134
37	135
37	136
37	137
37	138
37	139
37	140
37	141
37	142
37	143
37	144
37	145
37	146
37	147
37	148
37	149
37	150
37	151
37	152
37	153
37	154
37	155
37	156
37	157
37	158
37	159
37	160
37	161
37	162
37	163
37	164
37	165
37	166
37	167
37	168
37	169
37	170
37	171
37	172
37	173
37	174
37	175
37	176
37	177
37	178
37	179
37	180
37	181
37	182
37	183
37	184
37	185
37	186
37	187
37	188
37	189
37	190
37	191
37	192
37	193
37	194
37	195
37	196
37	197
37	198
37	199
37	200
37	201
37	202
37	203
37	204
37	205
37	206
37	207
37	208
37	209
37	210
37	211
37	212
37	213
37	214
37	215
37	216
37	217
37	218
37	219
37	220
37	221
37	222
37	223
37	224
37	225
37	226
37	227
37	228
37	229
37	230
37	231
37	232
37	233
37	234
37	235
37	236
37	237
37	238
37	239
37	240
37	241
37	242
38	50
38	75
38	93
38	99
38	101
38	103
38	104
38	105
38	106
38	107
38	108
38	110
38	111
38	113
38	115
38	116
38	119
38	121
38	123
38	124
38	127
38	130
38	131
38	134
38	135
38	136
38	137
38	138
38	140
38	141
38	142
38	143
38	145
38	147
38	148
38	150
38	151
38	152
38	153
38	154
38	155
38	156
38	158
38	159
38	160
38	162
38	163
38	164
38	165
38	167
38	168
38	169
38	170
38	171
38	172
38	173
38	174
38	175
38	176
38	177
38	178
38	179
38	180
38	181
38	182
38	183
38	184
38	185
38	186
38	187
38	188
38	189
38	190
38	191
38	192
38	193
38	194
38	195
38	196
38	197
38	198
38	199
38	200
38	201
38	202
38	203
38	204
38	205
38	206
38	208
38	209
38	210
38	211
38	212
38	213
38	214
38	215
38	216
38	217
38	218
38	219
38	220
38	221
38	222
38	223
38	224
38	225
38	226
38	227
38	228
38	229
38	230
38	231
38	232
38	233
38	234
38	235
38	236
38	237
38	238
38	239
38	240
38	241
38	242
39	50
39	60
39	61
39	65
39	67
39	69
39	71
39	74
39	75
39	78
39	80
39	85
39	86
39	87
39	90
39	93
39	94
39	95
39	96
39	97
39	99
39	100
39	101
39	102
39	103
39	104
39	105
39	106
39	107
39	108
39	109
39	110
39	111
39	112
39	113
39	114
39	115
39	116
39	117
39	118
39	119
39	120
39	121
39	122
39	123
39	124
39	125
39	126
39	127
39	128
39	129
39	130
39	131
39	132
39	133
39	134
39	135
39	136
39	137
39	138
39	139
39	140
39	141
39	142
39	143
39	144
39	145
39	146
39	147
39	148
39	149
39	150
39	151
39	152
39	153
39	154
39	155
39	156
39	157
39	158
39	159
39	160
39	161
39	162
39	163
39	164
39	165
39	166
39	167
39	168
39	169
39	170
39	171
39	172
39	173
39	174
39	175
39	176
39	177
39	178
39	179
39	180
39	181
39	182
39	183
39	184
39	185
39	186
39	187
39	188
39	189
39	190
39	191
39	192
39	193
39	194
39	195
39	196
39	197
39	198
39	199
39	200
39	201
39	202
39	203
39	204
39	205
39	206
39	207
39	208
39	209
39	210
39	211
39	212
39	213
39	214
39	215
39	216
39	217
39	218
39	219
39	220
39	221
39	222
39	223
39	224
39	225
39	226
39	227
39	228
39	229
39	230
39	231
39	232
39	233
39	234
39	235
39	236
39	237
39	238
39	239
39	240
39	241
39	242
40	48
40	50
40	61
40	66
40	67
40	69
40	70
40	71
40	72
40	73
40	74
40	75
40	78
40	79
40	80
40	81
40	82
40	84
40	85
40	86
40	87
40	88
40	89
40	90
40	92
40	93
40	94
40	95
40	96
40	97
40	99
40	100
40	101
40	102
40	103
40	104
40	105
40	106
40	107
40	108
40	109
40	110
40	111
40	112
40	113
40	114
40	115
40	116
40	117
40	118
40	119
40	120
40	121
40	122
40	123
40	124
40	125
40	126
40	127
40	128
40	129
40	130
40	131
40	132
40	133
40	134
40	135
40	136
40	137
40	138
40	139
40	140
40	141
40	142
40	143
40	144
40	145
40	146
40	147
40	148
40	149
40	150
40	151
40	152
40	153
40	154
40	155
40	156
40	157
40	158
40	159
40	160
40	161
40	162
40	163
40	164
40	165
40	166
40	167
40	168
40	169
40	170
40	171
40	172
40	173
40	174
40	175
40	176
40	177
40	178
40	179
40	180
40	181
40	182
40	183
40	184
40	185
40	186
40	187
40	188
40	189
40	190
40	191
40	192
40	193
40	194
40	195
40	196
40	197
40	198
40	199
40	200
40	201
40	202
40	203
40	204
40	205
40	206
40	207
40	208
40	209
40	210
40	211
40	212
40	213
40	214
40	215
40	216
40	217
40	218
40	219
40	220
40	221
40	222
40	223
40	224
40	225
40	226
40	227
40	228
40	229
40	230
40	231
40	232
40	233
40	234
40	235
40	236
40	237
40	238
40	239
40	240
40	241
40	242
41	50
41	71
41	74
41	86
41	99
41	108
41	110
41	111
41	115
41	119
41	123
41	127
41	130
41	131
41	132
41	134
41	135
41	136
41	137
41	138
41	140
41	141
41	142
41	143
41	145
41	147
41	148
41	149
41	150
41	151
41	152
41	153
41	154
41	155
41	156
41	157
41	158
41	159
41	160
41	161
41	162
41	163
41	164
41	165
41	166
41	167
41	168
41	169
41	170
41	171
41	172
41	173
41	174
41	175
41	176
41	177
41	178
41	179
41	180
41	181
41	182
41	183
41	184
41	185
41	186
41	187
41	188
41	189
41	190
41	191
41	192
41	193
41	194
41	195
41	196
41	197
41	198
41	199
41	200
41	201
41	202
41	203
41	204
41	205
41	206
41	207
41	208
41	209
41	210
41	211
41	212
41	213
41	214
41	215
41	216
41	217
41	218
41	219
41	220
41	221
41	222
41	223
41	224
41	225
41	226
41	227
41	228
41	229
41	230
41	231
41	232
41	233
41	234
41	235
41	236
41	237
41	238
41	239
41	240
41	241
41	242
42	50
42	61
42	67
42	69
42	71
42	74
42	75
42	78
42	79
42	80
42	82
42	84
42	85
42	86
42	87
42	88
42	90
42	92
42	93
42	94
42	95
42	96
42	97
42	99
42	100
42	101
42	102
42	103
42	104
42	105
42	106
42	107
42	108
42	109
42	110
42	111
42	112
42	113
42	114
42	115
42	116
42	117
42	118
42	119
42	120
42	121
42	122
42	123
42	124
42	125
42	126
42	127
42	128
42	129
42	130
42	131
42	132
42	133
42	134
42	135
42	136
42	137
42	138
42	139
42	140
42	141
42	142
42	143
42	144
42	145
42	146
42	147
42	148
42	149
42	150
42	151
42	152
42	153
42	154
42	155
42	156
42	157
42	158
42	159
42	160
42	161
42	162
42	163
42	164
42	165
42	166
42	167
42	168
42	169
42	170
42	171
42	172
42	173
42	174
42	175
42	176
42	177
42	178
42	179
42	180
42	181
42	182
42	183
42	184
42	185
42	186
42	187
42	188
42	189
42	190
42	191
42	192
42	193
42	194
42	195
42	196
42	197
42	198
42	199
42	200
42	201
42	202
42	203
42	204
42	205
42	206
42	207
42	208
42	209
42	210
42	211
42	212
42	213
42	214
42	215
42	216
42	217
42	218
42	219
42	220
42	221
42	222
42	223
42	224
42	225
42	226
42	227
42	228
42	229
42	230
42	231
42	232
42	233
42	234
42	235
42	236
42	237
42	238
42	239
42	240
42	241
42	242
43	50
43	71
43	74
43	78
43	82
43	86
43	90
43	99
43	106
43	107
43	108
43	111
43	112
43	115
43	116
43	118
43	119
43	123
43	127
43	130
43	131
43	132
43	133
43	134
43	135
43	136
43	137
43	138
43	139
43	140
43	141
43	142
43	143
43	144
43	145
43	146
43	147
43	148
43	149
43	150
43	151
43	152
43	153
43	154
43	155
43	156
43	157
43	158
43	159
43	160
43	161
43	162
43	163
43	164
43	165
43	166
43	167
43	168
43	169
43	170
43	171
43	172
43	173
43	174
43	175
43	176
43	177
43	178
43	179
43	180
43	181
43	182
43	183
43	184
43	185
43	186
43	187
43	188
43	189
43	190
43	191
43	192
43	193
43	194
43	195
43	196
43	197
43	198
43	199
43	200
43	201
43	202
43	203
43	204
43	205
43	206
43	207
43	208
43	209
43	210
43	211
43	212
43	213
43	214
43	215
43	216
43	217
43	218
43	219
43	220
43	221
43	222
43	223
43	224
43	225
43	226
43	227
43	228
43	229
43	230
43	231
43	232
43	233
43	234
43	235
43	236
43	237
43	238
43	239
43	240
43	241
43	242
44	50
44	71
44	74
44	75
44	78
44	80
44	82
44	86
44	88
44	90
44	93
44	94
44	97
44	99
44	106
44	107
44	108
44	109
44	110
44	111
44	112
44	113
44	115
44	116
44	118
44	119
44	123
44	127
44	130
44	131
44	132
44	133
44	134
44	135
44	136
44	137
44	138
44	139
44	140
44	141
44	142
44	143
44	144
44	145
44	146
44	147
44	148
44	149
44	150
44	151
44	152
44	153
44	154
44	155
44	156
44	157
44	158
44	159
44	160
44	161
44	162
44	163
44	164
44	165
44	166
44	167
44	168
44	169
44	170
44	171
44	172
44	173
44	174
44	175
44	176
44	177
44	178
44	179
44	180
44	181
44	182
44	183
44	184
44	185
44	186
44	187
44	188
44	189
44	190
44	191
44	192
44	193
44	194
44	195
44	196
44	197
44	198
44	199
44	200
44	201
44	202
44	203
44	204
44	205
44	206
44	207
44	208
44	209
44	210
44	211
44	212
44	213
44	214
44	215
44	216
44	217
44	218
44	219
44	220
44	221
44	222
44	223
44	224
44	225
44	226
44	227
44	228
44	229
44	230
44	231
44	232
44	233
44	234
44	235
44	236
44	237
44	238
44	239
44	240
44	241
44	242
45	50
45	65
45	67
45	69
45	71
45	74
45	75
45	78
45	79
45	80
45	81
45	82
45	84
45	85
45	86
45	88
45	89
45	90
45	93
45	94
45	97
45	99
45	100
45	101
45	102
45	103
45	104
45	105
45	106
45	107
45	108
45	109
45	110
45	111
45	112
45	113
45	114
45	115
45	116
45	117
45	118
45	119
45	120
45	121
45	122
45	123
45	124
45	125
45	126
45	127
45	128
45	129
45	130
45	131
45	132
45	133
45	134
45	135
45	136
45	137
45	138
45	139
45	140
45	141
45	142
45	143
45	144
45	145
45	146
45	147
45	148
45	149
45	150
45	151
45	152
45	153
45	154
45	155
45	156
45	157
45	158
45	159
45	160
45	161
45	162
45	163
45	164
45	165
45	166
45	167
45	168
45	169
45	170
45	171
45	172
45	173
45	174
45	175
45	176
45	177
45	178
45	179
45	180
45	181
45	182
45	183
45	184
45	185
45	186
45	187
45	188
45	189
45	190
45	191
45	192
45	193
45	194
45	195
45	196
45	197
45	198
45	199
45	200
45	201
45	202
45	203
45	204
45	205
45	206
45	207
45	208
45	209
45	210
45	211
45	212
45	213
45	214
45	215
45	216
45	217
45	218
45	219
45	220
45	221
45	222
45	223
45	224
45	225
45	226
45	227
45	228
45	229
45	230
45	231
45	232
45	233
45	234
45	235
45	236
45	237
45	238
45	239
45	240
45	241
45	242
46	50
46	99
46	104
46	105
46	108
46	110
46	111
46	115
46	119
46	121
46	123
46	124
46	127
46	130
46	131
46	134
46	135
46	136
46	137
46	138
46	140
46	141
46	142
46	143
46	145
46	147
46	148
46	150
46	151
46	152
46	153
46	154
46	155
46	156
46	158
46	159
46	160
46	162
46	163
46	164
46	165
46	167
46	168
46	169
46	170
46	171
46	172
46	173
46	174
46	175
46	176
46	177
46	178
46	179
46	180
46	181
46	182
46	183
46	184
46	185
46	186
46	187
46	188
46	189
46	190
46	191
46	192
46	193
46	194
46	195
46	196
46	197
46	198
46	199
46	200
46	201
46	202
46	203
46	204
46	205
46	206
46	208
46	209
46	210
46	211
46	212
46	213
46	214
46	215
46	216
46	217
46	218
46	219
46	220
46	221
46	222
46	223
46	224
46	225
46	226
46	227
46	228
46	229
46	230
46	231
46	232
46	233
46	234
46	235
46	236
46	237
46	238
46	239
46	240
46	241
46	242
47	50
47	65
47	99
47	104
47	108
47	111
47	115
47	119
47	121
47	123
47	124
47	127
47	130
47	131
47	134
47	135
47	136
47	137
47	138
47	140
47	141
47	142
47	143
47	145
47	147
47	148
47	150
47	151
47	152
47	153
47	154
47	155
47	156
47	158
47	159
47	160
47	162
47	163
47	164
47	165
47	167
47	168
47	169
47	170
47	171
47	172
47	173
47	174
47	175
47	176
47	177
47	178
47	179
47	180
47	181
47	182
47	183
47	184
47	185
47	186
47	187
47	188
47	189
47	190
47	191
47	192
47	193
47	194
47	195
47	196
47	197
47	198
47	199
47	200
47	201
47	202
47	203
47	204
47	205
47	206
47	208
47	209
47	210
47	211
47	212
47	213
47	214
47	215
47	216
47	217
47	218
47	219
47	220
47	221
47	222
47	223
47	224
47	225
47	226
47	227
47	228
47	229
47	230
47	231
47	232
47	233
47	234
47	235
47	236
47	237
47	238
47	239
47	240
47	241
47	242
48	50
48	64
48	99
48	106
48	107
48	108
48	111
48	115
48	116
48	119
48	123
48	127
48	130
48	131
48	134
48	135
48	136
48	137
48	138
48	140
48	141
48	142
48	143
48	145
48	147
48	148
48	150
48	151
48	152
48	153
48	154
48	155
48	156
48	158
48	159
48	160
48	162
48	163
48	164
48	165
48	167
48	168
48	169
48	170
48	171
48	172
48	173
48	174
48	175
48	176
48	177
48	178
48	179
48	180
48	181
48	182
48	183
48	184
48	185
48	186
48	187
48	188
48	189
48	190
48	191
48	192
48	193
48	194
48	195
48	196
48	197
48	198
48	199
48	200
48	201
48	202
48	203
48	204
48	205
48	206
48	208
48	209
48	210
48	211
48	212
48	213
48	214
48	215
48	216
48	217
48	218
48	219
48	220
48	221
48	222
48	223
48	224
48	225
48	226
48	227
48	228
48	229
48	230
48	231
48	232
48	233
48	234
48	235
48	236
48	237
48	238
48	239
48	240
48	241
48	242
49	50
49	71
49	99
49	119
49	132
49	134
49	136
49	140
49	141
49	142
49	147
49	148
49	149
49	150
49	151
49	152
49	154
49	156
49	158
49	160
49	163
49	164
49	165
49	166
49	167
49	168
49	171
49	173
49	174
49	176
49	177
49	178
49	179
49	180
49	182
49	184
49	186
49	187
49	188
49	189
49	190
49	191
49	192
49	193
49	194
49	195
49	196
49	197
49	198
49	199
49	200
49	201
49	202
49	203
49	204
49	205
49	206
49	207
49	208
49	209
49	210
49	211
49	212
49	213
49	214
49	215
49	216
49	217
49	218
49	219
49	220
49	221
49	222
49	223
49	224
49	225
49	226
49	227
49	228
49	229
49	230
49	231
49	232
49	233
49	234
49	235
49	236
49	237
49	238
49	239
49	240
49	241
49	242
50	51
50	52
50	53
50	54
50	55
50	56
50	57
50	58
50	59
50	60
50	61
50	62
50	63
50	64
50	65
50	66
50	67
50	68
50	69
50	70
50	71
50	72
50	73
50	74
50	75
50	76
50	77
50	78
50	79
50	80
50	81
50	82
50	83
50	84
50	85
50	86
50	87
50	88
50	89
50	90
50	91
50	92
50	93
50	94
50	95
50	96
50	97
50	98
50	99
50	100
50	101
50	102
50	103
50	104
50	105
50	106
50	107
50	108
50	109
50	110
50	111
50	112
50	113
50	114
50	115
50	116
50	117
50	118
50	119
50	120
50	121
50	122
50	123
50	124
50	125
50	126
50	127
50	128
50	129
50	130
50	131
50	132
50	133
50	134
50	135
50	136
50	137
50	138
50	139
50	140
50	141
50	142
50	143
50	144
50	145
50	146
50	147
50	148
50	149
50	150
50	151
50	152
50	153
50	154
50	155
50	156
50	157
50	158
50	159
50	160
50	161
50	162
50	163
50	164
50	165
50	166
50	167
50	168
50	169
50	170
50	171
50	172
50	173
50	174
50	175
50	176
50	177
50	178
50	179
50	180
50	181
50	182
50	183
50	184
50	185
50	186
50	187
50	188
50	189
50	190
50	191
50	192
50	193
50	194
50	195
50	196
50	197
50	198
50	199
50	200
50	201
50	202
50	203
50	204
50	205
50	206
50	207
50	208
50	209
50	210
50	211
50	212
50	213
50	214
50	215
50	216
50	217
50	218
50	219
50	220
50	221
50	222
50	223
50	224
50	225
50	226
50	227
50	228
50	229
50	230
50	231
50	232
50	233
50	234
50	235
50	236
50	237
50	238
50	239
50	240
50	241
50	242
51	65
51	71
51	74
51	86
51	99
51	104
51	108
51	111
51	114
51	115
51	119
51	121
51	122
51	123
51	124
51	127
51	129
51	130
51	131
51	132
51	134
51	135
51	136
51	137
51	138
51	140
51	141
51	142
51	143
51	145
51	147
51	148
51	149
51	150
51	151
51	152
51	153
51	154
51	155
51	156
51	157
51	158
51	159
51	160
51	161
51	162
51	163
51	164
51	165
51	166
51	167
51	168
51	169
51	170
51	171
51	172
51	173
51	174
51	175
51	176
51	177
51	178
51	179
51	180
51	181
51	182
51	183
51	184
51	185
51	186
51	187
51	188
51	189
51	190
51	191
51	192
51	193
51	194
51	195
51	196
51	197
51	198
51	199
51	200
51	201
51	202
51	203
51	204
51	205
51	206
51	207
51	208
51	209
51	210
51	211
51	212
51	213
51	214
51	215
51	216
51	217
51	218
51	219
51	220
51	221
51	222
51	223
51	224
51	225
51	226
51	227
51	228
51	229
51	230
51	231
51	232
51	233
51	234
51	235
51	236
51	237
51	238
51	239
51	240
51	241
51	242
52	61
52	65
52	67
52	69
52	71
52	74
52	75
52	78
52	80
52	93
52	95
52	96
52	99
52	101
52	103
52	104
52	105
52	106
52	107
52	108
52	110
52	111
52	113
52	114
52	115
52	116
52	117
52	119
52	121
52	122
52	123
52	124
52	127
52	128
52	129
52	130
52	131
52	132
52	134
52	135
52	136
52	137
52	138
52	140
52	141
52	142
52	143
52	145
52	147
52	148
52	149
52	150
52	151
52	152
52	153
52	154
52	155
52	156
52	157
52	158
52	159
52	160
52	161
52	162
52	163
52	164
52	165
52	166
52	167
52	168
52	169
52	170
52	171
52	172
52	173
52	174
52	175
52	176
52	177
52	178
52	179
52	180
52	181
52	182
52	183
52	184
52	185
52	186
52	187
52	188
52	189
52	190
52	191
52	192
52	193
52	194
52	195
52	196
52	197
52	198
52	199
52	200
52	201
52	202
52	203
52	204
52	205
52	206
52	207
52	208
52	209
52	210
52	211
52	212
52	213
52	214
52	215
52	216
52	217
52	218
52	219
52	220
52	221
52	222
52	223
52	224
52	225
52	226
52	227
52	228
52	229
52	230
52	231
52	232
52	233
52	234
52	235
52	236
52	237
52	238
52	239
52	240
52	241
52	242
53	65
53	66
53	67
53	69
53	70
53	71
53	74
53	75
53	78
53	80
53	82
53	85
53	86
53	87
53	88
53	90
53	93
53	94
53	97
53	99
53	100
53	101
53	102
53	103
53	104
53	105
53	106
53	107
53	108
53	109
53	110
53	111
53	112
53	113
53	114
53	115
53	116
53	117
53	118
53	119
53	120
53	121
53	122
53	123
53	124
53	125
53	126
53	127
53	128
53	129
53	130
53	131
53	132
53	133
53	134
53	135
53	136
53	137
53	138
53	139
53	140
53	141
53	142
53	143
53	144
53	145
53	146
53	147
53	148
53	149
53	150
53	151
53	152
53	153
53	154
53	155
53	156
53	157
53	158
53	159
53	160
53	161
53	162
53	163
53	164
53	165
53	166
53	167
53	168
53	169
53	170
53	171
53	172
53	173
53	174
53	175
53	176
53	177
53	178
53	179
53	180
53	181
53	182
53	183
53	184
53	185
53	186
53	187
53	188
53	189
53	190
53	191
53	192
53	193
53	194
53	195
53	196
53	197
53	198
53	199
53	200
53	201
53	202
53	203
53	204
53	205
53	206
53	207
53	208
53	209
53	210
53	211
53	212
53	213
53	214
53	215
53	216
53	217
53	218
53	219
53	220
53	221
53	222
53	223
53	224
53	225
53	226
53	227
53	228
53	229
53	230
53	231
53	232
53	233
53	234
53	235
53	236
53	237
53	238
53	239
53	240
53	241
53	242
54	60
54	61
54	65
54	67
54	69
54	71
54	74
54	75
54	78
54	79
54	80
54	84
54	85
54	86
54	90
54	93
54	94
54	95
54	96
54	97
54	99
54	100
54	101
54	102
54	103
54	104
54	105
54	106
54	107
54	108
54	109
54	110
54	111
54	112
54	113
54	114
54	115
54	116
54	117
54	118
54	119
54	120
54	121
54	122
54	123
54	124
54	125
54	126
54	127
54	128
54	129
54	130
54	131
54	132
54	133
54	134
54	135
54	136
54	137
54	138
54	139
54	140
54	141
54	142
54	143
54	144
54	145
54	146
54	147
54	148
54	149
54	150
54	151
54	152
54	153
54	154
54	155
54	156
54	157
54	158
54	159
54	160
54	161
54	162
54	163
54	164
54	165
54	166
54	167
54	168
54	169
54	170
54	171
54	172
54	173
54	174
54	175
54	176
54	177
54	178
54	179
54	180
54	181
54	182
54	183
54	184
54	185
54	186
54	187
54	188
54	189
54	190
54	191
54	192
54	193
54	194
54	195
54	196
54	197
54	198
54	199
54	200
54	201
54	202
54	203
54	204
54	205
54	206
54	207
54	208
54	209
54	210
54	211
54	212
54	213
54	214
54	215
54	216
54	217
54	218
54	219
54	220
54	221
54	222
54	223
54	224
54	225
54	226
54	227
54	228
54	229
54	230
54	231
54	232
54	233
54	234
54	235
54	236
54	237
54	238
54	239
54	240
54	241
54	242
55	61
55	65
55	71
55	74
55	86
55	99
55	104
55	105
55	108
55	110
55	111
55	114
55	115
55	119
55	121
55	122
55	123
55	124
55	127
55	129
55	130
55	131
55	132
55	134
55	135
55	136
55	137
55	138
55	140
55	141
55	142
55	143
55	145
55	147
55	148
55	149
55	150
55	151
55	152
55	153
55	154
55	155
55	156
55	157
55	158
55	159
55	160
55	161
55	162
55	163
55	164
55	165
55	166
55	167
55	168
55	169
55	170
55	171
55	172
55	173
55	174
55	175
55	176
55	177
55	178
55	179
55	180
55	181
55	182
55	183
55	184
55	185
55	186
55	187
55	188
55	189
55	190
55	191
55	192
55	193
55	194
55	195
55	196
55	197
55	198
55	199
55	200
55	201
55	202
55	203
55	204
55	205
55	206
55	207
55	208
55	209
55	210
55	211
55	212
55	213
55	214
55	215
55	216
55	217
55	218
55	219
55	220
55	221
55	222
55	223
55	224
55	225
55	226
55	227
55	228
55	229
55	230
55	231
55	232
55	233
55	234
55	235
55	236
55	237
55	238
55	239
55	240
55	241
55	242
56	61
56	65
56	99
56	104
56	108
56	110
56	115
56	119
56	121
56	123
56	127
56	130
56	131
56	134
56	135
56	136
56	137
56	138
56	140
56	141
56	142
56	143
56	145
56	147
56	148
56	150
56	151
56	152
56	154
56	155
56	156
56	158
56	159
56	160
56	162
56	163
56	164
56	165
56	167
56	168
56	169
56	170
56	171
56	173
56	174
56	176
56	177
56	178
56	179
56	180
56	181
56	182
56	184
56	186
56	187
56	188
56	189
56	190
56	191
56	192
56	193
56	194
56	195
56	196
56	197
56	198
56	199
56	200
56	201
56	202
56	203
56	204
56	205
56	206
56	208
56	209
56	210
56	211
56	212
56	213
56	214
56	215
56	216
56	217
56	218
56	219
56	220
56	221
56	222
56	223
56	224
56	225
56	226
56	227
56	228
56	229
56	230
56	231
56	232
56	233
56	234
56	235
56	236
56	237
56	238
56	239
56	240
56	241
56	242
57	61
57	65
57	99
57	104
57	105
57	108
57	110
57	115
57	123
57	130
57	137
57	140
57	142
57	143
57	147
57	148
57	150
57	151
57	152
57	154
57	155
57	156
57	158
57	160
57	165
57	167
57	169
57	170
57	171
57	172
57	173
57	174
57	175
57	176
57	180
57	182
57	184
57	186
57	187
57	188
57	189
57	190
57	191
57	192
57	193
57	194
57	195
57	196
57	197
57	198
57	199
57	202
57	203
57	204
57	205
57	206
57	208
57	209
57	210
57	211
57	212
57	213
57	214
57	215
57	216
57	217
57	218
57	219
57	220
57	221
57	222
57	223
57	224
57	225
57	226
57	227
57	228
57	229
57	230
57	231
57	232
57	233
57	234
57	235
57	236
57	237
57	238
57	239
57	240
57	241
57	242
58	99
58	151
58	154
58	156
58	158
58	160
58	165
58	167
58	173
58	174
58	180
58	182
58	184
58	186
58	187
58	188
58	189
58	190
58	191
58	192
58	193
58	194
58	195
58	196
58	197
58	198
58	199
58	200
58	201
58	202
58	203
58	204
58	205
58	206
58	208
58	209
58	210
58	211
58	212
58	213
58	214
58	215
58	216
58	217
58	218
58	219
58	220
58	221
58	222
58	223
58	224
58	225
58	226
58	227
58	228
58	229
58	230
58	231
58	232
58	233
58	234
58	235
58	236
58	237
58	238
58	239
58	240
58	241
58	242
59	99
59	108
59	123
59	140
59	147
59	148
59	150
59	151
59	152
59	154
59	156
59	158
59	160
59	165
59	167
59	169
59	170
59	171
59	173
59	174
59	176
59	180
59	182
59	184
59	186
59	187
59	188
59	189
59	190
59	191
59	192
59	193
59	194
59	195
59	196
59	197
59	198
59	199
59	202
59	203
59	204
59	205
59	206
59	208
59	209
59	210
59	211
59	212
59	213
59	214
59	215
59	216
59	217
59	218
59	219
59	220
59	221
59	222
59	223
59	224
59	225
59	226
59	227
59	228
59	229
59	230
59	231
59	232
59	233
59	234
59	235
59	236
59	237
59	238
59	239
59	240
59	241
59	242
60	99
60	184
60	204
60	214
60	219
60	221
60	222
60	223
60	224
60	225
60	226
60	227
60	228
60	229
60	231
60	232
60	233
60	234
60	235
60	236
60	237
60	238
60	239
60	240
60	241
60	242
61	64
61	86
61	99
61	108
61	110
61	119
61	140
61	141
61	147
61	148
61	151
61	152
61	154
61	156
61	158
61	160
61	165
61	167
61	171
61	172
61	173
61	174
61	175
61	177
61	178
61	179
61	180
61	182
61	183
61	184
61	185
61	186
61	187
61	188
61	189
61	190
61	191
61	192
61	193
61	194
61	195
61	196
61	197
61	198
61	199
61	202
61	203
61	204
61	205
61	206
61	208
61	209
61	210
61	211
61	212
61	213
61	214
61	215
61	216
61	217
61	218
61	219
61	220
61	221
61	222
61	223
61	224
61	225
61	226
61	227
61	228
61	229
61	230
61	231
61	232
61	233
61	234
61	235
61	236
61	237
61	238
61	239
61	240
61	241
61	242
62	86
62	99
62	108
62	119
62	140
62	141
62	147
62	148
62	151
62	152
62	154
62	156
62	158
62	160
62	165
62	167
62	171
62	172
62	173
62	174
62	175
62	177
62	178
62	179
62	180
62	182
62	183
62	184
62	185
62	186
62	187
62	188
62	189
62	190
62	191
62	192
62	193
62	194
62	195
62	196
62	197
62	198
62	199
62	202
62	203
62	204
62	205
62	206
62	208
62	209
62	210
62	211
62	212
62	213
62	214
62	215
62	216
62	217
62	218
62	219
62	220
62	221
62	222
62	223
62	224
62	225
62	226
62	227
62	228
62	229
62	230
62	231
62	232
62	233
62	234
62	235
62	236
62	237
62	238
62	239
62	240
62	241
62	242
63	86
63	99
63	108
63	110
63	119
63	140
63	141
63	147
63	148
63	151
63	152
63	154
63	156
63	158
63	160
63	165
63	167
63	171
63	172
63	173
63	174
63	175
63	177
63	178
63	179
63	180
63	182
63	183
63	184
63	185
63	186
63	187
63	188
63	189
63	190
63	191
63	192
63	193
63	194
63	195
63	196
63	197
63	198
63	199
63	202
63	203
63	204
63	205
63	206
63	208
63	209
63	210
63	211
63	212
63	213
63	214
63	215
63	216
63	217
63	218
63	219
63	220
63	221
63	222
63	223
63	224
63	225
63	226
63	227
63	228
63	229
63	230
63	231
63	232
63	233
63	234
63	235
63	236
63	237
63	238
63	239
63	240
63	241
63	242
64	66
64	67
64	69
64	70
64	71
64	72
64	73
64	74
64	75
64	78
64	79
64	80
64	81
64	82
64	84
64	85
64	86
64	87
64	88
64	89
64	90
64	92
64	93
64	94
64	95
64	96
64	97
64	99
64	100
64	101
64	102
64	103
64	104
64	105
64	106
64	107
64	108
64	109
64	110
64	111
64	112
64	113
64	114
64	115
64	116
64	117
64	118
64	119
64	120
64	121
64	122
64	123
64	124
64	125
64	126
64	127
64	128
64	129
64	130
64	131
64	132
64	133
64	134
64	135
64	136
64	137
64	138
64	139
64	140
64	141
64	142
64	143
64	144
64	145
64	146
64	147
64	148
64	149
64	150
64	151
64	152
64	153
64	154
64	155
64	156
64	157
64	158
64	159
64	160
64	161
64	162
64	163
64	164
64	165
64	166
64	167
64	168
64	169
64	170
64	171
64	172
64	173
64	174
64	175
64	176
64	177
64	178
64	179
64	180
64	181
64	182
64	183
64	184
64	185
64	186
64	187
64	188
64	189
64	190
64	191
64	192
64	193
64	194
64	195
64	196
64	197
64	198
64	199
64	200
64	201
64	202
64	203
64	204
64	205
64	206
64	207
64	208
64	209
64	210
64	211
64	212
64	213
64	214
64	215
64	216
64	217
64	218
64	219
64	220
64	221
64	222
64	223
64	224
64	225
64	226
64	227
64	228
64	229
64	230
64	231
64	232
64	233
64	234
64	235
64	236
64	237
64	238
64	239
64	240
64	241
64	242
65	77
65	86
65	99
65	108
65	110
65	119
65	140
65	141
65	147
65	148
65	151
65	152
65	154
65	156
65	158
65	160
65	165
65	167
65	171
65	172
65	173
65	174
65	175
65	177
65	178
65	179
65	180
65	182
65	183
65	184
65	185
65	186
65	187
65	188
65	189
65	190
65	191
65	192
65	193
65	194
65	195
65	196
65	197
65	198
65	199
65	202
65	203
65	204
65	205
65	206
65	208
65	209
65	210
65	211
65	212
65	213
65	214
65	215
65	216
65	217
65	218
65	219
65	220
65	221
65	222
65	223
65	224
65	225
65	226
65	227
65	228
65	229
65	230
65	231
65	232
65	233
65	234
65	235
65	236
65	237
65	238
65	239
65	240
65	241
65	242
66	99
66	108
66	186
66	204
66	220
66	224
66	225
66	226
66	227
66	230
66	231
66	232
66	234
66	236
66	238
66	239
66	240
66	241
66	242
67	77
67	86
67	99
67	108
67	110
67	173
67	222
67	223
67	224
67	225
67	226
67	227
67	230
67	231
67	232
67	234
67	236
67	238
67	239
67	240
67	241
67	242
68	86
68	99
68	108
68	110
68	119
68	140
68	141
68	147
68	151
68	154
68	156
68	158
68	160
68	165
68	172
68	173
68	174
68	175
68	177
68	179
68	180
68	182
68	183
68	184
68	185
68	186
68	187
68	188
68	189
68	190
68	192
68	193
68	194
68	196
68	197
68	202
68	203
68	204
68	205
68	209
68	213
68	214
68	215
68	216
68	217
68	218
68	219
68	220
68	221
68	222
68	223
68	224
68	225
68	226
68	227
68	228
68	229
68	230
68	231
68	232
68	233
68	234
68	235
68	236
68	237
68	238
68	239
68	240
68	241
68	242
69	77
69	86
69	99
69	108
69	110
69	140
69	147
69	148
69	151
69	152
69	154
69	156
69	158
69	160
69	165
69	167
69	171
69	172
69	173
69	174
69	175
69	180
69	182
69	184
69	186
69	187
69	188
69	189
69	190
69	191
69	192
69	193
69	194
69	195
69	196
69	197
69	198
69	199
69	202
69	203
69	204
69	205
69	206
69	208
69	209
69	210
69	211
69	212
69	213
69	214
69	215
69	216
69	217
69	218
69	219
69	220
69	221
69	222
69	223
69	224
69	225
69	226
69	227
69	228
69	229
69	230
69	231
69	232
69	233
69	234
69	235
69	236
69	237
69	238
69	239
69	240
69	241
69	242
70	86
70	99
70	108
70	110
70	147
70	151
70	154
70	173
70	174
70	182
70	184
70	186
70	187
70	189
70	192
70	193
70	196
70	197
70	202
70	204
70	209
70	213
70	214
70	219
70	220
70	221
70	222
70	223
70	224
70	225
70	226
70	227
70	228
70	229
70	230
70	231
70	232
70	233
70	234
70	235
70	236
70	237
70	238
70	239
70	240
70	241
70	242
71	75
71	77
71	81
71	86
71	87
71	88
71	89
71	90
71	93
71	94
71	95
71	96
71	99
71	108
71	109
71	110
71	112
71	113
71	115
71	116
71	123
71	130
71	132
71	137
71	140
71	142
71	143
71	147
71	148
71	149
71	150
71	151
71	152
71	154
71	155
71	156
71	158
71	160
71	165
71	167
71	169
71	170
71	171
71	172
71	173
71	174
71	175
71	176
71	180
71	182
71	184
71	186
71	187
71	188
71	189
71	190
71	191
71	192
71	193
71	194
71	195
71	196
71	197
71	198
71	199
71	202
71	203
71	204
71	205
71	206
71	208
71	209
71	210
71	211
71	212
71	213
71	214
71	215
71	216
71	217
71	218
71	219
71	220
71	221
71	222
71	223
71	224
71	225
71	226
71	227
71	228
71	229
71	230
71	231
71	232
71	233
71	234
71	235
71	236
71	237
71	238
71	239
71	240
71	241
71	242
72	86
72	99
72	108
72	151
72	154
72	173
72	174
72	204
72	214
72	219
72	222
72	224
72	225
72	226
72	227
72	231
72	232
72	233
72	234
72	236
72	237
72	238
72	239
72	240
72	241
72	242
73	99
73	108
73	151
73	154
73	160
73	167
73	168
73	188
73	190
73	192
73	194
73	199
73	201
73	202
73	204
73	205
73	206
73	210
73	211
73	212
73	213
73	214
73	215
73	216
73	218
73	219
73	222
73	224
73	225
73	226
73	227
73	231
73	232
73	233
73	234
73	236
73	237
73	238
73	239
73	240
73	241
73	242
74	99
74	108
74	150
74	151
74	160
74	167
74	168
74	192
74	199
74	202
74	204
74	206
74	210
74	211
74	212
74	213
74	214
74	215
74	216
74	218
74	219
74	222
74	224
74	225
74	226
74	227
74	231
74	232
74	233
74	234
74	236
74	237
74	238
74	239
74	240
74	241
74	242
75	99
75	147
75	148
75	150
75	151
75	152
75	154
75	156
75	158
75	160
75	165
75	166
75	167
75	168
75	171
75	173
75	174
75	175
75	178
75	179
75	180
75	182
75	184
75	185
75	186
75	187
75	188
75	189
75	190
75	191
75	192
75	193
75	195
75	196
75	197
75	198
75	199
75	200
75	201
75	202
75	203
75	204
75	205
75	206
75	207
75	208
75	209
75	210
75	211
75	212
75	213
75	214
75	215
75	216
75	217
75	218
75	219
75	220
75	221
75	222
75	223
75	224
75	225
75	226
75	227
75	228
75	229
75	230
75	231
75	232
75	233
75	234
75	235
75	236
75	237
75	238
75	239
75	240
75	241
75	242
76	99
76	147
76	151
76	167
76	173
76	174
76	182
76	184
76	186
76	187
76	189
76	191
76	192
76	193
76	195
76	196
76	197
76	202
76	204
76	206
76	208
76	209
76	210
76	211
76	212
76	213
76	214
76	219
76	220
76	221
76	222
76	223
76	224
76	225
76	226
76	227
76	228
76	229
76	230
76	231
76	232
76	233
76	234
76	235
76	236
76	237
76	238
76	239
76	240
76	241
76	242
77	79
77	99
77	104
77	108
77	114
77	115
77	119
77	121
77	123
77	127
77	128
77	129
77	130
77	131
77	132
77	134
77	135
77	136
77	137
77	138
77	140
77	141
77	142
77	143
77	145
77	147
77	148
77	149
77	150
77	151
77	152
77	154
77	155
77	156
77	157
77	158
77	159
77	160
77	161
77	162
77	163
77	164
77	165
77	166
77	167
77	168
77	169
77	170
77	171
77	173
77	174
77	176
77	177
77	178
77	179
77	180
77	181
77	182
77	184
77	186
77	187
77	188
77	189
77	190
77	191
77	192
77	193
77	194
77	195
77	196
77	197
77	198
77	199
77	200
77	201
77	202
77	203
77	204
77	205
77	206
77	207
77	208
77	209
77	210
77	211
77	212
77	213
77	214
77	215
77	216
77	217
77	218
77	219
77	220
77	221
77	222
77	223
77	224
77	225
77	226
77	227
77	228
77	229
77	230
77	231
77	232
77	233
77	234
77	235
77	236
77	237
77	238
77	239
77	240
77	241
77	242
78	99
78	108
78	151
78	154
78	167
78	188
78	190
78	192
78	194
78	202
78	204
78	205
78	206
78	210
78	211
78	212
78	213
78	214
78	219
78	222
78	224
78	225
78	226
78	227
78	231
78	232
78	233
78	234
78	236
78	237
78	238
78	239
78	240
78	241
78	242
79	99
79	108
79	147
79	148
79	150
79	151
79	152
79	158
79	160
79	165
79	167
79	171
79	173
79	174
79	180
79	182
79	184
79	186
79	187
79	189
79	191
79	192
79	193
79	195
79	196
79	197
79	198
79	199
79	202
79	204
79	206
79	208
79	209
79	210
79	211
79	212
79	213
79	214
79	215
79	216
79	217
79	218
79	219
79	220
79	221
79	222
79	223
79	224
79	225
79	226
79	227
79	228
79	229
79	230
79	231
79	232
79	233
79	234
79	235
79	236
79	237
79	238
79	239
79	240
79	241
79	242
80	99
80	160
80	202
80	213
80	214
80	216
80	218
80	222
80	226
80	234
80	240
80	241
80	242
81	99
81	151
81	154
81	156
81	158
81	160
81	165
81	167
81	168
81	173
81	174
81	176
81	178
81	179
81	180
81	181
81	182
81	184
81	186
81	187
81	188
81	189
81	190
81	191
81	192
81	193
81	194
81	195
81	196
81	197
81	198
81	199
81	200
81	201
81	202
81	203
81	204
81	205
81	206
81	208
81	209
81	210
81	211
81	212
81	213
81	214
81	215
81	216
81	217
81	218
81	219
81	220
81	221
81	222
81	223
81	224
81	225
81	226
81	227
81	228
81	229
81	230
81	231
81	232
81	233
81	234
81	235
81	236
81	237
81	238
81	239
81	240
81	241
81	242
82	99
82	240
82	241
82	242
83	99
83	158
83	173
83	174
83	182
83	184
83	186
83	187
83	189
83	192
83	193
83	195
83	196
83	197
83	202
83	204
83	208
83	209
83	213
83	214
83	215
83	216
83	217
83	218
83	219
83	220
83	221
83	222
83	223
83	224
83	225
83	226
83	227
83	228
83	229
83	230
83	231
83	232
83	233
83	234
83	235
83	236
83	237
83	238
83	239
83	240
83	241
83	242
84	99
84	151
84	154
84	156
84	158
84	160
84	165
84	167
84	173
84	174
84	180
84	182
84	184
84	186
84	187
84	188
84	189
84	190
84	191
84	192
84	193
84	194
84	195
84	196
84	197
84	198
84	199
84	202
84	203
84	204
84	205
84	206
84	208
84	209
84	210
84	211
84	212
84	213
84	214
84	215
84	216
84	217
84	218
84	219
84	220
84	221
84	222
84	223
84	224
84	225
84	226
84	227
84	228
84	229
84	230
84	231
84	232
84	233
84	234
84	235
84	236
84	237
84	238
84	239
84	240
84	241
84	242
85	99
85	108
85	151
85	154
85	156
85	158
85	160
85	165
85	167
85	173
85	174
85	175
85	178
85	179
85	180
85	182
85	184
85	185
85	186
85	187
85	188
85	189
85	190
85	191
85	192
85	193
85	194
85	195
85	196
85	197
85	198
85	199
85	202
85	203
85	204
85	205
85	206
85	208
85	209
85	210
85	211
85	212
85	213
85	214
85	215
85	216
85	217
85	218
85	219
85	220
85	221
85	222
85	223
85	224
85	225
85	226
85	227
85	228
85	229
85	230
85	231
85	232
85	233
85	234
85	235
85	236
85	237
85	238
85	239
85	240
85	241
85	242
86	99
86	114
86	121
86	123
86	127
86	129
86	131
86	132
86	134
86	136
86	140
86	141
86	142
86	147
86	148
86	149
86	150
86	151
86	152
86	154
86	156
86	158
86	159
86	160
86	161
86	162
86	163
86	164
86	165
86	166
86	167
86	168
86	169
86	170
86	171
86	173
86	174
86	176
86	177
86	178
86	179
86	180
86	181
86	182
86	184
86	186
86	187
86	188
86	189
86	190
86	191
86	192
86	193
86	194
86	195
86	196
86	197
86	198
86	199
86	200
86	201
86	202
86	203
86	204
86	205
86	206
86	207
86	208
86	209
86	210
86	211
86	212
86	213
86	214
86	215
86	216
86	217
86	218
86	219
86	220
86	221
86	222
86	223
86	224
86	225
86	226
86	227
86	228
86	229
86	230
86	231
86	232
86	233
86	234
86	235
86	236
86	237
86	238
86	239
86	240
86	241
86	242
87	99
87	151
87	154
87	158
87	160
87	167
87	168
87	182
87	186
87	188
87	190
87	191
87	192
87	194
87	195
87	196
87	197
87	199
87	200
87	201
87	202
87	203
87	204
87	205
87	206
87	208
87	209
87	210
87	211
87	212
87	213
87	214
87	215
87	216
87	217
87	218
87	219
87	220
87	221
87	222
87	223
87	224
87	225
87	226
87	227
87	228
87	230
87	231
87	232
87	233
87	234
87	235
87	236
87	237
87	238
87	239
87	240
87	241
87	242
88	99
88	108
88	147
88	148
88	150
88	151
88	152
88	158
88	160
88	165
88	167
88	168
88	171
88	173
88	174
88	180
88	182
88	184
88	186
88	187
88	189
88	191
88	192
88	193
88	195
88	196
88	197
88	198
88	199
88	200
88	202
88	204
88	206
88	207
88	208
88	209
88	210
88	211
88	212
88	213
88	214
88	215
88	216
88	217
88	218
88	219
88	220
88	221
88	222
88	223
88	224
88	225
88	226
88	227
88	228
88	229
88	230
88	231
88	232
88	233
88	234
88	235
88	236
88	237
88	238
88	239
88	240
88	241
88	242
89	99
89	123
89	132
89	134
89	136
89	140
89	141
89	142
89	147
89	148
89	149
89	150
89	151
89	152
89	154
89	156
89	158
89	160
89	163
89	164
89	165
89	166
89	167
89	168
89	171
89	173
89	174
89	176
89	177
89	178
89	179
89	180
89	182
89	184
89	186
89	187
89	188
89	189
89	190
89	191
89	192
89	193
89	194
89	195
89	196
89	197
89	198
89	199
89	200
89	201
89	202
89	203
89	204
89	205
89	206
89	207
89	208
89	209
89	210
89	211
89	212
89	213
89	214
89	215
89	216
89	217
89	218
89	219
89	220
89	221
89	222
89	223
89	224
89	225
89	226
89	227
89	228
89	229
89	230
89	231
89	232
89	233
89	234
89	235
89	236
89	237
89	238
89	239
89	240
89	241
89	242
90	99
90	123
90	132
90	134
90	136
90	140
90	141
90	142
90	146
90	147
90	148
90	149
90	150
90	151
90	152
90	154
90	156
90	158
90	160
90	163
90	164
90	165
90	166
90	167
90	168
90	169
90	170
90	171
90	172
90	173
90	174
90	175
90	176
90	177
90	178
90	179
90	180
90	181
90	182
90	183
90	184
90	185
90	186
90	187
90	188
90	189
90	190
90	191
90	192
90	193
90	194
90	195
90	196
90	197
90	198
90	199
90	200
90	201
90	202
90	203
90	204
90	205
90	206
90	207
90	208
90	209
90	210
90	211
90	212
90	213
90	214
90	215
90	216
90	217
90	218
90	219
90	220
90	221
90	222
90	223
90	224
90	225
90	226
90	227
90	228
90	229
90	230
90	231
90	232
90	233
90	234
90	235
90	236
90	237
90	238
90	239
90	240
90	241
90	242
91	99
91	151
91	154
91	167
91	168
91	192
91	202
91	204
91	206
91	210
91	211
91	212
91	213
91	214
91	219
91	222
91	224
91	225
91	226
91	227
91	231
91	232
91	233
91	234
91	236
91	237
91	238
91	239
91	240
91	241
91	242
92	99
92	151
92	154
92	167
92	168
92	182
92	186
92	191
92	192
92	195
92	196
92	197
92	202
92	204
92	206
92	208
92	209
92	210
92	211
92	212
92	213
92	214
92	219
92	220
92	221
92	222
92	223
92	224
92	225
92	226
92	227
92	228
92	230
92	231
92	232
92	233
92	234
92	235
92	236
92	237
92	238
92	239
92	240
92	241
92	242
93	99
93	132
93	134
93	136
93	140
93	142
93	147
93	148
93	149
93	150
93	151
93	152
93	154
93	156
93	158
93	160
93	163
93	164
93	165
93	166
93	167
93	168
93	171
93	173
93	174
93	176
93	180
93	182
93	184
93	186
93	187
93	188
93	189
93	190
93	191
93	192
93	193
93	194
93	195
93	196
93	197
93	198
93	199
93	200
93	201
93	202
93	203
93	204
93	205
93	206
93	207
93	208
93	209
93	210
93	211
93	212
93	213
93	214
93	215
93	216
93	217
93	218
93	219
93	220
93	221
93	222
93	223
93	224
93	225
93	226
93	227
93	228
93	229
93	230
93	231
93	232
93	233
93	234
93	235
93	236
93	237
93	238
93	239
93	240
93	241
93	242
94	99
94	151
94	154
94	156
94	158
94	160
94	165
94	167
94	168
94	173
94	174
94	176
94	180
94	182
94	184
94	186
94	187
94	188
94	189
94	190
94	191
94	192
94	193
94	194
94	195
94	196
94	197
94	198
94	199
94	200
94	201
94	202
94	203
94	204
94	205
94	206
94	208
94	209
94	210
94	211
94	212
94	213
94	214
94	215
94	216
94	217
94	218
94	219
94	220
94	221
94	222
94	223
94	224
94	225
94	226
94	227
94	228
94	229
94	230
94	231
94	232
94	233
94	234
94	235
94	236
94	237
94	238
94	239
94	240
94	241
94	242
95	99
95	147
95	148
95	150
95	151
95	152
95	158
95	160
95	165
95	167
95	168
95	171
95	173
95	174
95	180
95	182
95	184
95	186
95	187
95	189
95	191
95	192
95	193
95	195
95	196
95	197
95	198
95	199
95	200
95	202
95	204
95	206
95	207
95	208
95	209
95	210
95	211
95	212
95	213
95	214
95	215
95	216
95	217
95	218
95	219
95	220
95	221
95	222
95	223
95	224
95	225
95	226
95	227
95	228
95	229
95	230
95	231
95	232
95	233
95	234
95	235
95	236
95	237
95	238
95	239
95	240
95	241
95	242
96	99
96	136
96	140
96	147
96	148
96	150
96	151
96	154
96	158
96	166
96	167
96	168
96	171
96	173
96	174
96	184
96	188
96	190
96	192
96	193
96	194
96	196
96	199
96	200
96	201
96	202
96	204
96	205
96	206
96	207
96	208
96	210
96	211
96	212
96	213
96	214
96	215
96	216
96	217
96	218
96	219
96	221
96	222
96	223
96	224
96	225
96	226
96	227
96	228
96	229
96	231
96	232
96	233
96	234
96	235
96	236
96	237
96	238
96	239
96	240
96	241
96	242
97	99
97	151
97	154
97	160
97	167
97	168
97	192
97	194
97	199
97	202
97	204
97	206
97	210
97	211
97	212
97	213
97	214
97	215
97	216
97	218
97	219
97	222
97	224
97	225
97	226
97	227
97	231
97	232
97	233
97	234
97	236
97	237
97	238
97	239
97	240
97	241
97	242
98	99
98	147
98	151
98	167
98	168
98	182
98	184
98	186
98	187
98	189
98	191
98	192
98	193
98	195
98	196
98	197
98	202
98	204
98	206
98	208
98	209
98	210
98	211
98	212
98	213
98	214
98	219
98	220
98	221
98	222
98	223
98	224
98	225
98	226
98	227
98	228
98	229
98	230
98	231
98	232
98	233
98	234
98	235
98	236
98	237
98	238
98	239
98	240
98	241
98	242
99	100
99	101
99	102
99	103
99	104
99	105
99	106
99	107
99	108
99	109
99	110
99	111
99	112
99	113
99	114
99	115
99	116
99	117
99	118
99	119
99	120
99	121
99	122
99	123
99	124
99	125
99	126
99	127
99	128
99	129
99	130
99	131
99	132
99	133
99	134
99	135
99	136
99	137
99	138
99	139
99	140
99	141
99	142
99	143
99	144
99	145
99	146
99	147
99	148
99	149
99	150
99	151
99	152
99	153
99	154
99	155
99	156
99	157
99	158
99	159
99	160
99	161
99	162
99	163
99	164
99	165
99	166
99	167
99	168
99	169
99	170
99	171
99	172
99	173
99	174
99	175
99	176
99	177
99	178
99	179
99	180
99	181
99	182
99	183
99	184
99	185
99	186
99	187
99	188
99	189
99	190
99	191
99	192
99	193
99	194
99	195
99	196
99	197
99	198
99	199
99	200
99	201
99	202
99	203
99	204
99	205
99	206
99	207
99	208
99	209
99	210
99	211
99	212
99	213
99	214
99	215
99	216
99	217
99	218
99	219
99	220
99	221
99	222
99	223
99	224
99	225
99	226
99	227
99	228
99	229
99	230
99	231
99	232
99	233
99	234
99	235
99	236
99	237
99	238
99	239
99	240
99	241
99	242
100	151
100	160
100	167
100	192
100	199
100	202
100	204
100	206
100	210
100	211
100	212
100	213
100	214
100	215
100	216
100	218
100	219
100	222
100	224
100	225
100	226
100	227
100	231
100	232
100	233
100	234
100	236
100	237
100	238
100	239
100	240
100	241
100	242
101	147
101	151
101	154
101	158
101	167
101	184
101	192
101	193
101	196
101	199
101	202
101	204
101	206
101	208
101	210
101	211
101	212
101	213
101	214
101	215
101	216
101	217
101	218
101	219
101	221
101	222
101	223
101	224
101	225
101	226
101	227
101	228
101	229
101	231
101	232
101	233
101	234
101	235
101	236
101	237
101	238
101	239
101	240
101	241
101	242
102	204
102	219
102	224
102	225
102	226
102	227
102	228
102	229
102	231
102	232
102	233
102	234
102	235
102	236
102	237
102	238
102	239
102	240
102	241
102	242
103	151
103	192
103	196
103	202
103	204
103	206
103	210
103	211
103	213
103	214
103	219
103	221
103	222
103	223
103	224
103	225
103	226
103	227
103	228
103	231
103	232
103	233
103	234
103	235
103	236
103	237
103	238
103	239
103	240
103	241
103	242
104	158
104	167
104	184
104	192
104	193
104	196
104	199
104	202
104	204
104	206
104	208
104	210
104	211
104	212
104	213
104	214
104	215
104	216
104	217
104	218
104	219
104	221
104	222
104	223
104	224
104	225
104	226
104	227
104	228
104	229
104	231
104	232
104	233
104	234
104	235
104	236
104	237
104	238
104	239
104	240
104	241
104	242
105	167
105	202
105	204
105	226
105	234
105	236
105	239
105	240
105	241
105	242
106	147
106	151
106	167
106	168
106	173
106	174
106	180
106	182
106	184
106	186
106	187
106	189
106	191
106	192
106	193
106	195
106	196
106	197
106	198
106	200
106	202
106	204
106	206
106	208
106	209
106	210
106	211
106	212
106	213
106	214
106	219
106	220
106	221
106	222
106	223
106	224
106	225
106	226
106	227
106	228
106	229
106	230
106	231
106	232
106	233
106	234
106	235
106	236
106	237
106	238
106	239
106	240
106	241
106	242
107	108
107	147
107	148
107	150
107	151
107	152
107	158
107	160
107	165
107	167
107	168
107	171
107	173
107	174
107	180
107	182
107	184
107	186
107	187
107	189
107	191
107	192
107	193
107	195
107	196
107	197
107	198
107	199
107	200
107	202
107	204
107	206
107	207
107	208
107	209
107	210
107	211
107	212
107	213
107	214
107	215
107	216
107	217
107	218
107	219
107	220
107	221
107	222
107	223
107	224
107	225
107	226
107	227
107	228
107	229
107	230
107	231
107	232
107	233
107	234
107	235
107	236
107	237
107	238
107	239
107	240
107	241
107	242
108	114
108	119
108	121
108	122
108	124
108	125
108	126
108	127
108	128
108	129
108	131
108	132
108	133
108	134
108	135
108	136
108	137
108	138
108	139
108	140
108	141
108	142
108	144
108	145
108	146
108	147
108	148
108	149
108	150
108	151
108	152
108	154
108	156
108	157
108	158
108	159
108	160
108	162
108	163
108	164
108	165
108	166
108	167
108	168
108	171
108	172
108	173
108	174
108	175
108	176
108	177
108	178
108	179
108	180
108	182
108	183
108	184
108	185
108	186
108	187
108	188
108	189
108	190
108	191
108	192
108	193
108	194
108	195
108	196
108	197
108	198
108	199
108	200
108	201
108	202
108	203
108	204
108	205
108	206
108	207
108	208
108	209
108	210
108	211
108	212
108	213
108	214
108	215
108	216
108	217
108	218
108	219
108	220
108	221
108	222
108	223
108	224
108	225
108	226
108	227
108	228
108	229
108	230
108	231
108	232
108	233
108	234
108	235
108	236
108	237
108	238
108	239
108	240
108	241
108	242
109	136
109	140
109	142
109	147
109	148
109	150
109	151
109	154
109	158
109	166
109	167
109	168
109	171
109	173
109	174
109	184
109	188
109	190
109	192
109	193
109	194
109	196
109	199
109	200
109	201
109	202
109	204
109	205
109	206
109	207
109	208
109	210
109	211
109	212
109	213
109	214
109	215
109	216
109	217
109	218
109	219
109	221
109	222
109	223
109	224
109	225
109	226
109	227
109	228
109	229
109	231
109	232
109	233
109	234
109	235
109	236
109	237
109	238
109	239
109	240
109	241
109	242
110	114
110	121
110	127
110	129
110	147
110	148
110	149
110	150
110	151
110	152
110	158
110	160
110	163
110	164
110	165
110	167
110	168
110	171
110	173
110	174
110	180
110	182
110	184
110	186
110	187
110	188
110	189
110	190
110	191
110	192
110	193
110	194
110	195
110	196
110	197
110	198
110	199
110	200
110	201
110	202
110	203
110	204
110	205
110	206
110	207
110	208
110	209
110	210
110	211
110	212
110	213
110	214
110	215
110	216
110	217
110	218
110	219
110	220
110	221
110	222
110	223
110	224
110	225
110	226
110	227
110	228
110	229
110	230
110	231
110	232
110	233
110	234
110	235
110	236
110	237
110	238
110	239
110	240
110	241
110	242
111	147
111	148
111	150
111	151
111	152
111	158
111	160
111	165
111	167
111	168
111	171
111	173
111	174
111	180
111	182
111	184
111	186
111	187
111	189
111	191
111	192
111	193
111	195
111	196
111	197
111	198
111	199
111	202
111	204
111	206
111	207
111	208
111	209
111	210
111	211
111	212
111	213
111	214
111	215
111	216
111	217
111	218
111	219
111	220
111	221
111	222
111	223
111	224
111	225
111	226
111	227
111	228
111	229
111	230
111	231
111	232
111	233
111	234
111	235
111	236
111	237
111	238
111	239
111	240
111	241
111	242
112	158
112	160
112	167
112	168
112	182
112	184
112	186
112	187
112	189
112	191
112	192
112	193
112	196
112	199
112	202
112	204
112	206
112	208
112	209
112	210
112	211
112	212
112	213
112	214
112	215
112	216
112	217
112	218
112	219
112	220
112	221
112	222
112	223
112	224
112	225
112	226
112	227
112	228
112	229
112	230
112	231
112	232
112	233
112	234
112	235
112	236
112	237
112	238
112	239
112	240
112	241
112	242
113	147
113	150
113	151
113	158
113	160
113	167
113	168
113	182
113	186
113	191
113	192
113	195
113	196
113	197
113	199
113	200
113	202
113	204
113	206
113	208
113	209
113	210
113	211
113	212
113	213
113	214
113	215
113	216
113	217
113	218
113	219
113	220
113	221
113	222
113	223
113	224
113	225
113	226
113	227
113	228
113	230
113	231
113	232
113	233
113	234
113	235
113	236
113	237
113	238
113	239
113	240
113	241
113	242
114	197
114	226
114	227
114	232
114	234
114	236
114	240
114	241
114	242
115	147
115	150
115	151
115	184
115	186
115	187
115	189
115	191
115	192
115	193
115	195
115	196
115	197
115	200
115	202
115	204
115	206
115	208
115	209
115	210
115	211
115	213
115	214
115	219
115	220
115	221
115	222
115	223
115	224
115	225
115	226
115	227
115	228
115	229
115	230
115	231
115	232
115	233
115	234
115	235
115	236
115	237
115	238
115	239
115	240
115	241
115	242
116	147
116	150
116	151
116	158
116	160
116	167
116	168
116	180
116	182
116	184
116	186
116	187
116	189
116	191
116	192
116	193
116	195
116	196
116	197
116	199
116	200
116	202
116	204
116	206
116	207
116	208
116	209
116	210
116	211
116	212
116	213
116	214
116	215
116	216
116	217
116	218
116	219
116	220
116	221
116	222
116	223
116	224
116	225
116	226
116	227
116	228
116	229
116	230
116	231
116	232
116	233
116	234
116	235
116	236
116	237
116	238
116	239
116	240
116	241
116	242
117	189
117	204
117	219
117	226
117	227
117	232
117	234
117	236
117	237
117	240
117	241
117	242
118	151
118	160
118	167
118	168
118	192
118	199
118	202
118	204
118	206
118	210
118	211
118	212
118	213
118	214
118	215
118	216
118	218
118	219
118	222
118	224
118	225
118	226
118	227
118	231
118	232
118	233
118	234
118	236
118	237
118	238
118	239
118	240
118	241
118	242
119	150
119	151
119	160
119	167
119	168
119	173
119	174
119	188
119	190
119	192
119	199
119	201
119	202
119	204
119	205
119	206
119	207
119	210
119	211
119	212
119	213
119	214
119	215
119	216
119	218
119	219
119	222
119	224
119	225
119	226
119	227
119	231
119	232
119	233
119	234
119	236
119	237
119	238
119	239
119	240
119	241
119	242
120	151
120	158
120	167
120	184
120	192
120	193
120	196
120	199
120	202
120	204
120	206
120	208
120	210
120	211
120	212
120	213
120	214
120	215
120	216
120	217
120	218
120	219
120	221
120	222
120	223
120	224
120	225
120	226
120	227
120	228
120	229
120	231
120	232
120	233
120	234
120	235
120	236
120	237
120	238
120	239
120	240
120	241
120	242
121	147
121	151
121	154
121	173
121	174
121	175
121	179
121	182
121	184
121	185
121	186
121	188
121	189
121	190
121	194
121	195
121	197
121	198
121	204
121	205
121	209
121	211
121	214
121	219
121	220
121	221
121	222
121	223
121	224
121	225
121	226
121	227
121	228
121	229
121	230
121	231
121	232
121	233
121	234
121	235
121	236
121	237
121	238
121	239
121	240
121	241
121	242
122	147
122	151
122	154
122	173
122	174
122	182
122	184
122	186
122	189
122	195
122	197
122	204
122	209
122	211
122	214
122	219
122	220
122	221
122	222
122	223
122	224
122	225
122	226
122	227
122	228
122	229
122	230
122	231
122	232
122	233
122	234
122	235
122	236
122	237
122	238
122	239
122	240
122	241
122	242
123	150
123	151
123	158
123	173
123	174
123	186
123	189
123	197
123	204
123	216
123	218
123	219
123	220
123	224
123	225
123	226
123	227
123	228
123	229
123	230
123	231
123	232
123	233
123	234
123	235
123	236
123	237
123	238
123	239
123	240
123	241
123	242
124	173
124	174
124	186
124	189
124	197
124	204
124	219
124	220
124	224
124	225
124	226
124	227
124	228
124	229
124	230
124	231
124	232
124	233
124	234
124	235
124	236
124	237
124	238
124	239
124	240
124	241
124	242
125	154
125	173
125	174
125	182
125	184
125	186
125	189
125	195
125	197
125	204
125	209
125	211
125	214
125	219
125	220
125	221
125	222
125	223
125	224
125	225
125	226
125	227
125	228
125	229
125	230
125	231
125	232
125	233
125	234
125	235
125	236
125	237
125	238
125	239
125	240
125	241
125	242
126	151
126	154
126	167
126	173
126	174
126	182
126	184
126	186
126	187
126	189
126	191
126	192
126	193
126	195
126	196
126	197
126	202
126	204
126	206
126	208
126	209
126	210
126	211
126	212
126	213
126	214
126	219
126	220
126	221
126	222
126	223
126	224
126	225
126	226
126	227
126	228
126	229
126	230
126	231
126	232
126	233
126	234
126	235
126	236
126	237
126	238
126	239
126	240
126	241
126	242
127	147
127	151
127	154
127	173
127	174
127	182
127	184
127	186
127	189
127	195
127	197
127	204
127	209
127	211
127	214
127	219
127	220
127	221
127	222
127	223
127	224
127	225
127	226
127	227
127	228
127	229
127	230
127	231
127	232
127	233
127	234
127	235
127	236
127	237
127	238
127	239
127	240
127	241
127	242
128	173
128	174
128	186
128	189
128	192
128	197
128	204
128	214
128	219
128	221
128	222
128	223
128	224
128	225
128	226
128	227
128	230
128	231
128	232
128	233
128	234
128	236
128	237
128	240
128	241
128	242
129	147
129	151
129	154
129	173
129	174
129	175
129	182
129	184
129	186
129	189
129	195
129	197
129	204
129	209
129	211
129	214
129	219
129	220
129	221
129	222
129	223
129	224
129	225
129	226
129	227
129	228
129	229
129	230
129	231
129	232
129	233
129	234
129	235
129	236
129	237
129	238
129	239
129	240
129	241
129	242
130	147
130	158
130	160
130	167
130	168
130	173
130	174
130	182
130	184
130	186
130	187
130	189
130	191
130	192
130	193
130	195
130	196
130	197
130	199
130	202
130	204
130	206
130	207
130	208
130	209
130	210
130	211
130	212
130	213
130	214
130	215
130	216
130	217
130	218
130	219
130	220
130	221
130	222
130	223
130	224
130	225
130	226
130	227
130	228
130	229
130	230
130	231
130	232
130	233
130	234
130	235
130	236
130	237
130	238
130	239
130	240
130	241
130	242
131	179
131	184
131	186
131	189
131	204
131	209
131	211
131	214
131	219
131	220
131	221
131	222
131	223
131	224
131	225
131	226
131	227
131	228
131	229
131	230
131	231
131	232
131	233
131	234
131	235
131	236
131	237
131	238
131	239
131	240
131	241
131	242
132	184
132	186
132	187
132	189
132	192
132	193
132	195
132	196
132	197
132	202
132	204
132	208
132	209
132	213
132	214
132	219
132	220
132	221
132	222
132	223
132	224
132	225
132	226
132	227
132	228
132	229
132	230
132	231
132	232
132	233
132	234
132	235
132	236
132	237
132	238
132	239
132	240
132	241
132	242
133	189
133	204
133	219
133	220
133	226
133	227
133	232
133	233
133	234
133	236
133	237
133	238
133	239
133	240
133	241
133	242
134	189
134	204
134	219
134	220
134	226
134	227
134	228
134	232
134	234
134	235
134	236
134	237
134	238
134	239
134	240
134	241
134	242
135	186
135	189
135	197
135	204
135	219
135	220
135	224
135	225
135	226
135	227
135	228
135	229
135	230
135	231
135	232
135	233
135	234
135	235
135	236
135	237
135	238
135	239
135	240
135	241
135	242
136	167
136	168
136	173
136	174
136	175
136	179
136	180
136	181
136	182
136	184
136	185
136	186
136	187
136	188
136	189
136	190
136	191
136	192
136	193
136	194
136	195
136	196
136	197
136	198
136	202
136	203
136	204
136	205
136	206
136	208
136	209
136	210
136	211
136	212
136	213
136	214
136	219
136	220
136	221
136	222
136	223
136	224
136	225
136	226
136	227
136	228
136	229
136	230
136	231
136	232
136	233
136	234
136	235
136	236
136	237
136	238
136	239
136	240
136	241
136	242
137	173
137	174
137	175
137	182
137	186
137	187
137	189
137	191
137	192
137	196
137	202
137	204
137	206
137	208
137	209
137	210
137	211
137	213
137	214
137	219
137	220
137	221
137	222
137	223
137	224
137	225
137	226
137	227
137	228
137	230
137	231
137	232
137	234
137	235
137	236
137	237
137	238
137	239
137	240
137	241
137	242
138	186
138	189
138	204
138	219
138	224
138	225
138	226
138	227
138	228
138	230
138	231
138	232
138	234
138	236
138	237
138	238
138	239
138	240
138	241
138	242
139	173
139	174
139	179
139	186
139	189
139	204
139	219
139	220
139	224
139	225
139	226
139	227
139	228
139	229
139	230
139	231
139	232
139	233
139	234
139	235
139	236
139	237
139	238
139	239
139	240
139	241
139	242
140	158
140	173
140	174
140	182
140	184
140	186
140	187
140	189
140	191
140	192
140	193
140	195
140	196
140	197
140	202
140	204
140	206
140	207
140	208
140	209
140	210
140	211
140	213
140	214
140	215
140	216
140	217
140	218
140	219
140	220
140	221
140	222
140	223
140	224
140	225
140	226
140	227
140	228
140	229
140	230
140	231
140	232
140	233
140	234
140	235
140	236
140	237
140	238
140	239
140	240
140	241
140	242
141	192
141	202
141	204
141	207
141	210
141	211
141	213
141	214
141	215
141	216
141	218
141	219
141	222
141	226
141	227
141	232
141	233
141	234
141	236
141	237
141	238
141	239
141	240
141	241
141	242
142	147
142	151
142	154
142	158
142	160
142	165
142	167
142	168
142	173
142	174
142	175
142	176
142	178
142	179
142	180
142	181
142	182
142	184
142	185
142	186
142	187
142	189
142	191
142	192
142	193
142	194
142	195
142	196
142	197
142	198
142	199
142	200
142	202
142	204
142	206
142	207
142	208
142	209
142	210
142	211
142	212
142	213
142	214
142	215
142	216
142	217
142	218
142	219
142	220
142	221
142	222
142	223
142	224
142	225
142	226
142	227
142	228
142	229
142	230
142	231
142	232
142	233
142	234
142	235
142	236
142	237
142	238
142	239
142	240
142	241
142	242
143	147
143	151
143	167
143	168
143	184
143	186
143	187
143	189
143	191
143	192
143	193
143	195
143	196
143	197
143	202
143	204
143	206
143	208
143	209
143	210
143	211
143	212
143	213
143	214
143	219
143	220
143	221
143	222
143	223
143	224
143	225
143	226
143	227
143	228
143	229
143	230
143	231
143	232
143	233
143	234
143	235
143	236
143	237
143	238
143	239
143	240
143	241
143	242
144	204
144	209
144	211
144	214
144	219
144	220
144	222
144	223
144	226
144	227
144	228
144	232
144	234
144	235
144	236
144	237
144	238
144	239
144	240
144	241
144	242
145	167
145	168
145	173
145	174
145	179
145	182
145	184
145	186
145	187
145	189
145	191
145	192
145	193
145	195
145	196
145	197
145	202
145	204
145	206
145	208
145	209
145	210
145	211
145	212
145	213
145	214
145	219
145	220
145	221
145	222
145	223
145	224
145	225
145	226
145	227
145	228
145	229
145	230
145	231
145	232
145	233
145	234
145	235
145	236
145	237
145	238
145	239
145	240
145	241
145	242
146	204
146	219
146	226
146	227
146	232
146	234
146	236
146	237
146	238
146	239
146	240
146	241
146	242
147	154
147	158
147	167
147	168
147	173
147	174
147	182
147	184
147	186
147	187
147	189
147	191
147	192
147	193
147	195
147	196
147	197
147	199
147	200
147	202
147	204
147	206
147	207
147	208
147	209
147	210
147	211
147	212
147	213
147	214
147	215
147	216
147	217
147	218
147	219
147	220
147	221
147	222
147	223
147	224
147	225
147	226
147	227
147	228
147	229
147	230
147	231
147	232
147	233
147	234
147	235
147	236
147	237
147	238
147	239
147	240
147	241
147	242
148	158
148	173
148	174
148	182
148	186
148	189
148	195
148	196
148	197
148	204
148	211
148	216
148	218
148	219
148	220
148	221
148	222
148	223
148	224
148	225
148	226
148	227
148	228
148	229
148	230
148	231
148	232
148	233
148	234
148	235
148	236
148	237
148	238
148	239
148	240
148	241
148	242
149	173
149	174
149	182
149	186
149	187
149	189
149	192
149	196
149	202
149	204
149	208
149	209
149	213
149	214
149	219
149	220
149	221
149	222
149	223
149	224
149	225
149	226
149	227
149	228
149	230
149	231
149	232
149	234
149	235
149	236
149	237
149	238
149	239
149	240
149	241
149	242
150	153
150	154
150	158
150	160
150	167
150	168
150	173
150	174
150	175
150	176
150	178
150	179
150	180
150	181
150	182
150	183
150	184
150	186
150	187
150	188
150	189
150	190
150	191
150	192
150	193
150	194
150	195
150	196
150	197
150	199
150	202
150	203
150	204
150	205
150	206
150	208
150	209
150	210
150	211
150	212
150	213
150	214
150	215
150	216
150	217
150	218
150	219
150	220
150	221
150	222
150	223
150	224
150	225
150	226
150	227
150	228
150	229
150	230
150	231
150	232
150	233
150	234
150	235
150	236
150	237
150	238
150	239
150	240
150	241
150	242
151	153
151	154
151	158
151	160
151	167
151	168
151	173
151	174
151	175
151	176
151	178
151	179
151	180
151	181
151	182
151	183
151	184
151	186
151	187
151	188
151	189
151	190
151	191
151	192
151	193
151	194
151	195
151	196
151	197
151	199
151	200
151	201
151	202
151	203
151	204
151	205
151	206
151	208
151	209
151	210
151	211
151	212
151	213
151	214
151	215
151	216
151	217
151	218
151	219
151	220
151	221
151	222
151	223
151	224
151	225
151	226
151	227
151	228
151	229
151	230
151	231
151	232
151	233
151	234
151	235
151	236
151	237
151	238
151	239
151	240
151	241
151	242
152	173
152	174
152	182
152	186
152	187
152	189
152	191
152	192
152	196
152	202
152	204
152	206
152	208
152	209
152	210
152	211
152	213
152	214
152	219
152	220
152	221
152	222
152	223
152	224
152	225
152	226
152	227
152	228
152	230
152	231
152	232
152	234
152	235
152	236
152	237
152	238
152	239
152	240
152	241
152	242
153	204
153	211
153	219
153	222
153	226
153	227
153	232
153	233
153	234
153	236
153	237
153	238
153	239
153	240
153	241
153	242
154	167
154	202
154	210
154	212
154	213
154	214
154	234
154	240
154	241
154	242
155	186
155	204
155	219
155	224
155	225
155	226
155	227
155	230
155	231
155	232
155	234
155	236
155	237
155	240
155	241
155	242
156	226
156	227
156	228
156	232
156	234
156	235
156	236
156	240
156	241
156	242
157	227
157	232
157	234
157	236
157	240
157	241
157	242
158	171
158	188
158	241
158	242
159	241
159	242
160	167
160	173
160	174
160	175
160	186
160	189
160	192
160	194
160	197
160	204
160	214
160	219
160	221
160	222
160	223
160	224
160	225
160	226
160	227
160	230
160	231
160	232
160	233
160	234
160	236
160	237
160	240
160	241
160	242
161	234
161	240
161	241
161	242
162	227
162	232
162	234
162	236
162	239
162	240
162	241
162	242
163	189
163	204
163	209
163	211
163	214
163	219
163	220
163	222
163	223
163	226
163	227
163	228
163	232
163	234
163	235
163	236
163	237
163	238
163	239
163	240
163	241
163	242
164	189
164	204
164	209
164	211
164	214
164	219
164	220
164	222
164	223
164	226
164	227
164	228
164	232
164	234
164	235
164	236
164	237
164	238
164	239
164	240
164	241
164	242
165	167
165	189
165	192
165	204
165	214
165	219
165	222
165	223
165	226
165	227
165	232
165	234
165	236
165	237
165	240
165	241
165	242
166	240
166	241
166	242
167	176
167	222
167	223
167	224
167	225
167	226
167	227
167	230
167	231
167	232
167	234
167	236
167	240
167	241
167	242
168	240
168	241
168	242
169	226
169	234
169	240
169	241
169	242
170	173
170	174
170	204
170	219
170	224
170	225
170	226
170	227
170	228
170	231
170	232
170	234
170	235
170	236
170	237
170	238
170	239
170	240
170	241
170	242
171	187
171	189
171	192
171	195
171	196
171	197
171	202
171	204
171	208
171	209
171	210
171	211
171	213
171	214
171	215
171	216
171	217
171	218
171	219
171	220
171	222
171	223
171	226
171	227
171	228
171	229
171	232
171	233
171	234
171	235
171	236
171	237
171	238
171	239
171	240
171	241
171	242
172	204
172	219
172	220
172	226
172	227
172	228
172	232
172	234
172	235
172	236
172	237
172	238
172	239
172	240
172	241
172	242
173	188
173	190
173	194
173	207
173	213
173	214
173	216
173	218
173	219
173	224
173	225
173	226
173	227
173	231
173	232
173	234
173	236
173	237
173	238
173	239
173	240
173	241
173	242
174	188
174	194
174	216
174	232
174	234
174	236
174	240
174	241
174	242
175	194
175	213
175	214
175	216
175	224
175	225
175	226
175	227
175	231
175	232
175	234
175	236
175	238
175	239
175	240
175	241
175	242
176	192
176	195
176	197
176	202
176	209
176	210
176	211
176	213
176	214
176	219
176	220
176	222
176	223
176	226
176	227
176	228
176	229
176	232
176	234
176	235
176	236
176	237
176	238
176	239
176	240
176	241
176	242
177	204
177	219
177	224
177	225
177	226
177	227
177	231
177	232
177	233
177	234
177	236
177	237
177	238
177	239
177	240
177	241
177	242
178	240
179	188
179	240
179	241
179	242
183	234
183	240
183	241
183	242
184	240
184	241
184	242
185	222
186	234
186	236
186	240
186	241
186	242
187	240
187	241
187	242
188	197
188	218
188	219
188	220
188	224
188	225
188	226
188	227
188	228
188	229
188	230
188	231
188	232
188	233
188	234
188	235
188	236
188	237
188	238
188	239
188	240
188	241
188	242
189	240
190	226
190	227
190	232
190	234
190	236
190	237
190	240
190	241
190	242
194	202
194	204
194	207
194	210
194	211
194	212
194	213
194	214
194	216
194	218
194	239
194	240
194	241
194	242
197	202
197	204
197	239
197	240
197	241
197	242
202	226
202	227
202	232
202	234
202	236
202	240
202	241
202	242
204	216
204	240
205	240
207	240
209	226
209	234
209	240
209	241
209	242
210	240
212	232
212	234
212	236
212	240
212	241
212	242
213	234
213	241
213	242
214	222
214	223
214	224
214	225
214	226
214	227
214	228
214	231
214	232
214	234
214	235
214	236
214	237
214	240
214	241
214	242
216	224
216	225
216	234
216	241
216	242
217	240
217	241
217	242
218	240
222	227
222	234
222	236
222	240
222	241
222	242
223	227
223	234
223	236
223	240
223	241
223	242
224	227
224	234
224	236
224	240
224	241
224	242
234	240
236	240
240	241
240	242