242	6235
1	50
1	99
1	151
1	154
1	160
1	167
1	168
1	173
1	174
1	188
1	190
1	192
1	194
1	199
1	201
1	202
1	204
1	205
1	206
1	210
1	211
1	212
1	213
1	214
1	215
1	216
1	218
1	219
1	222
1	224
1	225
1	226
1	227
1	231
1	232
1	233
1	234
1	236
1	237
1	238
1	239
1	240
1	241
1	242
2	36
2	50
2	61
2	65
2	75
2	90
2	99
2	103
2	104
2	105
2	107
2	108
2	110
2	113
2	115
2	116
2	121
2	123
2	124
2	127
2	130
2	131
2	134
2	135
2	136
2	137
2	138
2	140
2	142
2	143
2	145
2	147
2	148
2	150
2	151
2	152
2	154
2	155
2	156
2	158
2	159
2	160
2	163
2	164
2	165
2	167
2	168
2	169
2	170
2	171
2	172
2	173
2	174
2	175
2	176
2	180
2	182
2	184
2	186
2	187
2	188
2	189
2	190
2	191
2	192
2	193
2	194
2	195
2	196
2	197
2	198
2	199
2	200
2	201
2	202
2	203
2	204
2	205
2	206
2	208
2	209
2	210
2	211
2	212
2	213
2	214
2	215
2	216
2	217
2	218
2	219
2	220
2	221
2	222
2	223
2	224
2	225
2	226
2	227
2	228
2	229
2	230
2	231
2	232
2	233
2	234
2	235
2	236
2	237
2	238
2	239
2	240
2	241
2	242
3	50
3	99
3	151
3	154
3	160
3	167
3	168
3	173
3	174
3	188
3	190
3	192
3	194
3	199
3	201
3	202
3	204
3	205
3	206
3	210
3	211
3	212
3	213
3	214
3	215
3	216
3	218
3	219
3	222
3	224
3	225
3	226
3	227
3	231
3	232
3	233
3	234
3	236
3	237
3	238
3	239
3	240
3	241
3	242
4	50
4	99
4	154
4	160
4	173
4	174
4	192
4	194
4	202
4	204
4	213
4	214
4	215
4	216
4	218
4	219
4	222
4	224
4	225
4	226
4	227
4	231
4	232
4	233
4	234
4	236
4	237
4	238
4	239
4	240
4	241
4	242
5	50
5	99
5	154
5	160
5	173
5	174
5	192
5	194
5	202
5	204
5	213
5	214
5	215
5	216
5	218
5	219
5	222
5	224
5	225
5	226
5	227
5	231
5	232
5	233
5	234
5	236
5	237
5	238
5	239
5	240
5	241
5	242
6	50
6	99
6	154
6	160
6	173
6	174
6	192
6	194
6	202
6	204
6	213
6	214
6	215
6	216
6	218
6	219
6	222
6	224
6	225
6	226
6	227
6	231
6	232
6	233
6	234
6	236
6	237
6	238
6	239
6	240
6	241
6	242
7	50
7	65
7	67
7	69
7	71
7	75
7	90
7	99
7	103
7	104
7	105
7	107
7	108
7	110
7	113
7	114
7	115
7	116
7	121
7	122
7	123
7	124
7	127
7	128
7	129
7	130
7	131
7	132
7	134
7	135
7	136
7	137
7	138
7	140
7	142
7	143
7	145
7	147
7	148
7	149
7	150
7	151
7	152
7	154
7	155
7	156
7	157
7	158
7	159
7	160
7	163
7	164
7	165
7	166
7	167
7	168
7	169
7	170
7	171
7	172
7	173
7	174
7	175
7	176
7	180
7	182
7	184
7	186
7	187
7	188
7	189
7	190
7	191
7	192
7	193
7	194
7	195
7	196
7	197
7	198
7	199
7	200
7	201
7	202
7	203
7	204
7	205
7	206
7	207
7	208
7	209
7	210
7	211
7	212
7	213
7	214
7	215
7	216
7	217
7	218
7	219
7	220
7	221
7	222
7	223
7	224
7	225
7	226
7	227
7	228
7	229
7	230
7	231
7	232
7	233
7	234
7	235
7	236
7	237
7	238
7	239
7	240
7	241
7	242
8	50
8	75
8	99
8	103
8	104
8	105
8	107
8	108
8	110
8	113
8	115
8	116
8	121
8	123
8	124
8	127
8	130
8	131
8	134
8	135
8	136
8	137
8	138
8	140
8	142
8	143
8	145
8	147
8	148
8	150
8	151
8	152
8	154
8	155
8	156
8	158
8	159
8	160
8	163
8	164
8	165
8	167
8	168
8	169
8	170
8	171
8	172
8	173
8	174
8	175
8	176
8	180
8	182
8	184
8	186
8	187
8	188
8	189
8	190
8	191
8	192
8	193
8	194
8	195
8	196
8	197
8	198
8	199
8	200
8	201
8	202
8	203
8	204
8	205
8	206
8	208
8	209
8	210
8	211
8	212
8	213
8	214
8	215
8	216
8	217
8	218
8	219
8	220
8	221
8	222
8	223
8	224
8	225
8	226
8	227
8	228
8	229
8	230
8	231
8	232
8	233
8	234
8	235
8	236
8	237
8	238
8	239
8	240
8	241
8	242
9	36
9	50
9	61
9	65
9	75
9	90
9	99
9	103
9	104
9	105
9	107
9	108
9	110
9	113
9	115
9	116
9	121
9	123
9	124
9	127
9	130
9	131
9	134
9	135
9	136
9	137
9	138
9	140
9	142
9	143
9	145
9	147
9	148
9	150
9	151
9	152
9	154
9	155
9	156
9	158
9	159
9	160
9	163
9	164
9	165
9	167
9	168
9	169
9	170
9	171
9	172
9	173
9	174
9	175
9	176
9	180
9	182
9	184
9	186
9	187
9	188
9	189
9	190
9	191
9	192
9	193
9	194
9	195
9	196
9	197
9	198
9	199
9	200
9	201
9	202
9	203
9	204
9	205
9	206
9	208
9	209
9	210
9	211
9	212
9	213
9	214
9	215
9	216
9	217
9	218
9	219
9	220
9	221
9	222
9	223
9	224
9	225
9	226
9	227
9	228
9	229
9	230
9	231
9	232
9	233
9	234
9	235
9	236
9	237
9	238
9	239
9	240
9	241
9	242
10	36
10	37
10	40
10	50
10	64
10	99
10	151
10	154
10	160
10	167
10	168
10	173
10	174
10	188
10	190
10	192
10	194
10	199
10	201
10	202
10	204
10	205
10	206
10	210
10	211
10	212
10	213
10	214
10	215
10	216
10	218
10	219
10	222
10	224
10	225
10	226
10	227
10	231
10	232
10	233
10	234
10	236
10	237
10	238
10	239
10	240
10	241
10	242
11	36
11	50
11	99
11	240
11	241
11	242
12	36
12	50
12	99
12	154
12	160
12	173
12	174
12	192
12	194
12	202
12	204
12	213
12	214
12	215
12	216
12	218
12	219
12	222
12	224
12	225
12	226
12	227
12	231
12	232
12	233
12	234
12	236
12	237
12	238
12	239
12	240
12	241
12	242
13	36
13	50
13	99
13	154
13	160
13	173
13	174
13	192
13	194
13	202
13	204
13	213
13	214
13	215
13	216
13	218
13	219
13	222
13	224
13	225
13	226
13	227
13	231
13	232
13	233
13	234
13	236
13	237
13	238
13	239
13	240
13	241
13	242
14	50
14	99
14	204
14	224
14	225
14	226
14	227
14	231
14	232
14	234
14	236
14	238
14	239
14	240
14	241
14	242
15	50
15	99
15	154
15	160
15	173
15	174
15	192
15	194
15	202
15	204
15	213
15	214
15	215
15	216
15	218
15	219
15	222
15	224
15	225
15	226
15	227
15	231
15	232
15	233
15	234
15	236
15	237
15	238
15	239
15	240
15	241
15	242
16	50
16	99
16	158
16	173
16	174
16	182
16	184
16	186
16	187
16	189
16	192
16	193
16	195
16	196
16	197
16	202
16	204
16	208
16	209
16	213
16	214
16	215
16	216
16	217
16	218
16	219
16	220
16	221
16	222
16	223
16	224
16	225
16	226
16	227
16	228
16	229
16	230
16	231
16	232
16	233
16	234
16	235
16	236
16	237
16	238
16	239
16	240
16	241
16	242
17	36
17	50
17	61
17	65
17	99
17	104
17	105
17	108
17	110
17	115
17	121
17	123
17	124
17	127
17	130
17	131
17	134
17	135
17	136
17	137
17	138
17	140
17	142
17	143
17	145
17	147
17	148
17	150
17	151
17	152
17	154
17	155
17	156
17	158
17	159
17	160
17	163
17	164
17	165
17	167
17	168
17	169
17	170
17	171
17	172
17	173
17	174
17	175
17	176
17	180
17	182
17	184
17	186
17	187
17	188
17	189
17	190
17	191
17	192
17	193
17	194
17	195
17	196
17	197
17	198
17	199
17	200
17	201
17	202
17	203
17	204
17	205
17	206
17	208
17	209
17	210
17	211
17	212
17	213
17	214
17	215
17	216
17	217
17	218
17	219
17	220
17	221
17	222
17	223
17	224
17	225
17	226
17	227
17	228
17	229
17	230
17	231
17	232
17	233
17	234
17	235
17	236
17	237
17	238
17	239
17	240
17	241
17	242
18	36
18	50
18	61
18	65
18	75
18	99
18	103
18	104
18	105
18	107
18	108
18	110
18	113
18	115
18	116
18	121
18	123
18	124
18	127
18	130
18	131
18	134
18	135
18	136
18	137
18	138
18	140
18	142
18	143
18	145
18	147
18	148
18	150
18	151
18	152
18	154
18	155
18	156
18	158
18	159
18	160
18	163
18	164
18	165
18	167
18	168
18	169
18	170
18	171
18	172
18	173
18	174
18	175
18	176
18	180
18	182
18	184
18	186
18	187
18	188
18	189
18	190
18	191
18	192
18	193
18	194
18	195
18	196
18	197
18	198
18	199
18	200
18	201
18	202
18	203
18	204
18	205
18	206
18	208
18	209
18	210
18	211
18	212
18	213
18	214
18	215
18	216
18	217
18	218
18	219
18	220
18	221
18	222
18	223
18	224
18	225
18	226
18	227
18	228
18	229
18	230
18	231
18	232
18	233
18	234
18	235
18	236
18	237
18	238
18	239
18	240
18	241
18	242
19	50
19	99
19	154
19	160
19	173
19	174
19	192
19	194
19	202
19	204
19	213
19	214
19	215
19	216
19	218
19	219
19	222
19	224
19	225
19	226
19	227
19	231
19	232
19	233
19	234
19	236
19	237
19	238
19	239
19	240
19	241
19	242
20	50
20	99
20	154
20	160
20	173
20	174
20	192
20	194
20	202
20	204
20	213
20	214
20	215
20	216
20	218
20	219
20	222
20	224
20	225
20	226
20	227
20	231
20	232
20	233
20	234
20	236
20	237
20	238
20	239
20	240
20	241
20	242
21	50
21	65
21	75
21	90
21	99
21	103
21	104
21	105
21	107
21	108
21	110
21	113
21	115
21	116
21	121
21	123
21	124
21	127
21	130
21	131
21	134
21	135
21	136
21	137
21	138
21	140
21	142
21	143
21	145
21	147
21	148
21	150
21	151
21	152
21	154
21	155
21	156
21	158
21	159
21	160
21	163
21	164
21	165
21	167
21	168
21	169
21	170
21	171
21	172
21	173
21	174
21	175
21	176
21	180
21	182
21	184
21	186
21	187
21	188
21	189
21	190
21	191
21	192
21	193
21	194
21	195
21	196
21	197
21	198
21	199
21	200
21	201
21	202
21	203
21	204
21	205
21	206
21	208
21	209
21	210
21	211
21	212
21	213
21	214
21	215
21	216
21	217
21	218
21	219
21	220
21	221
21	222
21	223
21	224
21	225
21	226
21	227
21	228
21	229
21	230
21	231
21	232
21	233
21	234
21	235
21	236
21	237
21	238
21	239
21	240
21	241
21	242
22	50
22	99
22	103
22	104
22	105
22	108
22	110
22	113
22	115
22	116
22	121
22	123
22	124
22	127
22	130
22	131
22	134
22	135
22	136
22	137
22	138
22	140
22	142
22	143
22	145
22	147
22	148
22	150
22	151
22	152
22	154
22	155
22	156
22	158
22	159
22	160
22	163
22	164
22	165
22	167
22	168
22	169
22	170
22	171
22	172
22	173
22	174
22	175
22	176
22	180
22	182
22	184
22	186
22	187
22	188
22	189
22	190
22	191
22	192
22	193
22	194
22	195
22	196
22	197
22	198
22	199
22	200
22	201
22	202
22	203
22	204
22	205
22	206
22	208
22	209
22	210
22	211
22	212
22	213
22	214
22	215
22	216
22	217
22	218
22	219
22	220
22	221
22	222
22	223
22	224
22	225
22	226
22	227
22	228
22	229
22	230
22	231
22	232
22	233
22	234
22	235
22	236
22	237
22	238
22	239
22	240
22	241
22	242
23	36
23	40
23	50
23	63
23	64
23	65
23	75
23	85
23	86
23	90
23	93
23	94
23	97
23	99
23	100
23	101
23	102
23	103
23	104
23	105
23	106
23	107
23	108
23	109
23	110
23	111
23	112
23	113
23	115
23	116
23	118
23	119
23	120
23	121
23	123
23	124
23	125
23	126
23	127
23	130
23	131
23	134
23	135
23	136
23	137
23	138
23	139
23	140
23	141
23	142
23	143
23	144
23	145
23	146
23	147
23	148
23	150
23	151
23	152
23	153
23	154
23	155
23	156
23	158
23	159
23	160
23	162
23	163
23	164
23	165
23	167
23	168
23	169
23	170
23	171
23	172
23	173
23	174
23	175
23	176
23	177
23	178
23	179
23	180
23	181
23	182
23	183
23	184
23	185
23	186
23	187
23	188
23	189
23	190
23	191
23	192
23	193
23	194
23	195
23	196
23	197
23	198
23	199
23	200
23	201
23	202
23	203
23	204
23	205
23	206
23	208
23	209
23	210
23	211
23	212
23	213
23	214
23	215
23	216
23	217
23	218
23	219
23	220
23	221
23	222
23	223
23	224
23	225
23	226
23	227
23	228
23	229
23	230
23	231
23	232
23	233
23	234
23	235
23	236
23	237
23	238
23	239
23	240
23	241
23	242
24	50
24	99
24	108
24	115
24	130
24	140
24	142
24	143
24	147
24	154
24	158
24	160
24	173
24	174
24	176
24	180
24	182
24	184
24	186
24	187
24	189
24	192
24	193
24	194
24	195
24	196
24	197
24	202
24	204
24	208
24	209
24	213
24	214
24	215
24	216
24	217
24	218
24	219
24	220
24	221
24	222
24	223
24	224
24	225
24	226
24	227
24	228
24	229
24	230
24	231
24	232
24	233
24	234
24	235
24	236
24	237
24	238
24	239
24	240
24	241
24	242
25	50
25	71
25	74
25	86
25	99
25	108
25	111
25	115
25	119
25	123
25	127
25	130
25	131
25	132
25	134
25	135
25	136
25	137
25	138
25	140
25	141
25	142
25	143
25	145
25	147
25	148
25	149
25	150
25	151
25	152
25	153
25	154
25	155
25	156
25	157
25	158
25	159
25	160
25	161
25	162
25	163
25	164
25	165
25	166
25	167
25	168
25	169
25	170
25	171
25	172
25	173
25	174
25	175
25	176
25	177
25	178
25	179
25	180
25	181
25	182
25	183
25	184
25	185
25	186
25	187
25	188
25	189
25	190
25	191
25	192
25	193
25	194
25	195
25	196
25	197
25	198
25	199
25	200
25	201
25	202
25	203
25	204
25	205
25	206
25	207
25	208
25	209
25	210
25	211
25	212
25	213
25	214
25	215
25	216
25	217
25	218
25	219
25	220
25	221
25	222
25	223
25	224
25	225
25	226
25	227
25	228
25	229
25	230
25	231
25	232
25	233
25	234
25	235
25	236
25	237
25	238
25	239
25	240
25	241
25	242
26	50
26	99
26	154
26	158
26	160
26	173
26	174
26	176
26	180
26	182
26	184
26	186
26	187
26	189
26	192
26	193
26	194
26	195
26	196
26	197
26	202
26	204
26	208
26	209
26	213
26	214
26	215
26	216
26	217
26	218
26	219
26	220
26	221
26	222
26	223
26	224
26	225
26	226
26	227
26	228
26	229
26	230
26	231
26	232
26	233
26	234
26	235
26	236
26	237
26	238
26	239
26	240
26	241
26	242
27	50
27	99
27	151
27	154
27	156
27	158
27	159
27	160
27	165
27	167
27	168
27	173
27	174
27	175
27	176
27	180
27	182
27	184
27	186
27	187
27	188
27	189
27	190
27	191
27	192
27	193
27	194
27	195
27	196
27	197
27	198
27	199
27	200
27	201
27	202
27	203
27	204
27	205
27	206
27	208
27	209
27	210
27	211
27	212
27	213
27	214
27	215
27	216
27	217
27	218
27	219
27	220
27	221
27	222
27	223
27	224
27	225
27	226
27	227
27	228
27	229
27	230
27	231
27	232
27	233
27	234
27	235
27	236
27	237
27	238
27	239
27	240
27	241
27	242
28	50
28	99
28	108
28	115
28	130
28	140
28	142
28	143
28	147
28	154
28	158
28	160
28	173
28	174
28	176
28	180
28	182
28	184
28	186
28	187
28	189
28	192
28	193
28	194
28	195
28	196
28	197
28	202
28	204
28	208
28	209
28	213
28	214
28	215
28	216
28	217
28	218
28	219
28	220
28	221
28	222
28	223
28	224
28	225
28	226
28	227
28	228
28	229
28	230
28	231
28	232
28	233
28	234
28	235
28	236
28	237
28	238
28	239
28	240
28	241
28	242
29	50
29	75
29	90
29	99
29	103
29	104
29	105
29	107
29	108
29	110
29	113
29	115
29	116
29	121
29	123
29	124
29	127
29	130
29	131
29	134
29	135
29	136
29	137
29	138
29	140
29	142
29	143
29	145
29	147
29	148
29	150
29	151
29	152
29	154
29	155
29	156
29	158
29	159
29	160
29	163
29	164
29	165
29	167
29	168
29	169
29	170
29	171
29	172
29	173
29	174
29	175
29	176
29	180
29	182
29	184
29	186
29	187
29	188
29	189
29	190
29	191
29	192
29	193
29	194
29	195
29	196
29	197
29	198
29	199
29	200
29	201
29	202
29	203
29	204
29	205
29	206
29	208
29	209
29	210
29	211
29	212
29	213
29	214
29	215
29	216
29	217
29	218
29	219
29	220
29	221
29	222
29	223
29	224
29	225
29	226
29	227
29	228
29	229
29	230
29	231
29	232
29	233
29	234
29	235
29	236
29	237
29	238
29	239
29	240
29	241
29	242
30	50
30	60
30	61
30	65
30	67
30	68
30	69
30	71
30	74
30	75
30	76
30	77
30	78
30	79
30	80
30	81
30	84
30	85
30	86
30	87
30	89
30	90
30	91
30	93
30	94
30	95
30	96
30	97
30	98
30	99
30	100
30	101
30	102
30	103
30	104
30	105
30	106
30	107
30	108
30	109
30	110
30	111
30	112
30	113
30	114
30	115
30	116
30	117
30	118
30	119
30	120
30	121
30	122
30	123
30	124
30	125
30	126
30	127
30	128
30	129
30	130
30	131
30	132
30	133
30	134
30	135
30	136
30	137
30	138
30	139
30	140
30	141
30	142
30	143
30	144
30	145
30	146
30	147
30	148
30	149
30	150
30	151
30	152
30	153
30	154
30	155
30	156
30	157
30	158
30	159
30	160
30	161
30	162
30	163
30	164
30	165
30	166
30	167
30	168
30	169
30	170
30	171
30	172
30	173
30	174
30	175
30	176
30	177
30	178
30	179
30	180
30	181
30	182
30	183
30	184
30	185
30	186
30	187
30	188
30	189
30	190
30	191
30	192
30	193
30	194
30	195
30	196
30	197
30	198
30	199
30	200
30	201
30	202
30	203
30	204
30	205
30	206
30	207
30	208
30	209
30	210
30	211
30	212
30	213
30	214
30	215
30	216
30	217
30	218
30	219
30	220
30	221
30	222
30	223
30	224
30	225
30	226
30	227
30	228
30	229
30	230
30	231
30	232
30	233
30	234
30	235
30	236
30	237
30	238
30	239
30	240
30	241
30	242
31	50
31	75
31	90
31	99
31	103
31	104
31	105
31	107
31	108
31	110
31	113
31	115
31	116
31	121
31	123
31	124
31	127
31	130
31	131
31	134
31	135
31	136
31	137
31	138
31	140
31	142
31	143
31	145
31	147
31	148
31	150
31	151
31	152
31	154
31	155
31	156
31	158
31	159
31	160
31	163
31	164
31	165
31	167
31	168
31	169
31	170
31	171
31	172
31	173
31	174
31	175
31	176
31	180
31	182
31	184
31	186
31	187
31	188
31	189
31	190
31	191
31	192
31	193
31	194
31	195
31	196
31	197
31	198
31	199
31	200
31	201
31	202
31	203
31	204
31	205
31	206
31	208
31	209
31	210
31	211
31	212
31	213
31	214
31	215
31	216
31	217
31	218
31	219
31	220
31	221
31	222
31	223
31	224
31	225
31	226
31	227
31	228
31	229
31	230
31	231
31	232
31	233
31	234
31	235
31	236
31	237
31	238
31	239
31	240
31	241
31	242
32	50
32	75
32	86
32	90
32	93
32	94
32	97
32	99
32	106
32	107
32	108
32	109
32	110
32	111
32	112
32	113
32	115
32	116
32	118
32	119
32	123
32	127
32	130
32	131
32	134
32	135
32	136
32	137
32	138
32	139
32	140
32	141
32	142
32	143
32	144
32	145
32	146
32	147
32	148
32	150
32	151
32	152
32	153
32	154
32	155
32	156
32	158
32	159
32	160
32	162
32	163
32	164
32	165
32	167
32	168
32	169
32	170
32	171
32	172
32	173
32	174
32	175
32	176
32	177
32	178
32	179
32	180
32	181
32	182
32	183
32	184
32	185
32	186
32	187
32	188
32	189
32	190
32	191
32	192
32	193
32	194
32	195
32	196
32	197
32	198
32	199
32	200
32	201
32	202
32	203
32	204
32	205
32	206
32	208
32	209
32	210
32	211
32	212
32	213
32	214
32	215
32	216
32	217
32	218
32	219
32	220
32	221
32	222
32	223
32	224
32	225
32	226
32	227
32	228
32	229
32	230
32	231
32	232
32	233
32	234
32	235
32	236
32	237
32	238
32	239
32	240
32	241
32	242
33	50
33	65
33	75
33	85
33	86
33	90
33	93
33	94
33	97
33	99
33	100
33	101
33	102
33	103
33	104
33	105
33	106
33	107
33	108
33	109
33	110
33	111
33	112
33	113
33	115
33	116
33	118
33	119
33	120
33	121
33	123
33	124
33	125
33	126
33	127
33	130
33	131
33	134
33	135
33	136
33	137
33	138
33	139
33	140
33	141
33	142
33	143
33	144
33	145
33	146
33	147
33	148
33	150
33	151
33	152
33	153
33	154
33	155
33	156
33	158
33	159
33	160
33	162
33	163
33	164
33	165
33	167
33	168
33	169
33	170
33	171
33	172
33	173
33	174
33	175
33	176
33	177
33	178
33	179
33	180
33	181
33	182
33	183
33	184
33	185
33	186
33	187
33	188
33	189
33	190
33	191
33	192
33	193
33	194
33	195
33	196
33	197
33	198
33	199
33	200
33	201
33	202
33	203
33	204
33	205
33	206
33	208
33	209
33	210
33	211
33	212
33	213
33	214
33	215
33	216
33	217
33	218
33	219
33	220
33	221
33	222
33	223
33	224
33	225
33	226
33	227
33	228
33	229
33	230
33	231
33	232
33	233
33	234
33	235
33	236
33	237
33	238
33	239
33	240
33	241
33	242
34	50
34	99
34	151
34	154
34	156
34	158
34	160
34	165
34	167
34	173
34	174
34	180
34	182
34	184
34	186
34	187
34	188
34	189
34	190
34	191
34	192
34	193
34	194
34	195
34	196
34	197
34	198
34	199
34	202
34	203
34	204
34	205
34	206
34	208
34	209
34	210
34	211
34	212
34	213
34	214
34	215
34	216
34	217
34	218
34	219
34	220
34	221
34	222
34	223
34	224
34	225
34	226
34	227
34	228
34	229
34	230
34	231
34	232
34	233
34	234
34	235
34	236
34	237
34	238
34	239
34	240
34	241
34	242
35	50
35	99
35	151
35	154
35	156
35	158
35	160
35	165
35	167
35	173
35	174
35	176
35	180
35	182
35	184
35	186
35	187
35	188
35	189
35	190
35	191
35	192
35	193
35	194
35	195
35	196
35	197
35	198
35	199
35	202
35	203
35	204
35	205
35	206
35	208
35	209
35	210
35	211
35	212
35	213
35	214
35	215
35	216
35	217
35	218
35	219
35	220
35	221
35	222
35	223
35	224
35	225
35	226
35	227
35	228
35	229
35	230
35	231
35	232
35	233
35	234
35	235
35	236
35	237
35	238
35	239
35	240
35	241
35	242
36	40
36	50
36	51
36	55
36	56
36	57
36	63
36	64
36	65
36	66
36	67
36	68
36	69
36	70
36	71
36	72
36	73
36	74
36	75
36	76
36	78
36	79
36	80
36	81
36	82
36	83
36	84
36	85
36	86
36	87
36	88
36	89
36	90
36	91
36	92
36	93
36	94
36	95
36	96
36	97
36	98
36	99
36	100
36	101
36	102
36	103
36	104
36	105
36	106
36	107
36	108
36	109
36	110
36	111
36	112
36	113
36	114
36	115
36	116
36	117
36	118
36	119
36	120
36	121
36	122
36	123
36	124
36	125
36	126
36	127
36	128
36	129
36	130
36	131
36	132
36	133
36	134
36	135
36	136
36	137
36	138
36	139
36	140
36	141
36	142
36	143
36	144
36	145
36	146
36	147
36	148
36	149
36	150
36	151
36	152
36	153
36	154
36	155
36	156
36	157
36	158
36	159
36	160
36	161
36	162
36	163
36	164
36	165
36	166
36	167
36	168
36	169
36	170
36	171
36	172
36	173
36	174
36	175
36	176
36	177
36	178
36	179
36	180
36	181
36	182
36	183
36	184
36	185
36	186
36	187
36	188
36	189
36	190
36	191
36	192
36	193
36	194
36	195
36	196
36	197
36	198
36	199
36	200
36	201
36	202
36	203
36	204
36	205
36	206
36	207
36	208
36	209
36	210
36	211
36	212
36	213
36	214
36	215
36	216
36	217
36	218
36	219
36	220
36	221
36	222
36	223
36	224
36	225
36	226
36	227
36	228
36	229
36	230
36	231
36	232
36	233
36	234
36	235
36	236
36	237
36	238
36	239
36	240
36	241
36	242
37	50
37	71
37	74
37	75
37	78
37	80
37	82
37	86
37	88
37	90
37	93
37	94
37	97
37	99
37	106
37	107
37	108
37	109
37	110
37	111
37	112
37	113
37	115
37	116
37	118
37	119
37	123
37	127
37	130
37	131
37	132
37	133
37	134
37	135
37	136
37	137
37	138
37	139
37	140
37	141
37	142
37	143
37	144
37	145
37	146
37	147
37	148
37	149
37	150
37	151
37	152
37	153
37	154
37	155
37	156
37	157
37	158
37	159
37	160
37	161
37	162
37	163
37	164
37	165
37	166
37	167
37	168
37	169
37	170
37	171
37	172
37	173
37	174
37	175
37	176
37	177
37	178
37	179
37	180
37	181
37	182
37	183
37	184
37	185
37	186
37	187
37	188
37	189
37	190
37	191
37	192
37	193
37	194
37	195
37	196
37	197
37	198
37	199
37	200
37	201
37	202
37	203
37	204
37	205
37	206
37	207
37	208
37	209
37	210
37	211
37	212
37	213
37	214
37	215
37	216
37	217
37	218
37	219
37	220
37	221
37	222
37	223
37	224
37	225
37	226
37	227
37	228
37	229
37	230
37	231
37	232
37	233
37	234
37	235
37	236
37	237
37	238
37	239
37	240
37	241
37	242
38	50
38	99
38	154
38	158
38	160
38	173
38	174
38	176
38	180
38	182
38	184
38	186
38	187
38	189
38	192
38	193
38	194
38	195
38	196
38	197
38	202
38	204
38	208
38	209
38	213
38	214
38	215
38	216
38	217
38	218
38	219
38	220
38	221
38	222
38	223
38	224
38	225
38	226
38	227
38	228
38	229
38	230
38	231
38	232
38	233
38	234
38	235
38	236
38	237
38	238
38	239
38	240
38	241
38	242
39	50
39	99
39	104
39	105
39	108
39	110
39	115
39	121
39	123
39	124
39	127
39	130
39	131
39	134
39	135
39	136
39	137
39	138
39	140
39	142
39	143
39	145
39	147
39	148
39	150
39	151
39	152
39	154
39	155
39	156
39	158
39	159
39	160
39	163
39	164
39	165
39	167
39	168
39	169
39	170
39	171
39	172
39	173
39	174
39	175
39	176
39	180
39	182
39	184
39	186
39	187
39	188
39	189
39	190
39	191
39	192
39	193
39	194
39	195
39	196
39	197
39	198
39	199
39	200
39	201
39	202
39	203
39	204
39	205
39	206
39	208
39	209
39	210
39	211
39	212
39	213
39	214
39	215
39	216
39	217
39	218
39	219
39	220
39	221
39	222
39	223
39	224
39	225
39	226
39	227
39	228
39	229
39	230
39	231
39	232
39	233
39	234
39	235
39	236
39	237
39	238
39	239
39	240
39	241
39	242
40	50
40	71
40	74
40	86
40	99
40	108
40	110
40	111
40	115
40	119
40	123
40	127
40	130
40	131
40	132
40	134
40	135
40	136
40	137
40	138
40	140
40	141
40	142
40	143
40	145
40	147
40	148
40	149
40	150
40	151
40	152
40	153
40	154
40	155
40	156
40	157
40	158
40	159
40	160
40	161
40	162
40	163
40	164
40	165
40	166
40	167
40	168
40	169
40	170
40	171
40	172
40	173
40	174
40	175
40	176
40	177
40	178
40	179
40	180
40	181
40	182
40	183
40	184
40	185
40	186
40	187
40	188
40	189
40	190
40	191
40	192
40	193
40	194
40	195
40	196
40	197
40	198
40	199
40	200
40	201
40	202
40	203
40	204
40	205
40	206
40	207
40	208
40	209
40	210
40	211
40	212
40	213
40	214
40	215
40	216
40	217
40	218
40	219
40	220
40	221
40	222
40	223
40	224
40	225
40	226
40	227
40	228
40	229
40	230
40	231
40	232
40	233
40	234
40	235
40	236
40	237
40	238
40	239
40	240
40	241
40	242
41	50
41	99
41	151
41	154
41	156
41	158
41	160
41	165
41	167
41	173
41	174
41	180
41	182
41	184
41	186
41	187
41	188
41	189
41	190
41	191
41	192
41	193
41	194
41	195
41	196
41	197
41	198
41	199
41	202
41	203
41	204
41	205
41	206
41	208
41	209
41	210
41	211
41	212
41	213
41	214
41	215
41	216
41	217
41	218
41	219
41	220
41	221
41	222
41	223
41	224
41	225
41	226
41	227
41	228
41	229
41	230
41	231
41	232
41	233
41	234
41	235
41	236
41	237
41	238
41	239
41	240
41	241
41	242
42	50
42	99
42	108
42	110
42	111
42	115
42	119
42	123
42	127
42	130
42	131
42	134
42	135
42	136
42	137
42	138
42	140
42	141
42	142
42	143
42	145
42	147
42	148
42	150
42	151
42	152
42	153
42	154
42	155
42	156
42	158
42	159
42	160
42	162
42	163
42	164
42	165
42	167
42	168
42	169
42	170
42	171
42	172
42	173
42	174
42	175
42	176
42	177
42	178
42	179
42	180
42	181
42	182
42	183
42	184
42	185
42	186
42	187
42	188
42	189
42	190
42	191
42	192
42	193
42	194
42	195
42	196
42	197
42	198
42	199
42	200
42	201
42	202
42	203
42	204
42	205
42	206
42	208
42	209
42	210
42	211
42	212
42	213
42	214
42	215
42	216
42	217
42	218
42	219
42	220
42	221
42	222
42	223
42	224
42	225
42	226
42	227
42	228
42	229
42	230
42	231
42	232
42	233
42	234
42	235
42	236
42	237
42	238
42	239
42	240
42	241
42	242
43	50
43	99
43	119
43	140
43	141
43	147
43	148
43	151
43	152
43	154
43	156
43	158
43	160
43	165
43	167
43	171
43	173
43	174
43	177
43	178
43	179
43	180
43	182
43	184
43	186
43	187
43	188
43	189
43	190
43	191
43	192
43	193
43	194
43	195
43	196
43	197
43	198
43	199
43	202
43	203
43	204
43	205
43	206
43	208
43	209
43	210
43	211
43	212
43	213
43	214
43	215
43	216
43	217
43	218
43	219
43	220
43	221
43	222
43	223
43	224
43	225
43	226
43	227
43	228
43	229
43	230
43	231
43	232
43	233
43	234
43	235
43	236
43	237
43	238
43	239
43	240
43	241
43	242
44	50
44	99
44	108
44	119
44	140
44	141
44	147
44	148
44	151
44	152
44	154
44	156
44	158
44	160
44	165
44	167
44	171
44	172
44	173
44	174
44	175
44	177
44	178
44	179
44	180
44	182
44	183
44	184
44	185
44	186
44	187
44	188
44	189
44	190
44	191
44	192
44	193
44	194
44	195
44	196
44	197
44	198
44	199
44	202
44	203
44	204
44	205
44	206
44	208
44	209
44	210
44	211
44	212
44	213
44	214
44	215
44	216
44	217
44	218
44	219
44	220
44	221
44	222
44	223
44	224
44	225
44	226
44	227
44	228
44	229
44	230
44	231
44	232
44	233
44	234
44	235
44	236
44	237
44	238
44	239
44	240
44	241
44	242
45	50
45	99
45	108
45	111
45	115
45	119
45	123
45	127
45	130
45	131
45	134
45	135
45	136
45	137
45	138
45	140
45	141
45	142
45	143
45	145
45	147
45	148
45	150
45	151
45	152
45	153
45	154
45	155
45	156
45	158
45	159
45	160
45	162
45	163
45	164
45	165
45	167
45	168
45	169
45	170
45	171
45	172
45	173
45	174
45	175
45	176
45	177
45	178
45	179
45	180
45	181
45	182
45	183
45	184
45	185
45	186
45	187
45	188
45	189
45	190
45	191
45	192
45	193
45	194
45	195
45	196
45	197
45	198
45	199
45	200
45	201
45	202
45	203
45	204
45	205
45	206
45	208
45	209
45	210
45	211
45	212
45	213
45	214
45	215
45	216
45	217
45	218
45	219
45	220
45	221
45	222
45	223
45	224
45	225
45	226
45	227
45	228
45	229
45	230
45	231
45	232
45	233
45	234
45	235
45	236
45	237
45	238
45	239
45	240
45	241
45	242
46	50
46	99
46	154
46	158
46	160
46	173
46	174
46	180
46	182
46	184
46	186
46	187
46	189
46	192
46	193
46	194
46	195
46	196
46	197
46	202
46	204
46	208
46	209
46	213
46	214
46	215
46	216
46	217
46	218
46	219
46	220
46	221
46	222
46	223
46	224
46	225
46	226
46	227
46	228
46	229
46	230
46	231
46	232
46	233
46	234
46	235
46	236
46	237
46	238
46	239
46	240
46	241
46	242
47	50
47	99
47	154
47	158
47	160
47	173
47	174
47	180
47	182
47	184
47	186
47	187
47	189
47	192
47	193
47	194
47	195
47	196
47	197
47	202
47	204
47	208
47	209
47	213
47	214
47	215
47	216
47	217
47	218
47	219
47	220
47	221
47	222
47	223
47	224
47	225
47	226
47	227
47	228
47	229
47	230
47	231
47	232
47	233
47	234
47	235
47	236
47	237
47	238
47	239
47	240
47	241
47	242
48	50
48	99
48	154
48	158
48	160
48	173
48	174
48	180
48	182
48	184
48	186
48	187
48	189
48	192
48	193
48	194
48	195
48	196
48	197
48	202
48	204
48	208
48	209
48	213
48	214
48	215
48	216
48	217
48	218
48	219
48	220
48	221
48	222
48	223
48	224
48	225
48	226
48	227
48	228
48	229
48	230
48	231
48	232
48	233
48	234
48	235
48	236
48	237
48	238
48	239
48	240
48	241
48	242
49	50
49	99
49	151
49	167
49	192
49	196
49	202
49	204
49	206
49	208
49	210
49	211
49	212
49	213
49	214
49	219
49	221
49	222
49	223
49	224
49	225
49	226
49	227
49	228
49	231
49	232
49	233
49	234
49	235
49	236
49	237
49	238
49	239
49	240
49	241
49	242
50	51
50	52
50	53
50	54
50	55
50	56
50	57
50	58
50	59
50	60
50	61
50	62
50	63
50	64
50	65
50	66
50	67
50	68
50	69
50	70
50	71
50	72
50	73
50	74
50	75
50	76
50	77
50	78
50	79
50	80
50	81
50	82
50	83
50	84
50	85
50	86
50	87
50	88
50	89
50	90
50	91
50	92
50	93
50	94
50	95
50	96
50	97
50	98
50	99
50	100
50	101
50	102
50	103
50	104
50	105
50	106
50	107
50	108
50	109
50	110
50	111
50	112
50	113
50	114
50	115
50	116
50	117
50	118
50	119
50	120
50	121
50	122
50	123
50	124
50	125
50	126
50	127
50	128
50	129
50	130
50	131
50	132
50	133
50	134
50	135
50	136
50	137
50	138
50	139
50	140
50	141
50	142
50	143
50	144
50	145
50	146
50	147
50	148
50	149
50	150
50	151
50	152
50	153
50	154
50	155
50	156
50	157
50	158
50	159
50	160
50	161
50	162
50	163
50	164
50	165
50	166
50	167
50	168
50	169
50	170
50	171
50	172
50	173
50	174
50	175
50	176
50	177
50	178
50	179
50	180
50	181
50	182
50	183
50	184
50	185
50	186
50	187
50	188
50	189
50	190
50	191
50	192
50	193
50	194
50	195
50	196
50	197
50	198
50	199
50	200
50	201
50	202
50	203
50	204
50	205
50	206
50	207
50	208
50	209
50	210
50	211
50	212
50	213
50	214
50	215
50	216
50	217
50	218
50	219
50	220
50	221
50	222
50	223
50	224
50	225
50	226
50	227
50	228
50	229
50	230
50	231
50	232
50	233
50	234
50	235
50	236
50	237
50	238
50	239
50	240
50	241
50	242
51	99
51	151
51	154
51	156
51	158
51	160
51	165
51	167
51	173
51	174
51	180
51	182
51	184
51	186
51	187
51	188
51	189
51	190
51	191
51	192
51	193
51	194
51	195
51	196
51	197
51	198
51	199
51	200
51	201
51	202
51	203
51	204
51	205
51	206
51	208
51	209
51	210
51	211
51	212
51	213
51	214
51	215
51	216
51	217
51	218
51	219
51	220
51	221
51	222
51	223
51	224
51	225
51	226
51	227
51	228
51	229
51	230
51	231
51	232
51	233
51	234
51	235
51	236
51	237
51	238
51	239
51	240
51	241
51	242
52	99
52	151
52	154
52	156
52	158
52	159
52	160
52	165
52	167
52	168
52	173
52	174
52	175
52	176
52	180
52	182
52	184
52	186
52	187
52	188
52	189
52	190
52	191
52	192
52	193
52	194
52	195
52	196
52	197
52	198
52	199
52	200
52	201
52	202
52	203
52	204
52	205
52	206
52	208
52	209
52	210
52	211
52	212
52	213
52	214
52	215
52	216
52	217
52	218
52	219
52	220
52	221
52	222
52	223
52	224
52	225
52	226
52	227
52	228
52	229
52	230
52	231
52	232
52	233
52	234
52	235
52	236
52	237
52	238
52	239
52	240
52	241
52	242
53	99
53	108
53	111
53	115
53	119
53	123
53	127
53	130
53	131
53	132
53	134
53	135
53	136
53	137
53	138
53	140
53	141
53	142
53	143
53	145
53	147
53	148
53	149
53	150
53	151
53	152
53	153
53	154
53	155
53	156
53	157
53	158
53	159
53	160
53	161
53	162
53	163
53	164
53	165
53	166
53	167
53	168
53	169
53	170
53	171
53	172
53	173
53	174
53	175
53	176
53	177
53	178
53	179
53	180
53	181
53	182
53	183
53	184
53	185
53	186
53	187
53	188
53	189
53	190
53	191
53	192
53	193
53	194
53	195
53	196
53	197
53	198
53	199
53	200
53	201
53	202
53	203
53	204
53	205
53	206
53	207
53	208
53	209
53	210
53	211
53	212
53	213
53	214
53	215
53	216
53	217
53	218
53	219
53	220
53	221
53	222
53	223
53	224
53	225
53	226
53	227
53	228
53	229
53	230
53	231
53	232
53	233
53	234
53	235
53	236
53	237
53	238
53	239
53	240
53	241
53	242
54	99
54	104
54	105
54	108
54	110
54	115
54	121
54	123
54	124
54	127
54	130
54	131
54	134
54	135
54	136
54	137
54	138
54	140
54	142
54	143
54	145
54	147
54	148
54	150
54	151
54	152
54	154
54	155
54	156
54	158
54	159
54	160
54	163
54	164
54	165
54	167
54	168
54	169
54	170
54	171
54	172
54	173
54	174
54	175
54	176
54	180
54	182
54	184
54	186
54	187
54	188
54	189
54	190
54	191
54	192
54	193
54	194
54	195
54	196
54	197
54	198
54	199
54	200
54	201
54	202
54	203
54	204
54	205
54	206
54	208
54	209
54	210
54	211
54	212
54	213
54	214
54	215
54	216
54	217
54	218
54	219
54	220
54	221
54	222
54	223
54	224
54	225
54	226
54	227
54	228
54	229
54	230
54	231
54	232
54	233
54	234
54	235
54	236
54	237
54	238
54	239
54	240
54	241
54	242
55	99
55	151
55	154
55	156
55	158
55	160
55	165
55	167
55	173
55	174
55	180
55	182
55	184
55	186
55	187
55	188
55	189
55	190
55	191
55	192
55	193
55	194
55	195
55	196
55	197
55	198
55	199
55	200
55	201
55	202
55	203
55	204
55	205
55	206
55	208
55	209
55	210
55	211
55	212
55	213
55	214
55	215
55	216
55	217
55	218
55	219
55	220
55	221
55	222
55	223
55	224
55	225
55	226
55	227
55	228
55	229
55	230
55	231
55	232
55	233
55	234
55	235
55	236
55	237
55	238
55	239
55	240
55	241
55	242
56	99
56	154
56	158
56	160
56	182
56	186
56	192
56	194
56	195
56	196
56	197
56	202
56	204
56	208
56	209
56	213
56	214
56	215
56	216
56	217
56	218
56	219
56	220
56	221
56	222
56	223
56	224
56	225
56	226
56	227
56	228
56	230
56	231
56	232
56	233
56	234
56	235
56	236
56	237
56	238
56	239
56	240
56	241
56	242
57	99
57	154
57	173
57	174
57	204
57	214
57	219
57	222
57	224
57	225
57	226
57	227
57	231
57	232
57	233
57	234
57	236
57	237
57	238
57	239
57	240
57	241
57	242
58	99
58	192
58	202
58	204
58	213
58	214
58	219
58	222
58	224
58	225
58	226
58	227
58	231
58	232
58	233
58	234
58	236
58	237
58	238
58	239
58	240
58	241
58	242
59	99
59	204
59	214
59	219
59	222
59	224
59	225
59	226
59	227
59	231
59	232
59	233
59	234
59	236
59	237
59	238
59	239
59	240
59	241
59	242
60	99
60	226
60	234
60	236
60	240
60	241
60	242
61	99
61	184
61	204
61	214
61	219
61	221
61	222
61	223
61	224
61	225
61	226
61	227
61	228
61	229
61	231
61	232
61	233
61	234
61	235
61	236
61	237
61	238
61	239
61	240
61	241
61	242
62	99
62	184
62	204
62	214
62	219
62	221
62	222
62	223
62	224
62	225
62	226
62	227
62	228
62	229
62	231
62	232
62	233
62	234
62	235
62	236
62	237
62	238
62	239
62	240
62	241
62	242
63	99
63	184
63	204
63	214
63	219
63	221
63	222
63	223
63	224
63	225
63	226
63	227
63	228
63	229
63	231
63	232
63	233
63	234
63	235
63	236
63	237
63	238
63	239
63	240
63	241
63	242
64	71
64	74
64	86
64	99
64	108
64	110
64	111
64	115
64	119
64	123
64	127
64	130
64	131
64	132
64	134
64	135
64	136
64	137
64	138
64	140
64	141
64	142
64	143
64	145
64	147
64	148
64	149
64	150
64	151
64	152
64	153
64	154
64	155
64	156
64	157
64	158
64	159
64	160
64	161
64	162
64	163
64	164
64	165
64	166
64	167
64	168
64	169
64	170
64	171
64	172
64	173
64	174
64	175
64	176
64	177
64	178
64	179
64	180
64	181
64	182
64	183
64	184
64	185
64	186
64	187
64	188
64	189
64	190
64	191
64	192
64	193
64	194
64	195
64	196
64	197
64	198
64	199
64	200
64	201
64	202
64	203
64	204
64	205
64	206
64	207
64	208
64	209
64	210
64	211
64	212
64	213
64	214
64	215
64	216
64	217
64	218
64	219
64	220
64	221
64	222
64	223
64	224
64	225
64	226
64	227
64	228
64	229
64	230
64	231
64	232
64	233
64	234
64	235
64	236
64	237
64	238
64	239
64	240
64	241
64	242
65	99
65	184
65	204
65	214
65	219
65	221
65	222
65	223
65	224
65	225
65	226
65	227
65	228
65	229
65	231
65	232
65	233
65	234
65	235
65	236
65	237
65	238
65	239
65	240
65	241
65	242
66	99
66	240
67	99
67	240
68	99
68	222
68	223
68	224
68	225
68	226
68	227
68	231
68	232
68	234
68	236
68	238
68	239
68	240
68	241
68	242
69	99
69	204
69	214
69	219
69	222
69	224
69	225
69	226
69	227
69	231
69	232
69	233
69	234
69	236
69	237
69	238
69	239
69	240
69	241
69	242
70	99
70	226
70	227
70	232
70	234
70	236
70	240
70	241
70	242
71	86
71	99
71	108
71	151
71	154
71	173
71	174
71	204
71	214
71	219
71	222
71	224
71	225
71	226
71	227
71	231
71	232
71	233
71	234
71	236
71	237
71	238
71	239
71	240
71	241
71	242
72	99
72	240
72	241
72	242
73	99
73	240
73	241
73	242
74	99
74	240
74	241
74	242
75	99
75	167
75	184
75	192
75	193
75	196
75	202
75	204
75	206
75	208
75	210
75	211
75	212
75	213
75	214
75	219
75	221
75	222
75	223
75	224
75	225
75	226
75	227
75	228
75	229
75	231
75	232
75	233
75	234
75	235
75	236
75	237
75	238
75	239
75	240
75	241
75	242
76	99
76	204
76	219
76	226
76	227
76	232
76	234
76	236
76	237
76	240
76	241
76	242
77	99
77	151
77	154
77	158
77	160
77	167
77	168
77	182
77	186
77	188
77	190
77	191
77	192
77	194
77	195
77	196
77	197
77	199
77	200
77	201
77	202
77	203
77	204
77	205
77	206
77	208
77	209
77	210
77	211
77	212
77	213
77	214
77	215
77	216
77	217
77	218
77	219
77	220
77	221
77	222
77	223
77	224
77	225
77	226
77	227
77	228
77	230
77	231
77	232
77	233
77	234
77	235
77	236
77	237
77	238
77	239
77	240
77	241
77	242
78	99
78	240
78	241
78	242
79	99
79	204
79	219
79	224
79	225
79	226
79	227
79	231
79	232
79	233
79	234
79	236
79	237
79	238
79	239
79	240
79	241
79	242
80	99
81	99
81	182
81	186
81	192
81	195
81	196
81	197
81	202
81	204
81	208
81	209
81	213
81	214
81	219
81	220
81	221
81	222
81	223
81	224
81	225
81	226
81	227
81	228
81	230
81	231
81	232
81	233
81	234
81	235
81	236
81	237
81	238
81	239
81	240
81	241
81	242
82	99
83	99
83	204
83	226
83	227
83	232
83	234
83	236
83	238
83	239
83	240
83	241
83	242
84	99
84	204
84	214
84	219
84	222
84	224
84	225
84	226
84	227
84	231
84	232
84	233
84	234
84	236
84	237
84	238
84	239
84	240
84	241
84	242
85	99
85	184
85	204
85	214
85	219
85	221
85	222
85	223
85	224
85	225
85	226
85	227
85	228
85	229
85	231
85	232
85	233
85	234
85	235
85	236
85	237
85	238
85	239
85	240
85	241
85	242
86	99
86	151
86	158
86	160
86	167
86	168
86	182
86	186
86	191
86	192
86	195
86	196
86	197
86	199
86	200
86	202
86	204
86	206
86	208
86	209
86	210
86	211
86	212
86	213
86	214
86	215
86	216
86	217
86	218
86	219
86	220
86	221
86	222
86	223
86	224
86	225
86	226
86	227
86	228
86	230
86	231
86	232
86	233
86	234
86	235
86	236
86	237
86	238
86	239
86	240
86	241
86	242
87	99
87	202
87	213
87	214
87	222
87	226
87	234
87	240
87	241
87	242
88	99
88	204
88	219
88	224
88	225
88	226
88	227
88	231
88	232
88	233
88	234
88	236
88	237
88	238
88	239
88	240
88	241
88	242
89	99
89	151
89	167
89	192
89	196
89	202
89	204
89	206
89	208
89	210
89	211
89	212
89	213
89	214
89	219
89	221
89	222
89	223
89	224
89	225
89	226
89	227
89	228
89	231
89	232
89	233
89	234
89	235
89	236
89	237
89	238
89	239
89	240
89	241
89	242
90	99
90	147
90	151
90	167
90	173
90	174
90	182
90	184
90	186
90	187
90	189
90	191
90	192
90	193
90	195
90	196
90	197
90	202
90	204
90	206
90	208
90	209
90	210
90	211
90	212
90	213
90	214
90	219
90	220
90	221
90	222
90	223
90	224
90	225
90	226
90	227
90	228
90	229
90	230
90	231
90	232
90	233
90	234
90	235
90	236
90	237
90	238
90	239
90	240
90	241
90	242
91	99
91	240
91	241
91	242
92	99
92	226
92	234
92	240
92	241
92	242
93	99
93	151
93	167
93	192
93	202
93	204
93	206
93	210
93	211
93	212
93	213
93	214
93	219
93	222
93	224
93	225
93	226
93	227
93	231
93	232
93	233
93	234
93	236
93	237
93	238
93	239
93	240
93	241
93	242
94	99
94	192
94	202
94	204
94	213
94	214
94	219
94	222
94	224
94	225
94	226
94	227
94	231
94	232
94	233
94	234
94	236
94	237
94	238
94	239
94	240
94	241
94	242
95	99
95	204
95	219
95	224
95	225
95	226
95	227
95	231
95	232
95	233
95	234
95	236
95	237
95	238
95	239
95	240
95	241
95	242
96	99
96	167
96	202
96	204
96	226
96	234
96	236
96	239
96	240
96	241
96	242
97	99
97	240
97	241
97	242
98	99
98	204
98	219
98	226
98	227
98	232
98	234
98	236
98	237
98	240
98	241
98	242
99	100
99	101
99	102
99	103
99	104
99	105
99	106
99	107
99	108
99	109
99	110
99	111
99	112
99	113
99	114
99	115
99	116
99	117
99	118
99	119
99	120
99	121
99	122
99	123
99	124
99	125
99	126
99	127
99	128
99	129
99	130
99	131
99	132
99	133
99	134
99	135
99	136
99	137
99	138
99	139
99	140
99	141
99	142
99	143
99	144
99	145
99	146
99	147
99	148
99	149
99	150
99	151
99	152
99	153
99	154
99	155
99	156
99	157
99	158
99	159
99	160
99	161
99	162
99	163
99	164
99	165
99	166
99	167
99	168
99	169
99	170
99	171
99	172
99	173
99	174
99	175
99	176
99	177
99	178
99	179
99	180
99	181
99	182
99	183
99	184
99	185
99	186
99	187
99	188
99	189
99	190
99	191
99	192
99	193
99	194
99	195
99	196
99	197
99	198
99	199
99	200
99	201
99	202
99	203
99	204
99	205
99	206
99	207
99	208
99	209
99	210
99	211
99	212
99	213
99	214
99	215
99	216
99	217
99	218
99	219
99	220
99	221
99	222
99	223
99	224
99	225
99	226
99	227
99	228
99	229
99	230
99	231
99	232
99	233
99	234
99	235
99	236
99	237
99	238
99	239
99	240
99	241
99	242
100	240
100	241
100	242
101	204
101	226
101	234
101	236
101	239
101	240
101	241
101	242
102	234
102	236
102	240
102	241
102	242
103	226
103	234
103	240
103	241
103	242
104	204
104	226
104	234
104	236
104	239
104	240
104	241
104	242
106	204
106	219
106	224
106	225
106	226
106	227
106	231
106	232
106	233
106	234
106	236
106	237
106	240
106	241
106	242
107	204
107	219
107	224
107	225
107	226
107	227
107	231
107	232
107	233
107	234
107	236
107	237
107	238
107	239
107	240
107	241
107	242
108	147
108	148
108	150
108	151
108	158
108	167
108	168
108	171
108	173
108	174
108	184
108	188
108	190
108	192
108	193
108	194
108	196
108	199
108	200
108	201
108	202
108	204
108	205
108	206
108	207
108	208
108	210
108	211
108	212
108	213
108	214
108	215
108	216
108	217
108	218
108	219
108	221
108	222
108	223
108	224
108	225
108	226
108	227
108	228
108	229
108	231
108	232
108	233
108	234
108	235
108	236
108	237
108	238
108	239
108	240
108	241
108	242
109	167
109	202
109	204
109	226
109	234
109	236
109	239
109	240
109	241
109	242
110	151
110	192
110	202
110	204
110	206
110	210
110	211
110	213
110	214
110	219
110	222
110	224
110	225
110	226
110	227
110	231
110	232
110	233
110	234
110	236
110	237
110	238
110	239
110	240
110	241
110	242
111	204
111	219
111	224
111	225
111	226
111	227
111	231
111	232
111	233
111	234
111	236
111	237
111	238
111	239
111	240
111	241
111	242
112	204
112	219
112	226
112	227
112	232
112	234
112	236
112	237
112	238
112	239
112	240
112	241
112	242
113	226
113	234
113	240
113	241
113	242
115	204
115	219
115	226
115	227
115	232
115	234
115	236
115	237
115	240
115	241
115	242
116	204
116	219
116	224
116	225
116	226
116	227
116	231
116	232
116	234
116	236
116	237
116	238
116	239
116	240
116	241
116	242
117	241
117	242
118	240
118	241
118	242
119	240
119	241
119	242
120	204
120	226
120	234
120	236
120	239
120	240
120	241
120	242
121	226
121	227
121	232
121	234
121	236
121	240
121	241
121	242
122	226
122	227
122	232
122	234
122	236
122	240
122	241
122	242
123	227
123	232
123	234
123	236
123	240
123	241
123	242
124	227
124	232
124	234
124	236
124	240
124	241
124	242
125	226
125	227
125	232
125	234
125	236
125	240
125	241
125	242
126	204
126	219
126	226
126	227
126	232
126	234
126	236
126	237
126	240
126	241
126	242
127	226
127	227
127	232
127	234
127	236
127	240
127	241
127	242
128	241
128	242
129	226
129	227
129	232
129	234
129	236
129	240
129	241
129	242
130	204
130	219
130	226
130	227
130	232
130	234
130	236
130	237
130	238
130	239
130	240
130	241
130	242
131	226
131	227
131	232
131	234
131	236
131	240
131	241
131	242
132	204
132	226
132	227
132	232
132	234
132	236
132	240
132	241
132	242
133	240
133	241
133	242
134	234
134	240
134	241
134	242
135	227
135	232
135	234
135	236
135	240
135	241
135	242
136	186
136	189
136	197
136	204
136	214
136	219
136	221
136	222
136	223
136	224
136	225
136	226
136	227
136	230
136	231
136	232
136	233
136	234
136	236
136	237
136	240
136	241
136	242
137	234
137	240
137	241
137	242
138	240
138	241
138	242
139	227
139	232
139	234
139	236
139	240
139	241
139	242
140	204
140	219
140	226
140	227
140	232
140	234
140	236
140	237
140	238
140	239
140	240
140	241
140	242
141	240
141	241
141	242
142	173
142	174
142	186
142	189
142	197
142	204
142	219
142	220
142	224
142	225
142	226
142	227
142	228
142	229
142	230
142	231
142	232
142	233
142	234
142	235
142	236
142	237
142	238
142	239
142	240
142	241
142	242
143	204
143	219
143	226
143	227
143	232
143	234
143	236
143	237
143	240
143	241
143	242
144	234
144	240
144	241
144	242
145	204
145	219
145	226
145	227
145	232
145	234
145	236
145	237
145	240
145	241
145	242
146	240
146	241
146	242
147	204
147	219
147	226
147	227
147	232
147	234
147	236
147	237
147	238
147	239
147	240
147	241
147	242
148	226
148	227
148	232
148	234
148	236
148	240
148	241
148	242
149	234
149	240
149	241
149	242
150	173
150	174
150	182
150	186
150	189
150	204
150	209
150	214
150	219
150	220
150	221
150	222
150	223
150	224
150	225
150	226
150	227
150	228
150	230
150	231
150	232
150	234
150	235
150	236
150	237
150	238
150	239
150	240
150	241
150	242
151	173
151	174
151	182
151	186
151	187
151	189
151	192
151	196
151	202
151	204
151	208
151	209
151	213
151	214
151	219
151	220
151	221
151	222
151	223
151	224
151	225
151	226
151	227
151	228
151	230
151	231
151	232
151	234
151	235
151	236
151	237
151	238
151	239
151	240
151	241
151	242
152	234
152	240
152	241
152	242
153	240
153	241
153	242
155	241
155	242
160	241
160	242
163	234
163	240
163	241
163	242
164	234
164	240
164	241
164	242
165	241
165	242
170	234
170	240
170	241
170	242
171	227
171	232
171	234
171	236
171	239
171	240
171	241
171	242
172	234
172	240
172	241
172	242
173	240
173	241
173	242
175	240
176	232
176	234
176	236
176	240
176	241
176	242
177	240
177	241
177	242
188	227
188	232
188	234
188	236
188	240
188	241
188	242
190	241
190	242
214	234
214	241
214	242