144	2634
1	55
1	70
1	71
1	76
1	79
1	80
1	86
1	87
1	88
1	93
1	98
1	99
1	100
1	101
1	102
1	103
1	104
1	107
1	108
1	109
1	110
1	111
1	112
1	113
1	114
1	115
1	116
1	117
1	118
1	119
1	120
1	121
1	122
1	123
1	124
1	125
1	126
1	127
1	128
1	129
1	130
1	131
1	132
1	133
1	134
1	135
1	136
1	137
1	138
1	139
1	140
1	141
1	142
1	143
1	144
2	55
2	60
2	68
2	70
2	71
2	76
2	79
2	80
2	81
2	82
2	83
2	84
2	85
2	86
2	87
2	88
2	91
2	92
2	93
2	94
2	95
2	96
2	97
2	98
2	99
2	100
2	101
2	102
2	103
2	104
2	105
2	106
2	107
2	108
2	109
2	110
2	111
2	112
2	113
2	114
2	115
2	116
2	117
2	118
2	119
2	120
2	121
2	122
2	123
2	124
2	125
2	126
2	127
2	128
2	129
2	130
2	131
2	132
2	133
2	134
2	135
2	136
2	137
2	138
2	139
2	140
2	141
2	142
2	143
2	144
3	71
3	79
3	80
3	87
3	88
3	93
3	98
3	99
3	100
3	101
3	102
3	103
3	104
3	107
3	108
3	109
3	110
3	111
3	112
3	113
3	114
3	115
3	116
3	117
3	118
3	119
3	120
3	121
3	122
3	123
3	124
3	125
3	126
3	127
3	128
3	129
3	130
3	131
3	132
3	133
3	134
3	135
3	136
3	137
3	138
3	139
3	140
3	141
3	142
3	143
3	144
4	71
4	79
4	80
4	87
4	93
4	98
4	99
4	100
4	101
4	102
4	103
4	104
4	107
4	108
4	109
4	110
4	111
4	112
4	113
4	114
4	115
4	116
4	117
4	118
4	119
4	120
4	121
4	122
4	123
4	124
4	125
4	126
4	127
4	128
4	129
4	130
4	131
4	135
4	136
4	138
4	139
4	140
4	141
4	142
4	143
4	144
5	79
5	107
5	109
5	112
5	114
5	115
5	120
5	122
5	126
5	127
5	129
5	130
5	131
5	135
5	136
5	138
5	139
5	140
5	141
5	142
5	143
5	144
6	55
6	70
6	71
6	76
6	79
6	80
6	86
6	87
6	88
6	93
6	98
6	99
6	100
6	101
6	102
6	103
6	104
6	107
6	108
6	109
6	110
6	111
6	112
6	113
6	114
6	115
6	116
6	117
6	118
6	119
6	120
6	121
6	122
6	123
6	124
6	125
6	126
6	127
6	128
6	129
6	130
6	131
6	132
6	133
6	134
6	135
6	136
6	137
6	138
6	139
6	140
6	141
6	142
6	143
6	144
7	55
7	70
7	71
7	76
7	79
7	80
7	86
7	87
7	88
7	93
7	98
7	99
7	100
7	101
7	102
7	103
7	104
7	107
7	108
7	109
7	110
7	111
7	112
7	113
7	114
7	115
7	116
7	117
7	118
7	119
7	120
7	121
7	122
7	123
7	124
7	125
7	126
7	127
7	128
7	129
7	130
7	131
7	132
7	133
7	134
7	135
7	136
7	137
7	138
7	139
7	140
7	141
7	142
7	143
7	144
8	55
8	70
8	71
8	76
8	79
8	80
8	86
8	87
8	88
8	93
8	98
8	99
8	100
8	101
8	102
8	103
8	104
8	107
8	108
8	109
8	110
8	111
8	112
8	113
8	114
8	115
8	116
8	117
8	118
8	119
8	120
8	121
8	122
8	123
8	124
8	125
8	126
8	127
8	128
8	129
8	130
8	131
8	132
8	133
8	134
8	135
8	136
8	137
8	138
8	139
8	140
8	141
8	142
8	143
8	144
9	55
9	70
9	71
9	76
9	79
9	80
9	86
9	87
9	88
9	93
9	98
9	99
9	100
9	101
9	102
9	103
9	104
9	107
9	108
9	109
9	110
9	111
9	112
9	113
9	114
9	115
9	116
9	117
9	118
9	119
9	120
9	121
9	122
9	123
9	124
9	125
9	126
9	127
9	128
9	129
9	130
9	131
9	132
9	133
9	134
9	135
9	136
9	137
9	138
9	139
9	140
9	141
9	142
9	143
9	144
10	55
10	70
10	71
10	76
10	79
10	80
10	86
10	87
10	88
10	93
10	98
10	99
10	100
10	101
10	102
10	103
10	104
10	107
10	108
10	109
10	110
10	111
10	112
10	113
10	114
10	115
10	116
10	117
10	118
10	119
10	120
10	121
10	122
10	123
10	124
10	125
10	126
10	127
10	128
10	129
10	130
10	131
10	132
10	133
10	134
10	135
10	136
10	137
10	138
10	139
10	140
10	141
10	142
10	143
10	144
11	55
11	60
11	68
11	70
11	71
11	76
11	79
11	80
11	81
11	82
11	83
11	84
11	85
11	86
11	87
11	88
11	91
11	92
11	93
11	94
11	95
11	96
11	97
11	98
11	99
11	100
11	101
11	102
11	103
11	104
11	105
11	106
11	107
11	108
11	109
11	110
11	111
11	112
11	113
11	114
11	115
11	116
11	117
11	118
11	119
11	120
11	121
11	122
11	123
11	124
11	125
11	126
11	127
11	128
11	129
11	130
11	131
11	132
11	133
11	134
11	135
11	136
11	137
11	138
11	139
11	140
11	141
11	142
11	143
11	144
12	55
12	70
12	71
12	76
12	79
12	80
12	86
12	87
12	88
12	93
12	98
12	99
12	100
12	101
12	102
12	103
12	104
12	107
12	108
12	109
12	110
12	111
12	112
12	113
12	114
12	115
12	116
12	117
12	118
12	119
12	120
12	121
12	122
12	123
12	124
12	125
12	126
12	127
12	128
12	129
12	130
12	131
12	132
12	133
12	134
12	135
12	136
12	137
12	138
12	139
12	140
12	141
12	142
12	143
12	144
13	71
13	79
13	80
13	87
13	93
13	98
13	99
13	100
13	101
13	102
13	103
13	104
13	107
13	108
13	109
13	110
13	111
13	112
13	113
13	114
13	115
13	116
13	117
13	118
13	119
13	120
13	121
13	122
13	123
13	124
13	125
13	126
13	127
13	128
13	129
13	130
13	131
13	135
13	136
13	138
13	139
13	140
13	141
13	142
13	143
13	144
14	142
14	143
15	79
15	112
15	114
15	115
15	126
15	131
15	142
15	143
16	55
16	60
16	68
16	70
16	71
16	76
16	79
16	80
16	81
16	82
16	83
16	84
16	85
16	86
16	87
16	88
16	91
16	92
16	93
16	94
16	95
16	96
16	97
16	98
16	99
16	100
16	101
16	102
16	103
16	104
16	105
16	106
16	107
16	108
16	109
16	110
16	111
16	112
16	113
16	114
16	115
16	116
16	117
16	118
16	119
16	120
16	121
16	122
16	123
16	124
16	125
16	126
16	127
16	128
16	129
16	130
16	131
16	132
16	133
16	134
16	135
16	136
16	137
16	138
16	139
16	140
16	141
16	142
16	143
16	144
17	51
17	55
17	60
17	68
17	70
17	71
17	76
17	79
17	80
17	81
17	82
17	83
17	84
17	85
17	86
17	87
17	88
17	91
17	92
17	93
17	94
17	95
17	96
17	97
17	98
17	99
17	100
17	101
17	102
17	103
17	104
17	105
17	106
17	107
17	108
17	109
17	110
17	111
17	112
17	113
17	114
17	115
17	116
17	117
17	118
17	119
17	120
17	121
17	122
17	123
17	124
17	125
17	126
17	127
17	128
17	129
17	130
17	131
17	132
17	133
17	134
17	135
17	136
17	137
17	138
17	139
17	140
17	141
17	142
17	143
17	144
18	79
18	107
18	109
18	112
18	114
18	115
18	120
18	122
18	126
18	127
18	129
18	130
18	131
18	133
18	134
18	135
18	136
18	137
18	138
18	139
18	140
18	141
18	142
18	143
18	144
19	71
19	79
19	80
19	87
19	93
19	98
19	99
19	100
19	101
19	102
19	103
19	104
19	107
19	108
19	109
19	110
19	111
19	112
19	113
19	114
19	115
19	116
19	117
19	118
19	119
19	120
19	121
19	122
19	123
19	124
19	125
19	126
19	127
19	128
19	129
19	130
19	131
19	135
19	136
19	138
19	139
19	140
19	141
19	142
19	143
19	144
20	71
20	79
20	80
20	87
20	93
20	98
20	99
20	100
20	101
20	102
20	103
20	104
20	107
20	108
20	109
20	110
20	111
20	112
20	113
20	114
20	115
20	116
20	117
20	118
20	119
20	120
20	121
20	122
20	123
20	124
20	125
20	126
20	127
20	128
20	129
20	130
20	131
20	135
20	136
20	138
20	139
20	140
20	141
20	142
20	143
20	144
21	71
21	79
21	80
21	87
21	93
21	98
21	99
21	100
21	101
21	102
21	103
21	104
21	107
21	108
21	109
21	110
21	111
21	112
21	113
21	114
21	115
21	116
21	117
21	118
21	119
21	120
21	121
21	122
21	123
21	124
21	125
21	126
21	127
21	128
21	129
21	130
21	131
21	135
21	136
21	138
21	139
21	140
21	141
21	142
21	143
21	144
22	71
22	79
22	80
22	87
22	93
22	98
22	99
22	100
22	101
22	102
22	103
22	104
22	107
22	108
22	109
22	110
22	111
22	112
22	113
22	114
22	115
22	116
22	117
22	118
22	119
22	120
22	121
22	122
22	123
22	124
22	125
22	126
22	127
22	128
22	129
22	130
22	131
22	135
22	136
22	138
22	139
22	140
22	141
22	142
22	143
22	144
23	55
23	70
23	71
23	76
23	79
23	80
23	86
23	87
23	88
23	93
23	98
23	99
23	100
23	101
23	102
23	103
23	104
23	107
23	108
23	109
23	110
23	111
23	112
23	113
23	114
23	115
23	116
23	117
23	118
23	119
23	120
23	121
23	122
23	123
23	124
23	125
23	126
23	127
23	128
23	129
23	130
23	131
23	132
23	133
23	134
23	135
23	136
23	137
23	138
23	139
23	140
23	141
23	142
23	143
23	144
24	52
24	55
24	70
24	71
24	72
24	76
24	78
24	79
24	80
24	86
24	87
24	88
24	93
24	98
24	99
24	100
24	101
24	102
24	103
24	104
24	107
24	108
24	109
24	110
24	111
24	112
24	113
24	114
24	115
24	116
24	117
24	118
24	119
24	120
24	121
24	122
24	123
24	124
24	125
24	126
24	127
24	128
24	129
24	130
24	131
24	132
24	133
24	134
24	135
24	136
24	137
24	138
24	139
24	140
24	141
24	142
24	143
24	144
25	71
25	79
25	80
25	87
25	93
25	98
25	99
25	100
25	101
25	102
25	103
25	104
25	107
25	108
25	109
25	110
25	111
25	112
25	113
25	114
25	115
25	116
25	117
25	118
25	119
25	120
25	121
25	122
25	123
25	124
25	125
25	126
25	127
25	128
25	129
25	130
25	131
25	135
25	136
25	138
25	139
25	140
25	141
25	142
25	143
25	144
26	79
26	107
26	109
26	112
26	114
26	115
26	120
26	122
26	126
26	127
26	129
26	130
26	131
26	133
26	134
26	135
26	136
26	137
26	138
26	139
26	140
26	141
26	142
26	143
26	144
27	55
27	70
27	71
27	76
27	79
27	80
27	86
27	87
27	88
27	93
27	98
27	99
27	100
27	101
27	102
27	103
27	104
27	107
27	108
27	109
27	110
27	111
27	112
27	113
27	114
27	115
27	116
27	117
27	118
27	119
27	120
27	121
27	122
27	123
27	124
27	125
27	126
27	127
27	128
27	129
27	130
27	131
27	132
27	133
27	134
27	135
27	136
27	137
27	138
27	139
27	140
27	141
27	142
27	143
27	144
28	55
28	70
28	71
28	76
28	79
28	80
28	86
28	87
28	88
28	93
28	98
28	99
28	100
28	101
28	102
28	103
28	104
28	107
28	108
28	109
28	110
28	111
28	112
28	113
28	114
28	115
28	116
28	117
28	118
28	119
28	120
28	121
28	122
28	123
28	124
28	125
28	126
28	127
28	128
28	129
28	130
28	131
28	132
28	133
28	134
28	135
28	136
28	137
28	138
28	139
28	140
28	141
28	142
28	143
28	144
29	55
29	70
29	71
29	76
29	79
29	80
29	86
29	87
29	88
29	93
29	98
29	99
29	100
29	101
29	102
29	103
29	104
29	107
29	108
29	109
29	110
29	111
29	112
29	113
29	114
29	115
29	116
29	117
29	118
29	119
29	120
29	121
29	122
29	123
29	124
29	125
29	126
29	127
29	128
29	129
29	130
29	131
29	132
29	133
29	134
29	135
29	136
29	137
29	138
29	139
29	140
29	141
29	142
29	143
29	144
30	79
30	107
30	109
30	112
30	114
30	115
30	120
30	122
30	126
30	127
30	129
30	130
30	131
30	135
30	136
30	138
30	139
30	140
30	141
30	142
30	143
30	144
31	71
31	79
31	80
31	87
31	93
31	98
31	99
31	100
31	101
31	102
31	103
31	104
31	107
31	108
31	109
31	110
31	111
31	112
31	113
31	114
31	115
31	116
31	117
31	118
31	119
31	120
31	121
31	122
31	123
31	124
31	125
31	126
31	127
31	128
31	129
31	130
31	131
31	135
31	136
31	138
31	139
31	140
31	141
31	142
31	143
31	144
32	79
32	107
32	109
32	112
32	114
32	115
32	120
32	122
32	126
32	127
32	129
32	130
32	131
32	133
32	134
32	135
32	136
32	137
32	138
32	139
32	140
32	141
32	142
32	143
32	144
33	55
33	60
33	68
33	70
33	71
33	76
33	79
33	80
33	81
33	82
33	83
33	84
33	85
33	86
33	87
33	88
33	91
33	92
33	93
33	94
33	95
33	96
33	97
33	98
33	99
33	100
33	101
33	102
33	103
33	104
33	105
33	106
33	107
33	108
33	109
33	110
33	111
33	112
33	113
33	114
33	115
33	116
33	117
33	118
33	119
33	120
33	121
33	122
33	123
33	124
33	125
33	126
33	127
33	128
33	129
33	130
33	131
33	132
33	133
33	134
33	135
33	136
33	137
33	138
33	139
33	140
33	141
33	142
33	143
33	144
34	51
34	52
34	54
34	55
34	59
34	60
34	62
34	65
34	66
34	67
34	68
34	69
34	70
34	71
34	72
34	74
34	76
34	77
34	78
34	79
34	80
34	81
34	82
34	83
34	84
34	85
34	86
34	87
34	88
34	89
34	90
34	91
34	92
34	93
34	94
34	95
34	96
34	97
34	98
34	99
34	100
34	101
34	102
34	103
34	104
34	105
34	106
34	107
34	108
34	109
34	110
34	111
34	112
34	113
34	114
34	115
34	116
34	117
34	118
34	119
34	120
34	121
34	122
34	123
34	124
34	125
34	126
34	127
34	128
34	129
34	130
34	131
34	132
34	133
34	134
34	135
34	136
34	137
34	138
34	139
34	140
34	141
34	142
34	143
34	144
35	79
35	107
35	109
35	112
35	114
35	115
35	120
35	122
35	126
35	127
35	129
35	130
35	131
35	135
35	136
35	138
35	139
35	140
35	141
35	142
35	143
35	144
36	79
36	107
36	109
36	112
36	114
36	115
36	120
36	122
36	126
36	127
36	129
36	130
36	131
36	135
36	136
36	138
36	139
36	140
36	141
36	142
36	143
36	144
37	71
37	79
37	80
37	87
37	88
37	93
37	98
37	99
37	100
37	101
37	102
37	103
37	104
37	107
37	108
37	109
37	110
37	111
37	112
37	113
37	114
37	115
37	116
37	117
37	118
37	119
37	120
37	121
37	122
37	123
37	124
37	125
37	126
37	127
37	128
37	129
37	130
37	131
37	135
37	136
37	138
37	139
37	140
37	141
37	142
37	143
37	144
38	71
38	79
38	80
38	87
38	88
38	93
38	98
38	99
38	100
38	101
38	102
38	103
38	104
38	107
38	108
38	109
38	110
38	111
38	112
38	113
38	114
38	115
38	116
38	117
38	118
38	119
38	120
38	121
38	122
38	123
38	124
38	125
38	126
38	127
38	128
38	129
38	130
38	131
38	135
38	136
38	138
38	139
38	140
38	141
38	142
38	143
38	144
39	142
39	143
40	79
40	109
40	112
40	114
40	115
40	126
40	130
40	131
40	142
40	143
41	55
41	70
41	71
41	76
41	79
41	80
41	86
41	87
41	88
41	93
41	98
41	99
41	100
41	101
41	102
41	103
41	104
41	107
41	108
41	109
41	110
41	111
41	112
41	113
41	114
41	115
41	116
41	117
41	118
41	119
41	120
41	121
41	122
41	123
41	124
41	125
41	126
41	127
41	128
41	129
41	130
41	131
41	132
41	133
41	134
41	135
41	136
41	137
41	138
41	139
41	140
41	141
41	142
41	143
41	144
42	52
42	54
42	55
42	60
42	65
42	66
42	68
42	70
42	71
42	72
42	76
42	77
42	78
42	79
42	80
42	81
42	82
42	83
42	84
42	85
42	86
42	87
42	88
42	89
42	90
42	91
42	92
42	93
42	94
42	95
42	96
42	97
42	98
42	99
42	100
42	101
42	102
42	103
42	104
42	105
42	106
42	107
42	108
42	109
42	110
42	111
42	112
42	113
42	114
42	115
42	116
42	117
42	118
42	119
42	120
42	121
42	122
42	123
42	124
42	125
42	126
42	127
42	128
42	129
42	130
42	131
42	132
42	133
42	134
42	135
42	136
42	137
42	138
42	139
42	140
42	141
42	142
42	143
42	144
43	55
43	60
43	68
43	70
43	71
43	76
43	79
43	80
43	81
43	82
43	83
43	84
43	85
43	86
43	87
43	88
43	91
43	92
43	93
43	94
43	95
43	96
43	97
43	98
43	99
43	100
43	101
43	102
43	103
43	104
43	105
43	106
43	107
43	108
43	109
43	110
43	111
43	112
43	113
43	114
43	115
43	116
43	117
43	118
43	119
43	120
43	121
43	122
43	123
43	124
43	125
43	126
43	127
43	128
43	129
43	130
43	131
43	132
43	133
43	134
43	135
43	136
43	137
43	138
43	139
43	140
43	141
43	142
43	143
43	144
44	55
44	60
44	68
44	70
44	71
44	76
44	79
44	80
44	81
44	82
44	83
44	84
44	85
44	86
44	87
44	88
44	91
44	92
44	93
44	94
44	95
44	96
44	97
44	98
44	99
44	100
44	101
44	102
44	103
44	104
44	105
44	106
44	107
44	108
44	109
44	110
44	111
44	112
44	113
44	114
44	115
44	116
44	117
44	118
44	119
44	120
44	121
44	122
44	123
44	124
44	125
44	126
44	127
44	128
44	129
44	130
44	131
44	132
44	133
44	134
44	135
44	136
44	137
44	138
44	139
44	140
44	141
44	142
44	143
44	144
45	55
45	60
45	68
45	70
45	71
45	76
45	79
45	80
45	81
45	82
45	83
45	84
45	85
45	86
45	87
45	88
45	91
45	92
45	93
45	94
45	95
45	96
45	97
45	98
45	99
45	100
45	101
45	102
45	103
45	104
45	105
45	106
45	107
45	108
45	109
45	110
45	111
45	112
45	113
45	114
45	115
45	116
45	117
45	118
45	119
45	120
45	121
45	122
45	123
45	124
45	125
45	126
45	127
45	128
45	129
45	130
45	131
45	132
45	133
45	134
45	135
45	136
45	137
45	138
45	139
45	140
45	141
45	142
45	143
45	144
46	71
46	79
46	80
46	87
46	88
46	93
46	98
46	99
46	100
46	101
46	102
46	103
46	104
46	107
46	108
46	109
46	110
46	111
46	112
46	113
46	114
46	115
46	116
46	117
46	118
46	119
46	120
46	121
46	122
46	123
46	124
46	125
46	126
46	127
46	128
46	129
46	130
46	131
46	135
46	136
46	138
46	139
46	140
46	141
46	142
46	143
46	144
47	55
47	70
47	71
47	76
47	79
47	80
47	86
47	87
47	88
47	93
47	98
47	99
47	100
47	101
47	102
47	103
47	104
47	107
47	108
47	109
47	110
47	111
47	112
47	113
47	114
47	115
47	116
47	117
47	118
47	119
47	120
47	121
47	122
47	123
47	124
47	125
47	126
47	127
47	128
47	129
47	130
47	131
47	132
47	133
47	134
47	135
47	136
47	137
47	138
47	139
47	140
47	141
47	142
47	143
47	144
48	79
48	93
48	100
48	101
48	103
48	104
48	109
48	110
48	111
48	112
48	114
48	115
48	116
48	117
48	118
48	119
48	120
48	121
48	122
48	123
48	124
48	125
48	126
48	128
48	129
48	130
48	131
48	135
48	136
48	138
48	139
48	140
48	141
48	142
48	143
48	144
49	71
49	79
49	80
49	87
49	88
49	93
49	98
49	99
49	100
49	101
49	102
49	103
49	104
49	107
49	108
49	109
49	110
49	111
49	112
49	113
49	114
49	115
49	116
49	117
49	118
49	119
49	120
49	121
49	122
49	123
49	124
49	125
49	126
49	127
49	128
49	129
49	130
49	131
49	132
49	133
49	134
49	135
49	136
49	137
49	138
49	139
49	140
49	141
49	142
49	143
49	144
50	55
50	70
50	71
50	76
50	79
50	80
50	86
50	87
50	88
50	93
50	98
50	99
50	100
50	101
50	102
50	103
50	104
50	107
50	108
50	109
50	110
50	111
50	112
50	113
50	114
50	115
50	116
50	117
50	118
50	119
50	120
50	121
50	122
50	123
50	124
50	125
50	126
50	127
50	128
50	129
50	130
50	131
50	132
50	133
50	134
50	135
50	136
50	137
50	138
50	139
50	140
50	141
50	142
50	143
50	144
51	60
51	68
51	71
51	77
51	79
51	80
51	82
51	83
51	84
51	85
51	87
51	88
51	90
51	91
51	92
51	93
51	94
51	95
51	96
51	97
51	98
51	99
51	100
51	101
51	102
51	103
51	104
51	105
51	106
51	107
51	108
51	109
51	110
51	111
51	112
51	113
51	114
51	115
51	116
51	117
51	118
51	119
51	120
51	121
51	122
51	123
51	124
51	125
51	126
51	127
51	128
51	129
51	130
51	131
51	132
51	133
51	134
51	135
51	136
51	137
51	138
51	139
51	140
51	141
51	142
51	143
51	144
52	55
52	70
52	71
52	76
52	79
52	80
52	86
52	87
52	88
52	93
52	98
52	99
52	100
52	101
52	102
52	103
52	104
52	107
52	108
52	109
52	110
52	111
52	112
52	113
52	114
52	115
52	116
52	117
52	118
52	119
52	120
52	121
52	122
52	123
52	124
52	125
52	126
52	127
52	128
52	129
52	130
52	131
52	132
52	133
52	134
52	135
52	136
52	137
52	138
52	139
52	140
52	141
52	142
52	143
52	144
53	79
53	107
53	109
53	112
53	114
53	115
53	120
53	122
53	126
53	127
53	129
53	130
53	131
53	135
53	136
53	138
53	139
53	140
53	141
53	142
53	143
53	144
54	143
55	120
55	131
55	135
55	138
55	139
55	142
55	143
56	120
56	131
56	135
56	138
56	139
56	142
56	143
57	120
57	131
57	135
57	138
57	139
57	142
57	143
58	120
58	131
58	135
58	138
58	139
58	142
58	143
59	126
59	142
59	143
61	143
62	112
62	114
62	115
62	120
62	122
62	126
62	127
62	131
62	135
62	138
62	139
62	142
62	143
63	79
63	112
63	114
63	115
63	120
63	122
63	126
63	131
63	135
63	138
63	139
63	142
63	143
64	114
64	126
64	131
64	142
64	143
65	143
66	143
69	142
69	143
73	112
73	126
73	143
74	79
74	112
74	126
74	143
75	143
77	79
77	110
77	112
77	114
77	115
77	117
77	118
77	119
77	120
77	121
77	122
77	123
77	125
77	126
77	131
77	135
77	138
77	139
77	142
77	143
78	120
78	131
78	135
78	138
78	139
78	142
78	143
89	143
105	143