127	2448
1	19
1	20
1	22
1	28
1	37
1	38
1	39
1	40
1	42
1	44
1	45
1	46
1	48
1	52
1	53
1	54
1	55
1	56
1	57
1	59
1	60
1	61
1	62
1	63
1	64
1	65
1	66
1	67
1	68
1	69
1	70
1	71
1	72
1	73
1	74
1	75
1	76
1	77
1	78
1	79
1	80
1	81
1	82
1	83
1	84
1	85
1	86
1	87
1	88
1	89
1	90
1	91
1	92
1	93
1	94
1	95
1	96
1	97
1	98
1	99
1	100
1	101
1	102
1	103
1	104
1	105
1	106
1	107
1	108
1	109
1	110
1	111
1	112
1	113
1	114
1	115
1	116
1	117
1	118
1	119
1	120
1	121
1	122
1	123
1	124
1	125
1	126
1	127
2	19
2	20
2	28
2	38
2	39
2	40
2	60
2	61
2	70
2	75
2	78
2	79
2	80
2	81
2	82
2	83
2	84
2	85
2	86
2	87
2	88
2	89
2	90
2	91
2	92
2	93
2	94
2	95
2	96
2	97
2	98
2	99
2	100
2	101
2	102
2	103
2	104
2	105
2	106
2	107
2	108
2	109
2	110
2	111
2	112
2	113
2	114
2	115
2	116
2	117
2	118
2	119
2	120
2	121
2	122
2	123
2	124
2	125
2	126
2	127
3	19
3	20
3	28
3	39
3	40
3	78
3	80
3	81
3	82
3	83
3	84
3	85
3	86
3	87
3	88
3	89
3	90
3	91
3	92
3	93
3	94
3	95
3	96
3	97
3	98
3	99
3	100
3	101
3	102
3	103
3	104
3	105
3	106
3	107
3	108
3	109
3	110
3	111
3	112
3	113
3	114
3	115
3	116
3	117
3	118
3	119
3	120
3	121
3	122
3	123
3	124
3	125
3	126
3	127
4	19
4	20
4	28
4	38
4	39
4	40
4	60
4	61
4	70
4	75
4	78
4	79
4	80
4	81
4	82
4	83
4	84
4	85
4	86
4	87
4	88
4	89
4	90
4	91
4	92
4	93
4	94
4	95
4	96
4	97
4	98
4	99
4	100
4	101
4	102
4	103
4	104
4	105
4	106
4	107
4	108
4	109
4	110
4	111
4	112
4	113
4	114
4	115
4	116
4	117
4	118
4	119
4	120
4	121
4	122
4	123
4	124
4	125
4	126
4	127
5	19
5	20
5	28
5	38
5	39
5	40
5	60
5	61
5	70
5	75
5	78
5	79
5	80
5	81
5	82
5	83
5	84
5	85
5	86
5	87
5	88
5	89
5	90
5	91
5	92
5	93
5	94
5	95
5	96
5	97
5	98
5	99
5	100
5	101
5	102
5	103
5	104
5	105
5	106
5	107
5	108
5	109
5	110
5	111
5	112
5	113
5	114
5	115
5	116
5	117
5	118
5	119
5	120
5	121
5	122
5	123
5	124
5	125
5	126
5	127
6	19
6	20
6	28
6	38
6	39
6	40
6	60
6	61
6	70
6	75
6	78
6	79
6	80
6	81
6	82
6	83
6	84
6	85
6	86
6	87
6	88
6	89
6	90
6	91
6	92
6	93
6	94
6	95
6	96
6	97
6	98
6	99
6	100
6	101
6	102
6	103
6	104
6	105
6	106
6	107
6	108
6	109
6	110
6	111
6	112
6	113
6	114
6	115
6	116
6	117
6	118
6	119
6	120
6	121
6	122
6	123
6	124
6	125
6	126
6	127
7	19
7	20
7	28
7	38
7	39
7	40
7	60
7	61
7	70
7	75
7	78
7	79
7	80
7	81
7	82
7	83
7	84
7	85
7	86
7	87
7	88
7	89
7	90
7	91
7	92
7	93
7	94
7	95
7	96
7	97
7	98
7	99
7	100
7	101
7	102
7	103
7	104
7	105
7	106
7	107
7	108
7	109
7	110
7	111
7	112
7	113
7	114
7	115
7	116
7	117
7	118
7	119
7	120
7	121
7	122
7	123
7	124
7	125
7	126
7	127
8	19
8	20
8	22
8	28
8	37
8	38
8	39
8	40
8	42
8	45
8	46
8	48
8	52
8	53
8	54
8	55
8	56
8	57
8	59
8	60
8	61
8	62
8	63
8	64
8	65
8	66
8	67
8	68
8	69
8	70
8	71
8	72
8	73
8	74
8	75
8	76
8	77
8	78
8	79
8	80
8	81
8	82
8	83
8	84
8	85
8	86
8	87
8	88
8	89
8	90
8	91
8	92
8	93
8	94
8	95
8	96
8	97
8	98
8	99
8	100
8	101
8	102
8	103
8	104
8	105
8	106
8	107
8	108
8	109
8	110
8	111
8	112
8	113
8	114
8	115
8	116
8	117
8	118
8	119
8	120
8	121
8	122
8	123
8	124
8	125
8	126
8	127
9	19
9	20
9	28
9	40
9	82
9	87
9	89
9	91
9	92
9	95
9	96
9	97
9	98
9	99
9	100
9	101
9	103
9	104
9	107
9	109
9	110
9	111
9	112
9	113
9	114
9	115
9	116
9	117
9	118
9	119
9	120
9	121
9	122
9	123
9	124
9	125
9	126
9	127
10	19
10	20
10	28
10	40
10	82
10	87
10	89
10	91
10	92
10	95
10	96
10	97
10	98
10	99
10	100
10	101
10	103
10	104
10	107
10	109
10	110
10	111
10	112
10	113
10	114
10	115
10	116
10	117
10	118
10	119
10	120
10	121
10	122
10	123
10	124
10	125
10	126
10	127
11	19
11	20
11	28
11	39
11	40
11	70
11	78
11	80
11	81
11	82
11	83
11	84
11	85
11	86
11	87
11	88
11	89
11	90
11	91
11	92
11	93
11	94
11	95
11	96
11	97
11	98
11	99
11	100
11	101
11	102
11	103
11	104
11	105
11	106
11	107
11	108
11	109
11	110
11	111
11	112
11	113
11	114
11	115
11	116
11	117
11	118
11	119
11	120
11	121
11	122
11	123
11	124
11	125
11	126
11	127
12	19
12	20
12	28
12	39
12	40
12	78
12	80
12	81
12	82
12	83
12	84
12	85
12	86
12	87
12	88
12	89
12	90
12	91
12	92
12	93
12	94
12	95
12	96
12	97
12	98
12	99
12	100
12	101
12	102
12	103
12	104
12	105
12	106
12	107
12	108
12	109
12	110
12	111
12	112
12	113
12	114
12	115
12	116
12	117
12	118
12	119
12	120
12	121
12	122
12	123
12	124
12	125
12	126
12	127
13	19
13	20
13	28
13	39
13	40
13	78
13	80
13	81
13	82
13	83
13	84
13	85
13	86
13	87
13	88
13	89
13	90
13	91
13	92
13	93
13	94
13	95
13	96
13	97
13	98
13	99
13	100
13	101
13	102
13	103
13	104
13	105
13	106
13	107
13	108
13	109
13	110
13	111
13	112
13	113
13	114
13	115
13	116
13	117
13	118
13	119
13	120
13	121
13	122
13	123
13	124
13	125
13	126
13	127
14	19
14	20
14	28
14	40
14	82
14	87
14	89
14	91
14	92
14	95
14	96
14	97
14	98
14	99
14	100
14	101
14	103
14	104
14	107
14	109
14	110
14	111
14	112
14	113
14	114
14	115
14	116
14	117
14	118
14	119
14	120
14	121
14	122
14	123
14	124
14	125
14	126
14	127
15	19
15	20
15	28
15	40
15	82
15	87
15	89
15	91
15	92
15	95
15	96
15	97
15	98
15	99
15	100
15	101
15	103
15	104
15	107
15	109
15	110
15	111
15	112
15	113
15	114
15	115
15	116
15	117
15	118
15	119
15	120
15	121
15	122
15	123
15	124
15	125
15	126
15	127
16	19
16	20
16	28
16	40
16	82
16	87
16	89
16	91
16	92
16	95
16	96
16	97
16	98
16	99
16	100
16	101
16	103
16	104
16	107
16	109
16	110
16	111
16	112
16	113
16	114
16	115
16	116
16	117
16	118
16	119
16	120
16	121
16	122
16	123
16	124
16	125
16	126
16	127
17	19
17	20
17	28
17	40
17	91
17	109
17	110
17	114
17	115
17	116
17	117
17	118
17	119
17	120
17	121
17	122
17	123
17	124
17	125
17	126
17	127
18	19
18	20
18	28
18	40
18	91
18	109
18	110
18	114
18	115
18	116
18	117
18	118
18	119
18	120
18	121
18	122
18	123
18	124
18	125
18	126
18	127
19	21
19	22
19	23
19	24
19	25
19	26
19	27
19	28
19	29
19	30
19	31
19	32
19	33
19	34
19	35
19	36
19	37
19	38
19	39
19	40
19	41
19	42
19	43
19	44
19	45
19	46
19	47
19	48
19	49
19	50
19	51
19	52
19	53
19	54
19	55
19	56
19	57
19	58
19	59
19	60
19	61
19	62
19	63
19	64
19	65
19	66
19	67
19	68
19	69
19	70
19	71
19	72
19	73
19	74
19	75
19	76
19	77
19	78
19	79
19	80
19	81
19	82
19	83
19	84
19	85
19	86
19	87
19	88
19	89
19	90
19	91
19	92
19	93
19	94
19	95
19	96
19	97
19	98
19	99
19	100
19	101
19	102
19	103
19	104
19	105
19	106
19	107
19	108
19	109
19	110
19	111
19	112
19	113
19	114
19	115
19	116
19	117
19	118
19	119
19	120
19	121
19	122
19	123
19	124
19	125
19	126
19	127
20	21
20	22
20	23
20	24
20	25
20	26
20	27
20	28
20	29
20	30
20	31
20	32
20	33
20	34
20	35
20	36
20	37
20	38
20	39
20	40
20	41
20	42
20	43
20	44
20	45
20	46
20	47
20	48
20	49
20	50
20	51
20	52
20	53
20	54
20	55
20	56
20	57
20	58
20	59
20	60
20	61
20	62
20	63
20	64
20	65
20	66
20	67
20	68
20	69
20	70
20	71
20	72
20	73
20	74
20	75
20	76
20	77
20	78
20	79
20	80
20	81
20	82
20	83
20	84
20	85
20	86
20	87
20	88
20	89
20	90
20	91
20	92
20	93
20	94
20	95
20	96
20	97
20	98
20	99
20	100
20	101
20	102
20	103
20	104
20	105
20	106
20	107
20	108
20	109
20	110
20	111
20	112
20	113
20	114
20	115
20	116
20	117
20	118
20	119
20	120
20	121
20	122
20	123
20	124
20	125
20	126
20	127
21	28
21	39
21	40
21	78
21	80
21	81
21	82
21	83
21	84
21	85
21	86
21	87
21	88
21	89
21	90
21	91
21	92
21	93
21	94
21	95
21	96
21	97
21	98
21	99
21	100
21	101
21	102
21	103
21	104
21	105
21	106
21	107
21	108
21	109
21	110
21	111
21	112
21	113
21	114
21	115
21	116
21	117
21	118
21	119
21	120
21	121
21	122
21	123
21	124
21	125
21	126
21	127
22	28
22	38
22	39
22	40
22	60
22	61
22	70
22	75
22	78
22	79
22	80
22	81
22	82
22	83
22	84
22	85
22	86
22	87
22	88
22	89
22	90
22	91
22	92
22	93
22	94
22	95
22	96
22	97
22	98
22	99
22	100
22	101
22	102
22	103
22	104
22	105
22	106
22	107
22	108
22	109
22	110
22	111
22	112
22	113
22	114
22	115
22	116
22	117
22	118
22	119
22	120
22	121
22	122
22	123
22	124
22	125
22	126
22	127
23	28
23	40
23	91
23	109
23	110
23	114
23	115
23	116
23	117
23	118
23	119
23	120
23	121
23	122
23	123
23	124
23	125
23	126
23	127
24	28
24	40
24	91
24	109
24	116
24	117
24	120
24	121
24	122
24	123
24	124
24	125
24	126
24	127
25	28
25	40
25	91
25	109
25	110
25	114
25	115
25	116
25	117
25	118
25	119
25	120
25	121
25	122
25	123
25	124
25	125
25	126
25	127
26	28
26	40
26	82
26	87
26	89
26	91
26	92
26	95
26	96
26	97
26	98
26	99
26	100
26	101
26	103
26	104
26	107
26	109
26	110
26	111
26	112
26	113
26	114
26	115
26	116
26	117
26	118
26	119
26	120
26	121
26	122
26	123
26	124
26	125
26	126
26	127
27	28
27	40
27	91
27	109
27	110
27	114
27	115
27	116
27	117
27	118
27	119
27	120
27	121
27	122
27	123
27	124
27	125
27	126
27	127
28	29
28	30
28	31
28	32
28	33
28	34
28	35
28	36
28	37
28	38
28	39
28	40
28	41
28	42
28	43
28	44
28	45
28	46
28	47
28	48
28	49
28	50
28	51
28	52
28	53
28	54
28	55
28	56
28	57
28	58
28	59
28	60
28	61
28	62
28	63
28	64
28	65
28	66
28	67
28	68
28	69
28	70
28	71
28	72
28	73
28	74
28	75
28	76
28	77
28	78
28	79
28	80
28	81
28	82
28	83
28	84
28	85
28	86
28	87
28	88
28	89
28	90
28	91
28	92
28	93
28	94
28	95
28	96
28	97
28	98
28	99
28	100
28	101
28	102
28	103
28	104
28	105
28	106
28	107
28	108
28	109
28	110
28	111
28	112
28	113
28	114
28	115
28	116
28	117
28	118
28	119
28	120
28	121
28	122
28	123
28	124
28	125
28	126
28	127
29	40
29	82
29	87
29	89
29	91
29	92
29	95
29	96
29	97
29	98
29	99
29	100
29	101
29	103
29	104
29	107
29	109
29	110
29	111
29	112
29	113
29	114
29	115
29	116
29	117
29	118
29	119
29	120
29	121
29	122
29	123
29	124
29	125
29	126
29	127
30	39
30	40
30	78
30	80
30	81
30	82
30	83
30	84
30	85
30	86
30	87
30	88
30	89
30	90
30	91
30	92
30	93
30	94
30	95
30	96
30	97
30	98
30	99
30	100
30	101
30	102
30	103
30	104
30	105
30	106
30	107
30	108
30	109
30	110
30	111
30	112
30	113
30	114
30	115
30	116
30	117
30	118
30	119
30	120
30	121
30	122
30	123
30	124
30	125
30	126
30	127
31	40
31	82
31	87
31	89
31	91
31	92
31	95
31	96
31	97
31	98
31	99
31	100
31	101
31	103
31	104
31	107
31	109
31	110
31	111
31	112
31	113
31	114
31	115
31	116
31	117
31	118
31	119
31	120
31	121
31	122
31	123
31	124
31	125
31	126
31	127
32	38
32	39
32	40
32	60
32	61
32	70
32	75
32	78
32	79
32	80
32	81
32	82
32	83
32	84
32	85
32	86
32	87
32	88
32	89
32	90
32	91
32	92
32	93
32	94
32	95
32	96
32	97
32	98
32	99
32	100
32	101
32	102
32	103
32	104
32	105
32	106
32	107
32	108
32	109
32	110
32	111
32	112
32	113
32	114
32	115
32	116
32	117
32	118
32	119
32	120
32	121
32	122
32	123
32	124
32	125
32	126
32	127
33	39
33	40
33	78
33	80
33	81
33	82
33	83
33	84
33	85
33	86
33	87
33	88
33	89
33	90
33	91
33	92
33	93
33	94
33	95
33	96
33	97
33	98
33	99
33	100
33	101
33	102
33	103
33	104
33	105
33	106
33	107
33	108
33	109
33	110
33	111
33	112
33	113
33	114
33	115
33	116
33	117
33	118
33	119
33	120
33	121
33	122
33	123
33	124
33	125
33	126
33	127
34	40
34	91
34	116
34	120
34	121
34	123
34	124
34	125
34	126
34	127
35	40
35	91
35	109
35	116
35	117
35	120
35	121
35	122
35	123
35	124
35	125
35	126
35	127
36	40
36	91
36	109
36	116
36	117
36	120
36	121
36	122
36	123
36	124
36	125
36	126
36	127
37	40
37	91
37	109
37	116
37	117
37	120
37	121
37	122
37	123
37	124
37	125
37	126
37	127
38	40
38	91
38	116
38	120
38	121
38	123
38	124
38	125
38	126
38	127
39	40
39	91
39	109
39	116
39	117
39	120
39	121
39	122
39	123
39	124
39	125
39	126
39	127
40	41
40	42
40	43
40	44
40	45
40	46
40	47
40	48
40	49
40	50
40	51
40	52
40	53
40	54
40	55
40	56
40	57
40	58
40	59
40	60
40	61
40	62
40	63
40	64
40	65
40	66
40	67
40	68
40	69
40	70
40	71
40	72
40	73
40	74
40	75
40	76
40	77
40	78
40	79
40	80
40	81
40	82
40	83
40	84
40	85
40	86
40	87
40	88
40	89
40	90
40	91
40	92
40	93
40	94
40	95
40	96
40	97
40	98
40	99
40	100
40	101
40	102
40	103
40	104
40	105
40	106
40	107
40	108
40	109
40	110
40	111
40	112
40	113
40	114
40	115
40	116
40	117
40	118
40	119
40	120
40	121
40	122
40	123
40	124
40	125
40	126
40	127
41	91
41	116
41	120
41	121
41	123
41	124
41	125
41	126
41	127
42	91
42	116
42	120
42	121
42	123
42	124
42	125
42	126
42	127
43	91
43	116
43	120
43	121
43	123
43	124
43	125
43	126
43	127
44	91
44	109
44	116
44	117
44	120
44	121
44	122
44	123
44	124
44	125
44	126
44	127
45	91
45	109
45	116
45	117
45	120
45	121
45	122
45	123
45	124
45	125
45	126
45	127
46	91
46	116
46	120
46	121
46	123
46	124
46	125
46	126
46	127
47	91
47	109
47	116
47	117
47	120
47	121
47	122
47	123
47	124
47	125
47	126
47	127
48	91
48	109
48	116
48	117
48	120
48	121
48	122
48	123
48	124
48	125
48	126
48	127
49	91
49	109
49	116
49	117
49	120
49	121
49	122
49	123
49	124
49	125
49	126
49	127
50	91
50	109
50	116
50	117
50	120
50	121
50	122
50	123
50	124
50	125
50	126
50	127
51	91
51	109
51	116
51	117
51	120
51	121
51	122
51	123
51	124
51	125
51	126
51	127
52	91
52	116
52	120
52	121
52	123
52	124
52	125
52	126
52	127
53	91
53	109
53	116
53	117
53	120
53	121
53	122
53	123
53	124
53	125
53	126
53	127
54	91
54	116
54	120
54	121
54	123
54	124
54	125
54	126
54	127
55	91
55	116
55	120
55	121
55	123
55	124
55	125
55	126
55	127
56	91
56	109
56	116
56	117
56	120
56	121
56	122
56	123
56	124
56	125
56	126
56	127
57	91
57	116
57	120
57	121
57	123
57	124
57	125
57	126
57	127
58	91
58	116
58	120
58	121
58	123
58	124
58	125
58	126
58	127
59	91
59	116
59	120
59	121
59	123
59	124
59	125
59	126
59	127
60	91
60	116
60	120
60	121
60	123
60	124
60	125
60	126
60	127
61	91
61	116
61	120
61	121
61	123
61	124
61	125
61	126
61	127
62	91
62	116
62	120
62	121
62	123
62	124
62	125
62	126
62	127
63	91
63	116
63	120
63	121
63	123
63	124
63	125
63	126
63	127
64	91
64	116
64	120
64	121
64	123
64	124
64	125
64	126
64	127
65	91
65	116
65	120
65	121
65	123
65	124
65	125
65	126
65	127
66	91
66	116
66	123
66	124
66	125
66	126
66	127
67	91
67	116
67	123
67	124
67	125
67	126
67	127
68	91
68	116
68	123
68	124
68	125
68	126
68	127
69	91
69	116
69	123
69	124
69	125
69	126
69	127
70	91
70	116
70	120
70	121
70	123
70	124
70	125
70	126
70	127
71	91
71	116
71	120
71	121
71	123
71	124
71	125
71	126
71	127
72	91
72	116
72	120
72	121
72	123
72	124
72	125
72	126
72	127
73	91
73	116
73	123
73	124
73	125
73	126
73	127
74	91
74	116
74	123
74	124
74	125
74	126
74	127
75	91
75	116
75	123
75	124
75	126
75	127
76	91
76	116
76	120
76	121
76	123
76	124
76	125
76	126
76	127
77	91
77	116
77	123
77	124
77	125
77	126
77	127
78	91
78	116
78	123
78	126
78	127
79	91
79	116
79	123
79	124
79	126
79	127
80	91
80	116
80	123
80	124
80	126
80	127
81	91
81	116
81	123
81	126
81	127
82	91
82	116
82	123
82	124
82	126
82	127
83	91
83	116
83	123
83	124
83	126
83	127
84	91
84	116
84	123
84	126
84	127
85	91
85	116
85	123
85	124
85	126
85	127
86	91
86	116
86	123
86	124
86	126
86	127
87	91
87	116
87	123
87	124
87	126
87	127
88	91
88	116
88	123
88	124
88	126
88	127
89	91
89	116
89	123
89	124
89	125
89	126
89	127
90	91
90	116
90	123
90	124
90	126
90	127
91	92
91	93
91	94
91	95
91	96
91	97
91	98
91	99
91	100
91	101
91	102
91	103
91	104
91	105
91	106
91	107
91	108
91	109
91	110
91	111
91	112
91	113
91	114
91	115
91	116
91	117
91	118
91	119
91	120
91	121
91	122
91	123
91	124
91	125
91	126
91	127
92	116
92	123
92	124
92	126
92	127
93	116
93	123
93	124
93	126
93	127
94	116
94	123
94	124
94	126
94	127
95	116
95	123
95	124
95	125
95	126
95	127
96	116
96	123
96	126
96	127
97	116
97	123
97	124
97	125
97	126
97	127
98	116
98	123
98	124
98	126
98	127
99	116
99	123
99	124
99	126
99	127
100	116
100	123
100	124
100	126
100	127
101	116
101	123
101	126
101	127
102	116
102	123
102	124
102	126
102	127
103	116
103	123
103	126
103	127
104	116
104	123
104	126
104	127
105	116
105	123
105	126
105	127
106	116
106	123
106	126
106	127
107	116
107	123
107	126
107	127
108	116
108	123
108	126
108	127
109	116
109	123
109	124
109	125
109	126
109	127
110	116
110	123
110	124
110	126
110	127
111	116
111	123
111	124
111	126
111	127
112	116
112	123
112	124
112	126
112	127
113	116
113	123
113	126
113	127
114	116
114	123
114	124
114	126
114	127
115	116
115	123
115	126
115	127
116	117
116	118
116	119
116	120
116	121
116	122
116	123
116	124
116	125
116	126
116	127
117	123
117	124
117	126
117	127
118	123
118	126
118	127
119	123
119	126
119	127
120	123
120	126
120	127
121	123
121	126
121	127
122	123
122	126
122	127
123	124
123	125
123	126
123	127
124	126
124	127
125	126
125	127