247	5000
1	31
1	46
1	102
1	144
1	151
1	155
1	159
1	161
1	164
1	165
1	166
1	168
1	169
1	170
1	171
1	172
1	173
1	174
1	175
1	176
1	177
1	178
1	179
1	180
1	181
1	182
1	183
1	184
1	185
1	186
1	187
1	188
1	189
1	190
1	191
1	192
1	193
1	194
1	195
1	196
1	197
1	198
1	199
1	200
1	201
1	202
1	203
1	204
1	205
1	206
1	207
1	208
1	209
1	210
1	211
1	212
1	213
1	214
1	215
1	216
1	217
1	218
1	219
1	220
1	221
1	222
1	223
1	224
1	225
1	226
1	227
1	228
1	229
1	230
1	231
1	232
1	233
1	234
1	235
1	236
1	237
1	238
1	239
1	240
1	241
1	242
1	243
1	244
1	245
1	246
1	247
2	31
2	46
2	155
2	165
2	169
2	176
2	177
2	179
2	180
2	181
2	185
2	186
2	187
2	188
2	189
2	190
2	191
2	194
2	195
2	196
2	197
2	198
2	199
2	200
2	201
2	202
2	203
2	204
2	205
2	206
2	207
2	208
2	209
2	210
2	211
2	212
2	213
2	214
2	215
2	216
2	217
2	218
2	219
2	220
2	221
2	222
2	223
2	224
2	225
2	226
2	227
2	228
2	229
2	230
2	231
2	232
2	233
2	234
2	235
2	236
2	237
2	238
2	239
2	240
2	241
2	242
2	243
2	244
2	245
2	246
2	247
3	31
3	46
3	102
3	144
3	151
3	155
3	159
3	161
3	164
3	165
3	166
3	168
3	169
3	170
3	171
3	172
3	173
3	174
3	175
3	176
3	177
3	178
3	179
3	180
3	181
3	182
3	183
3	184
3	185
3	186
3	187
3	188
3	189
3	190
3	191
3	192
3	193
3	194
3	195
3	196
3	197
3	198
3	199
3	200
3	201
3	202
3	203
3	204
3	205
3	206
3	207
3	208
3	209
3	210
3	211
3	212
3	213
3	214
3	215
3	216
3	217
3	218
3	219
3	220
3	221
3	222
3	223
3	224
3	225
3	226
3	227
3	228
3	229
3	230
3	231
3	232
3	233
3	234
3	235
3	236
3	237
3	238
3	239
3	240
3	241
3	242
3	243
3	244
3	245
3	246
3	247
4	31
4	46
4	155
4	165
4	169
4	176
4	177
4	179
4	180
4	181
4	185
4	186
4	187
4	188
4	189
4	190
4	191
4	194
4	195
4	196
4	197
4	198
4	199
4	200
4	201
4	202
4	203
4	204
4	205
4	206
4	207
4	208
4	209
4	210
4	211
4	212
4	213
4	214
4	215
4	216
4	217
4	218
4	219
4	220
4	221
4	222
4	223
4	224
4	225
4	226
4	227
4	228
4	229
4	230
4	231
4	232
4	233
4	234
4	235
4	236
4	237
4	238
4	239
4	240
4	241
4	242
4	243
4	244
4	245
4	246
4	247
5	31
5	46
5	155
5	165
5	169
5	176
5	177
5	179
5	180
5	181
5	185
5	186
5	187
5	188
5	189
5	190
5	191
5	194
5	195
5	196
5	197
5	198
5	199
5	200
5	201
5	202
5	203
5	204
5	205
5	206
5	207
5	208
5	209
5	210
5	211
5	212
5	213
5	214
5	215
5	216
5	217
5	218
5	219
5	220
5	221
5	222
5	223
5	224
5	225
5	226
5	227
5	228
5	229
5	230
5	231
5	232
5	233
5	234
5	235
5	236
5	237
5	238
5	239
5	240
5	241
5	242
5	243
5	244
5	245
5	246
5	247
6	31
6	46
6	155
6	165
6	169
6	176
6	177
6	179
6	180
6	181
6	185
6	186
6	187
6	188
6	189
6	190
6	191
6	194
6	195
6	196
6	197
6	198
6	199
6	200
6	201
6	202
6	203
6	204
6	205
6	206
6	207
6	208
6	209
6	210
6	211
6	212
6	213
6	214
6	215
6	216
6	217
6	218
6	219
6	220
6	221
6	222
6	223
6	224
6	225
6	226
6	227
6	228
6	229
6	230
6	231
6	232
6	233
6	234
6	235
6	236
6	237
6	238
6	239
6	240
6	241
6	242
6	243
6	244
6	245
6	246
6	247
7	31
7	46
7	155
7	165
7	169
7	176
7	177
7	179
7	180
7	181
7	185
7	186
7	187
7	188
7	189
7	190
7	191
7	194
7	195
7	196
7	197
7	198
7	199
7	200
7	201
7	202
7	203
7	204
7	205
7	206
7	207
7	208
7	209
7	210
7	211
7	212
7	213
7	214
7	215
7	216
7	217
7	218
7	219
7	220
7	221
7	222
7	223
7	224
7	225
7	226
7	227
7	228
7	229
7	230
7	231
7	232
7	233
7	234
7	235
7	236
7	237
7	238
7	239
7	240
7	241
7	242
7	243
7	244
7	245
7	246
7	247
8	31
8	46
8	155
8	165
8	169
8	176
8	177
8	179
8	180
8	181
8	185
8	186
8	187
8	188
8	189
8	190
8	191
8	194
8	195
8	196
8	197
8	198
8	199
8	200
8	201
8	202
8	203
8	204
8	205
8	206
8	207
8	208
8	209
8	210
8	211
8	212
8	213
8	214
8	215
8	216
8	217
8	218
8	219
8	220
8	221
8	222
8	223
8	224
8	225
8	226
8	227
8	228
8	229
8	230
8	231
8	232
8	233
8	234
8	235
8	236
8	237
8	238
8	239
8	240
8	241
8	242
8	243
8	244
8	245
8	246
8	247
9	31
9	46
9	177
9	180
9	185
9	189
9	194
9	198
9	199
9	200
9	201
9	202
9	203
9	207
9	208
9	209
9	212
9	214
9	215
9	216
9	217
9	220
9	221
9	222
9	223
9	224
9	225
9	226
9	227
9	228
9	229
9	230
9	231
9	232
9	233
9	234
9	235
9	236
9	237
9	238
9	239
9	240
9	241
9	242
9	243
9	244
9	245
9	246
9	247
10	31
10	46
10	177
10	180
10	185
10	189
10	194
10	198
10	199
10	200
10	201
10	202
10	203
10	207
10	208
10	209
10	212
10	214
10	215
10	216
10	217
10	220
10	221
10	222
10	223
10	224
10	225
10	226
10	227
10	228
10	229
10	230
10	231
10	232
10	233
10	234
10	235
10	236
10	237
10	238
10	239
10	240
10	241
10	242
10	243
10	244
10	245
10	246
10	247
11	31
11	46
11	180
11	185
11	198
11	201
11	207
11	208
11	220
11	228
11	237
11	238
11	239
11	242
11	243
11	244
11	246
11	247
12	31
12	46
12	177
12	180
12	185
12	189
12	194
12	198
12	199
12	200
12	201
12	202
12	203
12	207
12	208
12	209
12	212
12	214
12	215
12	216
12	217
12	220
12	221
12	222
12	223
12	224
12	225
12	226
12	227
12	228
12	229
12	230
12	231
12	232
12	233
12	234
12	235
12	236
12	237
12	238
12	239
12	240
12	241
12	242
12	243
12	244
12	245
12	246
12	247
13	31
13	46
13	155
13	165
13	169
13	176
13	177
13	179
13	180
13	181
13	185
13	186
13	187
13	188
13	189
13	190
13	191
13	194
13	195
13	196
13	197
13	198
13	199
13	200
13	201
13	202
13	203
13	204
13	205
13	206
13	207
13	208
13	209
13	210
13	211
13	212
13	213
13	214
13	215
13	216
13	217
13	218
13	219
13	220
13	221
13	222
13	223
13	224
13	225
13	226
13	227
13	228
13	229
13	230
13	231
13	232
13	233
13	234
13	235
13	236
13	237
13	238
13	239
13	240
13	241
13	242
13	243
13	244
13	245
13	246
13	247
14	31
14	46
14	177
14	180
14	185
14	189
14	194
14	198
14	199
14	200
14	201
14	202
14	203
14	207
14	208
14	209
14	212
14	214
14	215
14	216
14	217
14	220
14	221
14	222
14	223
14	224
14	225
14	226
14	227
14	228
14	229
14	230
14	231
14	232
14	233
14	234
14	235
14	236
14	237
14	238
14	239
14	240
14	241
14	242
14	243
14	244
14	245
14	246
14	247
15	31
15	46
15	155
15	165
15	169
15	176
15	177
15	179
15	180
15	181
15	185
15	186
15	187
15	188
15	189
15	190
15	191
15	194
15	195
15	196
15	197
15	198
15	199
15	200
15	201
15	202
15	203
15	204
15	205
15	206
15	207
15	208
15	209
15	210
15	211
15	212
15	213
15	214
15	215
15	216
15	217
15	218
15	219
15	220
15	221
15	222
15	223
15	224
15	225
15	226
15	227
15	228
15	229
15	230
15	231
15	232
15	233
15	234
15	235
15	236
15	237
15	238
15	239
15	240
15	241
15	242
15	243
15	244
15	245
15	246
15	247
16	31
16	46
16	177
16	180
16	185
16	189
16	194
16	198
16	199
16	200
16	201
16	202
16	203
16	207
16	208
16	209
16	212
16	214
16	215
16	216
16	217
16	220
16	221
16	222
16	223
16	224
16	225
16	226
16	227
16	228
16	229
16	230
16	231
16	232
16	233
16	234
16	235
16	236
16	237
16	238
16	239
16	240
16	241
16	242
16	243
16	244
16	245
16	246
16	247
17	31
17	46
17	155
17	165
17	169
17	176
17	177
17	179
17	180
17	181
17	185
17	186
17	187
17	188
17	189
17	190
17	191
17	194
17	195
17	196
17	197
17	198
17	199
17	200
17	201
17	202
17	203
17	204
17	205
17	206
17	207
17	208
17	209
17	210
17	211
17	212
17	213
17	214
17	215
17	216
17	217
17	218
17	219
17	220
17	221
17	222
17	223
17	224
17	225
17	226
17	227
17	228
17	229
17	230
17	231
17	232
17	233
17	234
17	235
17	236
17	237
17	238
17	239
17	240
17	241
17	242
17	243
17	244
17	245
17	246
17	247
18	31
18	46
18	177
18	180
18	185
18	189
18	194
18	198
18	199
18	200
18	201
18	202
18	203
18	207
18	208
18	209
18	212
18	214
18	215
18	216
18	217
18	220
18	221
18	222
18	223
18	224
18	225
18	226
18	227
18	228
18	229
18	230
18	231
18	232
18	233
18	234
18	235
18	236
18	237
18	238
18	239
18	240
18	241
18	242
18	243
18	244
18	245
18	246
18	247
19	31
19	46
19	155
19	165
19	169
19	176
19	177
19	179
19	180
19	181
19	185
19	186
19	187
19	188
19	189
19	190
19	191
19	194
19	195
19	196
19	197
19	198
19	199
19	200
19	201
19	202
19	203
19	204
19	205
19	206
19	207
19	208
19	209
19	210
19	211
19	212
19	213
19	214
19	215
19	216
19	217
19	218
19	219
19	220
19	221
19	222
19	223
19	224
19	225
19	226
19	227
19	228
19	229
19	230
19	231
19	232
19	233
19	234
19	235
19	236
19	237
19	238
19	239
19	240
19	241
19	242
19	243
19	244
19	245
19	246
19	247
20	31
20	46
20	102
20	144
20	151
20	155
20	159
20	161
20	164
20	165
20	166
20	168
20	169
20	170
20	171
20	172
20	173
20	174
20	175
20	176
20	177
20	178
20	179
20	180
20	181
20	182
20	183
20	184
20	185
20	186
20	187
20	188
20	189
20	190
20	191
20	192
20	193
20	194
20	195
20	196
20	197
20	198
20	199
20	200
20	201
20	202
20	203
20	204
20	205
20	206
20	207
20	208
20	209
20	210
20	211
20	212
20	213
20	214
20	215
20	216
20	217
20	218
20	219
20	220
20	221
20	222
20	223
20	224
20	225
20	226
20	227
20	228
20	229
20	230
20	231
20	232
20	233
20	234
20	235
20	236
20	237
20	238
20	239
20	240
20	241
20	242
20	243
20	244
20	245
20	246
20	247
21	31
21	46
21	155
21	165
21	169
21	176
21	177
21	179
21	180
21	181
21	185
21	186
21	187
21	188
21	189
21	190
21	191
21	194
21	195
21	196
21	197
21	198
21	199
21	200
21	201
21	202
21	203
21	204
21	205
21	206
21	207
21	208
21	209
21	210
21	211
21	212
21	213
21	214
21	215
21	216
21	217
21	218
21	219
21	220
21	221
21	222
21	223
21	224
21	225
21	226
21	227
21	228
21	229
21	230
21	231
21	232
21	233
21	234
21	235
21	236
21	237
21	238
21	239
21	240
21	241
21	242
21	243
21	244
21	245
21	246
21	247
22	31
22	46
22	155
22	165
22	169
22	176
22	177
22	179
22	180
22	181
22	185
22	186
22	187
22	188
22	189
22	190
22	191
22	194
22	195
22	196
22	197
22	198
22	199
22	200
22	201
22	202
22	203
22	204
22	205
22	206
22	207
22	208
22	209
22	210
22	211
22	212
22	213
22	214
22	215
22	216
22	217
22	218
22	219
22	220
22	221
22	222
22	223
22	224
22	225
22	226
22	227
22	228
22	229
22	230
22	231
22	232
22	233
22	234
22	235
22	236
22	237
22	238
22	239
22	240
22	241
22	242
22	243
22	244
22	245
22	246
22	247
23	31
23	46
23	155
23	165
23	169
23	176
23	177
23	179
23	180
23	181
23	185
23	186
23	187
23	188
23	189
23	190
23	191
23	194
23	195
23	196
23	197
23	198
23	199
23	200
23	201
23	202
23	203
23	204
23	205
23	206
23	207
23	208
23	209
23	210
23	211
23	212
23	213
23	214
23	215
23	216
23	217
23	218
23	219
23	220
23	221
23	222
23	223
23	224
23	225
23	226
23	227
23	228
23	229
23	230
23	231
23	232
23	233
23	234
23	235
23	236
23	237
23	238
23	239
23	240
23	241
23	242
23	243
23	244
23	245
23	246
23	247
24	31
24	46
24	102
24	144
24	151
24	155
24	159
24	161
24	164
24	165
24	166
24	168
24	169
24	170
24	171
24	172
24	173
24	174
24	175
24	176
24	177
24	178
24	179
24	180
24	181
24	182
24	183
24	184
24	185
24	186
24	187
24	188
24	189
24	190
24	191
24	192
24	193
24	194
24	195
24	196
24	197
24	198
24	199
24	200
24	201
24	202
24	203
24	204
24	205
24	206
24	207
24	208
24	209
24	210
24	211
24	212
24	213
24	214
24	215
24	216
24	217
24	218
24	219
24	220
24	221
24	222
24	223
24	224
24	225
24	226
24	227
24	228
24	229
24	230
24	231
24	232
24	233
24	234
24	235
24	236
24	237
24	238
24	239
24	240
24	241
24	242
24	243
24	244
24	245
24	246
24	247
25	31
25	46
25	102
25	144
25	151
25	155
25	159
25	161
25	164
25	165
25	166
25	168
25	169
25	170
25	171
25	172
25	173
25	174
25	175
25	176
25	177
25	178
25	179
25	180
25	181
25	182
25	183
25	184
25	185
25	186
25	187
25	188
25	189
25	190
25	191
25	192
25	193
25	194
25	195
25	196
25	197
25	198
25	199
25	200
25	201
25	202
25	203
25	204
25	205
25	206
25	207
25	208
25	209
25	210
25	211
25	212
25	213
25	214
25	215
25	216
25	217
25	218
25	219
25	220
25	221
25	222
25	223
25	224
25	225
25	226
25	227
25	228
25	229
25	230
25	231
25	232
25	233
25	234
25	235
25	236
25	237
25	238
25	239
25	240
25	241
25	242
25	243
25	244
25	245
25	246
25	247
26	31
26	46
26	102
26	144
26	151
26	155
26	159
26	161
26	164
26	165
26	166
26	168
26	169
26	170
26	171
26	172
26	173
26	174
26	175
26	176
26	177
26	178
26	179
26	180
26	181
26	182
26	183
26	184
26	185
26	186
26	187
26	188
26	189
26	190
26	191
26	192
26	193
26	194
26	195
26	196
26	197
26	198
26	199
26	200
26	201
26	202
26	203
26	204
26	205
26	206
26	207
26	208
26	209
26	210
26	211
26	212
26	213
26	214
26	215
26	216
26	217
26	218
26	219
26	220
26	221
26	222
26	223
26	224
26	225
26	226
26	227
26	228
26	229
26	230
26	231
26	232
26	233
26	234
26	235
26	236
26	237
26	238
26	239
26	240
26	241
26	242
26	243
26	244
26	245
26	246
26	247
27	31
27	46
27	102
27	144
27	151
27	155
27	159
27	161
27	164
27	165
27	166
27	168
27	169
27	170
27	171
27	172
27	173
27	174
27	175
27	176
27	177
27	178
27	179
27	180
27	181
27	182
27	183
27	184
27	185
27	186
27	187
27	188
27	189
27	190
27	191
27	192
27	193
27	194
27	195
27	196
27	197
27	198
27	199
27	200
27	201
27	202
27	203
27	204
27	205
27	206
27	207
27	208
27	209
27	210
27	211
27	212
27	213
27	214
27	215
27	216
27	217
27	218
27	219
27	220
27	221
27	222
27	223
27	224
27	225
27	226
27	227
27	228
27	229
27	230
27	231
27	232
27	233
27	234
27	235
27	236
27	237
27	238
27	239
27	240
27	241
27	242
27	243
27	244
27	245
27	246
27	247
28	31
28	46
28	155
28	165
28	169
28	176
28	177
28	179
28	180
28	181
28	185
28	186
28	187
28	188
28	189
28	190
28	191
28	194
28	195
28	196
28	197
28	198
28	199
28	200
28	201
28	202
28	203
28	204
28	205
28	206
28	207
28	208
28	209
28	210
28	211
28	212
28	213
28	214
28	215
28	216
28	217
28	218
28	219
28	220
28	221
28	222
28	223
28	224
28	225
28	226
28	227
28	228
28	229
28	230
28	231
28	232
28	233
28	234
28	235
28	236
28	237
28	238
28	239
28	240
28	241
28	242
28	243
28	244
28	245
28	246
28	247
29	31
29	46
29	102
29	144
29	151
29	155
29	159
29	161
29	164
29	165
29	166
29	168
29	169
29	170
29	171
29	172
29	173
29	174
29	175
29	176
29	177
29	178
29	179
29	180
29	181
29	182
29	183
29	184
29	185
29	186
29	187
29	188
29	189
29	190
29	191
29	192
29	193
29	194
29	195
29	196
29	197
29	198
29	199
29	200
29	201
29	202
29	203
29	204
29	205
29	206
29	207
29	208
29	209
29	210
29	211
29	212
29	213
29	214
29	215
29	216
29	217
29	218
29	219
29	220
29	221
29	222
29	223
29	224
29	225
29	226
29	227
29	228
29	229
29	230
29	231
29	232
29	233
29	234
29	235
29	236
29	237
29	238
29	239
29	240
29	241
29	242
29	243
29	244
29	245
29	246
29	247
30	31
30	46
30	155
30	165
30	169
30	176
30	177
30	179
30	180
30	181
30	185
30	186
30	187
30	188
30	189
30	190
30	191
30	194
30	195
30	196
30	197
30	198
30	199
30	200
30	201
30	202
30	203
30	204
30	205
30	206
30	207
30	208
30	209
30	210
30	211
30	212
30	213
30	214
30	215
30	216
30	217
30	218
30	219
30	220
30	221
30	222
30	223
30	224
30	225
30	226
30	227
30	228
30	229
30	230
30	231
30	232
30	233
30	234
30	235
30	236
30	237
30	238
30	239
30	240
30	241
30	242
30	243
30	244
30	245
30	246
30	247
31	32
31	33
31	34
31	35
31	36
31	37
31	38
31	39
31	40
31	41
31	42
31	43
31	44
31	45
31	46
31	47
31	48
31	49
31	50
31	51
31	52
31	53
31	54
31	55
31	56
31	57
31	58
31	59
31	60
31	61
31	62
31	63
31	64
31	65
31	66
31	67
31	68
31	69
31	70
31	71
31	72
31	73
31	74
31	75
31	76
31	77
31	78
31	79
31	80
31	81
31	82
31	83
31	84
31	85
31	86
31	87
31	88
31	89
31	90
31	91
31	92
31	93
31	94
31	95
31	96
31	97
31	98
31	99
31	100
31	101
31	102
31	103
31	104
31	105
31	106
31	107
31	108
31	109
31	110
31	111
31	112
31	113
31	114
31	115
31	116
31	117
31	118
31	119
31	120
31	121
31	122
31	123
31	124
31	125
31	126
31	127
31	128
31	129
31	130
31	131
31	132
31	133
31	134
31	135
31	136
31	137
31	138
31	139
31	140
31	141
31	142
31	143
31	144
31	145
31	146
31	147
31	148
31	149
31	150
31	151
31	152
31	153
31	154
31	155
31	156
31	157
31	158
31	159
31	160
31	161
31	162
31	163
31	164
31	165
31	166
31	167
31	168
31	169
31	170
31	171
31	172
31	173
31	174
31	175
31	176
31	177
31	178
31	179
31	180
31	181
31	182
31	183
31	184
31	185
31	186
31	187
31	188
31	189
31	190
31	191
31	192
31	193
31	194
31	195
31	196
31	197
31	198
31	199
31	200
31	201
31	202
31	203
31	204
31	205
31	206
31	207
31	208
31	209
31	210
31	211
31	212
31	213
31	214
31	215
31	216
31	217
31	218
31	219
31	220
31	221
31	222
31	223
31	224
31	225
31	226
31	227
31	228
31	229
31	230
31	231
31	232
31	233
31	234
31	235
31	236
31	237
31	238
31	239
31	240
31	241
31	242
31	243
31	244
31	245
31	246
31	247
32	46
32	155
32	165
32	169
32	176
32	177
32	179
32	180
32	181
32	185
32	186
32	187
32	188
32	189
32	190
32	191
32	194
32	195
32	196
32	197
32	198
32	199
32	200
32	201
32	202
32	203
32	204
32	205
32	206
32	207
32	208
32	209
32	210
32	211
32	212
32	213
32	214
32	215
32	216
32	217
32	218
32	219
32	220
32	221
32	222
32	223
32	224
32	225
32	226
32	227
32	228
32	229
32	230
32	231
32	232
32	233
32	234
32	235
32	236
32	237
32	238
32	239
32	240
32	241
32	242
32	243
32	244
32	245
32	246
32	247
33	46
33	102
33	144
33	151
33	155
33	159
33	161
33	164
33	165
33	166
33	168
33	169
33	170
33	171
33	172
33	173
33	174
33	175
33	176
33	177
33	178
33	179
33	180
33	181
33	182
33	183
33	184
33	185
33	186
33	187
33	188
33	189
33	190
33	191
33	192
33	193
33	194
33	195
33	196
33	197
33	198
33	199
33	200
33	201
33	202
33	203
33	204
33	205
33	206
33	207
33	208
33	209
33	210
33	211
33	212
33	213
33	214
33	215
33	216
33	217
33	218
33	219
33	220
33	221
33	222
33	223
33	224
33	225
33	226
33	227
33	228
33	229
33	230
33	231
33	232
33	233
33	234
33	235
33	236
33	237
33	238
33	239
33	240
33	241
33	242
33	243
33	244
33	245
33	246
33	247
34	46
34	102
34	144
34	151
34	155
34	159
34	161
34	164
34	165
34	166
34	168
34	169
34	170
34	171
34	172
34	173
34	174
34	175
34	176
34	177
34	178
34	179
34	180
34	181
34	182
34	183
34	184
34	185
34	186
34	187
34	188
34	189
34	190
34	191
34	192
34	193
34	194
34	195
34	196
34	197
34	198
34	199
34	200
34	201
34	202
34	203
34	204
34	205
34	206
34	207
34	208
34	209
34	210
34	211
34	212
34	213
34	214
34	215
34	216
34	217
34	218
34	219
34	220
34	221
34	222
34	223
34	224
34	225
34	226
34	227
34	228
34	229
34	230
34	231
34	232
34	233
34	234
34	235
34	236
34	237
34	238
34	239
34	240
34	241
34	242
34	243
34	244
34	245
34	246
34	247
35	46
35	177
35	180
35	185
35	189
35	194
35	198
35	199
35	200
35	201
35	202
35	203
35	207
35	208
35	209
35	212
35	214
35	215
35	216
35	217
35	220
35	221
35	222
35	223
35	224
35	225
35	226
35	227
35	228
35	229
35	230
35	231
35	232
35	233
35	234
35	235
35	236
35	237
35	238
35	239
35	240
35	241
35	242
35	243
35	244
35	245
35	246
35	247
36	46
36	177
36	180
36	185
36	189
36	194
36	198
36	199
36	200
36	201
36	202
36	203
36	207
36	208
36	209
36	212
36	214
36	215
36	216
36	217
36	220
36	221
36	222
36	223
36	224
36	225
36	226
36	227
36	228
36	229
36	230
36	231
36	232
36	233
36	234
36	235
36	236
36	237
36	238
36	239
36	240
36	241
36	242
36	243
36	244
36	245
36	246
36	247
37	46
37	180
37	185
37	198
37	201
37	207
37	208
37	220
37	228
37	237
37	238
37	239
37	242
37	243
37	244
37	246
37	247
38	46
38	177
38	180
38	185
38	189
38	194
38	198
38	199
38	200
38	201
38	202
38	203
38	207
38	208
38	209
38	212
38	214
38	215
38	216
38	217
38	220
38	221
38	222
38	223
38	224
38	225
38	226
38	227
38	228
38	229
38	230
38	231
38	232
38	233
38	234
38	235
38	236
38	237
38	238
38	239
38	240
38	241
38	242
38	243
38	244
38	245
38	246
38	247
39	46
39	180
39	185
39	198
39	201
39	207
39	208
39	220
39	228
39	237
39	238
39	239
39	242
39	243
39	244
39	246
39	247
40	46
40	177
40	180
40	185
40	189
40	194
40	198
40	199
40	200
40	201
40	202
40	203
40	207
40	208
40	209
40	212
40	214
40	215
40	216
40	217
40	220
40	221
40	222
40	223
40	224
40	225
40	226
40	227
40	228
40	229
40	230
40	231
40	232
40	233
40	234
40	235
40	236
40	237
40	238
40	239
40	240
40	241
40	242
40	243
40	244
40	245
40	246
40	247
41	46
41	177
41	180
41	185
41	189
41	194
41	198
41	199
41	200
41	201
41	202
41	203
41	207
41	208
41	209
41	212
41	214
41	215
41	216
41	217
41	220
41	221
41	222
41	223
41	224
41	225
41	226
41	227
41	228
41	229
41	230
41	231
41	232
41	233
41	234
41	235
41	236
41	237
41	238
41	239
41	240
41	241
41	242
41	243
41	244
41	245
41	246
41	247
42	46
42	177
42	180
42	185
42	189
42	194
42	198
42	199
42	200
42	201
42	202
42	203
42	207
42	208
42	209
42	212
42	214
42	215
42	216
42	217
42	220
42	221
42	222
42	223
42	224
42	225
42	226
42	227
42	228
42	229
42	230
42	231
42	232
42	233
42	234
42	235
42	236
42	237
42	238
42	239
42	240
42	241
42	242
42	243
42	244
42	245
42	246
42	247
43	46
43	180
43	185
43	198
43	201
43	207
43	208
43	220
43	228
43	237
43	238
43	239
43	242
43	243
43	244
43	246
43	247
44	46
44	180
44	185
44	198
44	201
44	207
44	208
44	220
44	228
44	237
44	238
44	239
44	242
44	243
44	244
44	246
44	247
45	46
45	180
45	185
45	198
45	201
45	207
45	208
45	220
45	228
45	237
45	238
45	239
45	242
45	243
45	244
45	246
45	247
46	47
46	48
46	49
46	50
46	51
46	52
46	53
46	54
46	55
46	56
46	57
46	58
46	59
46	60
46	61
46	62
46	63
46	64
46	65
46	66
46	67
46	68
46	69
46	70
46	71
46	72
46	73
46	74
46	75
46	76
46	77
46	78
46	79
46	80
46	81
46	82
46	83
46	84
46	85
46	86
46	87
46	88
46	89
46	90
46	91
46	92
46	93
46	94
46	95
46	96
46	97
46	98
46	99
46	100
46	101
46	102
46	103
46	104
46	105
46	106
46	107
46	108
46	109
46	110
46	111
46	112
46	113
46	114
46	115
46	116
46	117
46	118
46	119
46	120
46	121
46	122
46	123
46	124
46	125
46	126
46	127
46	128
46	129
46	130
46	131
46	132
46	133
46	134
46	135
46	136
46	137
46	138
46	139
46	140
46	141
46	142
46	143
46	144
46	145
46	146
46	147
46	148
46	149
46	150
46	151
46	152
46	153
46	154
46	155
46	156
46	157
46	158
46	159
46	160
46	161
46	162
46	163
46	164
46	165
46	166
46	167
46	168
46	169
46	170
46	171
46	172
46	173
46	174
46	175
46	176
46	177
46	178
46	179
46	180
46	181
46	182
46	183
46	184
46	185
46	186
46	187
46	188
46	189
46	190
46	191
46	192
46	193
46	194
46	195
46	196
46	197
46	198
46	199
46	200
46	201
46	202
46	203
46	204
46	205
46	206
46	207
46	208
46	209
46	210
46	211
46	212
46	213
46	214
46	215
46	216
46	217
46	218
46	219
46	220
46	221
46	222
46	223
46	224
46	225
46	226
46	227
46	228
46	229
46	230
46	231
46	232
46	233
46	234
46	235
46	236
46	237
46	238
46	239
46	240
46	241
46	242
46	243
46	244
46	245
46	246
46	247
47	155
47	176
47	177
47	179
47	180
47	181
47	185
47	186
47	187
47	188
47	189
47	190
47	191
47	194
47	195
47	196
47	197
47	198
47	199
47	200
47	201
47	202
47	203
47	204
47	205
47	206
47	207
47	208
47	209
47	210
47	211
47	212
47	213
47	214
47	215
47	216
47	217
47	218
47	219
47	220
47	221
47	222
47	223
47	224
47	225
47	226
47	227
47	228
47	229
47	230
47	231
47	232
47	233
47	234
47	235
47	236
47	237
47	238
47	239
47	240
47	241
47	242
47	243
47	244
47	245
47	246
47	247
48	180
48	185
48	198
48	201
48	207
48	208
48	220
48	228
48	237
48	238
48	239
48	242
48	243
48	244
48	246
48	247
49	180
49	185
49	198
49	201
49	207
49	208
49	220
49	228
49	237
49	238
49	239
49	242
49	243
49	244
49	246
49	247
50	180
50	185
50	198
50	201
50	207
50	208
50	220
50	228
50	237
50	238
50	239
50	242
50	243
50	244
50	246
50	247
51	180
51	185
51	198
51	201
51	207
51	208
51	220
51	228
51	237
51	238
51	239
51	242
51	243
51	244
51	246
51	247
52	180
52	185
52	198
52	201
52	207
52	208
52	220
52	228
52	237
52	238
52	239
52	242
52	243
52	244
52	246
52	247
53	177
53	180
53	185
53	189
53	194
53	198
53	199
53	200
53	201
53	202
53	203
53	207
53	208
53	209
53	212
53	214
53	215
53	216
53	217
53	220
53	221
53	222
53	223
53	224
53	225
53	226
53	227
53	228
53	229
53	230
53	231
53	232
53	233
53	234
53	235
53	236
53	237
53	238
53	239
53	240
53	241
53	242
53	243
53	244
53	245
53	246
53	247
54	180
54	185
54	198
54	201
54	207
54	208
54	220
54	228
54	237
54	238
54	239
54	242
54	243
54	244
54	246
54	247
55	180
55	185
55	198
55	201
55	207
55	208
55	220
55	228
55	237
55	238
55	239
55	242
55	243
55	244
55	246
55	247
56	180
56	185
56	198
56	201
56	207
56	208
56	220
56	228
56	237
56	238
56	239
56	242
56	243
56	244
56	246
56	247
57	180
57	185
57	198
57	201
57	207
57	208
57	220
57	228
57	237
57	238
57	239
57	242
57	243
57	244
57	246
57	247
58	180
58	185
58	198
58	201
58	207
58	208
58	220
58	228
58	237
58	238
58	239
58	242
58	243
58	244
58	246
58	247
59	180
59	185
59	198
59	201
59	207
59	208
59	220
59	228
59	237
59	238
59	239
59	242
59	243
59	244
59	246
59	247
60	180
60	185
60	198
60	201
60	207
60	208
60	220
60	228
60	237
60	238
60	239
60	242
60	243
60	244
60	246
60	247
61	180
61	185
61	198
61	201
61	207
61	208
61	220
61	228
61	237
61	238
61	239
61	242
61	243
61	244
61	246
61	247
62	180
62	185
62	198
62	201
62	207
62	208
62	220
62	228
62	237
62	238
62	239
62	242
62	243
62	244
62	246
62	247
63	180
63	185
63	198
63	201
63	207
63	208
63	220
63	228
63	237
63	238
63	239
63	242
63	243
63	244
63	246
63	247
64	177
64	180
64	185
64	189
64	194
64	198
64	199
64	200
64	201
64	202
64	203
64	207
64	208
64	209
64	212
64	214
64	215
64	216
64	217
64	220
64	221
64	222
64	223
64	224
64	225
64	226
64	227
64	228
64	229
64	230
64	231
64	232
64	233
64	234
64	235
64	236
64	237
64	238
64	239
64	240
64	241
64	242
64	243
64	244
64	245
64	246
64	247
65	180
65	185
65	198
65	201
65	207
65	208
65	220
65	228
65	237
65	238
65	239
65	242
65	243
65	244
65	246
65	247
66	180
66	185
66	198
66	201
66	207
66	208
66	220
66	228
66	237
66	238
66	239
66	242
66	243
66	244
66	246
66	247
67	180
67	185
67	198
67	201
67	207
67	208
67	220
67	228
67	237
67	238
67	239
67	242
67	243
67	244
67	246
67	247
68	177
68	180
68	185
68	189
68	194
68	198
68	199
68	200
68	201
68	202
68	203
68	207
68	208
68	209
68	212
68	214
68	215
68	216
68	217
68	220
68	221
68	222
68	223
68	224
68	225
68	226
68	227
68	228
68	229
68	230
68	231
68	232
68	233
68	234
68	235
68	236
68	237
68	238
68	239
68	240
68	241
68	242
68	243
68	244
68	245
68	246
68	247
69	180
69	185
69	198
69	201
69	207
69	208
69	220
69	228
69	237
69	238
69	239
69	242
69	243
69	244
69	246
69	247
70	177
70	180
70	185
70	189
70	194
70	198
70	199
70	200
70	201
70	202
70	203
70	207
70	208
70	209
70	212
70	214
70	215
70	216
70	217
70	220
70	221
70	222
70	223
70	224
70	225
70	226
70	227
70	228
70	229
70	230
70	231
70	232
70	233
70	234
70	235
70	236
70	237
70	238
70	239
70	240
70	241
70	242
70	243
70	244
70	245
70	246
70	247
71	180
71	185
71	198
71	201
71	207
71	208
71	220
71	228
71	237
71	238
71	239
71	242
71	243
71	244
71	246
71	247
72	180
72	185
72	198
72	201
72	207
72	208
72	220
72	228
72	237
72	238
72	239
72	242
72	243
72	244
72	246
72	247
73	180
73	185
73	198
73	201
73	207
73	208
73	220
73	228
73	237
73	238
73	239
73	242
73	243
73	244
73	246
73	247
74	180
74	185
74	198
74	201
74	207
74	208
74	220
74	228
74	237
74	238
74	239
74	242
74	243
74	244
74	246
74	247
75	177
75	180
75	185
75	189
75	194
75	198
75	199
75	200
75	201
75	202
75	203
75	207
75	208
75	209
75	212
75	214
75	215
75	216
75	217
75	220
75	221
75	222
75	223
75	224
75	225
75	226
75	227
75	228
75	229
75	230
75	231
75	232
75	233
75	234
75	235
75	236
75	237
75	238
75	239
75	240
75	241
75	242
75	243
75	244
75	245
75	246
75	247
76	180
76	185
76	238
76	247
77	180
77	185
77	198
77	201
77	207
77	208
77	220
77	228
77	237
77	238
77	239
77	242
77	243
77	244
77	246
77	247
78	180
78	185
78	198
78	201
78	207
78	208
78	220
78	228
78	237
78	238
78	239
78	242
78	243
78	244
78	246
78	247
79	180
79	185
79	198
79	201
79	207
79	208
79	220
79	228
79	237
79	238
79	239
79	242
79	243
79	244
79	246
79	247
80	180
80	185
80	198
80	201
80	207
80	208
80	220
80	228
80	237
80	238
80	239
80	242
80	243
80	244
80	246
80	247
81	180
81	185
81	238
81	247
82	180
82	185
82	198
82	201
82	207
82	208
82	220
82	228
82	237
82	238
82	239
82	242
82	243
82	244
82	246
82	247
83	180
83	185
83	198
83	201
83	207
83	208
83	220
83	228
83	237
83	238
83	239
83	242
83	243
83	244
83	246
83	247
84	180
84	185
84	198
84	201
84	207
84	208
84	220
84	228
84	237
84	238
84	239
84	242
84	243
84	244
84	246
84	247
85	180
85	185
85	238
85	247
86	180
86	185
86	238
86	247
87	180
87	185
87	238
87	247
88	180
88	185
88	198
88	201
88	207
88	208
88	220
88	228
88	237
88	238
88	239
88	242
88	243
88	244
88	246
88	247
89	180
89	185
89	238
89	247
90	180
90	185
90	198
90	201
90	207
90	208
90	220
90	228
90	237
90	238
90	239
90	242
90	243
90	244
90	246
90	247
91	180
91	185
91	198
91	201
91	207
91	208
91	220
91	228
91	237
91	238
91	239
91	242
91	243
91	244
91	246
91	247
92	180
92	185
92	198
92	201
92	207
92	208
92	220
92	228
92	237
92	238
92	239
92	242
92	243
92	244
92	246
92	247
93	180
93	185
93	238
93	247
94	180
94	185
94	198
94	201
94	207
94	208
94	220
94	228
94	237
94	238
94	239
94	242
94	243
94	244
94	246
94	247
95	180
95	185
95	198
95	201
95	207
95	208
95	220
95	228
95	237
95	238
95	239
95	242
95	243
95	244
95	246
95	247
96	180
96	185
96	198
96	201
96	207
96	208
96	220
96	228
96	237
96	238
96	239
96	242
96	243
96	244
96	246
96	247
97	180
97	185
97	238
97	247
98	180
98	185
98	198
98	201
98	207
98	208
98	220
98	228
98	237
98	238
98	239
98	242
98	243
98	244
98	246
98	247
99	180
99	185
99	198
99	201
99	207
99	208
99	220
99	228
99	237
99	238
99	239
99	242
99	243
99	244
99	246
99	247
100	180
100	185
100	198
100	201
100	207
100	208
100	220
100	228
100	237
100	238
100	239
100	242
100	243
100	244
100	246
100	247
101	180
101	185
101	238
101	247
102	177
102	180
102	185
102	189
102	194
102	198
102	199
102	200
102	201
102	202
102	203
102	207
102	208
102	209
102	212
102	214
102	215
102	216
102	217
102	220
102	221
102	222
102	223
102	224
102	225
102	226
102	227
102	228
102	229
102	230
102	231
102	232
102	233
102	234
102	235
102	236
102	237
102	238
102	239
102	240
102	241
102	242
102	243
102	244
102	245
102	246
102	247
103	180
103	185
103	198
103	201
103	207
103	208
103	220
103	228
103	237
103	238
103	239
103	242
103	243
103	244
103	246
103	247
104	180
104	185
104	238
104	247
105	180
105	185
105	198
105	201
105	207
105	208
105	220
105	228
105	237
105	238
105	239
105	242
105	243
105	244
105	246
105	247
106	180
106	185
106	238
106	247
107	180
107	185
107	238
107	247
108	180
108	185
108	198
108	201
108	207
108	208
108	220
108	228
108	237
108	238
108	239
108	242
108	243
108	244
108	246
108	247
109	180
109	185
109	238
109	247
110	180
110	185
110	198
110	201
110	207
110	208
110	220
110	228
110	237
110	238
110	239
110	242
110	243
110	244
110	246
110	247
111	180
111	185
111	198
111	201
111	207
111	208
111	220
111	228
111	237
111	238
111	239
111	242
111	243
111	244
111	246
111	247
112	180
112	185
112	198
112	201
112	207
112	208
112	220
112	228
112	237
112	238
112	239
112	242
112	243
112	244
112	246
112	247
113	180
113	185
113	198
113	201
113	207
113	208
113	220
113	228
113	237
113	238
113	239
113	242
113	243
113	244
113	246
113	247
114	180
114	185
114	238
114	247
115	180
115	185
115	238
115	247
116	180
116	185
117	180
117	185
117	198
117	201
117	207
117	208
117	220
117	228
117	237
117	238
117	239
117	242
117	243
117	244
117	246
117	247
118	180
118	185
118	238
118	247
119	180
119	185
119	238
119	247
120	180
120	185
120	238
120	247
121	180
121	185
121	238
121	247
122	180
122	185
122	198
122	201
122	207
122	208
122	220
122	228
122	237
122	238
122	239
122	242
122	243
122	244
122	246
122	247
123	180
123	185
123	198
123	201
123	207
123	208
123	220
123	228
123	237
123	238
123	239
123	242
123	243
123	244
123	246
123	247
124	180
124	185
124	238
124	247
125	180
125	185
125	238
125	247
126	180
126	185
126	198
126	201
126	207
126	208
126	220
126	228
126	237
126	238
126	239
126	242
126	243
126	244
126	246
126	247
127	180
127	185
127	198
127	201
127	207
127	208
127	220
127	228
127	237
127	238
127	239
127	242
127	243
127	244
127	246
127	247
128	180
128	185
128	198
128	201
128	207
128	208
128	220
128	228
128	237
128	238
128	239
128	242
128	243
128	244
128	246
128	247
129	180
129	185
129	198
129	201
129	207
129	208
129	220
129	228
129	237
129	238
129	239
129	242
129	243
129	244
129	246
129	247
130	180
130	185
130	238
130	247
131	180
131	185
131	198
131	201
131	207
131	208
131	220
131	228
131	237
131	238
131	239
131	242
131	243
131	244
131	246
131	247
132	180
132	185
132	198
132	201
132	207
132	208
132	220
132	228
132	237
132	238
132	239
132	242
132	243
132	244
132	246
132	247
133	180
133	185
133	198
133	201
133	207
133	208
133	220
133	228
133	237
133	238
133	239
133	242
133	243
133	244
133	246
133	247
134	180
134	185
135	180
135	185
135	238
135	247
136	180
136	185
136	198
136	201
136	207
136	208
136	220
136	228
136	237
136	238
136	239
136	242
136	243
136	244
136	246
136	247
137	180
137	185
137	198
137	201
137	207
137	208
137	220
137	228
137	237
137	238
137	239
137	242
137	243
137	244
137	246
137	247
138	180
138	185
138	198
138	201
138	207
138	208
138	220
138	228
138	237
138	238
138	239
138	242
138	243
138	244
138	246
138	247
139	177
139	180
139	185
139	189
139	194
139	198
139	199
139	200
139	201
139	202
139	203
139	207
139	208
139	209
139	212
139	214
139	215
139	216
139	217
139	220
139	221
139	222
139	223
139	224
139	225
139	226
139	227
139	228
139	229
139	230
139	231
139	232
139	233
139	234
139	235
139	236
139	237
139	238
139	239
139	240
139	241
139	242
139	243
139	244
139	245
139	246
139	247
140	180
140	185
140	198
140	201
140	207
140	208
140	220
140	228
140	237
140	238
140	239
140	242
140	243
140	244
140	246
140	247
141	180
141	185
141	198
141	201
141	207
141	208
141	220
141	228
141	237
141	238
141	239
141	242
141	243
141	244
141	246
141	247
142	180
142	185
142	238
142	247
143	180
143	185
143	198
143	201
143	207
143	208
143	220
143	228
143	237
143	238
143	239
143	242
143	243
143	244
143	246
143	247
144	180
144	185
144	198
144	201
144	207
144	208
144	220
144	228
144	237
144	238
144	239
144	242
144	243
144	244
144	246
144	247
145	180
145	185
145	198
145	201
145	207
145	208
145	220
145	228
145	237
145	238
145	239
145	242
145	243
145	244
145	246
145	247
146	180
146	185
146	198
146	201
146	207
146	208
146	220
146	228
146	237
146	238
146	239
146	242
146	243
146	244
146	246
146	247
147	180
147	185
147	198
147	201
147	207
147	208
147	220
147	228
147	237
147	238
147	239
147	242
147	243
147	244
147	246
147	247
148	180
148	185
148	198
148	201
148	207
148	208
148	220
148	228
148	237
148	238
148	239
148	242
148	243
148	244
148	246
148	247
149	180
149	185
149	238
149	247
150	180
150	185
150	238
150	247
151	180
151	185
151	198
151	201
151	207
151	208
151	220
151	228
151	237
151	238
151	239
151	242
151	243
151	244
151	246
151	247
152	180
152	185
152	198
152	201
152	207
152	208
152	220
152	228
152	237
152	238
152	239
152	242
152	243
152	244
152	246
152	247
153	180
153	185
153	238
153	247
154	180
154	185
154	238
154	247
155	180
155	185
155	238
155	247
156	180
156	185
156	238
156	247
157	180
157	185
157	238
157	247
158	180
158	185
159	180
159	185
159	198
159	201
159	207
159	208
159	220
159	228
159	237
159	238
159	239
159	242
159	243
159	244
159	246
159	247
160	180
160	185
160	238
160	247
161	180
161	185
161	238
161	247
162	180
162	185
162	238
162	247
163	180
163	185
164	180
164	185
164	238
164	247
165	180
165	185
165	238
165	247
166	180
166	185
167	180
167	185
168	180
168	185
169	180
169	185
169	238
169	247
170	180
170	185
170	238
170	247
171	180
171	185
171	238
171	247
172	180
172	185
173	180
173	185
174	180
174	185
175	180
175	185
176	180
176	185
177	180
177	185
178	180
178	185
179	180
179	185
180	181
180	182
180	183
180	184
180	185
180	186
180	187
180	188
180	189
180	190
180	191
180	192
180	193
180	194
180	195
180	196
180	197
180	198
180	199
180	200
180	201
180	202
180	203
180	204
180	205
180	206
180	207
180	208
180	209
180	210
180	211
180	212
180	213
180	214
180	215
180	216
180	217
180	218
180	219
180	220
180	221
180	222
180	223
180	224
180	225
180	226
180	227
180	228
180	229
180	230
180	231
180	232
180	233
180	234
180	235
180	236
180	237
180	238
180	239
180	240
180	241
180	242
180	243
180	244
180	245
180	246
180	247
181	185
181	238
181	247
182	185
183	185
184	185
185	186
185	187
185	188
185	189
185	190
185	191
185	192
185	193
185	194
185	195
185	196
185	197
185	198
185	199
185	200
185	201
185	202
185	203
185	204
185	205
185	206
185	207
185	208
185	209
185	210
185	211
185	212
185	213
185	214
185	215
185	216
185	217
185	218
185	219
185	220
185	221
185	222
185	223
185	224
185	225
185	226
185	227
185	228
185	229
185	230
185	231
185	232
185	233
185	234
185	235
185	236
185	237
185	238
185	239
185	240
185	241
185	242
185	243
185	244
185	245
185	246
185	247
201	238
201	247