247	978
1	31
1	46
1	180
1	185
2	31
2	46
2	180
2	185
3	31
3	46
3	180
3	185
4	31
4	46
4	180
4	185
5	31
5	46
5	180
5	185
6	31
6	46
6	180
6	185
7	31
7	46
7	180
7	185
8	31
8	46
8	180
8	185
9	31
9	46
9	180
9	185
10	31
10	46
10	180
10	185
11	31
11	46
11	180
11	185
12	31
12	46
12	180
12	185
13	31
13	46
13	180
13	185
14	31
14	46
14	180
14	185
15	31
15	46
15	180
15	185
16	31
16	46
16	180
16	185
17	31
17	46
17	180
17	185
18	31
18	46
18	180
18	185
19	31
19	46
19	180
19	185
20	31
20	46
20	180
20	185
21	31
21	46
21	180
21	185
22	31
22	46
22	180
22	185
23	31
23	46
23	180
23	185
24	31
24	46
24	180
24	185
25	31
25	46
25	180
25	185
26	31
26	46
26	180
26	185
27	31
27	46
27	180
27	185
28	31
28	46
28	180
28	185
29	31
29	46
29	180
29	185
30	31
30	46
30	180
30	185
31	32
31	33
31	34
31	35
31	36
31	37
31	38
31	39
31	40
31	41
31	42
31	43
31	44
31	45
31	46
31	47
31	48
31	49
31	50
31	51
31	52
31	53
31	54
31	55
31	56
31	57
31	58
31	59
31	60
31	61
31	62
31	63
31	64
31	65
31	66
31	67
31	68
31	69
31	70
31	71
31	72
31	73
31	74
31	75
31	76
31	77
31	78
31	79
31	80
31	81
31	82
31	83
31	84
31	85
31	86
31	87
31	88
31	89
31	90
31	91
31	92
31	93
31	94
31	95
31	96
31	97
31	98
31	99
31	100
31	101
31	102
31	103
31	104
31	105
31	106
31	107
31	108
31	109
31	110
31	111
31	112
31	113
31	114
31	115
31	116
31	117
31	118
31	119
31	120
31	121
31	122
31	123
31	124
31	125
31	126
31	127
31	128
31	129
31	130
31	131
31	132
31	133
31	134
31	135
31	136
31	137
31	138
31	139
31	140
31	141
31	142
31	143
31	144
31	145
31	146
31	147
31	148
31	149
31	150
31	151
31	152
31	153
31	154
31	155
31	156
31	157
31	158
31	159
31	160
31	161
31	162
31	163
31	164
31	165
31	166
31	167
31	168
31	169
31	170
31	171
31	172
31	173
31	174
31	175
31	176
31	177
31	178
31	179
31	180
31	181
31	182
31	183
31	184
31	185
31	186
31	187
31	188
31	189
31	190
31	191
31	192
31	193
31	194
31	195
31	196
31	197
31	198
31	199
31	200
31	201
31	202
31	203
31	204
31	205
31	206
31	207
31	208
31	209
31	210
31	211
31	212
31	213
31	214
31	215
31	216
31	217
31	218
31	219
31	220
31	221
31	222
31	223
31	224
31	225
31	226
31	227
31	228
31	229
31	230
31	231
31	232
31	233
31	234
31	235
31	236
31	237
31	238
31	239
31	240
31	241
31	242
31	243
31	244
31	245
31	246
31	247
32	46
32	180
32	185
33	46
33	180
33	185
34	46
34	180
34	185
35	46
35	180
35	185
36	46
36	180
36	185
37	46
37	180
37	185
38	46
38	180
38	185
39	46
39	180
39	185
40	46
40	180
40	185
41	46
41	180
41	185
42	46
42	180
42	185
43	46
43	180
43	185
44	46
44	180
44	185
45	46
45	180
45	185
46	47
46	48
46	49
46	50
46	51
46	52
46	53
46	54
46	55
46	56
46	57
46	58
46	59
46	60
46	61
46	62
46	63
46	64
46	65
46	66
46	67
46	68
46	69
46	70
46	71
46	72
46	73
46	74
46	75
46	76
46	77
46	78
46	79
46	80
46	81
46	82
46	83
46	84
46	85
46	86
46	87
46	88
46	89
46	90
46	91
46	92
46	93
46	94
46	95
46	96
46	97
46	98
46	99
46	100
46	101
46	102
46	103
46	104
46	105
46	106
46	107
46	108
46	109
46	110
46	111
46	112
46	113
46	114
46	115
46	116
46	117
46	118
46	119
46	120
46	121
46	122
46	123
46	124
46	125
46	126
46	127
46	128
46	129
46	130
46	131
46	132
46	133
46	134
46	135
46	136
46	137
46	138
46	139
46	140
46	141
46	142
46	143
46	144
46	145
46	146
46	147
46	148
46	149
46	150
46	151
46	152
46	153
46	154
46	155
46	156
46	157
46	158
46	159
46	160
46	161
46	162
46	163
46	164
46	165
46	166
46	167
46	168
46	169
46	170
46	171
46	172
46	173
46	174
46	175
46	176
46	177
46	178
46	179
46	180
46	181
46	182
46	183
46	184
46	185
46	186
46	187
46	188
46	189
46	190
46	191
46	192
46	193
46	194
46	195
46	196
46	197
46	198
46	199
46	200
46	201
46	202
46	203
46	204
46	205
46	206
46	207
46	208
46	209
46	210
46	211
46	212
46	213
46	214
46	215
46	216
46	217
46	218
46	219
46	220
46	221
46	222
46	223
46	224
46	225
46	226
46	227
46	228
46	229
46	230
46	231
46	232
46	233
46	234
46	235
46	236
46	237
46	238
46	239
46	240
46	241
46	242
46	243
46	244
46	245
46	246
46	247
47	180
47	185
48	180
48	185
49	180
49	185
50	180
50	185
51	180
51	185
52	180
52	185
53	180
53	185
54	180
54	185
55	180
55	185
56	180
56	185
57	180
57	185
58	180
58	185
59	180
59	185
60	180
60	185
61	180
61	185
62	180
62	185
63	180
63	185
64	180
64	185
65	180
65	185
66	180
66	185
67	180
67	185
68	180
68	185
69	180
69	185
70	180
70	185
71	180
71	185
72	180
72	185
73	180
73	185
74	180
74	185
75	180
75	185
76	180
76	185
77	180
77	185
78	180
78	185
79	180
79	185
80	180
80	185
81	180
81	185
82	180
82	185
83	180
83	185
84	180
84	185
85	180
85	185
86	180
86	185
87	180
87	185
88	180
88	185
89	180
89	185
90	180
90	185
91	180
91	185
92	180
92	185
93	180
93	185
94	180
94	185
95	180
95	185
96	180
96	185
97	180
97	185
98	180
98	185
99	180
99	185
100	180
100	185
101	180
101	185
102	180
102	185
103	180
103	185
104	180
104	185
105	180
105	185
106	180
106	185
107	180
107	185
108	180
108	185
109	180
109	185
110	180
110	185
111	180
111	185
112	180
112	185
113	180
113	185
114	180
114	185
115	180
115	185
116	180
116	185
117	180
117	185
118	180
118	185
119	180
119	185
120	180
120	185
121	180
121	185
122	180
122	185
123	180
123	185
124	180
124	185
125	180
125	185
126	180
126	185
127	180
127	185
128	180
128	185
129	180
129	185
130	180
130	185
131	180
131	185
132	180
132	185
133	180
133	185
134	180
134	185
135	180
135	185
136	180
136	185
137	180
137	185
138	180
138	185
139	180
139	185
140	180
140	185
141	180
141	185
142	180
142	185
143	180
143	185
144	180
144	185
145	180
145	185
146	180
146	185
147	180
147	185
148	180
148	185
149	180
149	185
150	180
150	185
151	180
151	185
152	180
152	185
153	180
153	185
154	180
154	185
155	180
155	185
156	180
156	185
157	180
157	185
158	180
158	185
159	180
159	185
160	180
160	185
161	180
161	185
162	180
162	185
163	180
163	185
164	180
164	185
165	180
165	185
166	180
166	185
167	180
167	185
168	180
168	185
169	180
169	185
170	180
170	185
171	180
171	185
172	180
172	185
173	180
173	185
174	180
174	185
175	180
175	185
176	180
176	185
177	180
177	185
178	180
178	185
179	180
179	185
180	181
180	182
180	183
180	184
180	185
180	186
180	187
180	188
180	189
180	190
180	191
180	192
180	193
180	194
180	195
180	196
180	197
180	198
180	199
180	200
180	201
180	202
180	203
180	204
180	205
180	206
180	207
180	208
180	209
180	210
180	211
180	212
180	213
180	214
180	215
180	216
180	217
180	218
180	219
180	220
180	221
180	222
180	223
180	224
180	225
180	226
180	227
180	228
180	229
180	230
180	231
180	232
180	233
180	234
180	235
180	236
180	237
180	238
180	239
180	240
180	241
180	242
180	243
180	244
180	245
180	246
180	247
181	185
182	185
183	185
184	185
185	186
185	187
185	188
185	189
185	190
185	191
185	192
185	193
185	194
185	195
185	196
185	197
185	198
185	199
185	200
185	201
185	202
185	203
185	204
185	205
185	206
185	207
185	208
185	209
185	210
185	211
185	212
185	213
185	214
185	215
185	216
185	217
185	218
185	219
185	220
185	221
185	222
185	223
185	224
185	225
185	226
185	227
185	228
185	229
185	230
185	231
185	232
185	233
185	234
185	235
185	236
185	237
185	238
185	239
185	240
185	241
185	242
185	243
185	244
185	245
185	246
185	247