247	2833
1	31
1	46
1	155
1	165
1	169
1	176
1	177
1	179
1	180
1	181
1	185
1	186
1	187
1	188
1	189
1	190
1	191
1	194
1	195
1	196
1	197
1	198
1	199
1	200
1	201
1	202
1	203
1	204
1	205
1	206
1	207
1	208
1	209
1	210
1	211
1	212
1	213
1	214
1	215
1	216
1	217
1	218
1	219
1	220
1	221
1	222
1	223
1	224
1	225
1	226
1	227
1	228
1	229
1	230
1	231
1	232
1	233
1	234
1	235
1	236
1	237
1	238
1	239
1	240
1	241
1	242
1	243
1	244
1	245
1	246
1	247
2	31
2	46
2	177
2	180
2	185
2	189
2	194
2	198
2	199
2	200
2	201
2	202
2	203
2	207
2	208
2	209
2	212
2	214
2	215
2	216
2	217
2	220
2	221
2	222
2	223
2	224
2	225
2	226
2	227
2	228
2	229
2	230
2	231
2	232
2	233
2	234
2	235
2	236
2	237
2	238
2	239
2	240
2	241
2	242
2	243
2	244
2	245
2	246
2	247
3	31
3	46
3	155
3	165
3	169
3	176
3	177
3	179
3	180
3	181
3	185
3	186
3	187
3	188
3	189
3	190
3	191
3	194
3	195
3	196
3	197
3	198
3	199
3	200
3	201
3	202
3	203
3	204
3	205
3	206
3	207
3	208
3	209
3	210
3	211
3	212
3	213
3	214
3	215
3	216
3	217
3	218
3	219
3	220
3	221
3	222
3	223
3	224
3	225
3	226
3	227
3	228
3	229
3	230
3	231
3	232
3	233
3	234
3	235
3	236
3	237
3	238
3	239
3	240
3	241
3	242
3	243
3	244
3	245
3	246
3	247
4	31
4	46
4	177
4	180
4	185
4	189
4	194
4	198
4	199
4	200
4	201
4	202
4	203
4	207
4	208
4	209
4	212
4	214
4	215
4	216
4	217
4	220
4	221
4	222
4	223
4	224
4	225
4	226
4	227
4	228
4	229
4	230
4	231
4	232
4	233
4	234
4	235
4	236
4	237
4	238
4	239
4	240
4	241
4	242
4	243
4	244
4	245
4	246
4	247
5	31
5	46
5	177
5	180
5	185
5	189
5	194
5	198
5	199
5	200
5	201
5	202
5	203
5	207
5	208
5	209
5	212
5	214
5	215
5	216
5	217
5	220
5	221
5	222
5	223
5	224
5	225
5	226
5	227
5	228
5	229
5	230
5	231
5	232
5	233
5	234
5	235
5	236
5	237
5	238
5	239
5	240
5	241
5	242
5	243
5	244
5	245
5	246
5	247
6	31
6	46
6	177
6	180
6	185
6	189
6	194
6	198
6	199
6	200
6	201
6	202
6	203
6	207
6	208
6	209
6	212
6	214
6	215
6	216
6	217
6	220
6	221
6	222
6	223
6	224
6	225
6	226
6	227
6	228
6	229
6	230
6	231
6	232
6	233
6	234
6	235
6	236
6	237
6	238
6	239
6	240
6	241
6	242
6	243
6	244
6	245
6	246
6	247
7	31
7	46
7	177
7	180
7	185
7	189
7	194
7	198
7	199
7	200
7	201
7	202
7	203
7	207
7	208
7	209
7	212
7	214
7	215
7	216
7	217
7	220
7	221
7	222
7	223
7	224
7	225
7	226
7	227
7	228
7	229
7	230
7	231
7	232
7	233
7	234
7	235
7	236
7	237
7	238
7	239
7	240
7	241
7	242
7	243
7	244
7	245
7	246
7	247
8	31
8	46
8	177
8	180
8	185
8	189
8	194
8	198
8	199
8	200
8	201
8	202
8	203
8	207
8	208
8	209
8	212
8	214
8	215
8	216
8	217
8	220
8	221
8	222
8	223
8	224
8	225
8	226
8	227
8	228
8	229
8	230
8	231
8	232
8	233
8	234
8	235
8	236
8	237
8	238
8	239
8	240
8	241
8	242
8	243
8	244
8	245
8	246
8	247
9	31
9	46
9	180
9	185
9	198
9	201
9	207
9	208
9	220
9	228
9	237
9	238
9	239
9	242
9	243
9	244
9	246
9	247
10	31
10	46
10	180
10	185
10	198
10	201
10	207
10	208
10	220
10	228
10	237
10	238
10	239
10	242
10	243
10	244
10	246
10	247
11	31
11	46
11	180
11	185
11	238
11	247
12	31
12	46
12	180
12	185
12	198
12	201
12	207
12	208
12	220
12	228
12	237
12	238
12	239
12	242
12	243
12	244
12	246
12	247
13	31
13	46
13	177
13	180
13	185
13	189
13	194
13	198
13	199
13	200
13	201
13	202
13	203
13	207
13	208
13	209
13	212
13	214
13	215
13	216
13	217
13	220
13	221
13	222
13	223
13	224
13	225
13	226
13	227
13	228
13	229
13	230
13	231
13	232
13	233
13	234
13	235
13	236
13	237
13	238
13	239
13	240
13	241
13	242
13	243
13	244
13	245
13	246
13	247
14	31
14	46
14	180
14	185
14	198
14	201
14	207
14	208
14	220
14	228
14	237
14	238
14	239
14	242
14	243
14	244
14	246
14	247
15	31
15	46
15	177
15	180
15	185
15	189
15	194
15	198
15	199
15	200
15	201
15	202
15	203
15	207
15	208
15	209
15	212
15	214
15	215
15	216
15	217
15	220
15	221
15	222
15	223
15	224
15	225
15	226
15	227
15	228
15	229
15	230
15	231
15	232
15	233
15	234
15	235
15	236
15	237
15	238
15	239
15	240
15	241
15	242
15	243
15	244
15	245
15	246
15	247
16	31
16	46
16	180
16	185
16	198
16	201
16	207
16	208
16	220
16	228
16	237
16	238
16	239
16	242
16	243
16	244
16	246
16	247
17	31
17	46
17	177
17	180
17	185
17	189
17	194
17	198
17	199
17	200
17	201
17	202
17	203
17	207
17	208
17	209
17	212
17	214
17	215
17	216
17	217
17	220
17	221
17	222
17	223
17	224
17	225
17	226
17	227
17	228
17	229
17	230
17	231
17	232
17	233
17	234
17	235
17	236
17	237
17	238
17	239
17	240
17	241
17	242
17	243
17	244
17	245
17	246
17	247
18	31
18	46
18	180
18	185
18	198
18	201
18	207
18	208
18	220
18	228
18	237
18	238
18	239
18	242
18	243
18	244
18	246
18	247
19	31
19	46
19	177
19	180
19	185
19	189
19	194
19	198
19	199
19	200
19	201
19	202
19	203
19	207
19	208
19	209
19	212
19	214
19	215
19	216
19	217
19	220
19	221
19	222
19	223
19	224
19	225
19	226
19	227
19	228
19	229
19	230
19	231
19	232
19	233
19	234
19	235
19	236
19	237
19	238
19	239
19	240
19	241
19	242
19	243
19	244
19	245
19	246
19	247
20	31
20	46
20	155
20	165
20	169
20	176
20	177
20	179
20	180
20	181
20	185
20	186
20	187
20	188
20	189
20	190
20	191
20	194
20	195
20	196
20	197
20	198
20	199
20	200
20	201
20	202
20	203
20	204
20	205
20	206
20	207
20	208
20	209
20	210
20	211
20	212
20	213
20	214
20	215
20	216
20	217
20	218
20	219
20	220
20	221
20	222
20	223
20	224
20	225
20	226
20	227
20	228
20	229
20	230
20	231
20	232
20	233
20	234
20	235
20	236
20	237
20	238
20	239
20	240
20	241
20	242
20	243
20	244
20	245
20	246
20	247
21	31
21	46
21	177
21	180
21	185
21	189
21	194
21	198
21	199
21	200
21	201
21	202
21	203
21	207
21	208
21	209
21	212
21	214
21	215
21	216
21	217
21	220
21	221
21	222
21	223
21	224
21	225
21	226
21	227
21	228
21	229
21	230
21	231
21	232
21	233
21	234
21	235
21	236
21	237
21	238
21	239
21	240
21	241
21	242
21	243
21	244
21	245
21	246
21	247
22	31
22	46
22	177
22	180
22	185
22	189
22	194
22	198
22	199
22	200
22	201
22	202
22	203
22	207
22	208
22	209
22	212
22	214
22	215
22	216
22	217
22	220
22	221
22	222
22	223
22	224
22	225
22	226
22	227
22	228
22	229
22	230
22	231
22	232
22	233
22	234
22	235
22	236
22	237
22	238
22	239
22	240
22	241
22	242
22	243
22	244
22	245
22	246
22	247
23	31
23	46
23	177
23	180
23	185
23	189
23	194
23	198
23	199
23	200
23	201
23	202
23	203
23	207
23	208
23	209
23	212
23	214
23	215
23	216
23	217
23	220
23	221
23	222
23	223
23	224
23	225
23	226
23	227
23	228
23	229
23	230
23	231
23	232
23	233
23	234
23	235
23	236
23	237
23	238
23	239
23	240
23	241
23	242
23	243
23	244
23	245
23	246
23	247
24	31
24	46
24	155
24	165
24	169
24	176
24	177
24	179
24	180
24	181
24	185
24	186
24	187
24	188
24	189
24	190
24	191
24	194
24	195
24	196
24	197
24	198
24	199
24	200
24	201
24	202
24	203
24	204
24	205
24	206
24	207
24	208
24	209
24	210
24	211
24	212
24	213
24	214
24	215
24	216
24	217
24	218
24	219
24	220
24	221
24	222
24	223
24	224
24	225
24	226
24	227
24	228
24	229
24	230
24	231
24	232
24	233
24	234
24	235
24	236
24	237
24	238
24	239
24	240
24	241
24	242
24	243
24	244
24	245
24	246
24	247
25	31
25	46
25	155
25	165
25	169
25	176
25	177
25	179
25	180
25	181
25	185
25	186
25	187
25	188
25	189
25	190
25	191
25	194
25	195
25	196
25	197
25	198
25	199
25	200
25	201
25	202
25	203
25	204
25	205
25	206
25	207
25	208
25	209
25	210
25	211
25	212
25	213
25	214
25	215
25	216
25	217
25	218
25	219
25	220
25	221
25	222
25	223
25	224
25	225
25	226
25	227
25	228
25	229
25	230
25	231
25	232
25	233
25	234
25	235
25	236
25	237
25	238
25	239
25	240
25	241
25	242
25	243
25	244
25	245
25	246
25	247
26	31
26	46
26	155
26	165
26	169
26	176
26	177
26	179
26	180
26	181
26	185
26	186
26	187
26	188
26	189
26	190
26	191
26	194
26	195
26	196
26	197
26	198
26	199
26	200
26	201
26	202
26	203
26	204
26	205
26	206
26	207
26	208
26	209
26	210
26	211
26	212
26	213
26	214
26	215
26	216
26	217
26	218
26	219
26	220
26	221
26	222
26	223
26	224
26	225
26	226
26	227
26	228
26	229
26	230
26	231
26	232
26	233
26	234
26	235
26	236
26	237
26	238
26	239
26	240
26	241
26	242
26	243
26	244
26	245
26	246
26	247
27	31
27	46
27	155
27	165
27	169
27	176
27	177
27	179
27	180
27	181
27	185
27	186
27	187
27	188
27	189
27	190
27	191
27	194
27	195
27	196
27	197
27	198
27	199
27	200
27	201
27	202
27	203
27	204
27	205
27	206
27	207
27	208
27	209
27	210
27	211
27	212
27	213
27	214
27	215
27	216
27	217
27	218
27	219
27	220
27	221
27	222
27	223
27	224
27	225
27	226
27	227
27	228
27	229
27	230
27	231
27	232
27	233
27	234
27	235
27	236
27	237
27	238
27	239
27	240
27	241
27	242
27	243
27	244
27	245
27	246
27	247
28	31
28	46
28	177
28	180
28	185
28	189
28	194
28	198
28	199
28	200
28	201
28	202
28	203
28	207
28	208
28	209
28	212
28	214
28	215
28	216
28	217
28	220
28	221
28	222
28	223
28	224
28	225
28	226
28	227
28	228
28	229
28	230
28	231
28	232
28	233
28	234
28	235
28	236
28	237
28	238
28	239
28	240
28	241
28	242
28	243
28	244
28	245
28	246
28	247
29	31
29	46
29	155
29	165
29	169
29	176
29	177
29	179
29	180
29	181
29	185
29	186
29	187
29	188
29	189
29	190
29	191
29	194
29	195
29	196
29	197
29	198
29	199
29	200
29	201
29	202
29	203
29	204
29	205
29	206
29	207
29	208
29	209
29	210
29	211
29	212
29	213
29	214
29	215
29	216
29	217
29	218
29	219
29	220
29	221
29	222
29	223
29	224
29	225
29	226
29	227
29	228
29	229
29	230
29	231
29	232
29	233
29	234
29	235
29	236
29	237
29	238
29	239
29	240
29	241
29	242
29	243
29	244
29	245
29	246
29	247
30	31
30	46
30	177
30	180
30	185
30	189
30	194
30	198
30	199
30	200
30	201
30	202
30	203
30	207
30	208
30	209
30	212
30	214
30	215
30	216
30	217
30	220
30	221
30	222
30	223
30	224
30	225
30	226
30	227
30	228
30	229
30	230
30	231
30	232
30	233
30	234
30	235
30	236
30	237
30	238
30	239
30	240
30	241
30	242
30	243
30	244
30	245
30	246
30	247
31	32
31	33
31	34
31	35
31	36
31	37
31	38
31	39
31	40
31	41
31	42
31	43
31	44
31	45
31	46
31	47
31	48
31	49
31	50
31	51
31	52
31	53
31	54
31	55
31	56
31	57
31	58
31	59
31	60
31	61
31	62
31	63
31	64
31	65
31	66
31	67
31	68
31	69
31	70
31	71
31	72
31	73
31	74
31	75
31	76
31	77
31	78
31	79
31	80
31	81
31	82
31	83
31	84
31	85
31	86
31	87
31	88
31	89
31	90
31	91
31	92
31	93
31	94
31	95
31	96
31	97
31	98
31	99
31	100
31	101
31	102
31	103
31	104
31	105
31	106
31	107
31	108
31	109
31	110
31	111
31	112
31	113
31	114
31	115
31	116
31	117
31	118
31	119
31	120
31	121
31	122
31	123
31	124
31	125
31	126
31	127
31	128
31	129
31	130
31	131
31	132
31	133
31	134
31	135
31	136
31	137
31	138
31	139
31	140
31	141
31	142
31	143
31	144
31	145
31	146
31	147
31	148
31	149
31	150
31	151
31	152
31	153
31	154
31	155
31	156
31	157
31	158
31	159
31	160
31	161
31	162
31	163
31	164
31	165
31	166
31	167
31	168
31	169
31	170
31	171
31	172
31	173
31	174
31	175
31	176
31	177
31	178
31	179
31	180
31	181
31	182
31	183
31	184
31	185
31	186
31	187
31	188
31	189
31	190
31	191
31	192
31	193
31	194
31	195
31	196
31	197
31	198
31	199
31	200
31	201
31	202
31	203
31	204
31	205
31	206
31	207
31	208
31	209
31	210
31	211
31	212
31	213
31	214
31	215
31	216
31	217
31	218
31	219
31	220
31	221
31	222
31	223
31	224
31	225
31	226
31	227
31	228
31	229
31	230
31	231
31	232
31	233
31	234
31	235
31	236
31	237
31	238
31	239
31	240
31	241
31	242
31	243
31	244
31	245
31	246
31	247
32	46
32	177
32	180
32	185
32	189
32	194
32	198
32	199
32	200
32	201
32	202
32	203
32	207
32	208
32	209
32	212
32	214
32	215
32	216
32	217
32	220
32	221
32	222
32	223
32	224
32	225
32	226
32	227
32	228
32	229
32	230
32	231
32	232
32	233
32	234
32	235
32	236
32	237
32	238
32	239
32	240
32	241
32	242
32	243
32	244
32	245
32	246
32	247
33	46
33	155
33	165
33	169
33	176
33	177
33	179
33	180
33	181
33	185
33	186
33	187
33	188
33	189
33	190
33	191
33	194
33	195
33	196
33	197
33	198
33	199
33	200
33	201
33	202
33	203
33	204
33	205
33	206
33	207
33	208
33	209
33	210
33	211
33	212
33	213
33	214
33	215
33	216
33	217
33	218
33	219
33	220
33	221
33	222
33	223
33	224
33	225
33	226
33	227
33	228
33	229
33	230
33	231
33	232
33	233
33	234
33	235
33	236
33	237
33	238
33	239
33	240
33	241
33	242
33	243
33	244
33	245
33	246
33	247
34	46
34	155
34	165
34	169
34	176
34	177
34	179
34	180
34	181
34	185
34	186
34	187
34	188
34	189
34	190
34	191
34	194
34	195
34	196
34	197
34	198
34	199
34	200
34	201
34	202
34	203
34	204
34	205
34	206
34	207
34	208
34	209
34	210
34	211
34	212
34	213
34	214
34	215
34	216
34	217
34	218
34	219
34	220
34	221
34	222
34	223
34	224
34	225
34	226
34	227
34	228
34	229
34	230
34	231
34	232
34	233
34	234
34	235
34	236
34	237
34	238
34	239
34	240
34	241
34	242
34	243
34	244
34	245
34	246
34	247
35	46
35	180
35	185
35	198
35	201
35	207
35	208
35	220
35	228
35	237
35	238
35	239
35	242
35	243
35	244
35	246
35	247
36	46
36	180
36	185
36	198
36	201
36	207
36	208
36	220
36	228
36	237
36	238
36	239
36	242
36	243
36	244
36	246
36	247
37	46
37	180
37	185
37	238
37	247
38	46
38	180
38	185
38	198
38	201
38	207
38	208
38	220
38	228
38	237
38	238
38	239
38	242
38	243
38	244
38	246
38	247
39	46
39	180
39	185
39	238
39	247
40	46
40	180
40	185
40	198
40	201
40	207
40	208
40	220
40	228
40	237
40	238
40	239
40	242
40	243
40	244
40	246
40	247
41	46
41	180
41	185
41	198
41	201
41	207
41	208
41	220
41	228
41	237
41	238
41	239
41	242
41	243
41	244
41	246
41	247
42	46
42	180
42	185
42	198
42	201
42	207
42	208
42	220
42	228
42	237
42	238
42	239
42	242
42	243
42	244
42	246
42	247
43	46
43	180
43	185
43	238
43	247
44	46
44	180
44	185
44	238
44	247
45	46
45	180
45	185
45	238
45	247
46	47
46	48
46	49
46	50
46	51
46	52
46	53
46	54
46	55
46	56
46	57
46	58
46	59
46	60
46	61
46	62
46	63
46	64
46	65
46	66
46	67
46	68
46	69
46	70
46	71
46	72
46	73
46	74
46	75
46	76
46	77
46	78
46	79
46	80
46	81
46	82
46	83
46	84
46	85
46	86
46	87
46	88
46	89
46	90
46	91
46	92
46	93
46	94
46	95
46	96
46	97
46	98
46	99
46	100
46	101
46	102
46	103
46	104
46	105
46	106
46	107
46	108
46	109
46	110
46	111
46	112
46	113
46	114
46	115
46	116
46	117
46	118
46	119
46	120
46	121
46	122
46	123
46	124
46	125
46	126
46	127
46	128
46	129
46	130
46	131
46	132
46	133
46	134
46	135
46	136
46	137
46	138
46	139
46	140
46	141
46	142
46	143
46	144
46	145
46	146
46	147
46	148
46	149
46	150
46	151
46	152
46	153
46	154
46	155
46	156
46	157
46	158
46	159
46	160
46	161
46	162
46	163
46	164
46	165
46	166
46	167
46	168
46	169
46	170
46	171
46	172
46	173
46	174
46	175
46	176
46	177
46	178
46	179
46	180
46	181
46	182
46	183
46	184
46	185
46	186
46	187
46	188
46	189
46	190
46	191
46	192
46	193
46	194
46	195
46	196
46	197
46	198
46	199
46	200
46	201
46	202
46	203
46	204
46	205
46	206
46	207
46	208
46	209
46	210
46	211
46	212
46	213
46	214
46	215
46	216
46	217
46	218
46	219
46	220
46	221
46	222
46	223
46	224
46	225
46	226
46	227
46	228
46	229
46	230
46	231
46	232
46	233
46	234
46	235
46	236
46	237
46	238
46	239
46	240
46	241
46	242
46	243
46	244
46	245
46	246
46	247
47	177
47	180
47	185
47	189
47	194
47	198
47	199
47	200
47	201
47	202
47	203
47	207
47	208
47	209
47	212
47	214
47	215
47	216
47	217
47	220
47	221
47	222
47	223
47	224
47	225
47	226
47	227
47	228
47	229
47	230
47	231
47	232
47	233
47	234
47	235
47	236
47	237
47	238
47	239
47	240
47	241
47	242
47	243
47	244
47	245
47	246
47	247
48	180
48	185
48	238
48	247
49	180
49	185
49	238
49	247
50	180
50	185
50	238
50	247
51	180
51	185
51	238
51	247
52	180
52	185
52	238
52	247
53	180
53	185
53	198
53	201
53	207
53	208
53	220
53	228
53	237
53	238
53	239
53	242
53	243
53	244
53	246
53	247
54	180
54	185
54	238
54	247
55	180
55	185
55	238
55	247
56	180
56	185
56	238
56	247
57	180
57	185
57	238
57	247
58	180
58	185
58	238
58	247
59	180
59	185
59	238
59	247
60	180
60	185
60	238
60	247
61	180
61	185
61	238
61	247
62	180
62	185
62	238
62	247
63	180
63	185
63	238
63	247
64	180
64	185
64	198
64	201
64	207
64	208
64	220
64	228
64	237
64	238
64	239
64	242
64	243
64	244
64	246
64	247
65	180
65	185
65	238
65	247
66	180
66	185
66	238
66	247
67	180
67	185
67	238
67	247
68	180
68	185
68	198
68	201
68	207
68	208
68	220
68	228
68	237
68	238
68	239
68	242
68	243
68	244
68	246
68	247
69	180
69	185
69	238
69	247
70	180
70	185
70	198
70	201
70	207
70	208
70	220
70	228
70	237
70	238
70	239
70	242
70	243
70	244
70	246
70	247
71	180
71	185
71	238
71	247
72	180
72	185
72	238
72	247
73	180
73	185
73	238
73	247
74	180
74	185
74	238
74	247
75	180
75	185
75	198
75	201
75	207
75	208
75	220
75	228
75	237
75	238
75	239
75	242
75	243
75	244
75	246
75	247
76	180
76	185
77	180
77	185
77	238
77	247
78	180
78	185
78	238
78	247
79	180
79	185
79	238
79	247
80	180
80	185
80	238
80	247
81	180
81	185
82	180
82	185
82	238
82	247
83	180
83	185
83	238
83	247
84	180
84	185
84	238
84	247
85	180
85	185
86	180
86	185
87	180
87	185
88	180
88	185
88	238
88	247
89	180
89	185
90	180
90	185
90	238
90	247
91	180
91	185
91	238
91	247
92	180
92	185
92	238
92	247
93	180
93	185
94	180
94	185
94	238
94	247
95	180
95	185
95	238
95	247
96	180
96	185
96	238
96	247
97	180
97	185
98	180
98	185
98	238
98	247
99	180
99	185
99	238
99	247
100	180
100	185
100	238
100	247
101	180
101	185
102	180
102	185
102	198
102	201
102	207
102	208
102	220
102	228
102	237
102	238
102	239
102	242
102	243
102	244
102	246
102	247
103	180
103	185
103	238
103	247
104	180
104	185
105	180
105	185
105	238
105	247
106	180
106	185
107	180
107	185
108	180
108	185
108	238
108	247
109	180
109	185
110	180
110	185
110	238
110	247
111	180
111	185
111	238
111	247
112	180
112	185
112	238
112	247
113	180
113	185
113	238
113	247
114	180
114	185
115	180
115	185
116	180
116	185
117	180
117	185
117	238
117	247
118	180
118	185
119	180
119	185
120	180
120	185
121	180
121	185
122	180
122	185
122	238
122	247
123	180
123	185
123	238
123	247
124	180
124	185
125	180
125	185
126	180
126	185
126	238
126	247
127	180
127	185
127	238
127	247
128	180
128	185
128	238
128	247
129	180
129	185
129	238
129	247
130	180
130	185
131	180
131	185
131	238
131	247
132	180
132	185
132	238
132	247
133	180
133	185
133	238
133	247
134	180
134	185
135	180
135	185
136	180
136	185
136	238
136	247
137	180
137	185
137	238
137	247
138	180
138	185
138	238
138	247
139	180
139	185
139	198
139	201
139	207
139	208
139	220
139	228
139	237
139	238
139	239
139	242
139	243
139	244
139	246
139	247
140	180
140	185
140	238
140	247
141	180
141	185
141	238
141	247
142	180
142	185
143	180
143	185
143	238
143	247
144	180
144	185
144	238
144	247
145	180
145	185
145	238
145	247
146	180
146	185
146	238
146	247
147	180
147	185
147	238
147	247
148	180
148	185
148	238
148	247
149	180
149	185
150	180
150	185
151	180
151	185
151	238
151	247
152	180
152	185
152	238
152	247
153	180
153	185
154	180
154	185
155	180
155	185
156	180
156	185
157	180
157	185
158	180
158	185
159	180
159	185
159	238
159	247
160	180
160	185
161	180
161	185
162	180
162	185
163	180
163	185
164	180
164	185
165	180
165	185
166	180
166	185
167	180
167	185
168	180
168	185
169	180
169	185
170	180
170	185
171	180
171	185
172	180
172	185
173	180
173	185
174	180
174	185
175	180
175	185
176	180
176	185
177	180
177	185
178	180
178	185
179	180
179	185
180	181
180	182
180	183
180	184
180	185
180	186
180	187
180	188
180	189
180	190
180	191
180	192
180	193
180	194
180	195
180	196
180	197
180	198
180	199
180	200
180	201
180	202
180	203
180	204
180	205
180	206
180	207
180	208
180	209
180	210
180	211
180	212
180	213
180	214
180	215
180	216
180	217
180	218
180	219
180	220
180	221
180	222
180	223
180	224
180	225
180	226
180	227
180	228
180	229
180	230
180	231
180	232
180	233
180	234
180	235
180	236
180	237
180	238
180	239
180	240
180	241
180	242
180	243
180	244
180	245
180	246
180	247
181	185
182	185
183	185
184	185
185	186
185	187
185	188
185	189
185	190
185	191
185	192
185	193
185	194
185	195
185	196
185	197
185	198
185	199
185	200
185	201
185	202
185	203
185	204
185	205
185	206
185	207
185	208
185	209
185	210
185	211
185	212
185	213
185	214
185	215
185	216
185	217
185	218
185	219
185	220
185	221
185	222
185	223
185	224
185	225
185	226
185	227
185	228
185	229
185	230
185	231
185	232
185	233
185	234
185	235
185	236
185	237
185	238
185	239
185	240
185	241
185	242
185	243
185	244
185	245
185	246
185	247