201	8650
1	12
1	13
1	14
1	15
1	16
1	17
1	18
1	19
1	20
1	21
1	22
1	23
1	24
1	25
1	26
1	27
1	28
1	29
1	30
1	31
1	32
1	33
1	34
1	35
1	36
1	37
1	38
1	39
1	40
1	41
1	42
1	43
1	44
1	45
1	46
1	47
1	48
1	49
1	50
1	51
1	52
1	53
1	54
1	55
1	56
1	57
1	58
1	59
1	60
1	61
1	62
1	63
1	64
1	65
1	66
1	67
1	68
1	69
1	70
1	71
1	72
1	73
1	74
1	75
1	76
1	77
1	78
1	79
1	80
1	81
1	82
1	83
1	84
1	85
1	86
1	87
1	88
1	89
1	90
1	91
1	92
1	93
1	94
1	95
1	96
1	97
1	98
1	99
1	100
1	101
1	102
1	103
1	104
1	105
1	106
1	107
1	108
1	109
1	110
1	111
1	112
1	113
1	114
1	115
1	116
1	117
1	118
1	119
1	120
1	121
1	122
1	123
1	124
1	125
1	126
1	127
1	128
1	129
1	130
1	131
1	132
1	133
1	134
1	135
1	136
1	137
1	138
1	139
1	140
1	141
1	142
1	143
1	144
1	145
1	146
1	147
1	148
1	149
1	150
1	151
1	152
1	153
1	154
1	155
1	156
1	157
1	158
1	159
1	160
1	161
1	162
1	163
1	164
1	165
1	166
1	167
1	168
1	169
1	170
1	171
1	172
1	173
1	174
1	175
1	176
1	177
1	178
1	179
1	180
1	181
1	182
1	183
1	184
1	185
1	186
1	187
1	188
1	189
1	190
1	191
1	192
1	193
1	194
1	195
1	196
1	197
1	198
1	199
1	200
1	201
2	12
2	13
2	14
2	15
2	16
2	17
2	18
2	19
2	20
2	21
2	22
2	23
2	24
2	25
2	26
2	27
2	28
2	29
2	30
2	31
2	32
2	33
2	34
2	35
2	36
2	37
2	38
2	39
2	40
2	41
2	42
2	43
2	44
2	45
2	46
2	47
2	48
2	49
2	50
2	51
2	52
2	53
2	54
2	55
2	56
2	57
2	58
2	59
2	60
2	61
2	62
2	63
2	64
2	65
2	66
2	67
2	68
2	69
2	70
2	71
2	72
2	73
2	74
2	75
2	76
2	77
2	78
2	79
2	80
2	81
2	82
2	83
2	84
2	85
2	86
2	87
2	88
2	89
2	90
2	91
2	92
2	93
2	94
2	95
2	96
2	97
2	98
2	99
2	100
2	101
2	102
2	103
2	104
2	105
2	106
2	107
2	108
2	109
2	110
2	111
2	112
2	113
2	114
2	115
2	116
2	117
2	118
2	119
2	120
2	121
2	122
2	123
2	124
2	125
2	126
2	127
2	128
2	129
2	130
2	131
2	132
2	133
2	134
2	135
2	136
2	137
2	138
2	139
2	140
2	141
2	142
2	143
2	144
2	145
2	146
2	147
2	148
2	149
2	150
2	151
2	152
2	153
2	154
2	155
2	156
2	157
2	158
2	159
2	160
2	161
2	162
2	163
2	164
2	165
2	166
2	167
2	168
2	169
2	170
2	171
2	172
2	173
2	174
2	175
2	176
2	177
2	178
2	179
2	180
2	181
2	182
2	183
2	184
2	185
2	186
2	187
2	188
2	189
2	190
2	191
2	192
2	193
2	194
2	195
2	196
2	197
2	198
2	199
2	200
2	201
3	12
3	13
3	14
3	15
3	16
3	17
3	18
3	19
3	20
3	21
3	22
3	23
3	24
3	25
3	26
3	27
3	28
3	29
3	30
3	31
3	32
3	33
3	34
3	35
3	36
3	37
3	38
3	39
3	40
3	41
3	42
3	43
3	44
3	45
3	46
3	47
3	48
3	49
3	50
3	51
3	52
3	53
3	54
3	55
3	56
3	57
3	58
3	59
3	60
3	61
3	62
3	63
3	64
3	65
3	66
3	67
3	68
3	69
3	70
3	71
3	72
3	73
3	74
3	75
3	76
3	77
3	78
3	79
3	80
3	81
3	82
3	83
3	84
3	85
3	86
3	87
3	88
3	89
3	90
3	91
3	92
3	93
3	94
3	95
3	96
3	97
3	98
3	99
3	100
3	101
3	102
3	103
3	104
3	105
3	106
3	107
3	108
3	109
3	110
3	111
3	112
3	113
3	114
3	115
3	116
3	117
3	118
3	119
3	120
3	121
3	122
3	123
3	124
3	125
3	126
3	127
3	128
3	129
3	130
3	131
3	132
3	133
3	134
3	135
3	136
3	137
3	138
3	139
3	140
3	141
3	142
3	143
3	144
3	145
3	146
3	147
3	148
3	149
3	150
3	151
3	152
3	153
3	154
3	155
3	156
3	157
3	158
3	159
3	160
3	161
3	162
3	163
3	164
3	165
3	166
3	167
3	168
3	169
3	170
3	171
3	172
3	173
3	174
3	175
3	176
3	177
3	178
3	179
3	180
3	181
3	182
3	183
3	184
3	185
3	186
3	187
3	188
3	189
3	190
3	191
3	192
3	193
3	194
3	195
3	196
3	197
3	198
3	199
3	200
3	201
4	12
4	13
4	14
4	15
4	16
4	17
4	18
4	19
4	20
4	21
4	22
4	23
4	24
4	25
4	26
4	27
4	28
4	29
4	30
4	31
4	32
4	33
4	34
4	35
4	36
4	37
4	38
4	39
4	40
4	41
4	42
4	43
4	44
4	45
4	46
4	47
4	48
4	49
4	50
4	51
4	52
4	53
4	54
4	55
4	56
4	57
4	58
4	59
4	60
4	61
4	62
4	63
4	64
4	65
4	66
4	67
4	68
4	69
4	70
4	71
4	72
4	73
4	74
4	75
4	76
4	77
4	78
4	79
4	80
4	81
4	82
4	83
4	84
4	85
4	86
4	87
4	88
4	89
4	90
4	91
4	92
4	93
4	94
4	95
4	96
4	97
4	98
4	99
4	100
4	101
4	102
4	103
4	104
4	105
4	106
4	107
4	108
4	109
4	110
4	111
4	112
4	113
4	114
4	115
4	116
4	117
4	118
4	119
4	120
4	121
4	122
4	123
4	124
4	125
4	126
4	127
4	128
4	129
4	130
4	131
4	132
4	133
4	134
4	135
4	136
4	137
4	138
4	139
4	140
4	141
4	142
4	143
4	144
4	145
4	146
4	147
4	148
4	149
4	150
4	151
4	152
4	153
4	154
4	155
4	156
4	157
4	158
4	159
4	160
4	161
4	162
4	163
4	164
4	165
4	166
4	167
4	168
4	169
4	170
4	171
4	172
4	173
4	174
4	175
4	176
4	177
4	178
4	179
4	180
4	181
4	182
4	183
4	184
4	185
4	186
4	187
4	188
4	189
4	190
4	191
4	192
4	193
4	194
4	195
4	196
4	197
4	198
4	199
4	200
4	201
5	12
5	13
5	14
5	15
5	16
5	17
5	18
5	19
5	20
5	21
5	22
5	23
5	24
5	25
5	26
5	27
5	28
5	29
5	30
5	31
5	32
5	33
5	34
5	35
5	36
5	37
5	38
5	39
5	40
5	41
5	42
5	43
5	44
5	45
5	46
5	47
5	48
5	49
5	50
5	51
5	52
5	53
5	54
5	55
5	56
5	57
5	58
5	59
5	60
5	61
5	62
5	63
5	64
5	65
5	66
5	67
5	68
5	69
5	70
5	71
5	72
5	73
5	74
5	75
5	76
5	77
5	78
5	79
5	80
5	81
5	82
5	83
5	84
5	85
5	86
5	87
5	88
5	89
5	90
5	91
5	92
5	93
5	94
5	95
5	96
5	97
5	98
5	99
5	100
5	101
5	102
5	103
5	104
5	105
5	106
5	107
5	108
5	109
5	110
5	111
5	112
5	113
5	114
5	115
5	116
5	117
5	118
5	119
5	120
5	121
5	122
5	123
5	124
5	125
5	126
5	127
5	128
5	129
5	130
5	131
5	132
5	133
5	134
5	135
5	136
5	137
5	138
5	139
5	140
5	141
5	142
5	143
5	144
5	145
5	146
5	147
5	148
5	149
5	150
5	151
5	152
5	153
5	154
5	155
5	156
5	157
5	158
5	159
5	160
5	161
5	162
5	163
5	164
5	165
5	166
5	167
5	168
5	169
5	170
5	171
5	172
5	173
5	174
5	175
5	176
5	177
5	178
5	179
5	180
5	181
5	182
5	183
5	184
5	185
5	186
5	187
5	188
5	189
5	190
5	191
5	192
5	193
5	194
5	195
5	196
5	197
5	198
5	199
5	200
5	201
6	12
6	13
6	14
6	15
6	16
6	17
6	18
6	19
6	20
6	21
6	22
6	23
6	24
6	25
6	26
6	27
6	28
6	29
6	30
6	31
6	32
6	33
6	34
6	35
6	36
6	37
6	38
6	39
6	40
6	41
6	42
6	43
6	44
6	45
6	46
6	47
6	48
6	49
6	50
6	51
6	52
6	53
6	54
6	55
6	56
6	57
6	58
6	59
6	60
6	61
6	62
6	63
6	64
6	65
6	66
6	67
6	68
6	69
6	70
6	71
6	72
6	73
6	74
6	75
6	76
6	77
6	78
6	79
6	80
6	81
6	82
6	83
6	84
6	85
6	86
6	87
6	88
6	89
6	90
6	91
6	92
6	93
6	94
6	95
6	96
6	97
6	98
6	99
6	100
6	101
6	102
6	103
6	104
6	105
6	106
6	107
6	108
6	109
6	110
6	111
6	112
6	113
6	114
6	115
6	116
6	117
6	118
6	119
6	120
6	121
6	122
6	123
6	124
6	125
6	126
6	127
6	128
6	129
6	130
6	131
6	132
6	133
6	134
6	135
6	136
6	137
6	138
6	139
6	140
6	141
6	142
6	143
6	144
6	145
6	146
6	147
6	148
6	149
6	150
6	151
6	152
6	153
6	154
6	155
6	156
6	157
6	158
6	159
6	160
6	161
6	162
6	163
6	164
6	165
6	166
6	167
6	168
6	169
6	170
6	171
6	172
6	173
6	174
6	175
6	176
6	177
6	178
6	179
6	180
6	181
6	182
6	183
6	184
6	185
6	186
6	187
6	188
6	189
6	190
6	191
6	192
6	193
6	194
6	195
6	196
6	197
6	198
6	199
6	200
6	201
7	12
7	13
7	14
7	15
7	16
7	17
7	18
7	19
7	20
7	21
7	22
7	23
7	24
7	25
7	26
7	27
7	28
7	29
7	30
7	31
7	32
7	33
7	34
7	35
7	36
7	37
7	38
7	39
7	40
7	41
7	42
7	43
7	44
7	45
7	46
7	47
7	48
7	49
7	50
7	51
7	52
7	53
7	54
7	55
7	56
7	57
7	58
7	59
7	60
7	61
7	62
7	63
7	64
7	65
7	66
7	67
7	68
7	69
7	70
7	71
7	72
7	73
7	74
7	75
7	76
7	77
7	78
7	79
7	80
7	81
7	82
7	83
7	84
7	85
7	86
7	87
7	88
7	89
7	90
7	91
7	92
7	93
7	94
7	95
7	96
7	97
7	98
7	99
7	100
7	101
7	102
7	103
7	104
7	105
7	106
7	107
7	108
7	109
7	110
7	111
7	112
7	113
7	114
7	115
7	116
7	117
7	118
7	119
7	120
7	121
7	122
7	123
7	124
7	125
7	126
7	127
7	128
7	129
7	130
7	131
7	132
7	133
7	134
7	135
7	136
7	137
7	138
7	139
7	140
7	141
7	142
7	143
7	144
7	145
7	146
7	147
7	148
7	149
7	150
7	151
7	152
7	153
7	154
7	155
7	156
7	157
7	158
7	159
7	160
7	161
7	162
7	163
7	164
7	165
7	166
7	167
7	168
7	169
7	170
7	171
7	172
7	173
7	174
7	175
7	176
7	177
7	178
7	179
7	180
7	181
7	182
7	183
7	184
7	185
7	186
7	187
7	188
7	189
7	190
7	191
7	192
7	193
7	194
7	195
7	196
7	197
7	198
7	199
7	200
7	201
8	12
8	13
8	14
8	15
8	16
8	17
8	18
8	19
8	20
8	21
8	22
8	23
8	24
8	25
8	26
8	27
8	28
8	29
8	30
8	31
8	32
8	33
8	34
8	35
8	36
8	37
8	38
8	39
8	40
8	41
8	42
8	43
8	44
8	45
8	46
8	47
8	48
8	49
8	50
8	51
8	52
8	53
8	54
8	55
8	56
8	57
8	58
8	59
8	60
8	61
8	62
8	63
8	64
8	65
8	66
8	67
8	68
8	69
8	70
8	71
8	72
8	73
8	74
8	75
8	76
8	77
8	78
8	79
8	80
8	81
8	82
8	83
8	84
8	85
8	86
8	87
8	88
8	89
8	90
8	91
8	92
8	93
8	94
8	95
8	96
8	97
8	98
8	99
8	100
8	101
8	102
8	103
8	104
8	105
8	106
8	107
8	108
8	109
8	110
8	111
8	112
8	113
8	114
8	115
8	116
8	117
8	118
8	119
8	120
8	121
8	122
8	123
8	124
8	125
8	126
8	127
8	128
8	129
8	130
8	131
8	132
8	133
8	134
8	135
8	136
8	137
8	138
8	139
8	140
8	141
8	142
8	143
8	144
8	145
8	146
8	147
8	148
8	149
8	150
8	151
8	152
8	153
8	154
8	155
8	156
8	157
8	158
8	159
8	160
8	161
8	162
8	163
8	164
8	165
8	166
8	167
8	168
8	169
8	170
8	171
8	172
8	173
8	174
8	175
8	176
8	177
8	178
8	179
8	180
8	181
8	182
8	183
8	184
8	185
8	186
8	187
8	188
8	189
8	190
8	191
8	192
8	193
8	194
8	195
8	196
8	197
8	198
8	199
8	200
8	201
9	12
9	13
9	14
9	15
9	16
9	17
9	18
9	19
9	20
9	21
9	22
9	23
9	24
9	25
9	26
9	27
9	28
9	29
9	30
9	31
9	32
9	33
9	34
9	35
9	36
9	37
9	38
9	39
9	40
9	41
9	42
9	43
9	44
9	45
9	46
9	47
9	48
9	49
9	50
9	51
9	52
9	53
9	54
9	55
9	56
9	57
9	58
9	59
9	60
9	61
9	62
9	63
9	64
9	65
9	66
9	67
9	68
9	69
9	70
9	71
9	72
9	73
9	74
9	75
9	76
9	77
9	78
9	79
9	80
9	81
9	82
9	83
9	84
9	85
9	86
9	87
9	88
9	89
9	90
9	91
9	92
9	93
9	94
9	95
9	96
9	97
9	98
9	99
9	100
9	101
9	102
9	103
9	104
9	105
9	106
9	107
9	108
9	109
9	110
9	111
9	112
9	113
9	114
9	115
9	116
9	117
9	118
9	119
9	120
9	121
9	122
9	123
9	124
9	125
9	126
9	127
9	128
9	129
9	130
9	131
9	132
9	133
9	134
9	135
9	136
9	137
9	138
9	139
9	140
9	141
9	142
9	143
9	144
9	145
9	146
9	147
9	148
9	149
9	150
9	151
9	152
9	153
9	154
9	155
9	156
9	157
9	158
9	159
9	160
9	161
9	162
9	163
9	164
9	165
9	166
9	167
9	168
9	169
9	170
9	171
9	172
9	173
9	174
9	175
9	176
9	177
9	178
9	179
9	180
9	181
9	182
9	183
9	184
9	185
9	186
9	187
9	188
9	189
9	190
9	191
9	192
9	193
9	194
9	195
9	196
9	197
9	198
9	199
9	200
9	201
10	12
10	13
10	14
10	15
10	16
10	17
10	18
10	19
10	20
10	21
10	22
10	23
10	24
10	25
10	26
10	27
10	28
10	29
10	30
10	31
10	32
10	33
10	34
10	35
10	36
10	37
10	38
10	39
10	40
10	41
10	42
10	43
10	44
10	45
10	46
10	47
10	48
10	49
10	50
10	51
10	52
10	53
10	54
10	55
10	56
10	57
10	58
10	59
10	60
10	61
10	62
10	63
10	64
10	65
10	66
10	67
10	68
10	69
10	70
10	71
10	72
10	73
10	74
10	75
10	76
10	77
10	78
10	79
10	80
10	81
10	82
10	83
10	84
10	85
10	86
10	87
10	88
10	89
10	90
10	91
10	92
10	93
10	94
10	95
10	96
10	97
10	98
10	99
10	100
10	101
10	102
10	103
10	104
10	105
10	106
10	107
10	108
10	109
10	110
10	111
10	112
10	113
10	114
10	115
10	116
10	117
10	118
10	119
10	120
10	121
10	122
10	123
10	124
10	125
10	126
10	127
10	128
10	129
10	130
10	131
10	132
10	133
10	134
10	135
10	136
10	137
10	138
10	139
10	140
10	141
10	142
10	143
10	144
10	145
10	146
10	147
10	148
10	149
10	150
10	151
10	152
10	153
10	154
10	155
10	156
10	157
10	158
10	159
10	160
10	161
10	162
10	163
10	164
10	165
10	166
10	167
10	168
10	169
10	170
10	171
10	172
10	173
10	174
10	175
10	176
10	177
10	178
10	179
10	180
10	181
10	182
10	183
10	184
10	185
10	186
10	187
10	188
10	189
10	190
10	191
10	192
10	193
10	194
10	195
10	196
10	197
10	198
10	199
10	200
10	201
11	12
11	13
11	14
11	15
11	16
11	17
11	18
11	19
11	20
11	21
11	22
11	23
11	24
11	25
11	26
11	27
11	28
11	29
11	30
11	31
11	32
11	33
11	34
11	35
11	36
11	37
11	38
11	39
11	40
11	41
11	42
11	43
11	44
11	45
11	46
11	47
11	48
11	49
11	50
11	51
11	52
11	53
11	54
11	55
11	56
11	57
11	58
11	59
11	60
11	61
11	62
11	63
11	64
11	65
11	66
11	67
11	68
11	69
11	70
11	71
11	72
11	73
11	74
11	75
11	76
11	77
11	78
11	79
11	80
11	81
11	82
11	83
11	84
11	85
11	86
11	87
11	88
11	89
11	90
11	91
11	92
11	93
11	94
11	95
11	96
11	97
11	98
11	99
11	100
11	101
11	102
11	103
11	104
11	105
11	106
11	107
11	108
11	109
11	110
11	111
11	112
11	113
11	114
11	115
11	116
11	117
11	118
11	119
11	120
11	121
11	122
11	123
11	124
11	125
11	126
11	127
11	128
11	129
11	130
11	131
11	132
11	133
11	134
11	135
11	136
11	137
11	138
11	139
11	140
11	141
11	142
11	143
11	144
11	145
11	146
11	147
11	148
11	149
11	150
11	151
11	152
11	153
11	154
11	155
11	156
11	157
11	158
11	159
11	160
11	161
11	162
11	163
11	164
11	165
11	166
11	167
11	168
11	169
11	170
11	171
11	172
11	173
11	174
11	175
11	176
11	177
11	178
11	179
11	180
11	181
11	182
11	183
11	184
11	185
11	186
11	187
11	188
11	189
11	190
11	191
11	192
11	193
11	194
11	195
11	196
11	197
11	198
11	199
11	200
11	201
12	39
12	153
12	157
12	158
12	159
12	161
12	162
12	163
12	164
12	165
12	166
12	167
12	168
12	169
12	170
12	171
12	172
12	173
12	174
12	175
12	176
12	177
12	178
12	179
12	180
12	181
12	182
12	183
12	184
12	185
12	186
12	187
12	188
12	189
12	190
12	191
12	192
12	193
12	194
12	195
12	196
12	197
12	198
12	199
12	200
13	39
13	146
13	148
13	149
13	153
13	155
13	156
13	157
13	158
13	159
13	160
13	161
13	162
13	163
13	164
13	165
13	166
13	167
13	168
13	169
13	170
13	171
13	172
13	173
13	174
13	175
13	176
13	177
13	178
13	179
13	180
13	181
13	182
13	183
13	184
13	185
13	186
13	187
13	188
13	189
13	190
13	191
13	192
13	193
13	194
13	195
13	196
13	197
13	198
13	199
13	200
14	39
14	153
14	161
14	162
14	163
14	164
14	165
14	166
14	167
14	168
14	169
14	170
14	171
14	172
14	173
14	174
14	175
14	176
14	177
14	178
14	179
14	180
14	181
14	182
14	183
14	184
14	185
14	186
14	187
14	188
14	189
14	190
14	191
14	192
14	193
14	194
14	195
14	196
14	197
14	198
14	199
14	200
15	39
15	153
15	161
15	162
15	163
15	164
15	165
15	166
15	167
15	168
15	169
15	170
15	171
15	172
15	173
15	174
15	175
15	176
15	177
15	178
15	179
15	180
15	181
15	182
15	183
15	184
15	185
15	186
15	187
15	188
15	189
15	190
15	191
15	192
15	193
15	194
15	195
15	196
15	197
15	198
15	199
15	200
16	39
16	153
16	161
16	162
16	163
16	164
16	165
16	166
16	167
16	168
16	169
16	170
16	171
16	172
16	173
16	174
16	175
16	176
16	177
16	178
16	179
16	180
16	181
16	182
16	183
16	184
16	185
16	186
16	187
16	188
16	189
16	190
16	191
16	192
16	193
16	194
16	195
16	196
16	197
16	198
16	199
16	200
17	39
17	103
17	110
17	111
17	123
17	125
17	128
17	134
17	136
17	137
17	138
17	139
17	140
17	142
17	144
17	146
17	147
17	148
17	149
17	150
17	151
17	152
17	153
17	154
17	155
17	156
17	157
17	158
17	159
17	160
17	161
17	162
17	163
17	164
17	165
17	166
17	167
17	168
17	169
17	170
17	171
17	172
17	173
17	174
17	175
17	176
17	177
17	178
17	179
17	180
17	181
17	182
17	183
17	184
17	185
17	186
17	187
17	188
17	189
17	190
17	191
17	192
17	193
17	194
17	195
17	196
17	197
17	198
17	199
17	200
18	39
18	153
18	161
18	162
18	163
18	164
18	165
18	166
18	167
18	168
18	169
18	170
18	171
18	172
18	173
18	174
18	175
18	176
18	177
18	178
18	179
18	180
18	181
18	182
18	183
18	184
18	185
18	186
18	187
18	188
18	189
18	190
18	191
18	192
18	193
18	194
18	195
18	196
18	197
18	198
18	199
18	200
19	39
19	153
19	161
19	162
19	163
19	164
19	165
19	166
19	167
19	168
19	169
19	170
19	171
19	172
19	173
19	174
19	175
19	176
19	177
19	178
19	179
19	180
19	181
19	182
19	183
19	184
19	185
19	186
19	187
19	188
19	189
19	190
19	191
19	192
19	193
19	194
19	195
19	196
19	197
19	198
19	199
19	200
20	39
20	153
20	161
20	162
20	163
20	164
20	165
20	166
20	167
20	168
20	169
20	170
20	171
20	172
20	173
20	174
20	175
20	176
20	177
20	178
20	179
20	180
20	181
20	182
20	183
20	184
20	185
20	186
20	187
20	188
20	189
20	190
20	191
20	192
20	193
20	194
20	195
20	196
20	197
20	198
20	199
20	200
21	39
21	153
21	161
21	162
21	163
21	164
21	165
21	166
21	167
21	168
21	169
21	170
21	171
21	172
21	173
21	174
21	175
21	176
21	177
21	178
21	179
21	180
21	181
21	182
21	183
21	184
21	185
21	186
21	187
21	188
21	189
21	190
21	191
21	192
21	193
21	194
21	195
21	196
21	197
21	198
21	199
21	200
22	39
22	153
22	161
22	162
22	163
22	164
22	165
22	166
22	167
22	168
22	169
22	170
22	171
22	172
22	173
22	174
22	175
22	176
22	177
22	178
22	179
22	180
22	181
22	182
22	183
22	184
22	185
22	186
22	187
22	188
22	189
22	190
22	191
22	192
22	193
22	194
22	195
22	196
22	197
22	198
22	199
22	200
23	39
23	153
23	161
23	162
23	163
23	164
23	165
23	166
23	167
23	168
23	169
23	170
23	171
23	172
23	173
23	174
23	175
23	176
23	177
23	178
23	179
23	180
23	181
23	182
23	183
23	184
23	185
23	186
23	187
23	188
23	189
23	190
23	191
23	192
23	193
23	194
23	195
23	196
23	197
23	198
23	199
23	200
24	39
24	153
24	161
24	162
24	163
24	164
24	165
24	166
24	167
24	168
24	169
24	170
24	171
24	172
24	173
24	174
24	175
24	176
24	177
24	178
24	179
24	180
24	181
24	182
24	183
24	184
24	185
24	186
24	187
24	188
24	189
24	190
24	191
24	192
24	193
24	194
24	195
24	196
24	197
24	198
24	199
24	200
25	39
25	153
25	161
25	162
25	163
25	164
25	165
25	166
25	167
25	168
25	169
25	170
25	171
25	172
25	173
25	174
25	175
25	176
25	177
25	178
25	179
25	180
25	181
25	182
25	183
25	184
25	185
25	186
25	187
25	188
25	189
25	190
25	191
25	192
25	193
25	194
25	195
25	196
25	197
25	198
25	199
25	200
26	39
26	153
26	161
26	162
26	163
26	164
26	165
26	166
26	167
26	168
26	169
26	170
26	171
26	172
26	173
26	174
26	175
26	176
26	177
26	178
26	179
26	180
26	181
26	182
26	183
26	184
26	185
26	186
26	187
26	188
26	189
26	190
26	191
26	192
26	193
26	194
26	195
26	196
26	197
26	198
26	199
26	200
27	39
27	153
27	161
27	162
27	163
27	164
27	165
27	166
27	167
27	168
27	169
27	170
27	171
27	172
27	173
27	174
27	175
27	176
27	177
27	178
27	179
27	180
27	181
27	182
27	183
27	184
27	185
27	186
27	187
27	188
27	189
27	190
27	191
27	192
27	193
27	194
27	195
27	196
27	197
27	198
27	199
27	200
28	39
28	153
28	161
28	162
28	163
28	164
28	165
28	166
28	167
28	168
28	169
28	170
28	171
28	172
28	173
28	174
28	175
28	176
28	177
28	178
28	179
28	180
28	181
28	182
28	183
28	184
28	185
28	186
28	187
28	188
28	189
28	190
28	191
28	192
28	193
28	194
28	195
28	196
28	197
28	198
28	199
28	200
29	39
29	153
29	161
29	162
29	163
29	164
29	165
29	166
29	167
29	168
29	169
29	170
29	171
29	172
29	173
29	174
29	175
29	176
29	177
29	178
29	179
29	180
29	181
29	182
29	183
29	184
29	185
29	186
29	187
29	188
29	189
29	190
29	191
29	192
29	193
29	194
29	195
29	196
29	197
29	198
29	199
29	200
30	39
30	153
30	161
30	162
30	163
30	164
30	165
30	166
30	167
30	168
30	169
30	170
30	171
30	172
30	173
30	174
30	175
30	176
30	177
30	178
30	179
30	180
30	181
30	182
30	183
30	184
30	185
30	186
30	187
30	188
30	189
30	190
30	191
30	192
30	193
30	194
30	195
30	196
30	197
30	198
30	199
30	200
31	39
31	153
31	157
31	158
31	159
31	161
31	162
31	163
31	164
31	165
31	166
31	167
31	168
31	169
31	170
31	171
31	172
31	173
31	174
31	175
31	176
31	177
31	178
31	179
31	180
31	181
31	182
31	183
31	184
31	185
31	186
31	187
31	188
31	189
31	190
31	191
31	192
31	193
31	194
31	195
31	196
31	197
31	198
31	199
31	200
32	39
32	153
32	157
32	158
32	159
32	161
32	162
32	163
32	164
32	165
32	166
32	167
32	168
32	169
32	170
32	171
32	172
32	173
32	174
32	175
32	176
32	177
32	178
32	179
32	180
32	181
32	182
32	183
32	184
32	185
32	186
32	187
32	188
32	189
32	190
32	191
32	192
32	193
32	194
32	195
32	196
32	197
32	198
32	199
32	200
33	39
33	153
33	157
33	158
33	159
33	161
33	162
33	163
33	164
33	165
33	166
33	167
33	168
33	169
33	170
33	171
33	172
33	173
33	174
33	175
33	176
33	177
33	178
33	179
33	180
33	181
33	182
33	183
33	184
33	185
33	186
33	187
33	188
33	189
33	190
33	191
33	192
33	193
33	194
33	195
33	196
33	197
33	198
33	199
33	200
34	39
34	153
34	157
34	158
34	159
34	161
34	162
34	163
34	164
34	165
34	166
34	167
34	168
34	169
34	170
34	171
34	172
34	173
34	174
34	175
34	176
34	177
34	178
34	179
34	180
34	181
34	182
34	183
34	184
34	185
34	186
34	187
34	188
34	189
34	190
34	191
34	192
34	193
34	194
34	195
34	196
34	197
34	198
34	199
34	200
35	39
35	153
35	161
35	162
35	163
35	164
35	165
35	166
35	167
35	168
35	169
35	170
35	171
35	172
35	173
35	174
35	175
35	176
35	177
35	178
35	179
35	180
35	181
35	182
35	183
35	184
35	185
35	186
35	187
35	188
35	189
35	190
35	191
35	192
35	193
35	194
35	195
35	196
35	197
35	198
35	199
35	200
36	39
36	153
36	157
36	158
36	159
36	161
36	162
36	163
36	164
36	165
36	166
36	167
36	168
36	169
36	170
36	171
36	172
36	173
36	174
36	175
36	176
36	177
36	178
36	179
36	180
36	181
36	182
36	183
36	184
36	185
36	186
36	187
36	188
36	189
36	190
36	191
36	192
36	193
36	194
36	195
36	196
36	197
36	198
36	199
36	200
37	39
37	153
37	157
37	158
37	159
37	161
37	162
37	163
37	164
37	165
37	166
37	167
37	168
37	169
37	170
37	171
37	172
37	173
37	174
37	175
37	176
37	177
37	178
37	179
37	180
37	181
37	182
37	183
37	184
37	185
37	186
37	187
37	188
37	189
37	190
37	191
37	192
37	193
37	194
37	195
37	196
37	197
37	198
37	199
37	200
38	39
38	153
38	161
38	162
38	163
38	164
38	165
38	166
38	167
38	168
38	169
38	170
38	171
38	172
38	173
38	174
38	175
38	176
38	177
38	178
38	179
38	180
38	181
38	182
38	183
38	184
38	185
38	186
38	187
38	188
38	189
38	190
38	191
38	192
38	193
38	194
38	195
38	196
38	197
38	198
38	199
38	200
39	40
39	41
39	42
39	43
39	44
39	45
39	46
39	47
39	48
39	49
39	50
39	51
39	52
39	53
39	54
39	55
39	56
39	57
39	58
39	59
39	60
39	61
39	62
39	63
39	64
39	65
39	66
39	67
39	68
39	69
39	70
39	71
39	72
39	73
39	74
39	75
39	76
39	77
39	78
39	79
39	80
39	81
39	82
39	83
39	84
39	85
39	86
39	87
39	88
39	89
39	90
39	91
39	92
39	93
39	94
39	95
39	96
39	97
39	98
39	99
39	100
39	101
39	102
39	103
39	104
39	105
39	106
39	107
39	108
39	109
39	110
39	111
39	112
39	113
39	114
39	115
39	116
39	117
39	118
39	119
39	120
39	121
39	122
39	123
39	124
39	125
39	126
39	127
39	128
39	129
39	130
39	131
39	132
39	133
39	134
39	135
39	136
39	137
39	138
39	139
39	140
39	141
39	142
39	143
39	144
39	145
39	146
39	147
39	148
39	149
39	150
39	151
39	152
39	153
39	154
39	155
39	156
39	157
39	158
39	159
39	160
39	161
39	162
39	163
39	164
39	165
39	166
39	167
39	168
39	169
39	170
39	171
39	172
39	173
39	174
39	175
39	176
39	177
39	178
39	179
39	180
39	181
39	182
39	183
39	184
39	185
39	186
39	187
39	188
39	189
39	190
39	191
39	192
39	193
39	194
39	195
39	196
39	197
39	198
39	199
39	200
39	201
40	153
40	157
40	158
40	159
40	161
40	162
40	163
40	164
40	165
40	166
40	167
40	168
40	169
40	170
40	171
40	172
40	173
40	174
40	175
40	176
40	177
40	178
40	179
40	180
40	181
40	182
40	183
40	184
40	185
40	186
40	187
40	188
40	189
40	190
40	191
40	192
40	193
40	194
40	195
40	196
40	197
40	198
40	199
40	200
41	153
41	161
41	162
41	163
41	164
41	165
41	166
41	167
41	168
41	169
41	170
41	171
41	172
41	173
41	174
41	175
41	176
41	177
41	178
41	179
41	180
41	181
41	182
41	183
41	184
41	185
41	186
41	187
41	188
41	189
41	190
41	191
41	192
41	193
41	194
41	195
41	196
41	197
41	198
41	199
41	200
42	153
42	161
42	162
42	163
42	164
42	165
42	166
42	167
42	168
42	169
42	170
42	171
42	172
42	173
42	174
42	175
42	176
42	177
42	178
42	179
42	180
42	181
42	182
42	183
42	184
42	185
42	186
42	187
42	188
42	189
42	190
42	191
42	192
42	193
42	194
42	195
42	196
42	197
42	198
42	199
42	200
43	153
43	157
43	158
43	159
43	161
43	162
43	163
43	164
43	165
43	166
43	167
43	168
43	169
43	170
43	171
43	172
43	173
43	174
43	175
43	176
43	177
43	178
43	179
43	180
43	181
43	182
43	183
43	184
43	185
43	186
43	187
43	188
43	189
43	190
43	191
43	192
43	193
43	194
43	195
43	196
43	197
43	198
43	199
43	200
44	153
44	157
44	158
44	159
44	161
44	162
44	163
44	164
44	165
44	166
44	167
44	168
44	169
44	170
44	171
44	172
44	173
44	174
44	175
44	176
44	177
44	178
44	179
44	180
44	181
44	182
44	183
44	184
44	185
44	186
44	187
44	188
44	189
44	190
44	191
44	192
44	193
44	194
44	195
44	196
44	197
44	198
44	199
44	200
45	146
45	148
45	153
45	155
45	156
45	157
45	158
45	159
45	160
45	161
45	162
45	163
45	164
45	165
45	166
45	167
45	168
45	169
45	170
45	171
45	172
45	173
45	174
45	175
45	176
45	177
45	178
45	179
45	180
45	181
45	182
45	183
45	184
45	185
45	186
45	187
45	188
45	189
45	190
45	191
45	192
45	193
45	194
45	195
45	196
45	197
45	198
45	199
45	200
46	146
46	148
46	153
46	155
46	156
46	157
46	158
46	159
46	160
46	161
46	162
46	163
46	164
46	165
46	166
46	167
46	168
46	169
46	170
46	171
46	172
46	173
46	174
46	175
46	176
46	177
46	178
46	179
46	180
46	181
46	182
46	183
46	184
46	185
46	186
46	187
46	188
46	189
46	190
46	191
46	192
46	193
46	194
46	195
46	196
46	197
46	198
46	199
46	200
47	146
47	148
47	153
47	155
47	156
47	157
47	158
47	159
47	160
47	161
47	162
47	163
47	164
47	165
47	166
47	167
47	168
47	169
47	170
47	171
47	172
47	173
47	174
47	175
47	176
47	177
47	178
47	179
47	180
47	181
47	182
47	183
47	184
47	185
47	186
47	187
47	188
47	189
47	190
47	191
47	192
47	193
47	194
47	195
47	196
47	197
47	198
47	199
47	200
48	153
48	157
48	158
48	159
48	161
48	162
48	163
48	164
48	165
48	166
48	167
48	168
48	169
48	170
48	171
48	172
48	173
48	174
48	175
48	176
48	177
48	178
48	179
48	180
48	181
48	182
48	183
48	184
48	185
48	186
48	187
48	188
48	189
48	190
48	191
48	192
48	193
48	194
48	195
48	196
48	197
48	198
48	199
48	200
49	140
49	146
49	147
49	148
49	149
49	150
49	151
49	152
49	153
49	154
49	155
49	156
49	157
49	158
49	159
49	160
49	161
49	162
49	163
49	164
49	165
49	166
49	167
49	168
49	169
49	170
49	171
49	172
49	173
49	174
49	175
49	176
49	177
49	178
49	179
49	180
49	181
49	182
49	183
49	184
49	185
49	186
49	187
49	188
49	189
49	190
49	191
49	192
49	193
49	194
49	195
49	196
49	197
49	198
49	199
49	200
50	153
50	161
50	162
50	163
50	164
50	165
50	166
50	167
50	168
50	169
50	170
50	171
50	172
50	173
50	174
50	175
50	176
50	177
50	178
50	179
50	180
50	181
50	182
50	183
50	184
50	185
50	186
50	187
50	188
50	189
50	190
50	191
50	192
50	193
50	194
50	195
50	196
50	197
50	198
50	199
50	200
51	153
51	161
51	162
51	163
51	164
51	165
51	166
51	167
51	168
51	169
51	170
51	171
51	172
51	173
51	174
51	175
51	176
51	177
51	178
51	179
51	180
51	181
51	182
51	183
51	184
51	185
51	186
51	187
51	188
51	189
51	190
51	191
51	192
51	193
51	194
51	195
51	196
51	197
51	198
51	199
51	200
52	153
52	157
52	158
52	159
52	161
52	162
52	163
52	164
52	165
52	166
52	167
52	168
52	169
52	170
52	171
52	172
52	173
52	174
52	175
52	176
52	177
52	178
52	179
52	180
52	181
52	182
52	183
52	184
52	185
52	186
52	187
52	188
52	189
52	190
52	191
52	192
52	193
52	194
52	195
52	196
52	197
52	198
52	199
52	200
53	153
53	161
53	162
53	163
53	164
53	165
53	166
53	167
53	168
53	169
53	170
53	171
53	172
53	173
53	174
53	175
53	176
53	177
53	178
53	179
53	180
53	181
53	182
53	183
53	184
53	185
53	186
53	187
53	188
53	189
53	190
53	191
53	192
53	193
53	194
53	195
53	196
53	197
53	198
53	199
53	200
54	153
54	157
54	158
54	159
54	161
54	162
54	163
54	164
54	165
54	166
54	167
54	168
54	169
54	170
54	171
54	172
54	173
54	174
54	175
54	176
54	177
54	178
54	179
54	180
54	181
54	182
54	183
54	184
54	185
54	186
54	187
54	188
54	189
54	190
54	191
54	192
54	193
54	194
54	195
54	196
54	197
54	198
54	199
54	200
55	153
55	157
55	158
55	159
55	161
55	162
55	163
55	164
55	165
55	166
55	167
55	168
55	169
55	170
55	171
55	172
55	173
55	174
55	175
55	176
55	177
55	178
55	179
55	180
55	181
55	182
55	183
55	184
55	185
55	186
55	187
55	188
55	189
55	190
55	191
55	192
55	193
55	194
55	195
55	196
55	197
55	198
55	199
55	200
56	153
56	157
56	158
56	159
56	161
56	162
56	163
56	164
56	165
56	166
56	167
56	168
56	169
56	170
56	171
56	172
56	173
56	174
56	175
56	176
56	177
56	178
56	179
56	180
56	181
56	182
56	183
56	184
56	185
56	186
56	187
56	188
56	189
56	190
56	191
56	192
56	193
56	194
56	195
56	196
56	197
56	198
56	199
56	200
57	153
57	157
57	158
57	159
57	161
57	162
57	163
57	164
57	165
57	166
57	167
57	168
57	169
57	170
57	171
57	172
57	173
57	174
57	175
57	176
57	177
57	178
57	179
57	180
57	181
57	182
57	183
57	184
57	185
57	186
57	187
57	188
57	189
57	190
57	191
57	192
57	193
57	194
57	195
57	196
57	197
57	198
57	199
57	200
58	153
58	157
58	158
58	159
58	161
58	162
58	163
58	164
58	165
58	166
58	167
58	168
58	169
58	170
58	171
58	172
58	173
58	174
58	175
58	176
58	177
58	178
58	179
58	180
58	181
58	182
58	183
58	184
58	185
58	186
58	187
58	188
58	189
58	190
58	191
58	192
58	193
58	194
58	195
58	196
58	197
58	198
58	199
58	200
59	153
59	157
59	158
59	159
59	161
59	162
59	163
59	164
59	165
59	166
59	167
59	168
59	169
59	170
59	171
59	172
59	173
59	174
59	175
59	176
59	177
59	178
59	179
59	180
59	181
59	182
59	183
59	184
59	185
59	186
59	187
59	188
59	189
59	190
59	191
59	192
59	193
59	194
59	195
59	196
59	197
59	198
59	199
59	200
60	153
60	157
60	158
60	159
60	161
60	162
60	163
60	164
60	165
60	166
60	167
60	168
60	169
60	170
60	171
60	172
60	173
60	174
60	175
60	176
60	177
60	178
60	179
60	180
60	181
60	182
60	183
60	184
60	185
60	186
60	187
60	188
60	189
60	190
60	191
60	192
60	193
60	194
60	195
60	196
60	197
60	198
60	199
60	200
61	153
61	157
61	158
61	159
61	161
61	162
61	163
61	164
61	165
61	166
61	167
61	168
61	169
61	170
61	171
61	172
61	173
61	174
61	175
61	176
61	177
61	178
61	179
61	180
61	181
61	182
61	183
61	184
61	185
61	186
61	187
61	188
61	189
61	190
61	191
61	192
61	193
61	194
61	195
61	196
61	197
61	198
61	199
61	200
62	153
62	157
62	158
62	159
62	161
62	162
62	163
62	164
62	165
62	166
62	167
62	168
62	169
62	170
62	171
62	172
62	173
62	174
62	175
62	176
62	177
62	178
62	179
62	180
62	181
62	182
62	183
62	184
62	185
62	186
62	187
62	188
62	189
62	190
62	191
62	192
62	193
62	194
62	195
62	196
62	197
62	198
62	199
62	200
63	146
63	148
63	153
63	155
63	156
63	157
63	158
63	159
63	160
63	161
63	162
63	163
63	164
63	165
63	166
63	167
63	168
63	169
63	170
63	171
63	172
63	173
63	174
63	175
63	176
63	177
63	178
63	179
63	180
63	181
63	182
63	183
63	184
63	185
63	186
63	187
63	188
63	189
63	190
63	191
63	192
63	193
63	194
63	195
63	196
63	197
63	198
63	199
63	200
64	153
64	157
64	158
64	159
64	161
64	162
64	163
64	164
64	165
64	166
64	167
64	168
64	169
64	170
64	171
64	172
64	173
64	174
64	175
64	176
64	177
64	178
64	179
64	180
64	181
64	182
64	183
64	184
64	185
64	186
64	187
64	188
64	189
64	190
64	191
64	192
64	193
64	194
64	195
64	196
64	197
64	198
64	199
64	200
65	153
65	157
65	158
65	159
65	161
65	162
65	163
65	164
65	165
65	166
65	167
65	168
65	169
65	170
65	171
65	172
65	173
65	174
65	175
65	176
65	177
65	178
65	179
65	180
65	181
65	182
65	183
65	184
65	185
65	186
65	187
65	188
65	189
65	190
65	191
65	192
65	193
65	194
65	195
65	196
65	197
65	198
65	199
65	200
66	153
66	157
66	158
66	159
66	161
66	162
66	163
66	164
66	165
66	166
66	167
66	168
66	169
66	170
66	171
66	172
66	173
66	174
66	175
66	176
66	177
66	178
66	179
66	180
66	181
66	182
66	183
66	184
66	185
66	186
66	187
66	188
66	189
66	190
66	191
66	192
66	193
66	194
66	195
66	196
66	197
66	198
66	199
66	200
67	153
67	157
67	158
67	159
67	161
67	162
67	163
67	164
67	165
67	166
67	167
67	168
67	169
67	170
67	171
67	172
67	173
67	174
67	175
67	176
67	177
67	178
67	179
67	180
67	181
67	182
67	183
67	184
67	185
67	186
67	187
67	188
67	189
67	190
67	191
67	192
67	193
67	194
67	195
67	196
67	197
67	198
67	199
67	200
68	153
68	157
68	158
68	159
68	161
68	162
68	163
68	164
68	165
68	166
68	167
68	168
68	169
68	170
68	171
68	172
68	173
68	174
68	175
68	176
68	177
68	178
68	179
68	180
68	181
68	182
68	183
68	184
68	185
68	186
68	187
68	188
68	189
68	190
68	191
68	192
68	193
68	194
68	195
68	196
68	197
68	198
68	199
68	200
69	153
69	161
69	162
69	163
69	164
69	165
69	166
69	167
69	168
69	169
69	170
69	171
69	172
69	173
69	174
69	175
69	176
69	177
69	178
69	179
69	180
69	181
69	182
69	183
69	184
69	185
69	186
69	187
69	188
69	189
69	190
69	191
69	192
69	193
69	194
69	195
69	196
69	197
69	198
69	199
69	200
70	153
70	161
70	162
70	163
70	164
70	165
70	166
70	167
70	168
70	169
70	170
70	171
70	172
70	173
70	174
70	175
70	176
70	177
70	178
70	179
70	180
70	181
70	182
70	183
70	184
70	185
70	186
70	187
70	188
70	189
70	190
70	191
70	192
70	193
70	194
70	195
70	196
70	197
70	198
70	199
70	200
71	153
71	161
71	162
71	163
71	164
71	165
71	166
71	167
71	168
71	169
71	170
71	171
71	172
71	173
71	174
71	175
71	176
71	177
71	178
71	179
71	180
71	181
71	182
71	183
71	184
71	185
71	186
71	187
71	188
71	189
71	190
71	191
71	192
71	193
71	194
71	195
71	196
71	197
71	198
71	199
71	200
72	153
72	161
72	162
72	163
72	164
72	165
72	166
72	167
72	168
72	169
72	170
72	171
72	172
72	173
72	174
72	175
72	176
72	177
72	178
72	179
72	180
72	181
72	182
72	183
72	184
72	185
72	186
72	187
72	188
72	189
72	190
72	191
72	192
72	193
72	194
72	195
72	196
72	197
72	198
72	199
72	200
73	153
73	161
73	162
73	163
73	164
73	165
73	166
73	167
73	168
73	169
73	170
73	171
73	172
73	173
73	174
73	175
73	176
73	177
73	178
73	179
73	180
73	181
73	182
73	183
73	184
73	185
73	186
73	187
73	188
73	189
73	190
73	191
73	192
73	193
73	194
73	195
73	196
73	197
73	198
73	199
73	200
74	153
74	161
74	162
74	163
74	164
74	165
74	166
74	167
74	168
74	169
74	170
74	171
74	172
74	173
74	174
74	175
74	176
74	177
74	178
74	179
74	180
74	181
74	182
74	183
74	184
74	185
74	186
74	187
74	188
74	189
74	190
74	191
74	192
74	193
74	194
74	195
74	196
74	197
74	198
74	199
74	200
75	153
75	161
75	162
75	163
75	164
75	165
75	166
75	167
75	168
75	169
75	170
75	171
75	172
75	173
75	174
75	175
75	176
75	177
75	178
75	179
75	180
75	181
75	182
75	183
75	184
75	185
75	186
75	187
75	188
75	189
75	190
75	191
75	192
75	193
75	194
75	195
75	196
75	197
75	198
75	199
75	200
76	153
76	157
76	158
76	159
76	161
76	162
76	163
76	164
76	165
76	166
76	167
76	168
76	169
76	170
76	171
76	172
76	173
76	174
76	175
76	176
76	177
76	178
76	179
76	180
76	181
76	182
76	183
76	184
76	185
76	186
76	187
76	188
76	189
76	190
76	191
76	192
76	193
76	194
76	195
76	196
76	197
76	198
76	199
76	200
77	153
77	161
77	162
77	163
77	164
77	165
77	166
77	167
77	168
77	169
77	170
77	171
77	172
77	173
77	174
77	175
77	176
77	177
77	178
77	179
77	180
77	181
77	182
77	183
77	184
77	185
77	186
77	187
77	188
77	189
77	190
77	191
77	192
77	193
77	194
77	195
77	196
77	197
77	198
77	199
77	200
78	153
78	161
78	162
78	163
78	164
78	165
78	166
78	167
78	168
78	169
78	170
78	171
78	172
78	173
78	174
78	175
78	176
78	177
78	178
78	179
78	180
78	181
78	182
78	183
78	184
78	185
78	186
78	187
78	188
78	189
78	190
78	191
78	192
78	193
78	194
78	195
78	196
78	197
78	198
78	199
78	200
79	153
79	161
79	162
79	163
79	164
79	165
79	166
79	167
79	168
79	169
79	170
79	171
79	172
79	173
79	174
79	175
79	176
79	177
79	178
79	179
79	180
79	181
79	182
79	183
79	184
79	185
79	186
79	187
79	188
79	189
79	190
79	191
79	192
79	193
79	194
79	195
79	196
79	197
79	198
79	199
79	200
80	153
80	157
80	158
80	159
80	161
80	162
80	163
80	164
80	165
80	166
80	167
80	168
80	169
80	170
80	171
80	172
80	173
80	174
80	175
80	176
80	177
80	178
80	179
80	180
80	181
80	182
80	183
80	184
80	185
80	186
80	187
80	188
80	189
80	190
80	191
80	192
80	193
80	194
80	195
80	196
80	197
80	198
80	199
80	200
81	153
81	157
81	158
81	159
81	161
81	162
81	163
81	164
81	165
81	166
81	167
81	168
81	169
81	170
81	171
81	172
81	173
81	174
81	175
81	176
81	177
81	178
81	179
81	180
81	181
81	182
81	183
81	184
81	185
81	186
81	187
81	188
81	189
81	190
81	191
81	192
81	193
81	194
81	195
81	196
81	197
81	198
81	199
81	200
82	153
82	161
82	162
82	163
82	164
82	165
82	166
82	167
82	168
82	169
82	170
82	171
82	172
82	173
82	174
82	175
82	176
82	177
82	178
82	179
82	180
82	181
82	182
82	183
82	184
82	185
82	186
82	187
82	188
82	189
82	190
82	191
82	192
82	193
82	194
82	195
82	196
82	197
82	198
82	199
82	200
83	153
83	161
83	162
83	163
83	164
83	165
83	166
83	167
83	168
83	169
83	170
83	171
83	172
83	173
83	174
83	175
83	176
83	177
83	178
83	179
83	180
83	181
83	182
83	183
83	184
83	185
83	186
83	187
83	188
83	189
83	190
83	191
83	192
83	193
83	194
83	195
83	196
83	197
83	198
83	199
83	200
84	153
84	161
84	162
84	163
84	164
84	165
84	166
84	167
84	168
84	169
84	170
84	171
84	172
84	173
84	174
84	175
84	176
84	177
84	178
84	179
84	180
84	181
84	182
84	183
84	184
84	185
84	186
84	187
84	188
84	189
84	190
84	191
84	192
84	193
84	194
84	195
84	196
84	197
84	198
84	199
84	200
85	153
85	161
85	162
85	163
85	164
85	165
85	166
85	167
85	168
85	169
85	170
85	171
85	172
85	173
85	174
85	175
85	176
85	177
85	178
85	179
85	180
85	181
85	182
85	183
85	184
85	185
85	186
85	187
85	188
85	189
85	190
85	191
85	192
85	193
85	194
85	195
85	196
85	197
85	198
85	199
85	200
86	153
86	161
86	162
86	163
86	164
86	165
86	166
86	167
86	168
86	169
86	170
86	171
86	172
86	173
86	174
86	175
86	176
86	177
86	178
86	179
86	180
86	181
86	182
86	183
86	184
86	185
86	186
86	187
86	188
86	189
86	190
86	191
86	192
86	193
86	194
86	195
86	196
86	197
86	198
86	199
86	200
87	153
87	161
87	162
87	163
87	164
87	165
87	166
87	167
87	168
87	169
87	170
87	171
87	172
87	173
87	174
87	175
87	176
87	177
87	178
87	179
87	180
87	181
87	182
87	183
87	184
87	185
87	186
87	187
87	188
87	189
87	190
87	191
87	192
87	193
87	194
87	195
87	196
87	197
87	198
87	199
87	200
88	153
88	161
88	162
88	163
88	164
88	165
88	166
88	167
88	168
88	169
88	170
88	171
88	172
88	173
88	174
88	175
88	176
88	177
88	178
88	179
88	180
88	181
88	182
88	183
88	184
88	185
88	186
88	187
88	188
88	189
88	190
88	191
88	192
88	193
88	194
88	195
88	196
88	197
88	198
88	199
88	200
89	153
89	161
89	162
89	163
89	164
89	165
89	166
89	167
89	168
89	169
89	170
89	171
89	172
89	173
89	174
89	175
89	176
89	177
89	178
89	179
89	180
89	181
89	182
89	183
89	184
89	185
89	186
89	187
89	188
89	189
89	190
89	191
89	192
89	193
89	194
89	195
89	196
89	197
89	198
89	199
89	200
90	153
90	161
90	162
90	163
90	164
90	165
90	166
90	167
90	168
90	169
90	170
90	171
90	172
90	173
90	174
90	175
90	176
90	177
90	178
90	179
90	180
90	181
90	182
90	183
90	184
90	185
90	186
90	187
90	188
90	189
90	190
90	191
90	192
90	193
90	194
90	195
90	196
90	197
90	198
90	199
90	200
91	153
91	161
91	162
91	163
91	164
91	165
91	166
91	167
91	168
91	169
91	170
91	171
91	172
91	173
91	174
91	175
91	176
91	177
91	178
91	179
91	180
91	181
91	182
91	183
91	184
91	185
91	186
91	187
91	188
91	189
91	190
91	191
91	192
91	193
91	194
91	195
91	196
91	197
91	198
91	199
91	200
92	153
92	161
92	162
92	163
92	164
92	165
92	166
92	167
92	168
92	169
92	170
92	171
92	172
92	173
92	174
92	175
92	176
92	177
92	178
92	179
92	180
92	181
92	182
92	183
92	184
92	185
92	186
92	187
92	188
92	189
92	190
92	191
92	192
92	193
92	194
92	195
92	196
92	197
92	198
92	199
92	200
93	153
93	161
93	162
93	163
93	164
93	165
93	166
93	167
93	168
93	169
93	170
93	171
93	172
93	173
93	174
93	175
93	176
93	177
93	178
93	179
93	180
93	181
93	182
93	183
93	184
93	185
93	186
93	187
93	188
93	189
93	190
93	191
93	192
93	193
93	194
93	195
93	196
93	197
93	198
93	199
93	200
94	153
94	161
94	162
94	163
94	164
94	165
94	166
94	167
94	168
94	169
94	170
94	171
94	172
94	173
94	174
94	175
94	176
94	177
94	178
94	179
94	180
94	181
94	182
94	183
94	184
94	185
94	186
94	187
94	188
94	189
94	190
94	191
94	192
94	193
94	194
94	195
94	196
94	197
94	198
94	199
94	200
95	153
95	161
95	162
95	163
95	164
95	165
95	166
95	167
95	168
95	169
95	170
95	171
95	172
95	173
95	174
95	175
95	176
95	177
95	178
95	179
95	180
95	181
95	182
95	183
95	184
95	185
95	186
95	187
95	188
95	189
95	190
95	191
95	192
95	193
95	194
95	195
95	196
95	197
95	198
95	199
95	200
96	153
96	161
96	162
96	163
96	164
96	165
96	166
96	167
96	168
96	169
96	170
96	171
96	172
96	173
96	174
96	175
96	176
96	177
96	178
96	179
96	180
96	181
96	182
96	183
96	184
96	185
96	186
96	187
96	188
96	189
96	190
96	191
96	192
96	193
96	194
96	195
96	196
96	197
96	198
96	199
96	200
97	153
97	161
97	162
97	163
97	164
97	165
97	166
97	167
97	168
97	169
97	170
97	171
97	172
97	173
97	174
97	175
97	176
97	177
97	178
97	179
97	180
97	181
97	182
97	183
97	184
97	185
97	186
97	187
97	188
97	189
97	190
97	191
97	192
97	193
97	194
97	195
97	196
97	197
97	198
97	199
97	200
98	153
98	161
98	162
98	163
98	164
98	165
98	166
98	167
98	168
98	169
98	170
98	171
98	172
98	173
98	174
98	175
98	176
98	177
98	178
98	179
98	180
98	181
98	182
98	183
98	184
98	185
98	186
98	187
98	188
98	189
98	190
98	191
98	192
98	193
98	194
98	195
98	196
98	197
98	198
98	199
98	200
99	153
99	161
99	162
99	163
99	164
99	165
99	166
99	167
99	168
99	169
99	170
99	171
99	172
99	173
99	174
99	175
99	176
99	177
99	178
99	179
99	180
99	181
99	182
99	183
99	184
99	185
99	186
99	187
99	188
99	189
99	190
99	191
99	192
99	193
99	194
99	195
99	196
99	197
99	198
99	199
99	200
100	153
100	161
100	162
100	163
100	164
100	165
100	166
100	167
100	168
100	169
100	170
100	171
100	172
100	173
100	174
100	175
100	176
100	177
100	178
100	179
100	180
100	181
100	182
100	183
100	184
100	185
100	186
100	187
100	188
100	189
100	190
100	191
100	192
100	193
100	194
100	195
100	196
100	197
100	198
100	199
100	200
101	153
101	161
101	162
101	163
101	164
101	165
101	166
101	167
101	168
101	169
101	170
101	171
101	172
101	173
101	174
101	175
101	176
101	177
101	178
101	179
101	180
101	181
101	182
101	183
101	184
101	185
101	186
101	187
101	188
101	189
101	190
101	191
101	192
101	193
101	194
101	195
101	196
101	197
101	198
101	199
101	200
102	153
102	161
102	162
102	163
102	164
102	165
102	166
102	167
102	168
102	169
102	170
102	171
102	172
102	173
102	174
102	175
102	176
102	177
102	178
102	179
102	180
102	181
102	182
102	183
102	184
102	185
102	186
102	187
102	188
102	189
102	190
102	191
102	192
102	193
102	194
102	195
102	196
102	197
102	198
102	199
102	200
103	153
103	161
103	162
103	163
103	164
103	165
103	166
103	167
103	168
103	169
103	170
103	171
103	172
103	173
103	174
103	175
103	176
103	177
103	178
103	179
103	180
103	181
103	182
103	183
103	184
103	185
103	186
103	187
103	188
103	189
103	190
103	191
103	192
103	193
103	194
103	195
103	196
103	197
103	198
103	199
103	200
104	153
104	161
104	162
104	163
104	164
104	165
104	166
104	167
104	168
104	169
104	170
104	171
104	172
104	173
104	174
104	175
104	176
104	177
104	178
104	179
104	180
104	181
104	182
104	183
104	184
104	185
104	186
104	187
104	188
104	189
104	190
104	191
104	192
104	193
104	194
104	195
104	196
104	197
104	198
104	199
104	200
105	153
105	161
105	162
105	163
105	164
105	165
105	166
105	167
105	168
105	169
105	170
105	171
105	172
105	173
105	174
105	175
105	176
105	177
105	178
105	179
105	180
105	181
105	182
105	183
105	184
105	185
105	186
105	187
105	188
105	189
105	190
105	191
105	192
105	193
105	194
105	195
105	196
105	197
105	198
105	199
105	200
106	153
106	161
106	162
106	163
106	164
106	165
106	166
106	167
106	168
106	169
106	170
106	171
106	172
106	173
106	174
106	175
106	176
106	177
106	178
106	179
106	180
106	181
106	182
106	183
106	184
106	185
106	186
106	187
106	188
106	189
106	190
106	191
106	192
106	193
106	194
106	195
106	196
106	197
106	198
106	199
106	200
107	153
107	161
107	162
107	163
107	164
107	165
107	166
107	167
107	168
107	169
107	170
107	171
107	172
107	173
107	174
107	175
107	176
107	177
107	178
107	179
107	180
107	181
107	182
107	183
107	184
107	185
107	186
107	187
107	188
107	189
107	190
107	191
107	192
107	193
107	194
107	195
107	196
107	197
107	198
107	199
107	200
108	153
108	161
108	162
108	163
108	164
108	165
108	166
108	167
108	168
108	169
108	170
108	171
108	172
108	173
108	174
108	175
108	176
108	177
108	178
108	179
108	180
108	181
108	182
108	183
108	184
108	185
108	186
108	187
108	188
108	189
108	190
108	191
108	192
108	193
108	194
108	195
108	196
108	197
108	198
108	199
108	200
109	153
109	161
109	162
109	163
109	164
109	165
109	166
109	167
109	168
109	169
109	170
109	171
109	172
109	173
109	174
109	175
109	176
109	177
109	178
109	179
109	180
109	181
109	182
109	183
109	184
109	185
109	186
109	187
109	188
109	189
109	190
109	191
109	192
109	193
109	194
109	195
109	196
109	197
109	198
109	199
109	200
110	153
110	161
110	162
110	163
110	164
110	165
110	166
110	167
110	168
110	169
110	170
110	171
110	172
110	173
110	174
110	175
110	176
110	177
110	178
110	179
110	180
110	181
110	182
110	183
110	184
110	185
110	186
110	187
110	188
110	189
110	190
110	191
110	192
110	193
110	194
110	195
110	196
110	197
110	198
110	199
110	200
111	153
111	161
111	162
111	163
111	164
111	165
111	166
111	167
111	168
111	169
111	170
111	171
111	172
111	173
111	174
111	175
111	176
111	177
111	178
111	179
111	180
111	181
111	182
111	183
111	184
111	185
111	186
111	187
111	188
111	189
111	190
111	191
111	192
111	193
111	194
111	195
111	196
111	197
111	198
111	199
111	200
112	153
112	161
112	162
112	163
112	164
112	165
112	166
112	167
112	168
112	169
112	170
112	171
112	172
112	173
112	174
112	175
112	176
112	177
112	178
112	179
112	180
112	181
112	182
112	183
112	184
112	185
112	186
112	187
112	188
112	189
112	190
112	191
112	192
112	193
112	194
112	195
112	196
112	197
112	198
112	199
112	200
113	153
113	161
113	162
113	163
113	164
113	165
113	166
113	167
113	168
113	169
113	170
113	171
113	172
113	173
113	174
113	175
113	176
113	177
113	178
113	179
113	180
113	181
113	182
113	183
113	184
113	185
113	186
113	187
113	188
113	189
113	190
113	191
113	192
113	193
113	194
113	195
113	196
113	197
113	198
113	199
113	200
114	153
114	161
114	162
114	163
114	164
114	165
114	166
114	167
114	168
114	169
114	170
114	171
114	172
114	173
114	174
114	175
114	176
114	177
114	178
114	179
114	180
114	181
114	182
114	183
114	184
114	185
114	186
114	187
114	188
114	189
114	190
114	191
114	192
114	193
114	194
114	195
114	196
114	197
114	198
114	199
114	200
115	153
115	161
115	162
115	163
115	164
115	165
115	166
115	167
115	168
115	169
115	170
115	171
115	172
115	173
115	174
115	175
115	176
115	177
115	178
115	179
115	180
115	181
115	182
115	183
115	184
115	185
115	186
115	187
115	188
115	189
115	190
115	191
115	192
115	193
115	194
115	195
115	196
115	197
115	198
115	199
115	200
116	153
116	161
116	162
116	163
116	164
116	165
116	166
116	167
116	168
116	169
116	170
116	171
116	172
116	173
116	174
116	175
116	176
116	177
116	178
116	179
116	180
116	181
116	182
116	183
116	184
116	185
116	186
116	187
116	188
116	189
116	190
116	191
116	192
116	193
116	194
116	195
116	196
116	197
116	198
116	199
116	200
117	153
117	161
117	162
117	163
117	164
117	165
117	166
117	167
117	168
117	169
117	170
117	171
117	172
117	173
117	174
117	175
117	176
117	177
117	178
117	179
117	180
117	181
117	182
117	183
117	184
117	185
117	186
117	187
117	188
117	189
117	190
117	191
117	192
117	193
117	194
117	195
117	196
117	197
117	198
117	199
117	200
118	153
118	161
118	162
118	163
118	164
118	165
118	166
118	167
118	168
118	169
118	170
118	171
118	172
118	173
118	174
118	175
118	176
118	177
118	178
118	179
118	180
118	181
118	182
118	183
118	184
118	185
118	186
118	187
118	188
118	189
118	190
118	191
118	192
118	193
118	194
118	195
118	196
118	197
118	198
118	199
118	200
119	153
119	161
119	162
119	163
119	164
119	165
119	166
119	167
119	168
119	169
119	170
119	171
119	172
119	173
119	174
119	175
119	176
119	177
119	178
119	179
119	180
119	181
119	182
119	183
119	184
119	185
119	186
119	187
119	188
119	189
119	190
119	191
119	192
119	193
119	194
119	195
119	196
119	197
119	198
119	199
119	200
120	153
120	161
120	162
120	163
120	164
120	165
120	166
120	167
120	168
120	169
120	170
120	171
120	172
120	173
120	174
120	175
120	176
120	177
120	178
120	179
120	180
120	181
120	182
120	183
120	184
120	185
120	186
120	187
120	188
120	189
120	190
120	191
120	192
120	193
120	194
120	195
120	196
120	197
120	198
120	199
120	200
121	153
121	161
121	162
121	163
121	164
121	165
121	166
121	167
121	168
121	169
121	170
121	171
121	172
121	173
121	174
121	175
121	176
121	177
121	178
121	179
121	180
121	181
121	182
121	183
121	184
121	185
121	186
121	187
121	188
121	189
121	190
121	191
121	192
121	193
121	194
121	195
121	196
121	197
121	198
121	199
121	200
122	153
122	161
122	162
122	163
122	164
122	165
122	166
122	167
122	168
122	169
122	170
122	171
122	172
122	173
122	174
122	175
122	176
122	177
122	178
122	179
122	180
122	181
122	182
122	183
122	184
122	185
122	186
122	187
122	188
122	189
122	190
122	191
122	192
122	193
122	194
122	195
122	196
122	197
122	198
122	199
122	200
123	153
123	161
123	162
123	163
123	164
123	165
123	166
123	167
123	168
123	169
123	170
123	171
123	172
123	173
123	174
123	175
123	176
123	177
123	178
123	179
123	180
123	181
123	182
123	183
123	184
123	185
123	186
123	187
123	188
123	189
123	190
123	191
123	192
123	193
123	194
123	195
123	196
123	197
123	198
123	199
123	200
124	153
124	161
124	162
124	163
124	164
124	165
124	166
124	167
124	168
124	169
124	170
124	171
124	172
124	173
124	174
124	175
124	176
124	177
124	178
124	179
124	180
124	181
124	182
124	183
124	184
124	185
124	186
124	187
124	188
124	189
124	190
124	191
124	192
124	193
124	194
124	195
124	196
124	197
124	198
124	199
124	200
125	153
125	161
125	162
125	163
125	164
125	165
125	166
125	167
125	168
125	169
125	170
125	171
125	172
125	173
125	174
125	175
125	176
125	177
125	178
125	179
125	180
125	181
125	182
125	183
125	184
125	185
125	186
125	187
125	188
125	189
125	190
125	191
125	192
125	193
125	194
125	195
125	196
125	197
125	198
125	199
125	200
126	153
126	161
126	162
126	163
126	164
126	165
126	166
126	167
126	168
126	169
126	170
126	171
126	172
126	173
126	174
126	175
126	176
126	177
126	178
126	179
126	180
126	181
126	182
126	183
126	184
126	185
126	186
126	187
126	188
126	189
126	190
126	191
126	192
126	193
126	194
126	195
126	196
126	197
126	198
126	199
126	200
127	153
127	161
127	162
127	163
127	164
127	165
127	166
127	167
127	168
127	169
127	170
127	171
127	172
127	173
127	174
127	175
127	176
127	177
127	178
127	179
127	180
127	181
127	182
127	183
127	184
127	185
127	186
127	187
127	188
127	189
127	190
127	191
127	192
127	193
127	194
127	195
127	196
127	197
127	198
127	199
127	200
128	153
128	161
128	162
128	163
128	164
128	165
128	166
128	167
128	168
128	169
128	170
128	171
128	172
128	173
128	174
128	175
128	176
128	177
128	178
128	179
128	180
128	181
128	182
128	183
128	184
128	185
128	186
128	187
128	188
128	189
128	190
128	191
128	192
128	193
128	194
128	195
128	196
128	197
128	198
128	199
128	200
129	153
129	161
129	162
129	163
129	164
129	165
129	166
129	167
129	168
129	169
129	170
129	171
129	172
129	173
129	174
129	175
129	176
129	177
129	178
129	179
129	180
129	181
129	182
129	183
129	184
129	185
129	186
129	187
129	188
129	189
129	190
129	191
129	192
129	193
129	194
129	195
129	196
129	197
129	198
129	199
129	200
130	153
130	161
130	162
130	163
130	164
130	165
130	166
130	167
130	168
130	169
130	170
130	171
130	172
130	173
130	174
130	175
130	176
130	177
130	178
130	179
130	180
130	181
130	182
130	183
130	184
130	185
130	186
130	187
130	188
130	189
130	190
130	191
130	192
130	193
130	194
130	195
130	196
130	197
130	198
130	199
130	200
131	153
131	161
131	162
131	163
131	164
131	165
131	166
131	167
131	168
131	169
131	170
131	171
131	172
131	173
131	174
131	175
131	176
131	177
131	178
131	179
131	180
131	181
131	182
131	183
131	184
131	185
131	186
131	187
131	188
131	189
131	190
131	191
131	192
131	193
131	194
131	195
131	196
131	197
131	198
131	199
131	200
132	153
132	161
132	162
132	163
132	164
132	165
132	166
132	167
132	168
132	169
132	170
132	171
132	172
132	173
132	174
132	175
132	176
132	177
132	178
132	179
132	180
132	181
132	182
132	183
132	184
132	185
132	186
132	187
132	188
132	189
132	190
132	191
132	192
132	193
132	194
132	195
132	196
132	197
132	198
132	199
132	200
133	153
133	161
133	162
133	163
133	164
133	165
133	166
133	167
133	168
133	169
133	170
133	171
133	172
133	173
133	174
133	175
133	176
133	177
133	178
133	179
133	180
133	181
133	182
133	183
133	184
133	185
133	186
133	187
133	188
133	189
133	190
133	191
133	192
133	193
133	194
133	195
133	196
133	197
133	198
133	199
133	200
134	153
134	161
134	162
134	163
134	164
134	165
134	166
134	167
134	168
134	169
134	170
134	171
134	172
134	173
134	174
134	175
134	176
134	177
134	178
134	179
134	180
134	181
134	182
134	183
134	184
134	185
134	186
134	187
134	188
134	189
134	190
134	191
134	192
134	193
134	194
134	195
134	196
134	197
134	198
134	199
134	200
135	153
135	161
135	162
135	163
135	164
135	165
135	166
135	167
135	168
135	169
135	170
135	171
135	172
135	173
135	174
135	175
135	176
135	177
135	178
135	179
135	180
135	181
135	182
135	183
135	184
135	185
135	186
135	187
135	188
135	189
135	190
135	191
135	192
135	193
135	194
135	195
135	196
135	197
135	198
135	199
135	200
136	153
136	161
136	162
136	163
136	164
136	165
136	166
136	167
136	168
136	169
136	170
136	171
136	172
136	173
136	174
136	175
136	176
136	177
136	178
136	179
136	180
136	181
136	182
136	183
136	184
136	185
136	186
136	187
136	188
136	189
136	190
136	191
136	192
136	193
136	194
136	195
136	196
136	197
136	198
136	199
136	200
137	153
137	161
137	162
137	163
137	164
137	165
137	166
137	167
137	168
137	169
137	170
137	171
137	172
137	173
137	174
137	175
137	176
137	177
137	178
137	179
137	180
137	181
137	182
137	183
137	184
137	185
137	186
137	187
137	188
137	189
137	190
137	191
137	192
137	193
137	194
137	195
137	196
137	197
137	198
137	199
137	200
138	153
138	161
138	162
138	163
138	164
138	165
138	166
138	167
138	168
138	169
138	170
138	171
138	172
138	173
138	174
138	175
138	176
138	177
138	178
138	179
138	180
138	181
138	182
138	183
138	184
138	185
138	186
138	187
138	188
138	189
138	190
138	191
138	192
138	193
138	194
138	195
138	196
138	197
138	198
138	199
138	200
139	153
139	161
139	162
139	163
139	164
139	165
139	166
139	167
139	168
139	169
139	170
139	171
139	172
139	173
139	174
139	175
139	176
139	177
139	178
139	179
139	180
139	181
139	182
139	183
139	184
139	185
139	186
139	187
139	188
139	189
139	190
139	191
139	192
139	193
139	194
139	195
139	196
139	197
139	198
139	199
139	200
140	153
140	161
140	162
140	163
140	164
140	165
140	166
140	167
140	168
140	169
140	170
140	171
140	172
140	173
140	174
140	175
140	176
140	177
140	178
140	179
140	180
140	181
140	182
140	183
140	184
140	185
140	186
140	187
140	188
140	189
140	190
140	191
140	192
140	193
140	194
140	195
140	196
140	197
140	198
140	199
140	200
140	201
141	153
141	161
141	162
141	163
141	164
141	165
141	166
141	167
141	168
141	169
141	170
141	171
141	172
141	173
141	174
141	175
141	176
141	177
141	178
141	179
141	180
141	181
141	182
141	183
141	184
141	185
141	186
141	187
141	188
141	189
141	190
141	191
141	192
141	193
141	194
141	195
141	196
141	197
141	198
141	199
141	200
142	153
142	161
142	162
142	163
142	164
142	165
142	166
142	167
142	168
142	169
142	170
142	171
142	172
142	173
142	174
142	175
142	176
142	177
142	178
142	179
142	180
142	181
142	182
142	183
142	184
142	185
142	186
142	187
142	188
142	189
142	190
142	191
142	192
142	193
142	194
142	195
142	196
142	197
142	198
142	199
142	200
143	153
143	161
143	162
143	163
143	164
143	165
143	166
143	167
143	168
143	169
143	170
143	171
143	172
143	173
143	174
143	175
143	176
143	177
143	178
143	179
143	180
143	181
143	182
143	183
143	184
143	185
143	186
143	187
143	188
143	189
143	190
143	191
143	192
143	193
143	194
143	195
143	196
143	197
143	198
143	199
143	200
144	153
144	161
144	162
144	163
144	164
144	165
144	166
144	167
144	168
144	169
144	170
144	171
144	172
144	173
144	174
144	175
144	176
144	177
144	178
144	179
144	180
144	181
144	182
144	183
144	184
144	185
144	186
144	187
144	188
144	189
144	190
144	191
144	192
144	193
144	194
144	195
144	196
144	197
144	198
144	199
144	200
145	153
145	161
145	162
145	163
145	164
145	165
145	166
145	167
145	168
145	169
145	170
145	171
145	172
145	173
145	174
145	175
145	176
145	177
145	178
145	179
145	180
145	181
145	182
145	183
145	184
145	185
145	186
145	187
145	188
145	189
145	190
145	191
145	192
145	193
145	194
145	195
145	196
145	197
145	198
145	199
145	200
146	153
146	161
146	162
146	163
146	164
146	165
146	166
146	167
146	168
146	169
146	170
146	171
146	172
146	173
146	174
146	175
146	176
146	177
146	178
146	179
146	180
146	181
146	182
146	183
146	184
146	185
146	186
146	187
146	188
146	189
146	190
146	191
146	192
146	193
146	194
146	195
146	196
146	197
146	198
146	199
146	200
146	201
147	153
147	161
147	162
147	163
147	164
147	165
147	166
147	167
147	168
147	169
147	170
147	171
147	172
147	173
147	174
147	175
147	176
147	177
147	178
147	179
147	180
147	181
147	182
147	183
147	184
147	185
147	186
147	187
147	188
147	189
147	190
147	191
147	192
147	193
147	194
147	195
147	196
147	197
147	198
147	199
147	200
147	201
148	153
148	161
148	162
148	163
148	164
148	165
148	166
148	167
148	168
148	169
148	170
148	171
148	172
148	173
148	174
148	175
148	176
148	177
148	178
148	179
148	180
148	181
148	182
148	183
148	184
148	185
148	186
148	187
148	188
148	189
148	190
148	191
148	192
148	193
148	194
148	195
148	196
148	197
148	198
148	199
148	200
148	201
149	153
149	161
149	162
149	163
149	164
149	165
149	166
149	167
149	168
149	169
149	170
149	171
149	172
149	173
149	174
149	175
149	176
149	177
149	178
149	179
149	180
149	181
149	182
149	183
149	184
149	185
149	186
149	187
149	188
149	189
149	190
149	191
149	192
149	193
149	194
149	195
149	196
149	197
149	198
149	199
149	200
149	201
150	153
150	161
150	162
150	163
150	164
150	165
150	166
150	167
150	168
150	169
150	170
150	171
150	172
150	173
150	174
150	175
150	176
150	177
150	178
150	179
150	180
150	181
150	182
150	183
150	184
150	185
150	186
150	187
150	188
150	189
150	190
150	191
150	192
150	193
150	194
150	195
150	196
150	197
150	198
150	199
150	200
150	201
151	153
151	161
151	162
151	163
151	164
151	165
151	166
151	167
151	168
151	169
151	170
151	171
151	172
151	173
151	174
151	175
151	176
151	177
151	178
151	179
151	180
151	181
151	182
151	183
151	184
151	185
151	186
151	187
151	188
151	189
151	190
151	191
151	192
151	193
151	194
151	195
151	196
151	197
151	198
151	199
151	200
151	201
152	153
152	161
152	162
152	163
152	164
152	165
152	166
152	167
152	168
152	169
152	170
152	171
152	172
152	173
152	174
152	175
152	176
152	177
152	178
152	179
152	180
152	181
152	182
152	183
152	184
152	185
152	186
152	187
152	188
152	189
152	190
152	191
152	192
152	193
152	194
152	195
152	196
152	197
152	198
152	199
152	200
152	201
153	154
153	155
153	156
153	157
153	158
153	159
153	160
153	161
153	162
153	163
153	164
153	165
153	166
153	167
153	168
153	169
153	170
153	171
153	172
153	173
153	174
153	175
153	176
153	177
153	178
153	179
153	180
153	181
153	182
153	183
153	184
153	185
153	186
153	187
153	188
153	189
153	190
153	191
153	192
153	193
153	194
153	195
153	196
153	197
153	198
153	199
153	200
153	201
154	161
154	162
154	163
154	164
154	165
154	166
154	167
154	168
154	169
154	170
154	171
154	172
154	173
154	174
154	175
154	176
154	177
154	178
154	179
154	180
154	181
154	182
154	183
154	184
154	185
154	186
154	187
154	188
154	189
154	190
154	191
154	192
154	193
154	194
154	195
154	196
154	197
154	198
154	199
154	200
154	201
155	161
155	162
155	163
155	164
155	165
155	166
155	167
155	168
155	169
155	170
155	171
155	172
155	173
155	174
155	175
155	176
155	177
155	178
155	179
155	180
155	181
155	182
155	183
155	184
155	185
155	186
155	187
155	188
155	189
155	190
155	191
155	192
155	193
155	194
155	195
155	196
155	197
155	198
155	199
155	200
155	201
156	161
156	162
156	163
156	164
156	165
156	166
156	167
156	168
156	169
156	170
156	171
156	172
156	173
156	174
156	175
156	176
156	177
156	178
156	179
156	180
156	181
156	182
156	183
156	184
156	185
156	186
156	187
156	188
156	189
156	190
156	191
156	192
156	193
156	194
156	195
156	196
156	197
156	198
156	199
156	200
156	201
157	161
157	162
157	163
157	164
157	165
157	166
157	167
157	168
157	169
157	170
157	171
157	172
157	173
157	174
157	175
157	176
157	177
157	178
157	179
157	180
157	181
157	182
157	183
157	184
157	185
157	186
157	187
157	188
157	189
157	190
157	191
157	192
157	193
157	194
157	195
157	196
157	197
157	198
157	199
157	200
157	201
158	161
158	162
158	163
158	164
158	165
158	166
158	167
158	168
158	169
158	170
158	171
158	172
158	173
158	174
158	175
158	176
158	177
158	178
158	179
158	180
158	181
158	182
158	183
158	184
158	185
158	186
158	187
158	188
158	189
158	190
158	191
158	192
158	193
158	194
158	195
158	196
158	197
158	198
158	199
158	200
158	201
159	161
159	162
159	163
159	164
159	165
159	166
159	167
159	168
159	169
159	170
159	171
159	172
159	173
159	174
159	175
159	176
159	177
159	178
159	179
159	180
159	181
159	182
159	183
159	184
159	185
159	186
159	187
159	188
159	189
159	190
159	191
159	192
159	193
159	194
159	195
159	196
159	197
159	198
159	199
159	200
159	201
160	161
160	162
160	163
160	164
160	165
160	166
160	167
160	168
160	169
160	170
160	171
160	172
160	173
160	174
160	175
160	176
160	177
160	178
160	179
160	180
160	181
160	182
160	183
160	184
160	185
160	186
160	187
160	188
160	189
160	190
160	191
160	192
160	193
160	194
160	195
160	196
160	197
160	198
160	199
160	200
160	201
161	167
161	198
161	201
162	167
162	198
162	201
163	167
163	198
163	201
164	167
164	198
164	201
165	167
165	198
165	201
166	167
166	198
166	201
167	168
167	169
167	170
167	171
167	172
167	173
167	174
167	175
167	176
167	177
167	178
167	179
167	180
167	181
167	182
167	183
167	184
167	185
167	186
167	187
167	188
167	189
167	190
167	191
167	192
167	193
167	194
167	195
167	196
167	197
167	198
167	199
167	200
167	201
168	198
168	201
169	198
169	201
170	198
170	201
171	198
171	201
172	198
172	201
173	198
173	201
174	198
174	201
175	198
175	201
176	198
176	201
177	198
177	201
178	198
178	201
179	198
179	201
180	198
180	201
181	198
181	201
182	198
182	201
183	198
183	201
184	198
184	201
185	198
185	201
186	198
186	201
187	198
187	201
188	198
188	201
189	198
189	201
190	198
190	201
191	198
191	201
192	198
192	201
193	198
193	201
194	198
194	201
195	198
195	201
196	198
196	201
197	198
197	201
198	199
198	200
198	201
199	201
200	201