145	3018
1	11
1	14
1	15
1	16
1	17
1	18
1	19
1	20
1	21
1	22
1	23
1	24
1	25
1	26
1	27
1	28
1	29
1	30
1	31
1	32
1	33
1	34
1	35
1	36
1	37
1	38
1	39
1	40
1	41
1	42
1	43
1	44
1	45
1	46
1	47
1	48
1	49
1	50
1	51
1	52
1	53
1	54
1	55
1	56
1	57
1	58
1	59
1	60
1	61
1	62
1	63
1	64
1	65
1	66
1	67
1	68
1	69
1	70
1	71
1	72
1	73
1	74
1	75
1	76
1	77
1	78
1	79
1	80
1	81
1	82
1	83
1	84
1	85
1	86
1	87
1	88
1	89
1	90
1	91
1	92
1	93
1	94
1	95
1	96
1	97
1	98
1	99
1	100
1	101
1	102
1	103
1	104
1	105
1	106
1	107
1	108
1	109
1	110
1	111
1	112
1	113
1	114
1	115
1	116
1	117
1	118
1	119
1	120
1	121
1	122
1	123
1	124
1	125
1	126
1	127
1	128
1	129
1	130
1	131
1	132
1	133
1	134
1	135
1	136
1	137
1	138
1	139
1	140
1	141
1	142
1	143
1	144
1	145
2	11
2	14
2	15
2	16
2	17
2	18
2	19
2	20
2	21
2	22
2	23
2	24
2	25
2	26
2	27
2	28
2	29
2	30
2	31
2	32
2	33
2	34
2	35
2	36
2	37
2	38
2	39
2	40
2	41
2	42
2	43
2	44
2	45
2	46
2	47
2	48
2	49
2	50
2	51
2	52
2	53
2	54
2	55
2	56
2	57
2	58
2	59
2	60
2	61
2	62
2	63
2	64
2	65
2	66
2	67
2	68
2	69
2	70
2	71
2	72
2	73
2	74
2	75
2	76
2	77
2	78
2	79
2	80
2	81
2	82
2	83
2	84
2	85
2	86
2	87
2	88
2	89
2	90
2	91
2	92
2	93
2	94
2	95
2	96
2	97
2	98
2	99
2	100
2	101
2	102
2	103
2	104
2	105
2	106
2	107
2	108
2	109
2	110
2	111
2	112
2	113
2	114
2	115
2	116
2	117
2	118
2	119
2	120
2	121
2	122
2	123
2	124
2	125
2	126
2	127
2	128
2	129
2	130
2	131
2	132
2	133
2	134
2	135
2	136
2	137
2	138
2	139
2	140
2	141
2	142
2	143
2	144
2	145
3	11
3	14
3	15
3	16
3	17
3	18
3	19
3	20
3	21
3	22
3	23
3	24
3	25
3	26
3	27
3	28
3	29
3	30
3	31
3	32
3	33
3	34
3	35
3	36
3	37
3	38
3	39
3	40
3	41
3	42
3	43
3	44
3	45
3	46
3	47
3	48
3	49
3	50
3	51
3	52
3	53
3	54
3	55
3	56
3	57
3	58
3	59
3	60
3	61
3	62
3	63
3	64
3	65
3	66
3	67
3	68
3	69
3	70
3	71
3	72
3	73
3	74
3	75
3	76
3	77
3	78
3	79
3	80
3	81
3	82
3	83
3	84
3	85
3	86
3	87
3	88
3	89
3	90
3	91
3	92
3	93
3	94
3	95
3	96
3	97
3	98
3	99
3	100
3	101
3	102
3	103
3	104
3	105
3	106
3	107
3	108
3	109
3	110
3	111
3	112
3	113
3	114
3	115
3	116
3	117
3	118
3	119
3	120
3	121
3	122
3	123
3	124
3	125
3	126
3	127
3	128
3	129
3	130
3	131
3	132
3	133
3	134
3	135
3	136
3	137
3	138
3	139
3	140
3	141
3	142
3	143
3	144
3	145
4	11
4	14
4	15
4	16
4	17
4	18
4	19
4	20
4	21
4	22
4	23
4	24
4	25
4	26
4	27
4	28
4	29
4	30
4	31
4	32
4	33
4	34
4	35
4	36
4	37
4	38
4	39
4	40
4	41
4	42
4	43
4	44
4	45
4	46
4	47
4	48
4	49
4	50
4	51
4	52
4	53
4	54
4	55
4	56
4	57
4	58
4	59
4	60
4	61
4	62
4	63
4	64
4	65
4	66
4	67
4	68
4	69
4	70
4	71
4	72
4	73
4	74
4	75
4	76
4	77
4	78
4	79
4	80
4	81
4	82
4	83
4	84
4	85
4	86
4	87
4	88
4	89
4	90
4	91
4	92
4	93
4	94
4	95
4	96
4	97
4	98
4	99
4	100
4	101
4	102
4	103
4	104
4	105
4	106
4	107
4	108
4	109
4	110
4	111
4	112
4	113
4	114
4	115
4	116
4	117
4	118
4	119
4	120
4	121
4	122
4	123
4	124
4	125
4	126
4	127
4	128
4	129
4	130
4	131
4	132
4	133
4	134
4	135
4	136
4	137
4	138
4	139
4	140
4	141
4	142
4	143
4	144
4	145
5	11
5	14
5	15
5	16
5	17
5	18
5	19
5	20
5	21
5	22
5	23
5	24
5	25
5	26
5	27
5	28
5	29
5	30
5	31
5	32
5	33
5	34
5	35
5	36
5	37
5	38
5	39
5	40
5	41
5	42
5	43
5	44
5	45
5	46
5	47
5	48
5	49
5	50
5	51
5	52
5	53
5	54
5	55
5	56
5	57
5	58
5	59
5	60
5	61
5	62
5	63
5	64
5	65
5	66
5	67
5	68
5	69
5	70
5	71
5	72
5	73
5	74
5	75
5	76
5	77
5	78
5	79
5	80
5	81
5	82
5	83
5	84
5	85
5	86
5	87
5	88
5	89
5	90
5	91
5	92
5	93
5	94
5	95
5	96
5	97
5	98
5	99
5	100
5	101
5	102
5	103
5	104
5	105
5	106
5	107
5	108
5	109
5	110
5	111
5	112
5	113
5	114
5	115
5	116
5	117
5	118
5	119
5	120
5	121
5	122
5	123
5	124
5	125
5	126
5	127
5	128
5	129
5	130
5	131
5	132
5	133
5	134
5	135
5	136
5	137
5	138
5	139
5	140
5	141
5	142
5	143
5	144
5	145
6	11
6	14
6	15
6	16
6	17
6	18
6	19
6	20
6	21
6	22
6	23
6	24
6	25
6	26
6	27
6	28
6	29
6	30
6	31
6	32
6	33
6	34
6	35
6	36
6	37
6	38
6	39
6	40
6	41
6	42
6	43
6	44
6	45
6	46
6	47
6	48
6	49
6	50
6	51
6	52
6	53
6	54
6	55
6	56
6	57
6	58
6	59
6	60
6	61
6	62
6	63
6	64
6	65
6	66
6	67
6	68
6	69
6	70
6	71
6	72
6	73
6	74
6	75
6	76
6	77
6	78
6	79
6	80
6	81
6	82
6	83
6	84
6	85
6	86
6	87
6	88
6	89
6	90
6	91
6	92
6	93
6	94
6	95
6	96
6	97
6	98
6	99
6	100
6	101
6	102
6	103
6	104
6	105
6	106
6	107
6	108
6	109
6	110
6	111
6	112
6	113
6	114
6	115
6	116
6	117
6	118
6	119
6	120
6	121
6	122
6	123
6	124
6	125
6	126
6	127
6	128
6	129
6	130
6	131
6	132
6	133
6	134
6	135
6	136
6	137
6	138
6	139
6	140
6	141
6	142
6	143
6	144
6	145
7	11
7	14
7	15
7	16
7	17
7	18
7	19
7	20
7	21
7	22
7	23
7	24
7	25
7	26
7	27
7	28
7	29
7	30
7	31
7	32
7	33
7	34
7	35
7	36
7	37
7	38
7	39
7	40
7	41
7	42
7	43
7	44
7	45
7	46
7	47
7	48
7	49
7	50
7	51
7	52
7	53
7	54
7	55
7	56
7	57
7	58
7	59
7	60
7	61
7	62
7	63
7	64
7	65
7	66
7	67
7	68
7	69
7	70
7	71
7	72
7	73
7	74
7	75
7	76
7	77
7	78
7	79
7	80
7	81
7	82
7	83
7	84
7	85
7	86
7	87
7	88
7	89
7	90
7	91
7	92
7	93
7	94
7	95
7	96
7	97
7	98
7	99
7	100
7	101
7	102
7	103
7	104
7	105
7	106
7	107
7	108
7	109
7	110
7	111
7	112
7	113
7	114
7	115
7	116
7	117
7	118
7	119
7	120
7	121
7	122
7	123
7	124
7	125
7	126
7	127
7	128
7	129
7	130
7	131
7	132
7	133
7	134
7	135
7	136
7	137
7	138
7	139
7	140
7	141
7	142
7	143
7	144
7	145
8	11
8	14
8	15
8	16
8	17
8	18
8	19
8	20
8	21
8	22
8	23
8	24
8	25
8	26
8	27
8	28
8	29
8	30
8	31
8	32
8	33
8	34
8	35
8	36
8	37
8	38
8	39
8	40
8	41
8	42
8	43
8	44
8	45
8	46
8	47
8	48
8	49
8	50
8	51
8	52
8	53
8	54
8	55
8	56
8	57
8	58
8	59
8	60
8	61
8	62
8	63
8	64
8	65
8	66
8	67
8	68
8	69
8	70
8	71
8	72
8	73
8	74
8	75
8	76
8	77
8	78
8	79
8	80
8	81
8	82
8	83
8	84
8	85
8	86
8	87
8	88
8	89
8	90
8	91
8	92
8	93
8	94
8	95
8	96
8	97
8	98
8	99
8	100
8	101
8	102
8	103
8	104
8	105
8	106
8	107
8	108
8	109
8	110
8	111
8	112
8	113
8	114
8	115
8	116
8	117
8	118
8	119
8	120
8	121
8	122
8	123
8	124
8	125
8	126
8	127
8	128
8	129
8	130
8	131
8	132
8	133
8	134
8	135
8	136
8	137
8	138
8	139
8	140
8	141
8	142
8	143
8	144
8	145
9	11
9	14
9	15
9	16
9	17
9	18
9	19
9	20
9	21
9	22
9	23
9	24
9	25
9	26
9	27
9	28
9	29
9	30
9	31
9	32
9	33
9	34
9	35
9	36
9	37
9	38
9	39
9	40
9	41
9	42
9	43
9	44
9	45
9	46
9	47
9	48
9	49
9	50
9	51
9	52
9	53
9	54
9	55
9	56
9	57
9	58
9	59
9	60
9	61
9	62
9	63
9	64
9	65
9	66
9	67
9	68
9	69
9	70
9	71
9	72
9	73
9	74
9	75
9	76
9	77
9	78
9	79
9	80
9	81
9	82
9	83
9	84
9	85
9	86
9	87
9	88
9	89
9	90
9	91
9	92
9	93
9	94
9	95
9	96
9	97
9	98
9	99
9	100
9	101
9	102
9	103
9	104
9	105
9	106
9	107
9	108
9	109
9	110
9	111
9	112
9	113
9	114
9	115
9	116
9	117
9	118
9	119
9	120
9	121
9	122
9	123
9	124
9	125
9	126
9	127
9	128
9	129
9	130
9	131
9	132
9	133
9	134
9	135
9	136
9	137
9	138
9	139
9	140
9	141
9	142
9	143
9	144
9	145
10	11
10	14
10	15
10	16
10	17
10	18
10	19
10	20
10	21
10	22
10	23
10	24
10	25
10	26
10	27
10	28
10	29
10	30
10	31
10	32
10	33
10	34
10	35
10	36
10	37
10	38
10	39
10	40
10	41
10	42
10	43
10	44
10	45
10	46
10	47
10	48
10	49
10	50
10	51
10	52
10	53
10	54
10	55
10	56
10	57
10	58
10	59
10	60
10	61
10	62
10	63
10	64
10	65
10	66
10	67
10	68
10	69
10	70
10	71
10	72
10	73
10	74
10	75
10	76
10	77
10	78
10	79
10	80
10	81
10	82
10	83
10	84
10	85
10	86
10	87
10	88
10	89
10	90
10	91
10	92
10	93
10	94
10	95
10	96
10	97
10	98
10	99
10	100
10	101
10	102
10	103
10	104
10	105
10	106
10	107
10	108
10	109
10	110
10	111
10	112
10	113
10	114
10	115
10	116
10	117
10	118
10	119
10	120
10	121
10	122
10	123
10	124
10	125
10	126
10	127
10	128
10	129
10	130
10	131
10	132
10	133
10	134
10	135
10	136
10	137
10	138
10	139
10	140
10	141
10	142
10	143
10	144
10	145
11	12
11	13
11	14
11	16
11	118
11	119
11	120
11	121
11	122
11	123
11	124
11	125
11	126
11	127
11	128
11	129
11	130
11	131
11	132
11	133
11	134
11	135
11	136
11	137
11	138
11	139
11	140
11	141
11	142
11	143
11	144
11	145
12	14
12	15
12	16
12	17
12	18
12	19
12	20
12	21
12	22
12	23
12	24
12	25
12	26
12	27
12	28
12	29
12	30
12	31
12	32
12	33
12	34
12	35
12	36
12	37
12	38
12	39
12	40
12	41
12	42
12	43
12	44
12	45
12	46
12	47
12	48
12	49
12	50
12	51
12	52
12	53
12	54
12	55
12	56
12	57
12	58
12	59
12	60
12	61
12	62
12	63
12	64
12	65
12	66
12	67
12	68
12	69
12	70
12	71
12	72
12	73
12	74
12	75
12	76
12	77
12	78
12	79
12	80
12	81
12	82
12	83
12	84
12	85
12	86
12	87
12	88
12	89
12	90
12	91
12	92
12	93
12	94
12	95
12	96
12	97
12	98
12	99
12	100
12	101
12	102
12	103
12	104
12	105
12	106
12	107
12	108
12	109
12	110
12	111
12	112
12	113
12	114
12	115
12	116
12	117
12	118
12	119
12	120
12	121
12	122
12	123
12	124
12	125
12	126
12	127
12	128
12	129
12	130
12	131
12	132
12	133
12	134
12	135
12	136
12	137
12	138
12	139
12	140
12	141
12	142
12	143
12	144
12	145
13	14
13	15
13	16
13	17
13	18
13	19
13	20
13	21
13	22
13	23
13	24
13	25
13	26
13	27
13	28
13	29
13	30
13	31
13	32
13	33
13	34
13	35
13	36
13	37
13	38
13	39
13	40
13	41
13	42
13	43
13	44
13	45
13	46
13	47
13	48
13	49
13	50
13	51
13	52
13	53
13	54
13	55
13	56
13	57
13	58
13	59
13	60
13	61
13	62
13	63
13	64
13	65
13	66
13	67
13	68
13	69
13	70
13	71
13	72
13	73
13	74
13	75
13	76
13	77
13	78
13	79
13	80
13	81
13	82
13	83
13	84
13	85
13	86
13	87
13	88
13	89
13	90
13	91
13	92
13	93
13	94
13	95
13	96
13	97
13	98
13	99
13	100
13	101
13	102
13	103
13	104
13	105
13	106
13	107
13	108
13	109
13	110
13	111
13	112
13	113
13	114
13	115
13	116
13	117
13	118
13	119
13	120
13	121
13	122
13	123
13	124
13	125
13	126
13	127
13	128
13	129
13	130
13	131
13	132
13	133
13	134
13	135
13	136
13	137
13	138
13	139
13	140
13	141
13	142
13	143
13	144
13	145
14	115
14	117
14	118
14	119
14	120
14	121
14	122
14	123
14	124
14	125
14	126
14	127
14	128
14	129
14	130
14	131
14	132
14	133
14	134
14	135
14	136
14	137
14	138
14	139
14	140
14	141
14	142
14	143
14	144
14	145
15	118
15	122
15	123
15	125
15	127
15	128
15	129
15	130
15	131
15	132
15	133
15	134
15	135
15	136
15	137
15	138
15	139
15	140
15	141
15	142
15	143
15	144
15	145
16	115
16	117
16	118
16	119
16	120
16	121
16	122
16	123
16	124
16	125
16	126
16	127
16	128
16	129
16	130
16	131
16	132
16	133
16	134
16	135
16	136
16	137
16	138
16	139
16	140
16	141
16	142
16	143
16	144
16	145
17	122
17	123
17	129
17	130
17	131
17	132
17	133
17	134
17	136
17	137
17	138
17	139
17	140
17	141
17	142
17	143
17	144
17	145
18	118
18	122
18	123
18	125
18	127
18	128
18	129
18	130
18	131
18	132
18	133
18	134
18	135
18	136
18	137
18	138
18	139
18	140
18	141
18	142
18	143
18	144
18	145
19	122
19	123
19	129
19	130
19	131
19	132
19	133
19	134
19	136
19	137
19	138
19	139
19	140
19	141
19	142
19	143
19	144
19	145
20	122
20	136
20	137
20	138
20	140
20	141
20	142
20	143
20	144
20	145
21	122
21	123
21	129
21	130
21	131
21	132
21	133
21	134
21	136
21	137
21	138
21	139
21	140
21	141
21	142
21	143
21	144
21	145
22	122
22	136
22	137
22	138
22	140
22	141
22	142
22	143
22	144
22	145
23	122
23	123
23	129
23	130
23	131
23	132
23	133
23	134
23	136
23	137
23	138
23	139
23	140
23	141
23	142
23	143
23	144
23	145
24	122
24	123
24	129
24	130
24	131
24	132
24	133
24	134
24	136
24	137
24	138
24	139
24	140
24	141
24	142
24	143
24	144
24	145
25	122
25	136
25	137
25	138
25	140
25	141
25	142
25	143
25	144
25	145
26	122
26	123
26	129
26	130
26	131
26	132
26	133
26	134
26	136
26	137
26	138
26	139
26	140
26	141
26	142
26	143
26	144
26	145
27	122
27	123
27	129
27	130
27	131
27	132
27	133
27	134
27	136
27	137
27	138
27	139
27	140
27	141
27	142
27	143
27	144
27	145
28	122
28	123
28	129
28	130
28	131
28	132
28	133
28	134
28	136
28	137
28	138
28	139
28	140
28	141
28	142
28	143
28	144
28	145
29	122
29	123
29	129
29	130
29	131
29	132
29	133
29	134
29	136
29	137
29	138
29	139
29	140
29	141
29	142
29	143
29	144
29	145
30	118
30	122
30	123
30	125
30	127
30	128
30	129
30	130
30	131
30	132
30	133
30	134
30	135
30	136
30	137
30	138
30	139
30	140
30	141
30	142
30	143
30	144
30	145
31	122
31	136
31	137
31	138
31	140
31	141
31	142
31	143
31	144
31	145
32	140
32	141
32	142
32	143
32	144
33	122
33	123
33	129
33	130
33	131
33	132
33	133
33	134
33	136
33	137
33	138
33	139
33	140
33	141
33	142
33	143
33	144
33	145
34	122
34	136
34	137
34	138
34	140
34	141
34	142
34	143
34	144
34	145
35	122
35	123
35	129
35	130
35	131
35	132
35	133
35	134
35	136
35	137
35	138
35	139
35	140
35	141
35	142
35	143
35	144
35	145
36	118
36	122
36	123
36	125
36	127
36	128
36	129
36	130
36	131
36	132
36	133
36	134
36	135
36	136
36	137
36	138
36	139
36	140
36	141
36	142
36	143
36	144
36	145
37	122
37	123
37	129
37	130
37	131
37	132
37	133
37	134
37	136
37	137
37	138
37	139
37	140
37	141
37	142
37	143
37	144
37	145
38	122
38	123
38	129
38	130
38	131
38	132
38	133
38	134
38	136
38	137
38	138
38	139
38	140
38	141
38	142
38	143
38	144
38	145
39	122
39	123
39	129
39	130
39	131
39	132
39	133
39	134
39	136
39	137
39	138
39	139
39	140
39	141
39	142
39	143
39	144
39	145
40	122
40	136
40	137
40	138
40	140
40	141
40	142
40	143
40	144
40	145
41	122
41	123
41	129
41	130
41	131
41	132
41	133
41	134
41	136
41	137
41	138
41	139
41	140
41	141
41	142
41	143
41	144
41	145
42	122
42	136
42	137
42	138
42	140
42	141
42	142
42	143
42	144
42	145
43	140
43	141
43	142
43	143
43	144
44	122
44	136
44	137
44	138
44	140
44	141
44	142
44	143
44	144
44	145
45	122
45	123
45	129
45	130
45	131
45	132
45	133
45	134
45	136
45	137
45	138
45	139
45	140
45	141
45	142
45	143
45	144
45	145
46	122
46	123
46	129
46	130
46	131
46	132
46	133
46	134
46	136
46	137
46	138
46	139
46	140
46	141
46	142
46	143
46	144
46	145
47	118
47	122
47	123
47	125
47	127
47	128
47	129
47	130
47	131
47	132
47	133
47	134
47	135
47	136
47	137
47	138
47	139
47	140
47	141
47	142
47	143
47	144
47	145
48	122
48	123
48	129
48	130
48	131
48	132
48	133
48	134
48	136
48	137
48	138
48	139
48	140
48	141
48	142
48	143
48	144
48	145
49	118
49	122
49	123
49	125
49	127
49	128
49	129
49	130
49	131
49	132
49	133
49	134
49	135
49	136
49	137
49	138
49	139
49	140
49	141
49	142
49	143
49	144
49	145
50	122
50	123
50	129
50	130
50	131
50	132
50	133
50	134
50	136
50	137
50	138
50	139
50	140
50	141
50	142
50	143
50	144
50	145
51	122
51	123
51	129
51	130
51	131
51	132
51	133
51	134
51	136
51	137
51	138
51	139
51	140
51	141
51	142
51	143
51	144
51	145
52	122
52	136
52	137
52	138
52	140
52	141
52	142
52	143
52	144
52	145
53	122
53	136
53	137
53	138
53	140
53	141
53	142
53	143
53	144
53	145
54	122
54	136
54	137
54	138
54	140
54	141
54	142
54	143
54	144
54	145
55	122
55	123
55	129
55	130
55	131
55	132
55	133
55	134
55	136
55	137
55	138
55	139
55	140
55	141
55	142
55	143
55	144
55	145
56	122
56	123
56	129
56	130
56	131
56	132
56	133
56	134
56	136
56	137
56	138
56	139
56	140
56	141
56	142
56	143
56	144
56	145
57	122
57	123
57	129
57	130
57	131
57	132
57	133
57	134
57	136
57	137
57	138
57	139
57	140
57	141
57	142
57	143
57	144
57	145
58	122
58	123
58	129
58	130
58	131
58	132
58	133
58	134
58	136
58	137
58	138
58	139
58	140
58	141
58	142
58	143
58	144
58	145
59	118
59	122
59	123
59	125
59	127
59	128
59	129
59	130
59	131
59	132
59	133
59	134
59	135
59	136
59	137
59	138
59	139
59	140
59	141
59	142
59	143
59	144
59	145
60	122
60	123
60	129
60	130
60	131
60	132
60	133
60	134
60	136
60	137
60	138
60	139
60	140
60	141
60	142
60	143
60	144
60	145
61	118
61	122
61	123
61	125
61	127
61	128
61	129
61	130
61	131
61	132
61	133
61	134
61	135
61	136
61	137
61	138
61	139
61	140
61	141
61	142
61	143
61	144
61	145
62	118
62	122
62	123
62	125
62	127
62	128
62	129
62	130
62	131
62	132
62	133
62	134
62	135
62	136
62	137
62	138
62	139
62	140
62	141
62	142
62	143
62	144
62	145
63	118
63	122
63	123
63	125
63	127
63	128
63	129
63	130
63	131
63	132
63	133
63	134
63	135
63	136
63	137
63	138
63	139
63	140
63	141
63	142
63	143
63	144
63	145
64	122
64	123
64	129
64	130
64	131
64	132
64	133
64	134
64	136
64	137
64	138
64	139
64	140
64	141
64	142
64	143
64	144
64	145
65	118
65	122
65	123
65	125
65	127
65	128
65	129
65	130
65	131
65	132
65	133
65	134
65	135
65	136
65	137
65	138
65	139
65	140
65	141
65	142
65	143
65	144
65	145
66	118
66	122
66	123
66	125
66	127
66	128
66	129
66	130
66	131
66	132
66	133
66	134
66	135
66	136
66	137
66	138
66	139
66	140
66	141
66	142
66	143
66	144
66	145
67	118
67	122
67	123
67	125
67	127
67	128
67	129
67	130
67	131
67	132
67	133
67	134
67	135
67	136
67	137
67	138
67	139
67	140
67	141
67	142
67	143
67	144
67	145
68	122
68	136
68	137
68	138
68	140
68	141
68	142
68	143
68	144
68	145
69	122
69	123
69	129
69	130
69	131
69	132
69	133
69	134
69	136
69	137
69	138
69	139
69	140
69	141
69	142
69	143
69	144
69	145
70	118
70	122
70	123
70	125
70	127
70	128
70	129
70	130
70	131
70	132
70	133
70	134
70	135
70	136
70	137
70	138
70	139
70	140
70	141
70	142
70	143
70	144
70	145
71	118
71	122
71	123
71	125
71	127
71	128
71	129
71	130
71	131
71	132
71	133
71	134
71	135
71	136
71	137
71	138
71	139
71	140
71	141
71	142
71	143
71	144
71	145
72	122
72	123
72	129
72	130
72	131
72	132
72	133
72	134
72	136
72	137
72	138
72	139
72	140
72	141
72	142
72	143
72	144
72	145
73	122
73	136
73	137
73	138
73	140
73	141
73	142
73	143
73	144
73	145
74	122
74	123
74	129
74	130
74	131
74	132
74	133
74	134
74	136
74	137
74	138
74	139
74	140
74	141
74	142
74	143
74	144
74	145
75	122
75	136
75	137
75	138
75	140
75	141
75	142
75	143
75	144
75	145
76	122
76	136
76	137
76	138
76	140
76	141
76	142
76	143
76	144
76	145
77	140
77	141
77	142
77	143
77	144
78	140
78	141
78	142
78	143
78	144
79	140
79	141
79	142
79	143
79	144
80	140
80	141
80	142
80	143
80	144
81	140
81	141
81	142
81	143
81	144
82	140
82	141
82	142
82	143
82	144
83	140
83	141
83	142
83	143
83	144
84	140
84	141
84	142
84	143
84	144
85	122
85	136
85	137
85	138
85	140
85	141
85	142
85	143
85	144
85	145
86	140
86	141
86	142
86	143
86	144
87	122
87	136
87	137
87	138
87	140
87	141
87	142
87	143
87	144
87	145
88	122
88	136
88	137
88	138
88	140
88	141
88	142
88	143
88	144
88	145
89	140
89	141
89	142
89	143
89	144
90	140
90	141
90	142
90	143
90	144
91	140
91	141
91	142
91	143
91	144
92	140
92	142
93	122
93	136
93	137
93	138
93	140
93	141
93	142
93	143
93	144
93	145
94	140
94	141
94	142
94	143
94	144
95	140
95	141
95	142
95	143
95	144
96	140
96	141
96	142
96	143
96	144
97	122
97	136
97	137
97	138
97	140
97	141
97	142
97	143
97	144
97	145
98	122
98	136
98	137
98	138
98	140
98	141
98	142
98	143
98	144
98	145
99	122
99	136
99	137
99	138
99	140
99	141
99	142
99	143
99	144
99	145
100	122
100	136
100	137
100	138
100	140
100	141
100	142
100	143
100	144
100	145
101	122
101	123
101	129
101	130
101	131
101	132
101	133
101	134
101	136
101	137
101	138
101	139
101	140
101	141
101	142
101	143
101	144
101	145
102	122
102	136
102	137
102	138
102	140
102	141
102	142
102	143
102	144
102	145
103	122
103	136
103	137
103	138
103	140
103	141
103	142
103	143
103	144
103	145
104	122
104	136
104	137
104	138
104	140
104	141
104	142
104	143
104	144
104	145
105	122
105	136
105	137
105	138
105	140
105	141
105	142
105	143
105	144
105	145
106	140
106	141
106	142
106	143
106	144
107	122
107	136
107	137
107	138
107	140
107	141
107	142
107	143
107	144
107	145
108	122
108	123
108	129
108	130
108	131
108	132
108	133
108	134
108	136
108	137
108	138
108	139
108	140
108	141
108	142
108	143
108	144
108	145
110	122
110	123
110	129
110	130
110	131
110	132
110	133
110	134
110	136
110	137
110	138
110	139
110	140
110	141
110	142
110	143
110	144
110	145
111	140
111	142
112	122
112	136
112	137
112	138
112	140
112	141
112	142
112	143
112	144
112	145
115	140
115	141
115	142
115	143
115	144
116	122
116	136
116	137
116	138
116	140
116	141
116	142
116	143
116	144
116	145
117	122
117	136
117	137
117	138
117	140
117	141
117	142
117	143
117	144
117	145
118	140
118	142