144	1048
1	79
1	107
1	109
1	112
1	114
1	115
1	120
1	122
1	126
1	127
1	129
1	130
1	131
1	135
1	136
1	138
1	139
1	140
1	141
1	142
1	143
1	144
2	71
2	79
2	80
2	87
2	93
2	98
2	99
2	100
2	101
2	102
2	103
2	104
2	107
2	108
2	109
2	110
2	111
2	112
2	113
2	114
2	115
2	116
2	117
2	118
2	119
2	120
2	121
2	122
2	123
2	124
2	125
2	126
2	127
2	128
2	129
2	130
2	131
2	135
2	136
2	138
2	139
2	140
2	141
2	142
2	143
2	144
3	79
3	109
3	112
3	114
3	115
3	120
3	122
3	126
3	129
3	130
3	131
3	135
3	136
3	138
3	139
3	140
3	141
3	142
3	143
3	144
4	79
4	112
4	114
4	115
4	126
4	131
4	142
4	143
5	142
5	143
6	79
6	107
6	109
6	112
6	114
6	115
6	120
6	122
6	126
6	127
6	129
6	130
6	131
6	135
6	136
6	138
6	139
6	140
6	141
6	142
6	143
6	144
7	79
7	107
7	109
7	112
7	114
7	115
7	120
7	122
7	126
7	127
7	129
7	130
7	131
7	135
7	136
7	138
7	139
7	140
7	141
7	142
7	143
7	144
8	79
8	107
8	109
8	112
8	114
8	115
8	120
8	122
8	126
8	127
8	129
8	130
8	131
8	135
8	136
8	138
8	139
8	140
8	141
8	142
8	143
8	144
9	79
9	107
9	109
9	112
9	114
9	115
9	120
9	122
9	126
9	127
9	129
9	130
9	131
9	135
9	136
9	138
9	139
9	140
9	141
9	142
9	143
9	144
10	79
10	107
10	109
10	112
10	114
10	115
10	120
10	122
10	126
10	127
10	129
10	130
10	131
10	135
10	136
10	138
10	139
10	140
10	141
10	142
10	143
10	144
11	71
11	79
11	80
11	87
11	93
11	98
11	99
11	100
11	101
11	102
11	103
11	104
11	107
11	108
11	109
11	110
11	111
11	112
11	113
11	114
11	115
11	116
11	117
11	118
11	119
11	120
11	121
11	122
11	123
11	124
11	125
11	126
11	127
11	128
11	129
11	130
11	131
11	135
11	136
11	138
11	139
11	140
11	141
11	142
11	143
11	144
12	79
12	107
12	109
12	112
12	114
12	115
12	120
12	122
12	126
12	127
12	129
12	130
12	131
12	135
12	136
12	138
12	139
12	140
12	141
12	142
12	143
12	144
13	79
13	112
13	114
13	115
13	126
13	131
13	142
13	143
15	143
16	71
16	79
16	80
16	87
16	93
16	98
16	99
16	100
16	101
16	102
16	103
16	104
16	107
16	108
16	109
16	110
16	111
16	112
16	113
16	114
16	115
16	116
16	117
16	118
16	119
16	120
16	121
16	122
16	123
16	124
16	125
16	126
16	127
16	128
16	129
16	130
16	131
16	135
16	136
16	138
16	139
16	140
16	141
16	142
16	143
16	144
17	71
17	79
17	80
17	87
17	93
17	98
17	99
17	100
17	101
17	102
17	103
17	104
17	107
17	108
17	109
17	110
17	111
17	112
17	113
17	114
17	115
17	116
17	117
17	118
17	119
17	120
17	121
17	122
17	123
17	124
17	125
17	126
17	127
17	128
17	129
17	130
17	131
17	135
17	136
17	138
17	139
17	140
17	141
17	142
17	143
17	144
18	142
18	143
19	79
19	112
19	114
19	115
19	126
19	131
19	142
19	143
20	79
20	112
20	114
20	115
20	126
20	131
20	142
20	143
21	79
21	112
21	114
21	115
21	126
21	131
21	142
21	143
22	79
22	112
22	114
22	115
22	126
22	131
22	142
22	143
23	79
23	107
23	109
23	112
23	114
23	115
23	120
23	122
23	126
23	127
23	129
23	130
23	131
23	135
23	136
23	138
23	139
23	140
23	141
23	142
23	143
23	144
24	79
24	107
24	109
24	112
24	114
24	115
24	120
24	122
24	126
24	127
24	129
24	130
24	131
24	133
24	134
24	135
24	136
24	137
24	138
24	139
24	140
24	141
24	142
24	143
24	144
25	79
25	112
25	114
25	115
25	126
25	131
25	142
25	143
26	142
26	143
27	79
27	107
27	109
27	112
27	114
27	115
27	120
27	122
27	126
27	127
27	129
27	130
27	131
27	135
27	136
27	138
27	139
27	140
27	141
27	142
27	143
27	144
28	79
28	107
28	109
28	112
28	114
28	115
28	120
28	122
28	126
28	127
28	129
28	130
28	131
28	135
28	136
28	138
28	139
28	140
28	141
28	142
28	143
28	144
29	79
29	107
29	109
29	112
29	114
29	115
29	120
29	122
29	126
29	127
29	129
29	130
29	131
29	135
29	136
29	138
29	139
29	140
29	141
29	142
29	143
29	144
30	142
30	143
31	79
31	112
31	114
31	115
31	126
31	131
31	142
31	143
32	142
32	143
33	71
33	79
33	80
33	87
33	93
33	98
33	99
33	100
33	101
33	102
33	103
33	104
33	107
33	108
33	109
33	110
33	111
33	112
33	113
33	114
33	115
33	116
33	117
33	118
33	119
33	120
33	121
33	122
33	123
33	124
33	125
33	126
33	127
33	128
33	129
33	130
33	131
33	135
33	136
33	138
33	139
33	140
33	141
33	142
33	143
33	144
34	55
34	60
34	68
34	70
34	71
34	76
34	79
34	80
34	81
34	82
34	83
34	84
34	85
34	86
34	87
34	88
34	91
34	92
34	93
34	94
34	95
34	96
34	97
34	98
34	99
34	100
34	101
34	102
34	103
34	104
34	105
34	106
34	107
34	108
34	109
34	110
34	111
34	112
34	113
34	114
34	115
34	116
34	117
34	118
34	119
34	120
34	121
34	122
34	123
34	124
34	125
34	126
34	127
34	128
34	129
34	130
34	131
34	132
34	133
34	134
34	135
34	136
34	137
34	138
34	139
34	140
34	141
34	142
34	143
34	144
35	142
35	143
36	142
36	143
37	79
37	109
37	112
37	114
37	115
37	126
37	130
37	131
37	142
37	143
38	79
38	109
38	112
38	114
38	115
38	126
38	130
38	131
38	142
38	143
40	143
41	79
41	107
41	109
41	112
41	114
41	115
41	120
41	122
41	126
41	127
41	129
41	130
41	131
41	135
41	136
41	138
41	139
41	140
41	141
41	142
41	143
41	144
42	55
42	70
42	71
42	76
42	79
42	80
42	86
42	87
42	88
42	93
42	98
42	99
42	100
42	101
42	102
42	103
42	104
42	107
42	108
42	109
42	110
42	111
42	112
42	113
42	114
42	115
42	116
42	117
42	118
42	119
42	120
42	121
42	122
42	123
42	124
42	125
42	126
42	127
42	128
42	129
42	130
42	131
42	132
42	133
42	134
42	135
42	136
42	137
42	138
42	139
42	140
42	141
42	142
42	143
42	144
43	71
43	79
43	80
43	87
43	93
43	98
43	99
43	100
43	101
43	102
43	103
43	104
43	107
43	108
43	109
43	110
43	111
43	112
43	113
43	114
43	115
43	116
43	117
43	118
43	119
43	120
43	121
43	122
43	123
43	124
43	125
43	126
43	127
43	128
43	129
43	130
43	131
43	135
43	136
43	138
43	139
43	140
43	141
43	142
43	143
43	144
44	71
44	79
44	80
44	87
44	93
44	98
44	99
44	100
44	101
44	102
44	103
44	104
44	107
44	108
44	109
44	110
44	111
44	112
44	113
44	114
44	115
44	116
44	117
44	118
44	119
44	120
44	121
44	122
44	123
44	124
44	125
44	126
44	127
44	128
44	129
44	130
44	131
44	135
44	136
44	138
44	139
44	140
44	141
44	142
44	143
44	144
45	71
45	79
45	80
45	87
45	93
45	98
45	99
45	100
45	101
45	102
45	103
45	104
45	107
45	108
45	109
45	110
45	111
45	112
45	113
45	114
45	115
45	116
45	117
45	118
45	119
45	120
45	121
45	122
45	123
45	124
45	125
45	126
45	127
45	128
45	129
45	130
45	131
45	135
45	136
45	138
45	139
45	140
45	141
45	142
45	143
45	144
46	79
46	109
46	112
46	114
46	115
46	126
46	130
46	131
46	142
46	143
47	79
47	107
47	109
47	112
47	114
47	115
47	120
47	122
47	126
47	127
47	129
47	130
47	131
47	135
47	136
47	138
47	139
47	140
47	141
47	142
47	143
47	144
48	131
48	142
48	143
49	79
49	109
49	112
49	114
49	115
49	120
49	122
49	126
49	129
49	130
49	131
49	135
49	136
49	138
49	139
49	140
49	141
49	142
49	143
49	144
50	79
50	107
50	109
50	112
50	114
50	115
50	120
50	122
50	126
50	127
50	129
50	130
50	131
50	135
50	136
50	138
50	139
50	140
50	141
50	142
50	143
50	144
51	79
51	93
51	100
51	101
51	103
51	104
51	109
51	110
51	111
51	112
51	114
51	115
51	116
51	117
51	118
51	119
51	120
51	121
51	122
51	123
51	124
51	125
51	126
51	128
51	129
51	130
51	131
51	135
51	136
51	138
51	139
51	140
51	141
51	142
51	143
51	144
52	79
52	107
52	109
52	112
52	114
52	115
52	120
52	122
52	126
52	127
52	129
52	130
52	131
52	135
52	136
52	138
52	139
52	140
52	141
52	142
52	143
52	144
53	142
53	143
55	143
56	143
57	143
58	143
62	143
63	143
64	143
77	143
78	143