144	183
1	142
1	143
2	79
2	112
2	114
2	115
2	126
2	131
2	142
2	143
3	142
3	143
4	143
6	142
6	143
7	142
7	143
8	142
8	143
9	142
9	143
10	142
10	143
11	79
11	112
11	114
11	115
11	126
11	131
11	142
11	143
12	142
12	143
13	143
16	79
16	112
16	114
16	115
16	126
16	131
16	142
16	143
17	79
17	112
17	114
17	115
17	126
17	131
17	142
17	143
19	143
20	143
21	143
22	143
23	142
23	143
24	142
24	143
25	143
27	142
27	143
28	142
28	143
29	142
29	143
31	143
33	79
33	112
33	114
33	115
33	126
33	131
33	142
33	143
34	71
34	79
34	80
34	87
34	93
34	98
34	99
34	100
34	101
34	102
34	103
34	104
34	107
34	108
34	109
34	110
34	111
34	112
34	113
34	114
34	115
34	116
34	117
34	118
34	119
34	120
34	121
34	122
34	123
34	124
34	125
34	126
34	127
34	128
34	129
34	130
34	131
34	135
34	136
34	138
34	139
34	140
34	141
34	142
34	143
34	144
37	143
38	143
41	142
41	143
42	79
42	107
42	109
42	112
42	114
42	115
42	120
42	122
42	126
42	127
42	129
42	130
42	131
42	135
42	136
42	138
42	139
42	140
42	141
42	142
42	143
42	144
43	79
43	112
43	114
43	115
43	126
43	131
43	142
43	143
44	79
44	112
44	114
44	115
44	126
44	131
44	142
44	143
45	79
45	112
45	114
45	115
45	126
45	131
45	142
45	143
46	143
47	142
47	143
48	143
49	142
49	143
50	142
50	143
51	131
51	142
51	143
52	142
52	143