222	3429
2	118
2	119
2	120
2	122
2	123
2	124
2	125
2	126
2	127
2	128
2	129
2	130
2	131
2	133
2	134
2	135
2	136
2	137
2	138
2	139
2	140
2	141
2	142
2	143
2	144
2	145
2	146
2	147
2	148
2	149
2	150
2	151
2	152
2	153
2	154
2	155
2	156
2	157
2	158
2	159
2	160
2	161
2	162
2	163
2	164
2	165
2	166
2	167
2	168
2	169
2	170
2	171
2	172
2	173
2	174
2	175
2	176
2	177
2	178
2	179
2	181
2	182
2	183
2	184
2	185
2	186
2	187
2	188
2	189
2	190
2	191
2	193
2	195
2	196
2	197
2	198
2	199
2	200
2	201
2	202
2	203
2	204
2	205
2	206
2	207
2	208
2	209
2	210
3	78
3	103
3	104
3	105
3	106
3	107
3	108
3	110
3	111
3	112
3	113
3	116
3	117
3	118
3	119
3	120
3	121
3	122
3	123
3	124
3	125
3	126
3	127
3	128
3	129
3	130
3	131
3	132
3	133
3	134
3	135
3	136
3	137
3	138
3	139
3	140
3	141
3	142
3	143
3	144
3	145
3	146
3	147
3	148
3	149
3	150
3	151
3	152
3	153
3	154
3	155
3	156
3	157
3	158
3	159
3	160
3	161
3	162
3	163
3	164
3	165
3	166
3	167
3	168
3	169
3	170
3	171
3	172
3	173
3	174
3	175
3	176
3	177
3	178
3	179
3	181
3	182
3	183
3	184
3	185
3	186
3	187
3	188
3	189
3	190
3	191
3	193
3	195
3	196
3	197
3	198
3	199
3	200
3	201
3	202
3	203
3	204
3	205
3	206
3	207
3	208
3	209
3	210
4	78
4	103
4	104
4	105
4	106
4	107
4	108
4	110
4	111
4	112
4	113
4	116
4	117
4	118
4	119
4	120
4	121
4	122
4	123
4	124
4	125
4	126
4	127
4	128
4	129
4	130
4	131
4	132
4	133
4	134
4	135
4	136
4	137
4	138
4	139
4	140
4	141
4	142
4	143
4	144
4	145
4	146
4	147
4	148
4	149
4	150
4	151
4	152
4	153
4	154
4	155
4	156
4	157
4	158
4	159
4	160
4	161
4	162
4	163
4	164
4	165
4	166
4	167
4	168
4	169
4	170
4	171
4	172
4	173
4	174
4	175
4	176
4	177
4	178
4	179
4	181
4	182
4	183
4	184
4	185
4	186
4	187
4	188
4	189
4	190
4	191
4	193
4	195
4	196
4	197
4	198
4	199
4	200
4	201
4	202
4	203
4	204
4	205
4	206
4	207
4	208
4	209
4	210
5	78
5	103
5	104
5	105
5	106
5	107
5	108
5	110
5	111
5	112
5	113
5	116
5	117
5	118
5	119
5	120
5	121
5	122
5	123
5	124
5	125
5	126
5	127
5	128
5	129
5	130
5	131
5	132
5	133
5	134
5	135
5	136
5	137
5	138
5	139
5	140
5	141
5	142
5	143
5	144
5	145
5	146
5	147
5	148
5	149
5	150
5	151
5	152
5	153
5	154
5	155
5	156
5	157
5	158
5	159
5	160
5	161
5	162
5	163
5	164
5	165
5	166
5	167
5	168
5	169
5	170
5	171
5	172
5	173
5	174
5	175
5	176
5	177
5	178
5	179
5	181
5	182
5	183
5	184
5	185
5	186
5	187
5	188
5	189
5	190
5	191
5	193
5	195
5	196
5	197
5	198
5	199
5	200
5	201
5	202
5	203
5	204
5	205
5	206
5	207
5	208
5	209
5	210
6	123
6	126
6	128
6	136
6	137
6	139
6	141
6	142
6	149
6	150
6	151
6	152
6	153
6	154
6	155
6	156
6	157
6	158
6	159
6	160
6	161
6	162
6	163
6	164
6	165
6	166
6	167
6	168
6	169
6	170
6	171
6	172
6	173
6	174
6	175
6	176
6	177
6	178
6	179
6	181
6	182
6	183
6	184
6	185
6	186
6	187
6	188
6	189
6	190
6	191
6	193
6	195
6	196
6	197
6	198
6	199
6	200
6	201
6	202
6	203
6	204
6	205
6	206
6	207
6	208
6	209
6	210
7	123
7	126
7	128
7	136
7	137
7	139
7	141
7	142
7	149
7	150
7	151
7	152
7	153
7	154
7	155
7	156
7	157
7	158
7	159
7	160
7	161
7	162
7	163
7	164
7	165
7	166
7	167
7	168
7	169
7	170
7	171
7	172
7	173
7	174
7	175
7	176
7	177
7	178
7	179
7	181
7	182
7	183
7	184
7	185
7	186
7	187
7	188
7	189
7	190
7	191
7	193
7	195
7	196
7	197
7	198
7	199
7	200
7	201
7	202
7	203
7	204
7	205
7	206
7	207
7	208
7	209
7	210
8	61
8	62
8	63
8	66
8	68
8	69
8	71
8	72
8	73
8	77
8	78
8	79
8	80
8	82
8	84
8	85
8	86
8	88
8	89
8	90
8	91
8	92
8	93
8	94
8	95
8	96
8	100
8	101
8	102
8	103
8	104
8	105
8	106
8	107
8	108
8	109
8	110
8	111
8	112
8	113
8	114
8	115
8	116
8	117
8	118
8	119
8	120
8	121
8	122
8	123
8	124
8	125
8	126
8	127
8	128
8	129
8	130
8	131
8	132
8	133
8	134
8	135
8	136
8	137
8	138
8	139
8	140
8	141
8	142
8	143
8	144
8	145
8	146
8	147
8	148
8	149
8	150
8	151
8	152
8	153
8	154
8	155
8	156
8	157
8	158
8	159
8	160
8	161
8	162
8	163
8	164
8	165
8	166
8	167
8	168
8	169
8	170
8	171
8	172
8	173
8	174
8	175
8	176
8	177
8	178
8	179
8	181
8	182
8	183
8	184
8	185
8	186
8	187
8	188
8	189
8	190
8	191
8	193
8	195
8	196
8	197
8	198
8	199
8	200
8	201
8	202
8	203
8	204
8	205
8	206
8	207
8	208
8	209
8	210
9	78
9	103
9	104
9	105
9	106
9	107
9	108
9	110
9	111
9	112
9	113
9	116
9	117
9	118
9	119
9	120
9	121
9	122
9	123
9	124
9	125
9	126
9	127
9	128
9	129
9	130
9	131
9	132
9	133
9	134
9	135
9	136
9	137
9	138
9	139
9	140
9	141
9	142
9	143
9	144
9	145
9	146
9	147
9	148
9	149
9	150
9	151
9	152
9	153
9	154
9	155
9	156
9	157
9	158
9	159
9	160
9	161
9	162
9	163
9	164
9	165
9	166
9	167
9	168
9	169
9	170
9	171
9	172
9	173
9	174
9	175
9	176
9	177
9	178
9	179
9	181
9	182
9	183
9	184
9	185
9	186
9	187
9	188
9	189
9	190
9	191
9	193
9	195
9	196
9	197
9	198
9	199
9	200
9	201
9	202
9	203
9	204
9	205
9	206
9	207
9	208
9	209
9	210
10	123
10	126
10	128
10	136
10	137
10	139
10	141
10	142
10	149
10	150
10	151
10	152
10	153
10	154
10	155
10	156
10	157
10	158
10	159
10	160
10	161
10	162
10	163
10	164
10	165
10	166
10	167
10	168
10	169
10	170
10	171
10	172
10	173
10	174
10	175
10	176
10	177
10	178
10	179
10	181
10	182
10	183
10	184
10	185
10	186
10	187
10	188
10	189
10	190
10	191
10	193
10	195
10	196
10	197
10	198
10	199
10	200
10	201
10	202
10	203
10	204
10	205
10	206
10	207
10	208
10	209
10	210
11	118
11	119
11	120
11	122
11	123
11	124
11	125
11	126
11	127
11	128
11	129
11	130
11	131
11	133
11	134
11	135
11	136
11	137
11	138
11	139
11	140
11	141
11	142
11	143
11	144
11	145
11	146
11	147
11	148
11	149
11	150
11	151
11	152
11	153
11	154
11	155
11	156
11	157
11	158
11	159
11	160
11	161
11	162
11	163
11	164
11	165
11	166
11	167
11	168
11	169
11	170
11	171
11	172
11	173
11	174
11	175
11	176
11	177
11	178
11	179
11	181
11	182
11	183
11	184
11	185
11	186
11	187
11	188
11	189
11	190
11	191
11	193
11	195
11	196
11	197
11	198
11	199
11	200
11	201
11	202
11	203
11	204
11	205
11	206
11	207
11	208
11	209
11	210
13	154
13	155
13	156
13	157
13	158
13	159
13	160
13	161
13	162
13	163
13	164
13	165
13	166
13	167
13	168
13	169
13	170
13	171
13	172
13	174
13	175
13	176
13	177
13	178
13	179
13	181
13	182
13	183
13	184
13	185
13	186
13	187
13	188
13	189
13	190
13	191
13	193
13	195
13	196
13	197
13	198
13	199
13	200
13	201
13	202
13	203
13	204
13	205
13	206
13	207
13	208
13	209
13	210
14	123
14	126
14	128
14	136
14	137
14	139
14	141
14	142
14	149
14	150
14	151
14	152
14	153
14	154
14	155
14	156
14	157
14	158
14	159
14	160
14	161
14	162
14	163
14	164
14	165
14	166
14	167
14	168
14	169
14	170
14	171
14	172
14	173
14	174
14	175
14	176
14	177
14	178
14	179
14	181
14	182
14	183
14	184
14	185
14	186
14	187
14	188
14	189
14	190
14	191
14	193
14	195
14	196
14	197
14	198
14	199
14	200
14	201
14	202
14	203
14	204
14	205
14	206
14	207
14	208
14	209
14	210
15	118
15	119
15	120
15	122
15	123
15	124
15	125
15	126
15	127
15	128
15	129
15	130
15	131
15	133
15	134
15	135
15	136
15	137
15	138
15	139
15	140
15	141
15	142
15	143
15	144
15	145
15	146
15	147
15	148
15	149
15	150
15	151
15	152
15	153
15	154
15	155
15	156
15	157
15	158
15	159
15	160
15	161
15	162
15	163
15	164
15	165
15	166
15	167
15	168
15	169
15	170
15	171
15	172
15	173
15	174
15	175
15	176
15	177
15	178
15	179
15	181
15	182
15	183
15	184
15	185
15	186
15	187
15	188
15	189
15	190
15	191
15	193
15	195
15	196
15	197
15	198
15	199
15	200
15	201
15	202
15	203
15	204
15	205
15	206
15	207
15	208
15	209
15	210
16	123
16	126
16	128
16	136
16	137
16	139
16	141
16	142
16	149
16	150
16	151
16	152
16	153
16	154
16	155
16	156
16	157
16	158
16	159
16	160
16	161
16	162
16	163
16	164
16	165
16	166
16	167
16	168
16	169
16	170
16	171
16	172
16	173
16	174
16	175
16	176
16	177
16	178
16	179
16	181
16	182
16	183
16	184
16	185
16	186
16	187
16	188
16	189
16	190
16	191
16	193
16	195
16	196
16	197
16	198
16	199
16	200
16	201
16	202
16	203
16	204
16	205
16	206
16	207
16	208
16	209
16	210
17	118
17	119
17	120
17	122
17	123
17	124
17	125
17	126
17	127
17	128
17	129
17	130
17	131
17	133
17	134
17	135
17	136
17	137
17	138
17	139
17	140
17	141
17	142
17	143
17	144
17	145
17	146
17	147
17	148
17	149
17	150
17	151
17	152
17	153
17	154
17	155
17	156
17	157
17	158
17	159
17	160
17	161
17	162
17	163
17	164
17	165
17	166
17	167
17	168
17	169
17	170
17	171
17	172
17	173
17	174
17	175
17	176
17	177
17	178
17	179
17	181
17	182
17	183
17	184
17	185
17	186
17	187
17	188
17	189
17	190
17	191
17	193
17	195
17	196
17	197
17	198
17	199
17	200
17	201
17	202
17	203
17	204
17	205
17	206
17	207
17	208
17	209
17	210
18	118
18	119
18	120
18	122
18	123
18	124
18	125
18	126
18	127
18	128
18	129
18	130
18	131
18	133
18	134
18	135
18	136
18	137
18	138
18	139
18	140
18	141
18	142
18	143
18	144
18	145
18	146
18	147
18	148
18	149
18	150
18	151
18	152
18	153
18	154
18	155
18	156
18	157
18	158
18	159
18	160
18	161
18	162
18	163
18	164
18	165
18	166
18	167
18	168
18	169
18	170
18	171
18	172
18	173
18	174
18	175
18	176
18	177
18	178
18	179
18	181
18	182
18	183
18	184
18	185
18	186
18	187
18	188
18	189
18	190
18	191
18	193
18	195
18	196
18	197
18	198
18	199
18	200
18	201
18	202
18	203
18	204
18	205
18	206
18	207
18	208
18	209
18	210
19	118
19	119
19	120
19	122
19	123
19	124
19	125
19	126
19	127
19	128
19	129
19	130
19	131
19	133
19	134
19	135
19	136
19	137
19	138
19	139
19	140
19	141
19	142
19	143
19	144
19	145
19	146
19	147
19	148
19	149
19	150
19	151
19	152
19	153
19	154
19	155
19	156
19	157
19	158
19	159
19	160
19	161
19	162
19	163
19	164
19	165
19	166
19	167
19	168
19	169
19	170
19	171
19	172
19	173
19	174
19	175
19	176
19	177
19	178
19	179
19	181
19	182
19	183
19	184
19	185
19	186
19	187
19	188
19	189
19	190
19	191
19	193
19	195
19	196
19	197
19	198
19	199
19	200
19	201
19	202
19	203
19	204
19	205
19	206
19	207
19	208
19	209
19	210
20	78
20	103
20	104
20	105
20	106
20	107
20	108
20	110
20	111
20	112
20	113
20	116
20	117
20	118
20	119
20	120
20	121
20	122
20	123
20	124
20	125
20	126
20	127
20	128
20	129
20	130
20	131
20	132
20	133
20	134
20	135
20	136
20	137
20	138
20	139
20	140
20	141
20	142
20	143
20	144
20	145
20	146
20	147
20	148
20	149
20	150
20	151
20	152
20	153
20	154
20	155
20	156
20	157
20	158
20	159
20	160
20	161
20	162
20	163
20	164
20	165
20	166
20	167
20	168
20	169
20	170
20	171
20	172
20	173
20	174
20	175
20	176
20	177
20	178
20	179
20	181
20	182
20	183
20	184
20	185
20	186
20	187
20	188
20	189
20	190
20	191
20	193
20	195
20	196
20	197
20	198
20	199
20	200
20	201
20	202
20	203
20	204
20	205
20	206
20	207
20	208
20	209
20	210
21	118
21	119
21	120
21	122
21	123
21	124
21	125
21	126
21	127
21	128
21	129
21	130
21	131
21	133
21	134
21	135
21	136
21	137
21	138
21	139
21	140
21	141
21	142
21	143
21	144
21	145
21	146
21	147
21	148
21	149
21	150
21	151
21	152
21	153
21	154
21	155
21	156
21	157
21	158
21	159
21	160
21	161
21	162
21	163
21	164
21	165
21	166
21	167
21	168
21	169
21	170
21	171
21	172
21	173
21	174
21	175
21	176
21	177
21	178
21	179
21	181
21	182
21	183
21	184
21	185
21	186
21	187
21	188
21	189
21	190
21	191
21	193
21	195
21	196
21	197
21	198
21	199
21	200
21	201
21	202
21	203
21	204
21	205
21	206
21	207
21	208
21	209
21	210
22	118
22	119
22	120
22	122
22	123
22	124
22	125
22	126
22	127
22	128
22	129
22	130
22	131
22	133
22	134
22	135
22	136
22	137
22	138
22	139
22	140
22	141
22	142
22	143
22	144
22	145
22	146
22	147
22	148
22	149
22	150
22	151
22	152
22	153
22	154
22	155
22	156
22	157
22	158
22	159
22	160
22	161
22	162
22	163
22	164
22	165
22	166
22	167
22	168
22	169
22	170
22	171
22	172
22	173
22	174
22	175
22	176
22	177
22	178
22	179
22	181
22	182
22	183
22	184
22	185
22	186
22	187
22	188
22	189
22	190
22	191
22	193
22	195
22	196
22	197
22	198
22	199
22	200
22	201
22	202
22	203
22	204
22	205
22	206
22	207
22	208
22	209
22	210
23	118
23	119
23	120
23	122
23	123
23	124
23	125
23	126
23	127
23	128
23	129
23	130
23	131
23	133
23	134
23	135
23	136
23	137
23	138
23	139
23	140
23	141
23	142
23	143
23	144
23	145
23	146
23	147
23	148
23	149
23	150
23	151
23	152
23	153
23	154
23	155
23	156
23	157
23	158
23	159
23	160
23	161
23	162
23	163
23	164
23	165
23	166
23	167
23	168
23	169
23	170
23	171
23	172
23	173
23	174
23	175
23	176
23	177
23	178
23	179
23	181
23	182
23	183
23	184
23	185
23	186
23	187
23	188
23	189
23	190
23	191
23	193
23	195
23	196
23	197
23	198
23	199
23	200
23	201
23	202
23	203
23	204
23	205
23	206
23	207
23	208
23	209
23	210
24	123
24	126
24	128
24	136
24	137
24	139
24	141
24	142
24	149
24	150
24	151
24	152
24	153
24	154
24	155
24	156
24	157
24	158
24	159
24	160
24	161
24	162
24	163
24	164
24	165
24	166
24	167
24	168
24	169
24	170
24	171
24	172
24	173
24	174
24	175
24	176
24	177
24	178
24	179
24	181
24	182
24	183
24	184
24	185
24	186
24	187
24	188
24	189
24	190
24	191
24	193
24	195
24	196
24	197
24	198
24	199
24	200
24	201
24	202
24	203
24	204
24	205
24	206
24	207
24	208
24	209
24	210
25	118
25	119
25	120
25	122
25	123
25	124
25	125
25	126
25	127
25	128
25	129
25	130
25	131
25	133
25	134
25	135
25	136
25	137
25	138
25	139
25	140
25	141
25	142
25	143
25	144
25	145
25	146
25	147
25	148
25	149
25	150
25	151
25	152
25	153
25	154
25	155
25	156
25	157
25	158
25	159
25	160
25	161
25	162
25	163
25	164
25	165
25	166
25	167
25	168
25	169
25	170
25	171
25	172
25	173
25	174
25	175
25	176
25	177
25	178
25	179
25	181
25	182
25	183
25	184
25	185
25	186
25	187
25	188
25	189
25	190
25	191
25	193
25	195
25	196
25	197
25	198
25	199
25	200
25	201
25	202
25	203
25	204
25	205
25	206
25	207
25	208
25	209
25	210
26	142
26	154
26	155
26	156
26	157
26	158
26	159
26	160
26	161
26	162
26	163
26	164
26	165
26	166
26	167
26	168
26	169
26	170
26	171
26	172
26	173
26	174
26	175
26	176
26	177
26	178
26	179
26	181
26	182
26	183
26	184
26	185
26	186
26	187
26	188
26	189
26	190
26	191
26	193
26	195
26	196
26	197
26	198
26	199
26	200
26	201
26	202
26	203
26	204
26	205
26	206
26	207
26	208
26	209
26	210
27	32
27	78
27	103
27	104
27	105
27	106
27	107
27	108
27	110
27	111
27	112
27	113
27	116
27	117
27	118
27	119
27	120
27	121
27	122
27	123
27	124
27	125
27	126
27	127
27	128
27	129
27	130
27	131
27	132
27	133
27	134
27	135
27	136
27	137
27	138
27	139
27	140
27	141
27	142
27	143
27	144
27	145
27	146
27	147
27	148
27	149
27	150
27	151
27	152
27	153
27	154
27	155
27	156
27	157
27	158
27	159
27	160
27	161
27	162
27	163
27	164
27	165
27	166
27	167
27	168
27	169
27	170
27	171
27	172
27	173
27	174
27	175
27	176
27	177
27	178
27	179
27	181
27	182
27	183
27	184
27	185
27	186
27	187
27	188
27	189
27	190
27	191
27	193
27	195
27	196
27	197
27	198
27	199
27	200
27	201
27	202
27	203
27	204
27	205
27	206
27	207
27	208
27	209
27	210
28	32
28	78
28	103
28	104
28	105
28	106
28	107
28	108
28	110
28	111
28	112
28	113
28	116
28	117
28	118
28	119
28	120
28	121
28	122
28	123
28	124
28	125
28	126
28	127
28	128
28	129
28	130
28	131
28	132
28	133
28	134
28	135
28	136
28	137
28	138
28	139
28	140
28	141
28	142
28	143
28	144
28	145
28	146
28	147
28	148
28	149
28	150
28	151
28	152
28	153
28	154
28	155
28	156
28	157
28	158
28	159
28	160
28	161
28	162
28	163
28	164
28	165
28	166
28	167
28	168
28	169
28	170
28	171
28	172
28	173
28	174
28	175
28	176
28	177
28	178
28	179
28	181
28	182
28	183
28	184
28	185
28	186
28	187
28	188
28	189
28	190
28	191
28	193
28	195
28	196
28	197
28	198
28	199
28	200
28	201
28	202
28	203
28	204
28	205
28	206
28	207
28	208
28	209
28	210
29	157
29	158
29	159
29	160
29	161
29	162
29	163
29	164
29	168
29	169
29	170
29	175
29	178
29	179
29	184
29	186
29	187
29	188
29	189
29	190
29	191
29	193
29	195
29	196
29	197
29	198
29	199
29	200
29	201
29	202
29	203
29	204
29	205
29	206
29	207
29	208
29	209
29	210
30	142
30	154
30	155
30	156
30	157
30	158
30	159
30	160
30	161
30	162
30	163
30	164
30	165
30	166
30	167
30	168
30	169
30	170
30	171
30	172
30	173
30	174
30	175
30	176
30	177
30	178
30	179
30	181
30	182
30	183
30	184
30	185
30	186
30	187
30	188
30	189
30	190
30	191
30	193
30	195
30	196
30	197
30	198
30	199
30	200
30	201
30	202
30	203
30	204
30	205
30	206
30	207
30	208
30	209
30	210
31	157
31	158
31	159
31	160
31	161
31	162
31	163
31	164
31	165
31	168
31	169
31	170
31	171
31	172
31	174
31	175
31	176
31	177
31	178
31	179
31	181
31	182
31	183
31	184
31	185
31	186
31	187
31	188
31	189
31	190
31	191
31	193
31	195
31	196
31	197
31	198
31	199
31	200
31	201
31	202
31	203
31	204
31	205
31	206
31	207
31	208
31	209
31	210
32	118
32	120
32	122
32	123
32	125
32	126
32	128
32	130
32	133
32	136
32	137
32	138
32	139
32	141
32	142
32	143
32	144
32	145
32	146
32	147
32	149
32	150
32	151
32	152
32	153
32	154
32	155
32	156
32	157
32	158
32	159
32	160
32	161
32	162
32	163
32	164
32	165
32	166
32	167
32	168
32	169
32	170
32	171
32	172
32	173
32	174
32	175
32	176
32	177
32	178
32	179
32	181
32	182
32	183
32	184
32	185
32	186
32	187
32	188
32	189
32	190
32	191
32	193
32	195
32	196
32	197
32	198
32	199
32	200
32	201
32	202
32	203
32	204
32	205
32	206
32	207
32	208
32	209
32	210
33	187
33	188
33	189
33	195
33	196
33	197
33	198
33	199
33	200
33	209
33	210
34	159
34	160
34	187
34	188
34	189
34	195
34	196
34	197
34	198
34	199
34	200
34	208
34	209
34	210
35	159
35	160
35	161
35	170
35	179
35	184
35	186
35	187
35	188
35	189
35	190
35	191
35	193
35	195
35	196
35	197
35	198
35	199
35	200
35	201
35	202
35	203
35	204
35	205
35	206
35	207
35	208
35	209
35	210
36	159
36	160
36	161
36	170
36	179
36	184
36	186
36	187
36	188
36	189
36	190
36	191
36	193
36	195
36	196
36	197
36	198
36	199
36	200
36	201
36	202
36	203
36	204
36	205
36	206
36	207
36	208
36	209
36	210
37	157
37	158
37	159
37	160
37	161
37	162
37	163
37	164
37	168
37	169
37	170
37	175
37	178
37	179
37	184
37	186
37	187
37	188
37	189
37	190
37	191
37	193
37	195
37	196
37	197
37	198
37	199
37	200
37	201
37	202
37	203
37	204
37	205
37	206
37	207
37	208
37	209
37	210
38	159
38	160
38	187
38	188
38	189
38	195
38	196
38	197
38	198
38	199
38	200
38	208
38	209
38	210
39	157
39	158
39	159
39	160
39	161
39	162
39	163
39	164
39	168
39	169
39	170
39	175
39	178
39	179
39	184
39	186
39	187
39	188
39	189
39	190
39	191
39	193
39	195
39	196
39	197
39	198
39	199
39	200
39	201
39	202
39	203
39	204
39	205
39	206
39	207
39	208
39	209
39	210
40	159
40	160
40	187
40	188
40	189
40	195
40	196
40	197
40	198
40	199
40	200
40	208
40	209
40	210
41	157
41	158
41	159
41	160
41	161
41	162
41	163
41	164
41	168
41	169
41	170
41	175
41	178
41	179
41	184
41	186
41	187
41	188
41	189
41	190
41	191
41	193
41	195
41	196
41	197
41	198
41	199
41	200
41	201
41	202
41	203
41	204
41	205
41	206
41	207
41	208
41	209
41	210
42	157
42	158
42	159
42	160
42	161
42	162
42	163
42	164
42	165
42	168
42	169
42	170
42	171
42	172
42	174
42	175
42	176
42	177
42	178
42	179
42	181
42	182
42	183
42	184
42	185
42	186
42	187
42	188
42	189
42	190
42	191
42	193
42	195
42	196
42	197
42	198
42	199
42	200
42	201
42	202
42	203
42	204
42	205
42	206
42	207
42	208
42	209
42	210
43	157
43	158
43	159
43	160
43	161
43	162
43	163
43	164
43	165
43	168
43	169
43	170
43	171
43	172
43	174
43	175
43	176
43	177
43	178
43	179
43	181
43	182
43	183
43	184
43	185
43	186
43	187
43	188
43	189
43	190
43	191
43	193
43	195
43	196
43	197
43	198
43	199
43	200
43	201
43	202
43	203
43	204
43	205
43	206
43	207
43	208
43	209
43	210
44	159
44	160
44	161
44	170
44	179
44	184
44	186
44	187
44	188
44	189
44	190
44	191
44	193
44	195
44	196
44	197
44	198
44	199
44	200
44	201
44	202
44	203
44	204
44	205
44	206
44	207
44	208
44	209
44	210
45	187
45	188
45	189
45	195
45	196
45	197
45	198
45	199
45	200
45	209
45	210
46	189
46	197
47	159
47	160
47	161
47	170
47	179
47	184
47	186
47	187
47	188
47	189
47	190
47	191
47	193
47	195
47	196
47	197
47	198
47	199
47	200
47	201
47	202
47	203
47	204
47	205
47	206
47	207
47	208
47	209
47	210
48	159
48	160
48	161
48	170
48	179
48	184
48	186
48	187
48	188
48	189
48	190
48	191
48	193
48	195
48	196
48	197
48	198
48	199
48	200
48	201
48	202
48	203
48	204
48	205
48	206
48	207
48	208
48	209
48	210
49	157
49	158
49	159
49	160
49	161
49	162
49	163
49	164
49	165
49	168
49	169
49	170
49	171
49	172
49	174
49	175
49	176
49	177
49	178
49	179
49	181
49	182
49	183
49	184
49	185
49	186
49	187
49	188
49	189
49	190
49	191
49	193
49	195
49	196
49	197
49	198
49	199
49	200
49	201
49	202
49	203
49	204
49	205
49	206
49	207
49	208
49	209
49	210
50	159
50	160
50	187
50	188
50	189
50	195
50	196
50	197
50	198
50	199
50	200
50	208
50	209
50	210
51	159
51	160
51	161
51	170
51	179
51	184
51	186
51	187
51	188
51	189
51	190
51	191
51	193
51	195
51	196
51	197
51	198
51	199
51	200
51	201
51	202
51	203
51	204
51	205
51	206
51	207
51	208
51	209
51	210
52	159
52	160
52	187
52	188
52	189
52	195
52	196
52	197
52	198
52	199
52	200
52	208
52	209
52	210
53	159
53	160
53	161
53	170
53	179
53	184
53	186
53	187
53	188
53	189
53	190
53	191
53	193
53	195
53	196
53	197
53	198
53	199
53	200
53	201
53	202
53	203
53	204
53	205
53	206
53	207
53	208
53	209
53	210
54	157
54	158
54	159
54	160
54	161
54	162
54	163
54	164
54	168
54	169
54	170
54	175
54	178
54	179
54	184
54	186
54	187
54	188
54	189
54	190
54	191
54	193
54	195
54	196
54	197
54	198
54	199
54	200
54	201
54	202
54	203
54	204
54	205
54	206
54	207
54	208
54	209
54	210
55	159
55	160
55	187
55	188
55	189
55	195
55	196
55	197
55	198
55	199
55	200
55	208
55	209
55	210
56	187
56	188
56	189
56	195
56	196
56	197
56	198
56	199
56	200
56	209
56	210
57	187
57	188
57	189
57	195
57	196
57	197
57	198
57	199
57	200
57	209
57	210
58	187
58	188
58	189
58	195
58	196
58	197
58	198
58	199
58	200
58	209
58	210
59	187
59	188
59	189
59	195
59	196
59	197
59	198
59	199
59	200
59	209
59	210
60	187
60	188
60	189
60	195
60	196
60	197
60	198
60	199
60	200
60	209
60	210
61	187
61	188
61	189
61	195
61	196
61	197
61	198
61	199
61	200
61	209
61	210
62	189
62	197
63	159
63	187
63	188
63	189
63	195
63	196
63	197
63	198
63	199
63	200
63	209
63	210
64	159
64	160
64	187
64	188
64	189
64	195
64	196
64	197
64	198
64	199
64	200
64	208
64	209
64	210
65	159
65	160
65	187
65	188
65	189
65	195
65	196
65	197
65	198
65	199
65	200
65	208
65	209
65	210
66	189
66	197
67	187
67	188
67	189
67	195
67	196
67	197
67	198
67	199
67	200
67	209
67	210
68	187
68	188
68	189
68	195
68	196
68	197
68	198
68	199
68	200
68	209
68	210
69	187
69	188
69	189
69	195
69	196
69	197
69	198
69	199
69	200
69	209
69	210
70	187
70	188
70	189
70	195
70	196
70	197
70	198
70	199
70	200
70	209
70	210
71	189
71	197
72	187
72	188
72	189
72	195
72	196
72	197
72	198
72	199
72	200
72	209
72	210
73	187
73	188
73	189
73	195
73	196
73	197
73	198
73	199
73	200
73	209
73	210
74	187
74	188
74	189
74	195
74	196
74	197
74	198
74	199
74	200
74	209
74	210
75	189
75	197
76	187
76	188
76	189
76	195
76	196
76	197
76	198
76	199
76	200
76	209
76	210
77	189
77	197
78	187
78	188
78	189
78	195
78	196
78	197
78	198
78	199
78	200
78	209
78	210
79	189
79	197
80	189
80	197
81	159
81	160
81	187
81	188
81	189
81	195
81	196
81	197
81	198
81	199
81	200
81	208
81	209
81	210
82	189
82	197
83	189
83	197
85	159
85	160
85	187
85	188
85	189
85	195
85	196
85	197
85	198
85	199
85	200
85	208
85	209
85	210
86	189
86	197
87	189
87	197
88	189
88	197
89	189
89	197
90	189
90	197
91	189
91	197
92	189
92	197
93	159
93	160
93	187
93	188
93	189
93	195
93	196
93	197
93	198
93	199
93	200
93	208
93	209
93	210
95	189
95	197
96	189
96	197
97	189
97	197
98	189
98	197
99	189
99	197
100	189
100	197
109	189
109	197
113	189
113	197
114	189
114	197
116	189
116	197
118	159
118	187
118	188
118	189
118	195
118	196
118	197
118	198
118	199
118	200
118	209
118	210
119	189
119	197
120	189
120	197
121	189
121	197
122	189
122	197
123	189
123	197
126	159
126	187
126	188
126	189
126	195
126	196
126	197
126	198
126	199
126	200
126	209
126	210
127	189
127	197
128	159
128	187
128	188
128	189
128	195
128	196
128	197
128	198
128	199
128	200
128	209
128	210
132	189
132	197
133	189
133	197
134	189
134	197
137	189
137	197