133	4325
1	32
1	48
1	54
1	55
1	69
1	70
1	71
1	94
1	95
1	96
1	97
1	98
1	99
1	100
1	105
1	106
1	107
1	108
1	109
1	110
1	111
1	112
1	113
1	114
1	115
1	116
1	117
1	118
1	119
1	120
1	121
1	122
1	123
1	124
1	125
1	126
1	127
1	128
1	129
1	130
1	131
1	132
1	133
2	32
2	48
2	54
2	55
2	69
2	70
2	94
2	95
2	96
2	97
2	98
2	99
2	100
2	105
2	106
2	107
2	108
2	109
2	110
2	111
2	112
2	113
2	114
2	115
2	116
2	117
2	118
2	119
2	120
2	121
2	122
2	123
2	124
2	125
2	126
2	127
2	128
2	129
2	130
2	131
2	132
2	133
3	32
3	48
3	54
3	55
3	69
3	70
3	94
3	95
3	96
3	97
3	98
3	99
3	100
3	105
3	106
3	107
3	108
3	109
3	110
3	111
3	112
3	113
3	114
3	115
3	116
3	117
3	118
3	119
3	120
3	121
3	122
3	123
3	124
3	125
3	126
3	127
3	128
3	129
3	130
3	131
3	132
3	133
4	32
4	48
4	54
4	55
4	69
4	70
4	94
4	95
4	96
4	97
4	98
4	99
4	100
4	105
4	106
4	107
4	108
4	109
4	110
4	111
4	112
4	113
4	114
4	115
4	116
4	117
4	118
4	119
4	120
4	121
4	122
4	123
4	124
4	125
4	126
4	127
4	128
4	129
4	130
4	131
4	132
4	133
5	32
5	48
5	54
5	55
5	69
5	70
5	94
5	95
5	96
5	97
5	98
5	99
5	100
5	105
5	106
5	107
5	108
5	109
5	110
5	111
5	112
5	113
5	114
5	115
5	116
5	117
5	118
5	119
5	120
5	121
5	122
5	123
5	124
5	125
5	126
5	127
5	128
5	129
5	130
5	131
5	132
5	133
6	32
6	48
6	54
6	55
6	69
6	70
6	94
6	95
6	96
6	97
6	98
6	99
6	100
6	105
6	106
6	107
6	108
6	109
6	110
6	111
6	112
6	113
6	114
6	115
6	116
6	117
6	118
6	119
6	120
6	121
6	122
6	123
6	124
6	125
6	126
6	127
6	128
6	129
6	130
6	131
6	132
6	133
7	32
7	48
7	54
7	55
7	69
7	70
7	94
7	95
7	96
7	97
7	98
7	99
7	100
7	105
7	106
7	107
7	108
7	109
7	110
7	111
7	112
7	113
7	114
7	115
7	116
7	117
7	118
7	119
7	120
7	121
7	122
7	123
7	124
7	125
7	126
7	127
7	128
7	129
7	130
7	131
7	132
7	133
8	32
8	48
8	54
8	55
8	69
8	70
8	94
8	95
8	96
8	97
8	98
8	99
8	100
8	105
8	106
8	107
8	108
8	109
8	110
8	111
8	112
8	113
8	114
8	115
8	116
8	117
8	118
8	119
8	120
8	121
8	122
8	123
8	124
8	125
8	126
8	127
8	128
8	129
8	130
8	131
8	132
8	133
9	32
9	48
9	54
9	55
9	69
9	70
9	94
9	95
9	96
9	97
9	98
9	99
9	100
9	105
9	106
9	107
9	108
9	109
9	110
9	111
9	112
9	113
9	114
9	115
9	116
9	117
9	118
9	119
9	120
9	121
9	122
9	123
9	124
9	125
9	126
9	127
9	128
9	129
9	130
9	131
9	132
9	133
10	32
10	48
10	54
10	55
10	69
10	70
10	94
10	95
10	96
10	97
10	98
10	99
10	100
10	105
10	106
10	107
10	108
10	109
10	110
10	111
10	112
10	113
10	114
10	115
10	116
10	117
10	118
10	119
10	120
10	121
10	122
10	123
10	124
10	125
10	126
10	127
10	128
10	129
10	130
10	131
10	132
10	133
11	32
11	48
11	54
11	55
11	69
11	70
11	94
11	95
11	96
11	97
11	98
11	99
11	100
11	105
11	106
11	107
11	108
11	109
11	110
11	111
11	112
11	113
11	114
11	115
11	116
11	117
11	118
11	119
11	120
11	121
11	122
11	123
11	124
11	125
11	126
11	127
11	128
11	129
11	130
11	131
11	132
11	133
12	32
12	48
12	54
12	55
12	66
12	69
12	70
12	71
12	72
12	73
12	75
12	76
12	78
12	79
12	80
12	81
12	84
12	86
12	88
12	89
12	90
12	91
12	92
12	93
12	94
12	95
12	96
12	97
12	98
12	99
12	100
12	105
12	106
12	107
12	108
12	109
12	110
12	111
12	112
12	113
12	114
12	115
12	116
12	117
12	118
12	119
12	120
12	121
12	122
12	123
12	124
12	125
12	126
12	127
12	128
12	129
12	130
12	131
12	132
12	133
13	32
13	48
13	54
13	55
13	69
13	70
13	71
13	94
13	95
13	96
13	97
13	98
13	99
13	100
13	105
13	106
13	107
13	108
13	109
13	110
13	111
13	112
13	113
13	114
13	115
13	116
13	117
13	118
13	119
13	120
13	121
13	122
13	123
13	124
13	125
13	126
13	127
13	128
13	129
13	130
13	131
13	132
13	133
14	32
14	48
14	54
14	55
14	69
14	70
14	71
14	94
14	95
14	96
14	97
14	98
14	99
14	100
14	105
14	106
14	107
14	108
14	109
14	110
14	111
14	112
14	113
14	114
14	115
14	116
14	117
14	118
14	119
14	120
14	121
14	122
14	123
14	124
14	125
14	126
14	127
14	128
14	129
14	130
14	131
14	132
14	133
15	32
15	48
15	54
15	55
15	66
15	69
15	70
15	71
15	72
15	73
15	75
15	76
15	78
15	79
15	80
15	81
15	84
15	86
15	88
15	89
15	90
15	91
15	92
15	93
15	94
15	95
15	96
15	97
15	98
15	99
15	100
15	105
15	106
15	107
15	108
15	109
15	110
15	111
15	112
15	113
15	114
15	115
15	116
15	117
15	118
15	119
15	120
15	121
15	122
15	123
15	124
15	125
15	126
15	127
15	128
15	129
15	130
15	131
15	132
15	133
16	32
16	48
16	54
16	55
16	66
16	69
16	70
16	71
16	72
16	73
16	75
16	76
16	78
16	79
16	80
16	81
16	84
16	86
16	88
16	89
16	90
16	91
16	92
16	93
16	94
16	95
16	96
16	97
16	98
16	99
16	100
16	105
16	106
16	107
16	108
16	109
16	110
16	111
16	112
16	113
16	114
16	115
16	116
16	117
16	118
16	119
16	120
16	121
16	122
16	123
16	124
16	125
16	126
16	127
16	128
16	129
16	130
16	131
16	132
16	133
17	32
17	48
17	54
17	55
17	69
17	70
17	94
17	95
17	96
17	97
17	98
17	99
17	100
17	105
17	106
17	107
17	108
17	109
17	110
17	111
17	112
17	113
17	114
17	115
17	116
17	117
17	118
17	119
17	120
17	121
17	122
17	123
17	124
17	125
17	126
17	127
17	128
17	129
17	130
17	131
17	132
17	133
18	32
18	48
18	54
18	55
18	69
18	70
18	94
18	95
18	96
18	97
18	98
18	99
18	100
18	105
18	106
18	107
18	108
18	109
18	110
18	111
18	112
18	113
18	114
18	115
18	116
18	117
18	118
18	119
18	120
18	121
18	122
18	123
18	124
18	125
18	126
18	127
18	128
18	129
18	130
18	131
18	132
18	133
19	32
19	48
19	54
19	55
19	69
19	70
19	94
19	95
19	96
19	97
19	98
19	99
19	100
19	105
19	106
19	107
19	108
19	109
19	110
19	111
19	112
19	113
19	114
19	115
19	116
19	117
19	118
19	119
19	120
19	121
19	122
19	123
19	124
19	125
19	126
19	127
19	128
19	129
19	130
19	131
19	132
19	133
20	32
20	48
20	54
20	55
20	69
20	70
20	94
20	95
20	96
20	97
20	98
20	99
20	100
20	105
20	106
20	107
20	108
20	109
20	110
20	111
20	112
20	113
20	114
20	115
20	116
20	117
20	118
20	119
20	120
20	121
20	122
20	123
20	124
20	125
20	126
20	127
20	128
20	129
20	130
20	131
20	132
20	133
21	32
21	48
21	54
21	55
21	69
21	70
21	94
21	95
21	96
21	97
21	98
21	99
21	100
21	105
21	106
21	107
21	108
21	109
21	110
21	111
21	112
21	113
21	114
21	115
21	116
21	117
21	118
21	119
21	120
21	121
21	122
21	123
21	124
21	125
21	126
21	127
21	128
21	129
21	130
21	131
21	132
21	133
22	32
22	48
22	54
22	55
22	69
22	70
22	94
22	95
22	96
22	97
22	98
22	99
22	100
22	105
22	106
22	107
22	108
22	109
22	110
22	111
22	112
22	113
22	114
22	115
22	116
22	117
22	118
22	119
22	120
22	121
22	122
22	123
22	124
22	125
22	126
22	127
22	128
22	129
22	130
22	131
22	132
22	133
23	32
23	48
23	54
23	55
23	69
23	70
23	94
23	95
23	96
23	97
23	98
23	99
23	100
23	105
23	106
23	107
23	108
23	109
23	110
23	111
23	112
23	113
23	114
23	115
23	116
23	117
23	118
23	119
23	120
23	121
23	122
23	123
23	124
23	125
23	126
23	127
23	128
23	129
23	130
23	131
23	132
23	133
24	32
24	48
24	54
24	55
24	69
24	70
24	94
24	95
24	96
24	97
24	98
24	99
24	100
24	105
24	106
24	107
24	108
24	109
24	110
24	111
24	112
24	113
24	114
24	115
24	116
24	117
24	118
24	119
24	120
24	121
24	122
24	123
24	124
24	125
24	126
24	127
24	128
24	129
24	130
24	131
24	132
24	133
25	32
25	48
25	54
25	55
25	69
25	70
25	94
25	95
25	96
25	97
25	98
25	99
25	100
25	105
25	106
25	107
25	108
25	109
25	110
25	111
25	112
25	113
25	114
25	115
25	116
25	117
25	118
25	119
25	120
25	121
25	122
25	123
25	124
25	125
25	126
25	127
25	128
25	129
25	130
25	131
25	132
25	133
26	32
26	48
26	54
26	55
26	69
26	70
26	94
26	95
26	96
26	97
26	98
26	99
26	100
26	105
26	106
26	107
26	108
26	109
26	110
26	111
26	112
26	113
26	114
26	115
26	116
26	117
26	118
26	119
26	120
26	121
26	122
26	123
26	124
26	125
26	126
26	127
26	128
26	129
26	130
26	131
26	132
26	133
27	32
27	48
27	54
27	55
27	69
27	70
27	94
27	95
27	96
27	97
27	98
27	99
27	100
27	105
27	106
27	107
27	108
27	109
27	110
27	111
27	112
27	113
27	114
27	115
27	116
27	117
27	118
27	119
27	120
27	121
27	122
27	123
27	124
27	125
27	126
27	127
27	128
27	129
27	130
27	131
27	132
27	133
28	32
28	48
28	54
28	55
28	69
28	70
28	94
28	95
28	96
28	97
28	98
28	99
28	100
28	105
28	106
28	107
28	108
28	109
28	110
28	111
28	112
28	113
28	114
28	115
28	116
28	117
28	118
28	119
28	120
28	121
28	122
28	123
28	124
28	125
28	126
28	127
28	128
28	129
28	130
28	131
28	132
28	133
29	32
29	48
29	54
29	55
29	69
29	70
29	94
29	95
29	96
29	97
29	98
29	99
29	100
29	105
29	106
29	107
29	108
29	109
29	110
29	111
29	112
29	113
29	114
29	115
29	116
29	117
29	118
29	119
29	120
29	121
29	122
29	123
29	124
29	125
29	126
29	127
29	128
29	129
29	130
29	131
29	132
29	133
30	32
30	48
30	54
30	55
30	69
30	70
30	94
30	95
30	96
30	97
30	98
30	99
30	100
30	105
30	106
30	107
30	108
30	109
30	110
30	111
30	112
30	113
30	114
30	115
30	116
30	117
30	118
30	119
30	120
30	121
30	122
30	123
30	124
30	125
30	126
30	127
30	128
30	129
30	130
30	131
30	132
30	133
31	32
31	48
31	54
31	55
31	69
31	70
31	94
31	95
31	96
31	97
31	98
31	99
31	100
31	105
31	106
31	107
31	108
31	109
31	110
31	111
31	112
31	113
31	114
31	115
31	116
31	117
31	118
31	119
31	120
31	121
31	122
31	123
31	124
31	125
31	126
31	127
31	128
31	129
31	130
31	131
31	132
31	133
32	33
32	34
32	35
32	36
32	37
32	38
32	39
32	40
32	41
32	42
32	43
32	44
32	45
32	46
32	47
32	48
32	49
32	50
32	51
32	52
32	53
32	54
32	55
32	56
32	57
32	58
32	59
32	60
32	61
32	62
32	63
32	64
32	65
32	66
32	67
32	68
32	69
32	70
32	71
32	72
32	73
32	74
32	75
32	76
32	77
32	78
32	79
32	80
32	81
32	82
32	83
32	84
32	85
32	86
32	87
32	88
32	89
32	90
32	91
32	92
32	93
32	94
32	95
32	96
32	97
32	98
32	99
32	100
32	101
32	102
32	103
32	104
32	105
32	106
32	107
32	108
32	109
32	110
32	111
32	112
32	113
32	114
32	115
32	116
32	117
32	118
32	119
32	120
32	121
32	122
32	123
32	124
32	125
32	126
32	127
32	128
32	129
32	130
32	131
32	132
32	133
33	48
33	54
33	55
33	69
33	70
33	94
33	95
33	96
33	97
33	98
33	99
33	100
33	105
33	106
33	107
33	108
33	109
33	110
33	111
33	112
33	113
33	114
33	115
33	116
33	117
33	118
33	119
33	120
33	121
33	122
33	123
33	124
33	125
33	126
33	127
33	128
33	129
33	130
33	131
33	132
33	133
34	48
34	54
34	55
34	69
34	70
34	94
34	95
34	96
34	97
34	98
34	99
34	100
34	105
34	106
34	107
34	108
34	109
34	110
34	111
34	112
34	113
34	114
34	115
34	116
34	117
34	118
34	119
34	120
34	121
34	122
34	123
34	124
34	125
34	126
34	127
34	128
34	129
34	130
34	131
34	132
34	133
35	48
35	54
35	55
35	69
35	70
35	94
35	95
35	96
35	97
35	98
35	99
35	100
35	105
35	106
35	107
35	108
35	109
35	110
35	111
35	112
35	113
35	114
35	115
35	116
35	117
35	118
35	119
35	120
35	121
35	122
35	123
35	124
35	125
35	126
35	127
35	128
35	129
35	130
35	131
35	132
35	133
36	48
36	54
36	55
36	69
36	70
36	94
36	95
36	96
36	97
36	98
36	99
36	100
36	105
36	106
36	107
36	108
36	109
36	110
36	111
36	112
36	113
36	114
36	115
36	116
36	117
36	118
36	119
36	120
36	121
36	122
36	123
36	124
36	125
36	126
36	127
36	128
36	129
36	130
36	131
36	132
36	133
37	48
37	54
37	55
37	69
37	70
37	94
37	95
37	96
37	97
37	98
37	99
37	100
37	105
37	106
37	107
37	108
37	109
37	110
37	111
37	112
37	113
37	114
37	115
37	116
37	117
37	118
37	119
37	120
37	121
37	122
37	123
37	124
37	125
37	126
37	127
37	128
37	129
37	130
37	131
37	132
37	133
38	48
38	54
38	55
38	69
38	70
38	94
38	95
38	96
38	97
38	98
38	99
38	100
38	105
38	106
38	107
38	108
38	109
38	110
38	111
38	112
38	113
38	114
38	115
38	116
38	117
38	118
38	119
38	120
38	121
38	122
38	123
38	124
38	125
38	126
38	127
38	128
38	129
38	130
38	131
38	132
38	133
39	48
39	54
39	55
39	69
39	70
39	94
39	95
39	96
39	97
39	98
39	99
39	100
39	105
39	106
39	107
39	108
39	109
39	110
39	111
39	112
39	113
39	114
39	115
39	116
39	117
39	118
39	119
39	120
39	121
39	122
39	123
39	124
39	125
39	126
39	127
39	128
39	129
39	130
39	131
39	132
39	133
40	48
40	54
40	55
40	69
40	70
40	94
40	95
40	96
40	97
40	98
40	99
40	100
40	105
40	106
40	107
40	108
40	109
40	110
40	111
40	112
40	113
40	114
40	115
40	116
40	117
40	118
40	119
40	120
40	121
40	122
40	123
40	124
40	125
40	126
40	127
40	128
40	129
40	130
40	131
40	132
40	133
41	48
41	54
41	55
41	69
41	70
41	94
41	95
41	96
41	97
41	98
41	99
41	100
41	105
41	106
41	107
41	108
41	109
41	110
41	111
41	112
41	113
41	114
41	115
41	116
41	117
41	118
41	119
41	120
41	121
41	122
41	123
41	124
41	125
41	126
41	127
41	128
41	129
41	130
41	131
41	132
41	133
42	48
42	54
42	55
42	69
42	70
42	94
42	95
42	96
42	97
42	98
42	99
42	100
42	105
42	106
42	107
42	108
42	109
42	110
42	111
42	112
42	113
42	114
42	115
42	116
42	117
42	118
42	119
42	120
42	121
42	122
42	123
42	124
42	125
42	126
42	127
42	128
42	129
42	130
42	131
42	132
42	133
43	48
43	54
43	55
43	69
43	70
43	94
43	95
43	96
43	97
43	98
43	99
43	100
43	105
43	106
43	107
43	108
43	109
43	110
43	111
43	112
43	113
43	114
43	115
43	116
43	117
43	118
43	119
43	120
43	121
43	122
43	123
43	124
43	125
43	126
43	127
43	128
43	129
43	130
43	131
43	132
43	133
44	48
44	54
44	55
44	69
44	70
44	94
44	95
44	96
44	97
44	98
44	99
44	100
44	105
44	106
44	107
44	108
44	109
44	110
44	111
44	112
44	113
44	114
44	115
44	116
44	117
44	118
44	119
44	120
44	121
44	122
44	123
44	124
44	125
44	126
44	127
44	128
44	129
44	130
44	131
44	132
44	133
45	48
45	54
45	55
45	69
45	70
45	94
45	95
45	96
45	97
45	98
45	99
45	100
45	105
45	106
45	107
45	108
45	109
45	110
45	111
45	112
45	113
45	114
45	115
45	116
45	117
45	118
45	119
45	120
45	121
45	122
45	123
45	124
45	125
45	126
45	127
45	128
45	129
45	130
45	131
45	132
45	133
46	48
46	54
46	55
46	69
46	70
46	94
46	95
46	96
46	97
46	98
46	99
46	100
46	105
46	106
46	107
46	108
46	109
46	110
46	111
46	112
46	113
46	114
46	115
46	116
46	117
46	118
46	119
46	120
46	121
46	122
46	123
46	124
46	125
46	126
46	127
46	128
46	129
46	130
46	131
46	132
46	133
47	48
47	54
47	55
47	69
47	70
47	94
47	95
47	96
47	97
47	98
47	99
47	100
47	105
47	106
47	107
47	108
47	109
47	110
47	111
47	112
47	113
47	114
47	115
47	116
47	117
47	118
47	119
47	120
47	121
47	122
47	123
47	124
47	125
47	126
47	127
47	128
47	129
47	130
47	131
47	132
47	133
48	49
48	50
48	51
48	52
48	53
48	54
48	55
48	56
48	57
48	58
48	59
48	60
48	61
48	62
48	63
48	64
48	65
48	66
48	67
48	68
48	69
48	70
48	71
48	72
48	73
48	74
48	75
48	76
48	77
48	78
48	79
48	80
48	81
48	82
48	83
48	84
48	85
48	86
48	87
48	88
48	89
48	90
48	91
48	92
48	93
48	94
48	95
48	96
48	97
48	98
48	99
48	100
48	101
48	102
48	103
48	104
48	105
48	106
48	107
48	108
48	109
48	110
48	111
48	112
48	113
48	114
48	115
48	116
48	117
48	118
48	119
48	120
48	121
48	122
48	123
48	124
48	125
48	126
48	127
48	128
48	129
48	130
48	131
48	132
48	133
49	54
49	55
49	69
49	70
49	94
49	95
49	96
49	97
49	98
49	99
49	100
49	105
49	106
49	107
49	108
49	109
49	110
49	111
49	112
49	113
49	114
49	115
49	116
49	117
49	118
49	119
49	120
49	121
49	122
49	123
49	124
49	125
49	126
49	127
49	128
49	129
49	130
49	131
49	132
49	133
50	54
50	55
50	69
50	70
50	94
50	95
50	96
50	97
50	98
50	99
50	100
50	105
50	106
50	107
50	108
50	109
50	110
50	111
50	112
50	113
50	114
50	115
50	116
50	117
50	118
50	119
50	120
50	121
50	122
50	123
50	124
50	125
50	126
50	127
50	128
50	129
50	130
50	131
50	132
50	133
51	54
51	55
51	69
51	70
51	94
51	95
51	96
51	97
51	98
51	99
51	100
51	105
51	106
51	107
51	108
51	109
51	110
51	111
51	112
51	113
51	114
51	115
51	116
51	117
51	118
51	119
51	120
51	121
51	122
51	123
51	124
51	125
51	126
51	127
51	128
51	129
51	130
51	131
51	132
51	133
52	54
52	55
52	69
52	70
52	94
52	95
52	96
52	97
52	98
52	99
52	100
52	105
52	106
52	107
52	108
52	109
52	110
52	111
52	112
52	113
52	114
52	115
52	116
52	117
52	118
52	119
52	120
52	121
52	122
52	123
52	124
52	125
52	126
52	127
52	128
52	129
52	130
52	131
52	132
52	133
53	54
53	55
53	69
53	70
53	94
53	95
53	96
53	97
53	98
53	99
53	100
53	105
53	106
53	107
53	108
53	109
53	110
53	111
53	112
53	113
53	114
53	115
53	116
53	117
53	118
53	119
53	120
53	121
53	122
53	123
53	124
53	125
53	126
53	127
53	128
53	129
53	130
53	131
53	132
53	133
54	56
54	57
54	58
54	59
54	60
54	61
54	62
54	63
54	64
54	65
54	66
54	67
54	68
54	69
54	70
54	71
54	72
54	73
54	74
54	75
54	76
54	77
54	78
54	79
54	80
54	81
54	82
54	83
54	84
54	85
54	86
54	87
54	88
54	89
54	90
54	91
54	92
54	93
54	94
54	95
54	96
54	97
54	98
54	99
54	100
54	101
54	102
54	103
54	104
54	105
54	106
54	107
54	108
54	109
54	110
54	111
54	112
54	113
54	114
54	115
54	116
54	117
54	118
54	119
54	120
54	121
54	122
54	123
54	124
54	125
54	126
54	127
54	128
54	129
54	130
54	131
54	132
54	133
55	56
55	57
55	58
55	59
55	60
55	61
55	62
55	63
55	64
55	65
55	66
55	67
55	68
55	69
55	70
55	71
55	72
55	73
55	74
55	75
55	76
55	77
55	78
55	79
55	80
55	81
55	82
55	83
55	84
55	85
55	86
55	87
55	88
55	89
55	90
55	91
55	92
55	93
55	94
55	95
55	96
55	97
55	98
55	99
55	100
55	101
55	102
55	103
55	104
55	105
55	106
55	107
55	108
55	109
55	110
55	111
55	112
55	113
55	114
55	115
55	116
55	117
55	118
55	119
55	120
55	121
55	122
55	123
55	124
55	125
55	126
55	127
55	128
55	129
55	130
55	131
55	132
55	133
56	69
56	70
56	94
56	95
56	96
56	97
56	98
56	99
56	100
56	105
56	106
56	107
56	108
56	109
56	110
56	111
56	112
56	113
56	114
56	115
56	116
56	117
56	118
56	119
56	120
56	121
56	122
56	123
56	124
56	125
56	126
56	127
56	128
56	129
56	130
56	131
56	132
56	133
57	69
57	70
57	94
57	95
57	96
57	97
57	98
57	99
57	100
57	105
57	106
57	107
57	108
57	109
57	110
57	111
57	112
57	113
57	114
57	115
57	116
57	117
57	118
57	119
57	120
57	121
57	122
57	123
57	124
57	125
57	126
57	127
57	128
57	129
57	130
57	131
57	132
57	133
58	69
58	70
58	94
58	95
58	96
58	97
58	98
58	99
58	100
58	105
58	106
58	107
58	108
58	109
58	110
58	111
58	112
58	113
58	114
58	115
58	116
58	117
58	118
58	119
58	120
58	121
58	122
58	123
58	124
58	125
58	126
58	127
58	128
58	129
58	130
58	131
58	132
58	133
59	69
59	70
59	94
59	95
59	96
59	97
59	98
59	99
59	100
59	105
59	106
59	107
59	108
59	109
59	110
59	111
59	112
59	113
59	114
59	115
59	116
59	117
59	118
59	119
59	120
59	121
59	122
59	123
59	124
59	125
59	126
59	127
59	128
59	129
59	130
59	131
59	132
59	133
60	69
60	70
60	94
60	95
60	96
60	97
60	98
60	99
60	100
60	105
60	106
60	107
60	108
60	109
60	110
60	111
60	112
60	113
60	114
60	115
60	116
60	117
60	118
60	119
60	120
60	121
60	122
60	123
60	124
60	125
60	126
60	127
60	128
60	129
60	130
60	131
60	132
60	133
61	69
61	70
61	94
61	95
61	96
61	97
61	98
61	99
61	100
61	105
61	106
61	107
61	108
61	109
61	110
61	111
61	112
61	113
61	114
61	115
61	116
61	117
61	118
61	119
61	120
61	121
61	122
61	123
61	124
61	125
61	126
61	127
61	128
61	129
61	130
61	131
61	132
61	133
62	69
62	70
62	94
62	95
62	96
62	97
62	98
62	99
62	100
62	105
62	106
62	107
62	108
62	109
62	110
62	111
62	112
62	113
62	114
62	115
62	116
62	117
62	118
62	119
62	120
62	121
62	122
62	123
62	124
62	125
62	126
62	127
62	128
62	129
62	130
62	131
62	132
62	133
63	69
63	70
63	94
63	95
63	96
63	97
63	98
63	99
63	100
63	105
63	106
63	107
63	108
63	109
63	110
63	111
63	112
63	113
63	114
63	115
63	116
63	117
63	118
63	119
63	120
63	121
63	122
63	123
63	124
63	125
63	126
63	127
63	128
63	129
63	130
63	131
63	132
63	133
64	69
64	70
64	94
64	95
64	96
64	97
64	98
64	99
64	100
64	105
64	106
64	107
64	108
64	109
64	110
64	111
64	112
64	113
64	114
64	115
64	116
64	117
64	118
64	119
64	120
64	121
64	122
64	123
64	124
64	125
64	126
64	127
64	128
64	129
64	130
64	131
64	132
64	133
65	69
65	70
65	94
65	95
65	96
65	97
65	98
65	99
65	100
65	105
65	106
65	107
65	108
65	109
65	110
65	111
65	112
65	113
65	114
65	115
65	116
65	117
65	118
65	119
65	120
65	121
65	122
65	123
65	124
65	125
65	126
65	127
65	128
65	129
65	130
65	131
65	132
65	133
66	69
66	70
66	94
66	95
66	96
66	97
66	98
66	99
66	100
66	105
66	106
66	107
66	108
66	109
66	110
66	111
66	112
66	113
66	114
66	115
66	116
66	117
66	118
66	119
66	120
66	121
66	122
66	123
66	124
66	125
66	126
66	127
66	128
66	129
66	130
66	131
66	132
66	133
67	69
67	70
67	94
67	95
67	96
67	97
67	98
67	99
67	100
67	105
67	106
67	107
67	108
67	109
67	110
67	111
67	112
67	113
67	114
67	115
67	116
67	117
67	118
67	119
67	120
67	121
67	122
67	123
67	124
67	125
67	126
67	127
67	128
67	129
67	130
67	131
67	132
67	133
68	69
68	70
68	94
68	95
68	96
68	97
68	98
68	99
68	100
68	105
68	106
68	107
68	108
68	109
68	110
68	111
68	112
68	113
68	114
68	115
68	116
68	117
68	118
68	119
68	120
68	121
68	122
68	123
68	124
68	125
68	126
68	127
68	128
68	129
68	130
68	131
68	132
68	133
69	71
69	72
69	73
69	74
69	75
69	76
69	77
69	78
69	79
69	80
69	81
69	82
69	83
69	84
69	85
69	86
69	87
69	88
69	89
69	90
69	91
69	92
69	93
69	94
69	95
69	96
69	97
69	98
69	99
69	100
69	101
69	102
69	103
69	104
69	105
69	106
69	107
69	108
69	109
69	110
69	111
69	112
69	113
69	114
69	115
69	116
69	117
69	118
69	119
69	120
69	121
69	122
69	123
69	124
69	125
69	126
69	127
69	128
69	129
69	130
69	131
69	132
69	133
70	71
70	72
70	73
70	74
70	75
70	76
70	77
70	78
70	79
70	80
70	81
70	82
70	83
70	84
70	85
70	86
70	87
70	88
70	89
70	90
70	91
70	92
70	93
70	94
70	95
70	96
70	97
70	98
70	99
70	100
70	101
70	102
70	103
70	104
70	105
70	106
70	107
70	108
70	109
70	110
70	111
70	112
70	113
70	114
70	115
70	116
70	117
70	118
70	119
70	120
70	121
70	122
70	123
70	124
70	125
70	126
70	127
70	128
70	129
70	130
70	131
70	132
70	133
71	94
71	95
71	96
71	97
71	98
71	99
71	100
71	105
71	106
71	107
71	108
71	109
71	110
71	111
71	112
71	113
71	114
71	115
71	116
71	117
71	118
71	119
71	120
71	121
71	122
71	123
71	124
71	125
71	126
71	127
71	128
71	129
71	130
71	131
71	132
71	133
72	94
72	95
72	96
72	97
72	98
72	99
72	100
72	105
72	106
72	107
72	108
72	109
72	110
72	111
72	112
72	113
72	114
72	115
72	116
72	117
72	118
72	119
72	120
72	121
72	122
72	123
72	124
72	125
72	126
72	127
72	128
72	129
72	130
72	131
72	132
72	133
73	94
73	95
73	96
73	97
73	98
73	99
73	100
73	105
73	106
73	107
73	108
73	109
73	110
73	111
73	112
73	113
73	114
73	115
73	116
73	117
73	118
73	119
73	120
73	121
73	122
73	123
73	124
73	125
73	126
73	127
73	128
73	129
73	130
73	131
73	132
73	133
74	94
74	95
74	96
74	97
74	98
74	99
74	100
74	105
74	106
74	107
74	108
74	109
74	110
74	111
74	112
74	113
74	114
74	115
74	116
74	117
74	118
74	119
74	120
74	121
74	122
74	123
74	124
74	125
74	126
74	127
74	128
74	129
74	130
74	131
74	132
74	133
75	94
75	95
75	96
75	97
75	98
75	99
75	100
75	105
75	106
75	107
75	108
75	109
75	110
75	111
75	112
75	113
75	114
75	115
75	116
75	117
75	118
75	119
75	120
75	121
75	122
75	123
75	124
75	125
75	126
75	127
75	128
75	129
75	130
75	131
75	132
75	133
76	94
76	95
76	96
76	97
76	98
76	99
76	100
76	105
76	106
76	107
76	108
76	109
76	110
76	111
76	112
76	113
76	114
76	115
76	116
76	117
76	118
76	119
76	120
76	121
76	122
76	123
76	124
76	125
76	126
76	127
76	128
76	129
76	130
76	131
76	132
76	133
77	94
77	95
77	96
77	97
77	98
77	99
77	100
77	105
77	106
77	107
77	108
77	109
77	110
77	111
77	112
77	113
77	114
77	115
77	116
77	117
77	118
77	119
77	120
77	121
77	122
77	123
77	124
77	125
77	126
77	127
77	128
77	129
77	130
77	131
77	132
77	133
78	94
78	95
78	96
78	97
78	98
78	99
78	100
78	105
78	106
78	107
78	108
78	109
78	110
78	111
78	112
78	113
78	114
78	115
78	116
78	117
78	118
78	119
78	120
78	121
78	122
78	123
78	124
78	125
78	126
78	127
78	128
78	129
78	130
78	131
78	132
78	133
79	94
79	95
79	96
79	97
79	98
79	99
79	100
79	105
79	106
79	107
79	108
79	109
79	110
79	111
79	112
79	113
79	114
79	115
79	116
79	117
79	118
79	119
79	120
79	121
79	122
79	123
79	124
79	125
79	126
79	127
79	128
79	129
79	130
79	131
79	132
79	133
80	94
80	95
80	96
80	97
80	98
80	99
80	100
80	105
80	106
80	107
80	108
80	109
80	110
80	111
80	112
80	113
80	114
80	115
80	116
80	117
80	118
80	119
80	120
80	121
80	122
80	123
80	124
80	125
80	126
80	127
80	128
80	129
80	130
80	131
80	132
80	133
81	94
81	95
81	96
81	97
81	98
81	99
81	100
81	105
81	106
81	107
81	108
81	109
81	110
81	111
81	112
81	113
81	114
81	115
81	116
81	117
81	118
81	119
81	120
81	121
81	122
81	123
81	124
81	125
81	126
81	127
81	128
81	129
81	130
81	131
81	132
81	133
82	94
82	95
82	96
82	97
82	98
82	99
82	100
82	105
82	106
82	107
82	108
82	109
82	110
82	111
82	112
82	113
82	114
82	115
82	116
82	117
82	118
82	119
82	120
82	121
82	122
82	123
82	124
82	125
82	126
82	127
82	128
82	129
82	130
82	131
82	132
82	133
83	94
83	95
83	96
83	97
83	98
83	99
83	100
83	105
83	106
83	107
83	108
83	109
83	110
83	111
83	112
83	113
83	114
83	115
83	116
83	117
83	118
83	119
83	120
83	121
83	122
83	123
83	124
83	125
83	126
83	127
83	128
83	129
83	130
83	131
83	132
83	133
84	94
84	95
84	96
84	97
84	98
84	99
84	100
84	105
84	106
84	107
84	108
84	109
84	110
84	111
84	112
84	113
84	114
84	115
84	116
84	117
84	118
84	119
84	120
84	121
84	122
84	123
84	124
84	125
84	126
84	127
84	128
84	129
84	130
84	131
84	132
84	133
85	94
85	95
85	96
85	97
85	98
85	99
85	100
85	105
85	106
85	107
85	108
85	109
85	110
85	111
85	112
85	113
85	114
85	115
85	116
85	117
85	118
85	119
85	120
85	121
85	122
85	123
85	124
85	125
85	126
85	127
85	128
85	129
85	130
85	131
85	132
85	133
86	94
86	95
86	96
86	97
86	98
86	99
86	100
86	105
86	106
86	107
86	108
86	109
86	110
86	111
86	112
86	113
86	114
86	115
86	116
86	117
86	118
86	119
86	120
86	121
86	122
86	123
86	124
86	125
86	126
86	127
86	128
86	129
86	130
86	131
86	132
86	133
87	94
87	95
87	96
87	97
87	98
87	99
87	100
87	105
87	106
87	107
87	108
87	109
87	110
87	111
87	112
87	113
87	114
87	115
87	116
87	117
87	118
87	119
87	120
87	121
87	122
87	123
87	124
87	125
87	126
87	127
87	128
87	129
87	130
87	131
87	132
87	133
88	94
88	95
88	96
88	97
88	98
88	99
88	100
88	105
88	106
88	107
88	108
88	109
88	110
88	111
88	112
88	113
88	114
88	115
88	116
88	117
88	118
88	119
88	120
88	121
88	122
88	123
88	124
88	125
88	126
88	127
88	128
88	129
88	130
88	131
88	132
88	133
89	94
89	95
89	96
89	97
89	98
89	99
89	100
89	105
89	106
89	107
89	108
89	109
89	110
89	111
89	112
89	113
89	114
89	115
89	116
89	117
89	118
89	119
89	120
89	121
89	122
89	123
89	124
89	125
89	126
89	127
89	128
89	129
89	130
89	131
89	132
89	133
90	94
90	95
90	96
90	97
90	98
90	99
90	100
90	105
90	106
90	107
90	108
90	109
90	110
90	111
90	112
90	113
90	114
90	115
90	116
90	117
90	118
90	119
90	120
90	121
90	122
90	123
90	124
90	125
90	126
90	127
90	128
90	129
90	130
90	131
90	132
90	133
91	94
91	95
91	96
91	97
91	98
91	99
91	100
91	105
91	106
91	107
91	108
91	109
91	110
91	111
91	112
91	113
91	114
91	115
91	116
91	117
91	118
91	119
91	120
91	121
91	122
91	123
91	124
91	125
91	126
91	127
91	128
91	129
91	130
91	131
91	132
91	133
92	94
92	95
92	96
92	97
92	98
92	99
92	100
92	105
92	106
92	107
92	108
92	109
92	110
92	111
92	112
92	113
92	114
92	115
92	116
92	117
92	118
92	119
92	120
92	121
92	122
92	123
92	124
92	125
92	126
92	127
92	128
92	129
92	130
92	131
92	132
92	133
93	94
93	95
93	96
93	97
93	98
93	99
93	100
93	105
93	106
93	107
93	108
93	109
93	110
93	111
93	112
93	113
93	114
93	115
93	116
93	117
93	118
93	119
93	120
93	121
93	122
93	123
93	124
93	125
93	126
93	127
93	128
93	129
93	130
93	131
93	132
93	133
94	96
94	97
94	98
94	99
94	100
94	101
94	102
94	103
94	104
94	105
94	106
94	107
94	108
94	109
94	110
94	111
94	112
94	113
94	114
94	115
94	116
94	117
94	118
94	119
94	120
94	121
94	122
94	123
94	124
94	125
94	126
94	127
94	128
94	129
94	130
94	131
94	132
94	133
95	96
95	97
95	98
95	99
95	100
95	101
95	102
95	103
95	104
95	105
95	106
95	107
95	108
95	109
95	110
95	111
95	112
95	113
95	114
95	115
95	116
95	117
95	118
95	119
95	120
95	121
95	122
95	123
95	124
95	125
95	126
95	127
95	128
95	129
95	130
95	131
95	132
95	133
96	99
96	101
96	102
96	103
96	104
96	105
96	106
96	107
96	108
96	109
96	110
96	111
96	112
96	113
96	114
96	115
96	116
96	117
96	118
96	119
96	120
96	121
96	122
96	123
96	124
96	125
96	126
96	127
96	128
96	129
96	130
96	131
96	132
96	133
97	99
97	101
97	102
97	103
97	104
97	105
97	106
97	107
97	108
97	109
97	110
97	111
97	112
97	113
97	114
97	115
97	116
97	117
97	118
97	119
97	120
97	121
97	122
97	123
97	124
97	125
97	126
97	127
97	128
97	129
97	130
97	131
97	132
97	133
98	99
98	101
98	102
98	103
98	104
98	105
98	106
98	107
98	108
98	109
98	110
98	111
98	112
98	113
98	114
98	115
98	116
98	117
98	118
98	119
98	120
98	121
98	122
98	123
98	124
98	125
98	126
98	127
98	128
98	129
98	130
98	131
98	132
98	133
99	100
99	101
99	102
99	103
99	104
99	105
99	106
99	107
99	108
99	109
99	110
99	111
99	112
99	113
99	114
99	115
99	116
99	117
99	118
99	119
99	120
99	121
99	122
99	123
99	124
99	125
99	126
99	127
99	128
99	129
99	130
99	131
99	132
99	133
100	101
100	102
100	103
100	104
100	105
100	106
100	107
100	108
100	109
100	110
100	111
100	112
100	113
100	114
100	115
100	116
100	117
100	118
100	119
100	120
100	121
100	122
100	123
100	124
100	125
100	126
100	127
100	128
100	129
100	130
100	131
100	132
100	133
101	105
101	106
101	107
101	108
101	109
101	110
101	111
101	112
101	113
101	114
101	115
101	116
101	117
101	118
101	119
101	120
101	121
101	122
101	123
101	124
101	125
101	126
101	127
101	128
101	129
101	130
101	131
101	132
101	133
102	105
102	106
102	107
102	108
102	109
102	110
102	111
102	112
102	113
102	114
102	115
102	116
102	117
102	118
102	119
102	120
102	121
102	122
102	123
102	124
102	125
102	126
102	127
102	128
102	129
102	130
102	131
102	132
102	133
103	105
103	106
103	107
103	108
103	109
103	110
103	111
103	112
103	113
103	114
103	115
103	116
103	117
103	118
103	119
103	120
103	121
103	122
103	123
103	124
103	125
103	126
103	127
103	128
103	129
103	130
103	131
103	132
103	133
104	105
104	106
104	107
104	108
104	109
104	110
104	111
104	112
104	113
104	114
104	115
104	116
104	117
104	118
104	119
104	120
104	121
104	122
104	123
104	124
104	125
104	126
104	127
104	128
104	129
104	130
104	131
104	132
104	133