220	9152
1	21
1	34
1	42
1	43
1	46
1	49
1	57
1	59
1	61
1	63
1	64
1	65
1	66
1	67
1	68
1	69
1	70
1	71
1	72
1	73
1	74
1	75
1	76
1	77
1	78
1	83
1	84
1	85
1	86
1	87
1	88
1	89
1	90
1	91
1	92
1	94
1	95
1	96
1	97
1	99
1	100
1	101
1	102
1	103
1	104
1	105
1	106
1	107
1	108
1	109
1	110
1	111
1	112
1	113
1	114
1	115
1	116
1	117
1	118
1	119
1	120
1	121
1	122
1	123
1	124
1	125
1	126
1	127
1	128
1	129
1	130
1	131
1	132
1	133
1	134
1	135
1	136
1	137
1	138
1	139
1	140
1	141
1	142
1	143
1	144
1	145
1	146
1	147
1	148
1	149
1	150
1	151
1	152
1	153
1	154
1	155
1	156
1	157
1	158
1	159
1	160
1	161
1	162
1	163
1	164
1	165
1	166
1	167
1	168
1	169
1	170
1	171
1	172
1	173
1	174
1	175
1	176
1	177
1	178
1	179
1	180
1	181
1	182
1	183
1	184
1	185
1	186
1	187
1	188
1	189
1	190
1	191
1	192
1	193
1	194
1	195
1	196
1	197
1	198
1	199
1	200
1	201
1	202
1	203
1	204
1	205
1	206
1	207
1	208
1	209
1	210
1	211
1	212
1	213
1	214
1	215
1	216
1	217
1	218
1	219
1	220
2	21
2	34
2	42
2	43
2	46
2	49
2	57
2	59
2	61
2	63
2	64
2	65
2	66
2	67
2	68
2	69
2	70
2	71
2	72
2	73
2	74
2	75
2	76
2	77
2	78
2	83
2	84
2	85
2	86
2	87
2	88
2	89
2	90
2	91
2	92
2	94
2	95
2	96
2	97
2	99
2	100
2	101
2	102
2	103
2	104
2	105
2	106
2	107
2	108
2	109
2	110
2	111
2	112
2	113
2	114
2	115
2	116
2	117
2	118
2	119
2	120
2	121
2	122
2	123
2	124
2	125
2	126
2	127
2	128
2	129
2	130
2	131
2	132
2	133
2	134
2	135
2	136
2	137
2	138
2	139
2	140
2	141
2	142
2	143
2	144
2	145
2	146
2	147
2	148
2	149
2	150
2	151
2	152
2	153
2	154
2	155
2	156
2	157
2	158
2	159
2	160
2	161
2	162
2	163
2	164
2	165
2	166
2	167
2	168
2	169
2	170
2	171
2	172
2	173
2	174
2	175
2	176
2	177
2	178
2	179
2	180
2	181
2	182
2	183
2	184
2	185
2	186
2	187
2	188
2	189
2	190
2	191
2	192
2	193
2	194
2	195
2	196
2	197
2	198
2	199
2	200
2	201
2	202
2	203
2	204
2	205
2	206
2	207
2	208
2	209
2	210
2	211
2	212
2	213
2	214
2	215
2	216
2	217
2	218
2	219
2	220
3	21
3	34
3	42
3	43
3	49
3	59
3	63
3	64
3	65
3	66
3	67
3	68
3	69
3	71
3	74
3	75
3	76
3	83
3	84
3	86
3	89
3	90
3	91
3	94
3	102
3	106
3	114
3	115
3	119
3	120
3	121
3	122
3	123
3	124
3	125
3	126
3	127
3	128
3	129
3	130
3	131
3	132
3	133
3	134
3	135
3	136
3	137
3	138
3	139
3	140
3	141
3	142
3	143
3	144
3	145
3	146
3	147
3	148
3	149
3	150
3	151
3	152
3	153
3	154
3	155
3	156
3	157
3	158
3	159
3	160
3	161
3	162
3	163
3	164
3	165
3	166
3	167
3	168
3	169
3	170
3	171
3	172
3	173
3	174
3	175
3	176
3	177
3	178
3	179
3	180
3	181
3	182
3	183
3	184
3	185
3	186
3	187
3	188
3	189
3	190
3	191
3	192
3	193
3	194
3	195
3	196
3	197
3	198
3	199
3	200
3	201
3	202
3	203
3	204
3	205
3	206
3	207
3	208
3	209
3	210
3	211
3	212
3	213
3	214
3	215
3	216
3	217
3	218
3	219
3	220
4	21
4	34
4	42
4	43
4	46
4	49
4	57
4	59
4	61
4	63
4	64
4	65
4	66
4	67
4	68
4	69
4	70
4	71
4	72
4	73
4	74
4	75
4	76
4	77
4	78
4	83
4	84
4	85
4	86
4	87
4	88
4	89
4	90
4	91
4	92
4	94
4	95
4	96
4	97
4	99
4	100
4	101
4	102
4	103
4	104
4	105
4	106
4	107
4	108
4	109
4	110
4	111
4	112
4	113
4	114
4	115
4	116
4	117
4	118
4	119
4	120
4	121
4	122
4	123
4	124
4	125
4	126
4	127
4	128
4	129
4	130
4	131
4	132
4	133
4	134
4	135
4	136
4	137
4	138
4	139
4	140
4	141
4	142
4	143
4	144
4	145
4	146
4	147
4	148
4	149
4	150
4	151
4	152
4	153
4	154
4	155
4	156
4	157
4	158
4	159
4	160
4	161
4	162
4	163
4	164
4	165
4	166
4	167
4	168
4	169
4	170
4	171
4	172
4	173
4	174
4	175
4	176
4	177
4	178
4	179
4	180
4	181
4	182
4	183
4	184
4	185
4	186
4	187
4	188
4	189
4	190
4	191
4	192
4	193
4	194
4	195
4	196
4	197
4	198
4	199
4	200
4	201
4	202
4	203
4	204
4	205
4	206
4	207
4	208
4	209
4	210
4	211
4	212
4	213
4	214
4	215
4	216
4	217
4	218
4	219
4	220
5	21
5	42
5	43
5	49
5	59
5	63
5	64
5	65
5	66
5	67
5	68
5	69
5	71
5	74
5	75
5	76
5	83
5	84
5	86
5	89
5	90
5	91
5	94
5	102
5	106
5	114
5	115
5	119
5	120
5	121
5	122
5	123
5	124
5	125
5	126
5	127
5	128
5	129
5	130
5	131
5	132
5	133
5	134
5	135
5	136
5	137
5	138
5	139
5	140
5	141
5	142
5	143
5	144
5	145
5	146
5	147
5	148
5	149
5	150
5	151
5	152
5	153
5	154
5	155
5	156
5	157
5	158
5	159
5	160
5	161
5	162
5	163
5	164
5	165
5	166
5	167
5	168
5	169
5	170
5	171
5	172
5	173
5	174
5	175
5	176
5	177
5	178
5	179
5	180
5	181
5	182
5	183
5	184
5	185
5	186
5	187
5	188
5	189
5	190
5	191
5	192
5	193
5	194
5	195
5	196
5	197
5	198
5	199
5	200
5	201
5	202
5	203
5	204
5	205
5	206
5	207
5	208
5	209
5	210
5	211
5	212
5	213
5	214
5	215
5	216
5	217
5	218
5	219
5	220
6	21
6	34
6	42
6	43
6	46
6	49
6	57
6	59
6	61
6	63
6	64
6	65
6	66
6	67
6	68
6	69
6	70
6	71
6	72
6	73
6	74
6	75
6	76
6	77
6	78
6	83
6	84
6	85
6	86
6	87
6	88
6	89
6	90
6	91
6	92
6	94
6	95
6	96
6	97
6	99
6	100
6	101
6	102
6	103
6	104
6	105
6	106
6	107
6	108
6	109
6	110
6	111
6	112
6	113
6	114
6	115
6	116
6	117
6	118
6	119
6	120
6	121
6	122
6	123
6	124
6	125
6	126
6	127
6	128
6	129
6	130
6	131
6	132
6	133
6	134
6	135
6	136
6	137
6	138
6	139
6	140
6	141
6	142
6	143
6	144
6	145
6	146
6	147
6	148
6	149
6	150
6	151
6	152
6	153
6	154
6	155
6	156
6	157
6	158
6	159
6	160
6	161
6	162
6	163
6	164
6	165
6	166
6	167
6	168
6	169
6	170
6	171
6	172
6	173
6	174
6	175
6	176
6	177
6	178
6	179
6	180
6	181
6	182
6	183
6	184
6	185
6	186
6	187
6	188
6	189
6	190
6	191
6	192
6	193
6	194
6	195
6	196
6	197
6	198
6	199
6	200
6	201
6	202
6	203
6	204
6	205
6	206
6	207
6	208
6	209
6	210
6	211
6	212
6	213
6	214
6	215
6	216
6	217
6	218
6	219
6	220
7	21
7	42
7	43
7	49
7	59
7	74
7	120
7	124
7	125
7	126
7	127
7	128
7	129
7	130
7	131
7	132
7	133
7	134
7	135
7	136
7	137
7	138
7	139
7	140
7	141
7	142
7	143
7	144
7	145
7	146
7	147
7	148
7	149
7	150
7	151
7	152
7	153
7	154
7	155
7	156
7	157
7	158
7	159
7	160
7	161
7	162
7	163
7	164
7	165
7	166
7	167
7	168
7	169
7	170
7	171
7	172
7	173
7	174
7	175
7	176
7	177
7	178
7	179
7	180
7	181
7	182
7	183
7	184
7	185
7	186
7	187
7	188
7	189
7	190
7	191
7	192
7	193
7	194
7	195
7	196
7	197
7	198
7	199
7	200
7	201
7	202
7	203
7	204
7	205
7	206
7	207
7	208
7	209
7	210
7	211
7	212
7	213
7	214
7	215
7	216
7	217
7	218
7	219
7	220
8	21
8	42
8	43
8	49
8	59
8	74
8	120
8	124
8	125
8	126
8	127
8	128
8	129
8	130
8	131
8	132
8	133
8	134
8	135
8	136
8	137
8	138
8	139
8	140
8	141
8	142
8	143
8	144
8	145
8	146
8	147
8	148
8	149
8	150
8	151
8	152
8	153
8	154
8	155
8	156
8	157
8	158
8	159
8	160
8	161
8	162
8	163
8	164
8	165
8	166
8	167
8	168
8	169
8	170
8	171
8	172
8	173
8	174
8	175
8	176
8	177
8	178
8	179
8	180
8	181
8	182
8	183
8	184
8	185
8	186
8	187
8	188
8	189
8	190
8	191
8	192
8	193
8	194
8	195
8	196
8	197
8	198
8	199
8	200
8	201
8	202
8	203
8	204
8	205
8	206
8	207
8	208
8	209
8	210
8	211
8	212
8	213
8	214
8	215
8	216
8	217
8	218
8	219
8	220
9	21
9	42
9	43
9	49
9	59
9	74
9	120
9	124
9	125
9	126
9	127
9	128
9	129
9	130
9	131
9	132
9	133
9	134
9	135
9	136
9	137
9	138
9	139
9	140
9	141
9	142
9	143
9	144
9	145
9	146
9	147
9	148
9	149
9	150
9	151
9	152
9	153
9	154
9	155
9	156
9	157
9	158
9	159
9	160
9	161
9	162
9	163
9	164
9	165
9	166
9	167
9	168
9	169
9	170
9	171
9	172
9	173
9	174
9	175
9	176
9	177
9	178
9	179
9	180
9	181
9	182
9	183
9	184
9	185
9	186
9	187
9	188
9	189
9	190
9	191
9	192
9	193
9	194
9	195
9	196
9	197
9	198
9	199
9	200
9	201
9	202
9	203
9	204
9	205
9	206
9	207
9	208
9	209
9	210
9	211
9	212
9	213
9	214
9	215
9	216
9	217
9	218
9	219
9	220
10	21
10	42
10	43
10	49
10	59
10	64
10	65
10	74
10	76
10	84
10	120
10	123
10	124
10	125
10	126
10	127
10	128
10	129
10	130
10	131
10	132
10	133
10	134
10	135
10	136
10	137
10	138
10	139
10	140
10	141
10	142
10	143
10	144
10	145
10	146
10	147
10	148
10	149
10	150
10	151
10	152
10	153
10	154
10	155
10	156
10	157
10	158
10	159
10	160
10	161
10	162
10	163
10	164
10	165
10	166
10	167
10	168
10	169
10	170
10	171
10	172
10	173
10	174
10	175
10	176
10	177
10	178
10	179
10	180
10	181
10	182
10	183
10	184
10	185
10	186
10	187
10	188
10	189
10	190
10	191
10	192
10	193
10	194
10	195
10	196
10	197
10	198
10	199
10	200
10	201
10	202
10	203
10	204
10	205
10	206
10	207
10	208
10	209
10	210
10	211
10	212
10	213
10	214
10	215
10	216
10	217
10	218
10	219
10	220
11	21
11	42
11	43
11	49
11	59
11	63
11	64
11	65
11	66
11	67
11	68
11	69
11	71
11	74
11	75
11	76
11	83
11	84
11	86
11	89
11	90
11	91
11	94
11	102
11	106
11	114
11	115
11	119
11	120
11	121
11	122
11	123
11	124
11	125
11	126
11	127
11	128
11	129
11	130
11	131
11	132
11	133
11	134
11	135
11	136
11	137
11	138
11	139
11	140
11	141
11	142
11	143
11	144
11	145
11	146
11	147
11	148
11	149
11	150
11	151
11	152
11	153
11	154
11	155
11	156
11	157
11	158
11	159
11	160
11	161
11	162
11	163
11	164
11	165
11	166
11	167
11	168
11	169
11	170
11	171
11	172
11	173
11	174
11	175
11	176
11	177
11	178
11	179
11	180
11	181
11	182
11	183
11	184
11	185
11	186
11	187
11	188
11	189
11	190
11	191
11	192
11	193
11	194
11	195
11	196
11	197
11	198
11	199
11	200
11	201
11	202
11	203
11	204
11	205
11	206
11	207
11	208
11	209
11	210
11	211
11	212
11	213
11	214
11	215
11	216
11	217
11	218
11	219
11	220
12	21
12	42
12	43
12	49
12	59
12	64
12	65
12	74
12	76
12	84
12	120
12	123
12	124
12	125
12	126
12	127
12	128
12	129
12	130
12	131
12	132
12	133
12	134
12	135
12	136
12	137
12	138
12	139
12	140
12	141
12	142
12	143
12	144
12	145
12	146
12	147
12	148
12	149
12	150
12	151
12	152
12	153
12	154
12	155
12	156
12	157
12	158
12	159
12	160
12	161
12	162
12	163
12	164
12	165
12	166
12	167
12	168
12	169
12	170
12	171
12	172
12	173
12	174
12	175
12	176
12	177
12	178
12	179
12	180
12	181
12	182
12	183
12	184
12	185
12	186
12	187
12	188
12	189
12	190
12	191
12	192
12	193
12	194
12	195
12	196
12	197
12	198
12	199
12	200
12	201
12	202
12	203
12	204
12	205
12	206
12	207
12	208
12	209
12	210
12	211
12	212
12	213
12	214
12	215
12	216
12	217
12	218
12	219
12	220
13	21
13	42
13	43
13	49
13	59
13	64
13	65
13	74
13	76
13	84
13	120
13	123
13	124
13	125
13	126
13	127
13	128
13	129
13	130
13	131
13	132
13	133
13	134
13	135
13	136
13	137
13	138
13	139
13	140
13	141
13	142
13	143
13	144
13	145
13	146
13	147
13	148
13	149
13	150
13	151
13	152
13	153
13	154
13	155
13	156
13	157
13	158
13	159
13	160
13	161
13	162
13	163
13	164
13	165
13	166
13	167
13	168
13	169
13	170
13	171
13	172
13	173
13	174
13	175
13	176
13	177
13	178
13	179
13	180
13	181
13	182
13	183
13	184
13	185
13	186
13	187
13	188
13	189
13	190
13	191
13	192
13	193
13	194
13	195
13	196
13	197
13	198
13	199
13	200
13	201
13	202
13	203
13	204
13	205
13	206
13	207
13	208
13	209
13	210
13	211
13	212
13	213
13	214
13	215
13	216
13	217
13	218
13	219
13	220
14	21
14	42
14	43
14	49
14	59
14	64
14	65
14	74
14	76
14	84
14	120
14	123
14	124
14	125
14	126
14	127
14	128
14	129
14	130
14	131
14	132
14	133
14	134
14	135
14	136
14	137
14	138
14	139
14	140
14	141
14	142
14	143
14	144
14	145
14	146
14	147
14	148
14	149
14	150
14	151
14	152
14	153
14	154
14	155
14	156
14	157
14	158
14	159
14	160
14	161
14	162
14	163
14	164
14	165
14	166
14	167
14	168
14	169
14	170
14	171
14	172
14	173
14	174
14	175
14	176
14	177
14	178
14	179
14	180
14	181
14	182
14	183
14	184
14	185
14	186
14	187
14	188
14	189
14	190
14	191
14	192
14	193
14	194
14	195
14	196
14	197
14	198
14	199
14	200
14	201
14	202
14	203
14	204
14	205
14	206
14	207
14	208
14	209
14	210
14	211
14	212
14	213
14	214
14	215
14	216
14	217
14	218
14	219
14	220
15	21
15	42
15	43
15	49
15	59
15	64
15	65
15	74
15	76
15	84
15	120
15	123
15	124
15	125
15	126
15	127
15	128
15	129
15	130
15	131
15	132
15	133
15	134
15	135
15	136
15	137
15	138
15	139
15	140
15	141
15	142
15	143
15	144
15	145
15	146
15	147
15	148
15	149
15	150
15	151
15	152
15	153
15	154
15	155
15	156
15	157
15	158
15	159
15	160
15	161
15	162
15	163
15	164
15	165
15	166
15	167
15	168
15	169
15	170
15	171
15	172
15	173
15	174
15	175
15	176
15	177
15	178
15	179
15	180
15	181
15	182
15	183
15	184
15	185
15	186
15	187
15	188
15	189
15	190
15	191
15	192
15	193
15	194
15	195
15	196
15	197
15	198
15	199
15	200
15	201
15	202
15	203
15	204
15	205
15	206
15	207
15	208
15	209
15	210
15	211
15	212
15	213
15	214
15	215
15	216
15	217
15	218
15	219
15	220
16	21
16	42
16	43
16	49
16	59
16	64
16	65
16	74
16	76
16	84
16	120
16	123
16	124
16	125
16	126
16	127
16	128
16	129
16	130
16	131
16	132
16	133
16	134
16	135
16	136
16	137
16	138
16	139
16	140
16	141
16	142
16	143
16	144
16	145
16	146
16	147
16	148
16	149
16	150
16	151
16	152
16	153
16	154
16	155
16	156
16	157
16	158
16	159
16	160
16	161
16	162
16	163
16	164
16	165
16	166
16	167
16	168
16	169
16	170
16	171
16	172
16	173
16	174
16	175
16	176
16	177
16	178
16	179
16	180
16	181
16	182
16	183
16	184
16	185
16	186
16	187
16	188
16	189
16	190
16	191
16	192
16	193
16	194
16	195
16	196
16	197
16	198
16	199
16	200
16	201
16	202
16	203
16	204
16	205
16	206
16	207
16	208
16	209
16	210
16	211
16	212
16	213
16	214
16	215
16	216
16	217
16	218
16	219
16	220
17	21
17	42
17	43
17	49
17	59
17	74
17	120
17	124
17	125
17	126
17	127
17	128
17	129
17	130
17	131
17	132
17	133
17	134
17	135
17	136
17	137
17	138
17	139
17	140
17	141
17	142
17	143
17	144
17	145
17	146
17	147
17	148
17	149
17	150
17	151
17	152
17	153
17	154
17	155
17	156
17	157
17	158
17	159
17	160
17	161
17	162
17	163
17	164
17	165
17	166
17	167
17	168
17	169
17	170
17	171
17	172
17	173
17	174
17	175
17	176
17	177
17	178
17	179
17	180
17	181
17	182
17	183
17	184
17	185
17	186
17	187
17	188
17	189
17	190
17	191
17	192
17	193
17	194
17	195
17	196
17	197
17	198
17	199
17	200
17	201
17	202
17	203
17	204
17	205
17	206
17	207
17	208
17	209
17	210
17	211
17	212
17	213
17	214
17	215
17	216
17	217
17	218
17	219
17	220
18	21
18	42
18	43
18	49
18	59
18	64
18	65
18	74
18	76
18	84
18	120
18	123
18	124
18	125
18	126
18	127
18	128
18	129
18	130
18	131
18	132
18	133
18	134
18	135
18	136
18	137
18	138
18	139
18	140
18	141
18	142
18	143
18	144
18	145
18	146
18	147
18	148
18	149
18	150
18	151
18	152
18	153
18	154
18	155
18	156
18	157
18	158
18	159
18	160
18	161
18	162
18	163
18	164
18	165
18	166
18	167
18	168
18	169
18	170
18	171
18	172
18	173
18	174
18	175
18	176
18	177
18	178
18	179
18	180
18	181
18	182
18	183
18	184
18	185
18	186
18	187
18	188
18	189
18	190
18	191
18	192
18	193
18	194
18	195
18	196
18	197
18	198
18	199
18	200
18	201
18	202
18	203
18	204
18	205
18	206
18	207
18	208
18	209
18	210
18	211
18	212
18	213
18	214
18	215
18	216
18	217
18	218
18	219
18	220
19	21
19	42
19	43
19	49
19	59
19	63
19	64
19	65
19	66
19	67
19	68
19	69
19	71
19	74
19	75
19	76
19	83
19	84
19	86
19	89
19	90
19	91
19	94
19	102
19	106
19	114
19	115
19	119
19	120
19	121
19	122
19	123
19	124
19	125
19	126
19	127
19	128
19	129
19	130
19	131
19	132
19	133
19	134
19	135
19	136
19	137
19	138
19	139
19	140
19	141
19	142
19	143
19	144
19	145
19	146
19	147
19	148
19	149
19	150
19	151
19	152
19	153
19	154
19	155
19	156
19	157
19	158
19	159
19	160
19	161
19	162
19	163
19	164
19	165
19	166
19	167
19	168
19	169
19	170
19	171
19	172
19	173
19	174
19	175
19	176
19	177
19	178
19	179
19	180
19	181
19	182
19	183
19	184
19	185
19	186
19	187
19	188
19	189
19	190
19	191
19	192
19	193
19	194
19	195
19	196
19	197
19	198
19	199
19	200
19	201
19	202
19	203
19	204
19	205
19	206
19	207
19	208
19	209
19	210
19	211
19	212
19	213
19	214
19	215
19	216
19	217
19	218
19	219
19	220
20	21
20	42
20	43
20	49
20	59
20	64
20	65
20	74
20	76
20	84
20	120
20	123
20	124
20	125
20	126
20	127
20	128
20	129
20	130
20	131
20	132
20	133
20	134
20	135
20	136
20	137
20	138
20	139
20	140
20	141
20	142
20	143
20	144
20	145
20	146
20	147
20	148
20	149
20	150
20	151
20	152
20	153
20	154
20	155
20	156
20	157
20	158
20	159
20	160
20	161
20	162
20	163
20	164
20	165
20	166
20	167
20	168
20	169
20	170
20	171
20	172
20	173
20	174
20	175
20	176
20	177
20	178
20	179
20	180
20	181
20	182
20	183
20	184
20	185
20	186
20	187
20	188
20	189
20	190
20	191
20	192
20	193
20	194
20	195
20	196
20	197
20	198
20	199
20	200
20	201
20	202
20	203
20	204
20	205
20	206
20	207
20	208
20	209
20	210
20	211
20	212
20	213
20	214
20	215
20	216
20	217
20	218
20	219
20	220
21	22
21	23
21	24
21	25
21	26
21	27
21	28
21	29
21	30
21	31
21	32
21	33
21	34
21	35
21	36
21	37
21	38
21	39
21	40
21	41
21	42
21	43
21	44
21	45
21	46
21	47
21	48
21	49
21	50
21	51
21	52
21	53
21	54
21	55
21	56
21	57
21	58
21	59
21	60
21	61
21	62
21	63
21	64
21	65
21	66
21	67
21	68
21	69
21	70
21	71
21	72
21	73
21	74
21	75
21	76
21	77
21	78
21	79
21	80
21	81
21	82
21	83
21	84
21	85
21	86
21	87
21	88
21	89
21	90
21	91
21	92
21	93
21	94
21	95
21	96
21	97
21	98
21	99
21	100
21	101
21	102
21	103
21	104
21	105
21	106
21	107
21	108
21	109
21	110
21	111
21	112
21	113
21	114
21	115
21	116
21	117
21	118
21	119
21	120
21	121
21	122
21	123
21	124
21	125
21	126
21	127
21	128
21	129
21	130
21	131
21	132
21	133
21	134
21	135
21	136
21	137
21	138
21	139
21	140
21	141
21	142
21	143
21	144
21	145
21	146
21	147
21	148
21	149
21	150
21	151
21	152
21	153
21	154
21	155
21	156
21	157
21	158
21	159
21	160
21	161
21	162
21	163
21	164
21	165
21	166
21	167
21	168
21	169
21	170
21	171
21	172
21	173
21	174
21	175
21	176
21	177
21	178
21	179
21	180
21	181
21	182
21	183
21	184
21	185
21	186
21	187
21	188
21	189
21	190
21	191
21	192
21	193
21	194
21	195
21	196
21	197
21	198
21	199
21	200
21	201
21	202
21	203
21	204
21	205
21	206
21	207
21	208
21	209
21	210
21	211
21	212
21	213
21	214
21	215
21	216
21	217
21	218
21	219
21	220
22	42
22	43
22	49
22	59
22	74
22	120
22	124
22	125
22	126
22	127
22	128
22	129
22	130
22	131
22	132
22	133
22	134
22	135
22	136
22	137
22	138
22	139
22	140
22	141
22	142
22	143
22	144
22	145
22	146
22	147
22	148
22	149
22	150
22	151
22	152
22	153
22	154
22	155
22	156
22	157
22	158
22	159
22	160
22	161
22	162
22	163
22	164
22	165
22	166
22	167
22	168
22	169
22	170
22	171
22	172
22	173
22	174
22	175
22	176
22	177
22	178
22	179
22	180
22	181
22	182
22	183
22	184
22	185
22	186
22	187
22	188
22	189
22	190
22	191
22	192
22	193
22	194
22	195
22	196
22	197
22	198
22	199
22	200
22	201
22	202
22	203
22	204
22	205
22	206
22	207
22	208
22	209
22	210
22	211
22	212
22	213
22	214
22	215
22	216
22	217
22	218
22	219
22	220
23	42
23	43
23	49
23	59
23	74
23	120
23	124
23	125
23	126
23	127
23	128
23	129
23	130
23	131
23	132
23	133
23	134
23	135
23	136
23	137
23	138
23	139
23	140
23	141
23	142
23	143
23	144
23	145
23	146
23	147
23	148
23	149
23	150
23	151
23	152
23	153
23	154
23	155
23	156
23	157
23	158
23	159
23	160
23	161
23	162
23	163
23	164
23	165
23	166
23	167
23	168
23	169
23	170
23	171
23	172
23	173
23	174
23	175
23	176
23	177
23	178
23	179
23	180
23	181
23	182
23	183
23	184
23	185
23	186
23	187
23	188
23	189
23	190
23	191
23	192
23	193
23	194
23	195
23	196
23	197
23	198
23	199
23	200
23	201
23	202
23	203
23	204
23	205
23	206
23	207
23	208
23	209
23	210
23	211
23	212
23	213
23	214
23	215
23	216
23	217
23	218
23	219
23	220
24	42
24	43
24	49
24	59
24	74
24	120
24	126
24	127
24	128
24	130
24	131
24	133
24	134
24	135
24	136
24	137
24	138
24	139
24	140
24	141
24	142
24	143
24	144
24	145
24	146
24	147
24	148
24	149
24	150
24	151
24	152
24	154
24	155
24	156
24	157
24	158
24	159
24	160
24	161
24	162
24	163
24	164
24	165
24	166
24	167
24	168
24	169
24	170
24	171
24	172
24	173
24	174
24	175
24	176
24	177
24	178
24	179
24	180
24	181
24	182
24	183
24	184
24	185
24	186
24	187
24	188
24	189
24	190
24	191
24	192
24	193
24	194
24	195
24	196
24	197
24	198
24	199
24	200
24	201
24	202
24	203
24	204
24	205
24	206
24	207
24	208
24	209
24	210
24	211
24	212
24	213
24	214
24	215
24	216
24	217
24	218
24	219
24	220
25	42
25	43
25	49
25	59
25	74
25	120
25	126
25	127
25	128
25	130
25	131
25	133
25	134
25	135
25	136
25	137
25	138
25	139
25	140
25	141
25	142
25	143
25	144
25	145
25	146
25	147
25	148
25	149
25	150
25	151
25	152
25	154
25	155
25	156
25	157
25	158
25	159
25	160
25	161
25	162
25	163
25	164
25	165
25	166
25	167
25	168
25	169
25	170
25	171
25	172
25	173
25	174
25	175
25	176
25	177
25	178
25	179
25	180
25	181
25	182
25	183
25	184
25	185
25	186
25	187
25	188
25	189
25	190
25	191
25	192
25	193
25	194
25	195
25	196
25	197
25	198
25	199
25	200
25	201
25	202
25	203
25	204
25	205
25	206
25	207
25	208
25	209
25	210
25	211
25	212
25	213
25	214
25	215
25	216
25	217
25	218
25	219
25	220
26	42
26	43
26	49
26	59
26	74
26	120
26	124
26	125
26	126
26	127
26	128
26	129
26	130
26	131
26	132
26	133
26	134
26	135
26	136
26	137
26	138
26	139
26	140
26	141
26	142
26	143
26	144
26	145
26	146
26	147
26	148
26	149
26	150
26	151
26	152
26	153
26	154
26	155
26	156
26	157
26	158
26	159
26	160
26	161
26	162
26	163
26	164
26	165
26	166
26	167
26	168
26	169
26	170
26	171
26	172
26	173
26	174
26	175
26	176
26	177
26	178
26	179
26	180
26	181
26	182
26	183
26	184
26	185
26	186
26	187
26	188
26	189
26	190
26	191
26	192
26	193
26	194
26	195
26	196
26	197
26	198
26	199
26	200
26	201
26	202
26	203
26	204
26	205
26	206
26	207
26	208
26	209
26	210
26	211
26	212
26	213
26	214
26	215
26	216
26	217
26	218
26	219
26	220
27	42
27	43
27	49
27	59
27	74
27	120
27	124
27	125
27	126
27	127
27	128
27	129
27	130
27	131
27	132
27	133
27	134
27	135
27	136
27	137
27	138
27	139
27	140
27	141
27	142
27	143
27	144
27	145
27	146
27	147
27	148
27	149
27	150
27	151
27	152
27	153
27	154
27	155
27	156
27	157
27	158
27	159
27	160
27	161
27	162
27	163
27	164
27	165
27	166
27	167
27	168
27	169
27	170
27	171
27	172
27	173
27	174
27	175
27	176
27	177
27	178
27	179
27	180
27	181
27	182
27	183
27	184
27	185
27	186
27	187
27	188
27	189
27	190
27	191
27	192
27	193
27	194
27	195
27	196
27	197
27	198
27	199
27	200
27	201
27	202
27	203
27	204
27	205
27	206
27	207
27	208
27	209
27	210
27	211
27	212
27	213
27	214
27	215
27	216
27	217
27	218
27	219
27	220
28	42
28	43
28	49
28	59
28	74
28	120
28	124
28	125
28	126
28	127
28	128
28	129
28	130
28	131
28	132
28	133
28	134
28	135
28	136
28	137
28	138
28	139
28	140
28	141
28	142
28	143
28	144
28	145
28	146
28	147
28	148
28	149
28	150
28	151
28	152
28	153
28	154
28	155
28	156
28	157
28	158
28	159
28	160
28	161
28	162
28	163
28	164
28	165
28	166
28	167
28	168
28	169
28	170
28	171
28	172
28	173
28	174
28	175
28	176
28	177
28	178
28	179
28	180
28	181
28	182
28	183
28	184
28	185
28	186
28	187
28	188
28	189
28	190
28	191
28	192
28	193
28	194
28	195
28	196
28	197
28	198
28	199
28	200
28	201
28	202
28	203
28	204
28	205
28	206
28	207
28	208
28	209
28	210
28	211
28	212
28	213
28	214
28	215
28	216
28	217
28	218
28	219
28	220
29	42
29	43
29	49
29	59
29	74
29	120
29	126
29	127
29	128
29	130
29	131
29	133
29	134
29	135
29	136
29	137
29	138
29	139
29	140
29	141
29	142
29	143
29	144
29	145
29	146
29	147
29	148
29	149
29	150
29	151
29	152
29	154
29	155
29	156
29	157
29	158
29	159
29	160
29	161
29	162
29	163
29	164
29	165
29	166
29	167
29	168
29	169
29	170
29	171
29	172
29	173
29	174
29	175
29	176
29	177
29	178
29	179
29	180
29	181
29	182
29	183
29	184
29	185
29	186
29	187
29	188
29	189
29	190
29	191
29	192
29	193
29	194
29	195
29	196
29	197
29	198
29	199
29	200
29	201
29	202
29	203
29	204
29	205
29	206
29	207
29	208
29	209
29	210
29	211
29	212
29	213
29	214
29	215
29	216
29	217
29	218
29	219
29	220
30	42
30	43
30	49
30	59
30	74
30	120
30	124
30	125
30	126
30	127
30	128
30	129
30	130
30	131
30	132
30	133
30	134
30	135
30	136
30	137
30	138
30	139
30	140
30	141
30	142
30	143
30	144
30	145
30	146
30	147
30	148
30	149
30	150
30	151
30	152
30	153
30	154
30	155
30	156
30	157
30	158
30	159
30	160
30	161
30	162
30	163
30	164
30	165
30	166
30	167
30	168
30	169
30	170
30	171
30	172
30	173
30	174
30	175
30	176
30	177
30	178
30	179
30	180
30	181
30	182
30	183
30	184
30	185
30	186
30	187
30	188
30	189
30	190
30	191
30	192
30	193
30	194
30	195
30	196
30	197
30	198
30	199
30	200
30	201
30	202
30	203
30	204
30	205
30	206
30	207
30	208
30	209
30	210
30	211
30	212
30	213
30	214
30	215
30	216
30	217
30	218
30	219
30	220
31	42
31	43
31	49
31	59
31	74
31	120
31	126
31	127
31	128
31	130
31	131
31	133
31	134
31	135
31	136
31	137
31	138
31	139
31	140
31	141
31	142
31	143
31	144
31	145
31	146
31	147
31	148
31	149
31	150
31	151
31	152
31	154
31	155
31	156
31	157
31	158
31	159
31	160
31	161
31	162
31	163
31	164
31	165
31	166
31	167
31	168
31	169
31	170
31	171
31	172
31	173
31	174
31	175
31	176
31	177
31	178
31	179
31	180
31	181
31	182
31	183
31	184
31	185
31	186
31	187
31	188
31	189
31	190
31	191
31	192
31	193
31	194
31	195
31	196
31	197
31	198
31	199
31	200
31	201
31	202
31	203
31	204
31	205
31	206
31	207
31	208
31	209
31	210
31	211
31	212
31	213
31	214
31	215
31	216
31	217
31	218
31	219
31	220
32	42
32	43
32	49
32	59
32	74
32	120
32	127
32	128
32	130
32	131
32	134
32	135
32	136
32	138
32	139
32	140
32	141
32	142
32	144
32	145
32	147
32	148
32	149
32	150
32	151
32	158
32	163
32	165
32	166
32	168
32	171
32	172
32	173
32	174
32	175
32	176
32	177
32	178
32	179
32	180
32	181
32	182
32	183
32	184
32	185
32	186
32	187
32	188
32	189
32	190
32	191
32	192
32	193
32	194
32	195
32	196
32	197
32	198
32	199
32	200
32	201
32	202
32	203
32	204
32	205
32	206
32	207
32	208
32	209
32	210
32	211
32	212
32	213
32	214
32	215
32	216
32	217
32	218
32	219
32	220
33	42
33	43
33	49
33	59
33	63
33	64
33	65
33	66
33	67
33	68
33	69
33	71
33	74
33	75
33	76
33	84
33	86
33	102
33	114
33	115
33	119
33	120
33	121
33	122
33	123
33	124
33	125
33	126
33	127
33	128
33	129
33	130
33	131
33	132
33	133
33	134
33	135
33	136
33	137
33	138
33	139
33	140
33	141
33	142
33	143
33	144
33	145
33	146
33	147
33	148
33	149
33	150
33	151
33	152
33	153
33	154
33	155
33	156
33	157
33	158
33	159
33	160
33	161
33	162
33	163
33	164
33	165
33	166
33	167
33	168
33	169
33	170
33	171
33	172
33	173
33	174
33	175
33	176
33	177
33	178
33	179
33	180
33	181
33	182
33	183
33	184
33	185
33	186
33	187
33	188
33	189
33	190
33	191
33	192
33	193
33	194
33	195
33	196
33	197
33	198
33	199
33	200
33	201
33	202
33	203
33	204
33	205
33	206
33	207
33	208
33	209
33	210
33	211
33	212
33	213
33	214
33	215
33	216
33	217
33	218
33	219
33	220
34	42
34	43
34	46
34	49
34	57
34	59
34	61
34	63
34	64
34	65
34	66
34	67
34	68
34	69
34	70
34	71
34	73
34	74
34	75
34	76
34	77
34	78
34	83
34	84
34	85
34	86
34	89
34	90
34	91
34	92
34	94
34	97
34	99
34	101
34	102
34	103
34	104
34	105
34	106
34	108
34	109
34	110
34	111
34	113
34	114
34	115
34	116
34	117
34	118
34	119
34	120
34	121
34	122
34	123
34	124
34	125
34	126
34	127
34	128
34	129
34	130
34	131
34	132
34	133
34	134
34	135
34	136
34	137
34	138
34	139
34	140
34	141
34	142
34	143
34	144
34	145
34	146
34	147
34	148
34	149
34	150
34	151
34	152
34	153
34	154
34	155
34	156
34	157
34	158
34	159
34	160
34	161
34	162
34	163
34	164
34	165
34	166
34	167
34	168
34	169
34	170
34	171
34	172
34	173
34	174
34	175
34	176
34	177
34	178
34	179
34	180
34	181
34	182
34	183
34	184
34	185
34	186
34	187
34	188
34	189
34	190
34	191
34	192
34	193
34	194
34	195
34	196
34	197
34	198
34	199
34	200
34	201
34	202
34	203
34	204
34	205
34	206
34	207
34	208
34	209
34	210
34	211
34	212
34	213
34	214
34	215
34	216
34	217
34	218
34	219
34	220
35	42
35	43
35	49
35	59
35	74
35	120
35	124
35	125
35	126
35	127
35	128
35	129
35	130
35	131
35	132
35	133
35	134
35	135
35	136
35	137
35	138
35	139
35	140
35	141
35	142
35	143
35	144
35	145
35	146
35	147
35	148
35	149
35	150
35	151
35	152
35	153
35	154
35	155
35	156
35	157
35	158
35	159
35	160
35	161
35	162
35	163
35	164
35	165
35	166
35	167
35	168
35	169
35	170
35	171
35	172
35	173
35	174
35	175
35	176
35	177
35	178
35	179
35	180
35	181
35	182
35	183
35	184
35	185
35	186
35	187
35	188
35	189
35	190
35	191
35	192
35	193
35	194
35	195
35	196
35	197
35	198
35	199
35	200
35	201
35	202
35	203
35	204
35	205
35	206
35	207
35	208
35	209
35	210
35	211
35	212
35	213
35	214
35	215
35	216
35	217
35	218
35	219
35	220
36	42
36	43
36	49
36	59
36	64
36	65
36	74
36	76
36	120
36	123
36	124
36	125
36	126
36	127
36	128
36	129
36	130
36	131
36	132
36	133
36	134
36	135
36	136
36	137
36	138
36	139
36	140
36	141
36	142
36	143
36	144
36	145
36	146
36	147
36	148
36	149
36	150
36	151
36	152
36	153
36	154
36	155
36	156
36	157
36	158
36	159
36	160
36	161
36	162
36	163
36	164
36	165
36	166
36	167
36	168
36	169
36	170
36	171
36	172
36	173
36	174
36	175
36	176
36	177
36	178
36	179
36	180
36	181
36	182
36	183
36	184
36	185
36	186
36	187
36	188
36	189
36	190
36	191
36	192
36	193
36	194
36	195
36	196
36	197
36	198
36	199
36	200
36	201
36	202
36	203
36	204
36	205
36	206
36	207
36	208
36	209
36	210
36	211
36	212
36	213
36	214
36	215
36	216
36	217
36	218
36	219
36	220
37	42
37	43
37	49
37	59
37	74
37	120
37	127
37	128
37	130
37	131
37	134
37	135
37	136
37	138
37	139
37	140
37	141
37	142
37	144
37	145
37	147
37	148
37	149
37	150
37	151
37	158
37	163
37	165
37	166
37	168
37	171
37	172
37	173
37	174
37	175
37	176
37	177
37	178
37	179
37	180
37	181
37	182
37	183
37	184
37	185
37	186
37	187
37	188
37	189
37	190
37	191
37	192
37	193
37	194
37	195
37	196
37	197
37	198
37	199
37	200
37	201
37	202
37	203
37	204
37	205
37	206
37	207
37	208
37	209
37	210
37	211
37	212
37	213
37	214
37	215
37	216
37	217
37	218
37	219
37	220
38	42
38	43
38	49
38	59
38	74
38	120
38	127
38	128
38	130
38	131
38	135
38	148
38	151
38	163
38	176
38	178
38	180
38	183
38	184
38	185
38	187
38	188
38	189
38	190
38	191
38	192
38	193
38	194
38	196
38	197
38	198
38	199
38	200
38	201
38	202
38	203
38	204
38	205
38	206
38	207
38	208
38	209
38	210
38	211
38	212
38	213
38	214
38	215
38	216
38	217
38	218
38	219
38	220
39	42
39	43
39	49
39	59
39	74
39	120
39	126
39	127
39	128
39	130
39	131
39	133
39	134
39	135
39	136
39	137
39	138
39	139
39	140
39	141
39	142
39	143
39	144
39	145
39	146
39	147
39	148
39	149
39	150
39	151
39	152
39	154
39	155
39	156
39	157
39	158
39	159
39	160
39	161
39	162
39	163
39	164
39	165
39	166
39	167
39	168
39	169
39	170
39	171
39	172
39	173
39	174
39	175
39	176
39	177
39	178
39	179
39	180
39	181
39	182
39	183
39	184
39	185
39	186
39	187
39	188
39	189
39	190
39	191
39	192
39	193
39	194
39	195
39	196
39	197
39	198
39	199
39	200
39	201
39	202
39	203
39	204
39	205
39	206
39	207
39	208
39	209
39	210
39	211
39	212
39	213
39	214
39	215
39	216
39	217
39	218
39	219
39	220
40	42
40	43
40	49
40	59
40	74
40	120
40	124
40	125
40	126
40	127
40	128
40	129
40	130
40	131
40	132
40	133
40	134
40	135
40	136
40	137
40	138
40	139
40	140
40	141
40	142
40	143
40	144
40	145
40	146
40	147
40	148
40	149
40	150
40	151
40	152
40	153
40	154
40	155
40	156
40	157
40	158
40	159
40	160
40	161
40	162
40	163
40	164
40	165
40	166
40	167
40	168
40	169
40	170
40	171
40	172
40	173
40	174
40	175
40	176
40	177
40	178
40	179
40	180
40	181
40	182
40	183
40	184
40	185
40	186
40	187
40	188
40	189
40	190
40	191
40	192
40	193
40	194
40	195
40	196
40	197
40	198
40	199
40	200
40	201
40	202
40	203
40	204
40	205
40	206
40	207
40	208
40	209
40	210
40	211
40	212
40	213
40	214
40	215
40	216
40	217
40	218
40	219
40	220
41	42
41	43
41	49
41	59
41	64
41	65
41	74
41	76
41	120
41	123
41	124
41	125
41	126
41	127
41	128
41	129
41	130
41	131
41	132
41	133
41	134
41	135
41	136
41	137
41	138
41	139
41	140
41	141
41	142
41	143
41	144
41	145
41	146
41	147
41	148
41	149
41	150
41	151
41	152
41	153
41	154
41	155
41	156
41	157
41	158
41	159
41	160
41	161
41	162
41	163
41	164
41	165
41	166
41	167
41	168
41	169
41	170
41	171
41	172
41	173
41	174
41	175
41	176
41	177
41	178
41	179
41	180
41	181
41	182
41	183
41	184
41	185
41	186
41	187
41	188
41	189
41	190
41	191
41	192
41	193
41	194
41	195
41	196
41	197
41	198
41	199
41	200
41	201
41	202
41	203
41	204
41	205
41	206
41	207
41	208
41	209
41	210
41	211
41	212
41	213
41	214
41	215
41	216
41	217
41	218
41	219
41	220
42	44
42	45
42	46
42	47
42	48
42	49
42	50
42	51
42	52
42	53
42	54
42	55
42	56
42	57
42	58
42	59
42	60
42	61
42	62
42	63
42	64
42	65
42	66
42	67
42	68
42	69
42	70
42	71
42	72
42	73
42	74
42	75
42	76
42	77
42	78
42	79
42	80
42	81
42	82
42	83
42	84
42	85
42	86
42	87
42	88
42	89
42	90
42	91
42	92
42	93
42	94
42	95
42	96
42	97
42	98
42	99
42	100
42	101
42	102
42	103
42	104
42	105
42	106
42	107
42	108
42	109
42	110
42	111
42	112
42	113
42	114
42	115
42	116
42	117
42	118
42	119
42	120
42	121
42	122
42	123
42	124
42	125
42	126
42	127
42	128
42	129
42	130
42	131
42	132
42	133
42	134
42	135
42	136
42	137
42	138
42	139
42	140
42	141
42	142
42	143
42	144
42	145
42	146
42	147
42	148
42	149
42	150
42	151
42	152
42	153
42	154
42	155
42	156
42	157
42	158
42	159
42	160
42	161
42	162
42	163
42	164
42	165
42	166
42	167
42	168
42	169
42	170
42	171
42	172
42	173
42	174
42	175
42	176
42	177
42	178
42	179
42	180
42	181
42	182
42	183
42	184
42	185
42	186
42	187
42	188
42	189
42	190
42	191
42	192
42	193
42	194
42	195
42	196
42	197
42	198
42	199
42	200
42	201
42	202
42	203
42	204
42	205
42	206
42	207
42	208
42	209
42	210
42	211
42	212
42	213
42	214
42	215
42	216
42	217
42	218
42	219
42	220
43	44
43	45
43	46
43	47
43	48
43	49
43	50
43	51
43	52
43	53
43	54
43	55
43	56
43	57
43	58
43	59
43	60
43	61
43	62
43	63
43	64
43	65
43	66
43	67
43	68
43	69
43	70
43	71
43	72
43	73
43	74
43	75
43	76
43	77
43	78
43	79
43	80
43	81
43	82
43	83
43	84
43	85
43	86
43	87
43	88
43	89
43	90
43	91
43	92
43	93
43	94
43	95
43	96
43	97
43	98
43	99
43	100
43	101
43	102
43	103
43	104
43	105
43	106
43	107
43	108
43	109
43	110
43	111
43	112
43	113
43	114
43	115
43	116
43	117
43	118
43	119
43	120
43	121
43	122
43	123
43	124
43	125
43	126
43	127
43	128
43	129
43	130
43	131
43	132
43	133
43	134
43	135
43	136
43	137
43	138
43	139
43	140
43	141
43	142
43	143
43	144
43	145
43	146
43	147
43	148
43	149
43	150
43	151
43	152
43	153
43	154
43	155
43	156
43	157
43	158
43	159
43	160
43	161
43	162
43	163
43	164
43	165
43	166
43	167
43	168
43	169
43	170
43	171
43	172
43	173
43	174
43	175
43	176
43	177
43	178
43	179
43	180
43	181
43	182
43	183
43	184
43	185
43	186
43	187
43	188
43	189
43	190
43	191
43	192
43	193
43	194
43	195
43	196
43	197
43	198
43	199
43	200
43	201
43	202
43	203
43	204
43	205
43	206
43	207
43	208
43	209
43	210
43	211
43	212
43	213
43	214
43	215
43	216
43	217
43	218
43	219
43	220
44	49
44	59
44	74
44	120
44	127
44	128
44	130
44	131
44	135
44	148
44	151
44	163
44	176
44	178
44	180
44	183
44	184
44	185
44	187
44	188
44	189
44	190
44	191
44	192
44	193
44	194
44	196
44	197
44	198
44	199
44	200
44	201
44	202
44	203
44	204
44	205
44	206
44	207
44	208
44	209
44	210
44	211
44	212
44	213
44	214
44	215
44	216
44	217
44	218
44	219
44	220
45	49
45	59
45	74
45	120
45	127
45	128
45	130
45	131
45	135
45	148
45	151
45	163
45	176
45	178
45	180
45	183
45	184
45	185
45	187
45	188
45	189
45	190
45	191
45	192
45	193
45	194
45	196
45	197
45	198
45	199
45	200
45	201
45	202
45	203
45	204
45	205
45	206
45	207
45	208
45	209
45	210
45	211
45	212
45	213
45	214
45	215
45	216
45	217
45	218
45	219
45	220
46	49
46	59
46	74
46	120
46	126
46	127
46	128
46	130
46	131
46	133
46	134
46	135
46	136
46	137
46	138
46	139
46	140
46	141
46	142
46	143
46	144
46	145
46	146
46	147
46	148
46	149
46	150
46	151
46	152
46	154
46	155
46	156
46	157
46	158
46	159
46	160
46	161
46	162
46	163
46	164
46	165
46	166
46	167
46	168
46	169
46	170
46	171
46	172
46	173
46	174
46	175
46	176
46	177
46	178
46	179
46	180
46	181
46	182
46	183
46	184
46	185
46	186
46	187
46	188
46	189
46	190
46	191
46	192
46	193
46	194
46	195
46	196
46	197
46	198
46	199
46	200
46	201
46	202
46	203
46	204
46	205
46	206
46	207
46	208
46	209
46	210
46	211
46	212
46	213
46	214
46	215
46	216
46	217
46	218
46	219
46	220
47	49
47	59
47	74
47	120
47	127
47	128
47	130
47	131
47	134
47	135
47	136
47	138
47	139
47	140
47	141
47	142
47	144
47	145
47	147
47	148
47	149
47	150
47	151
47	158
47	163
47	165
47	166
47	168
47	171
47	172
47	173
47	174
47	175
47	176
47	177
47	178
47	179
47	180
47	181
47	182
47	183
47	184
47	185
47	186
47	187
47	188
47	189
47	190
47	191
47	192
47	193
47	194
47	195
47	196
47	197
47	198
47	199
47	200
47	201
47	202
47	203
47	204
47	205
47	206
47	207
47	208
47	209
47	210
47	211
47	212
47	213
47	214
47	215
47	216
47	217
47	218
47	219
47	220
48	49
48	59
48	74
48	120
48	127
48	128
48	130
48	131
48	134
48	135
48	136
48	138
48	139
48	140
48	141
48	142
48	144
48	145
48	147
48	148
48	149
48	150
48	151
48	158
48	163
48	165
48	166
48	168
48	171
48	172
48	173
48	174
48	175
48	176
48	177
48	178
48	179
48	180
48	181
48	182
48	183
48	184
48	185
48	186
48	187
48	188
48	189
48	190
48	191
48	192
48	193
48	194
48	195
48	196
48	197
48	198
48	199
48	200
48	201
48	202
48	203
48	204
48	205
48	206
48	207
48	208
48	209
48	210
48	211
48	212
48	213
48	214
48	215
48	216
48	217
48	218
48	219
48	220
49	50
49	51
49	52
49	53
49	54
49	55
49	56
49	57
49	58
49	59
49	60
49	61
49	62
49	63
49	64
49	65
49	66
49	67
49	68
49	69
49	70
49	71
49	72
49	73
49	74
49	75
49	76
49	77
49	78
49	79
49	80
49	81
49	82
49	83
49	84
49	85
49	86
49	87
49	88
49	89
49	90
49	91
49	92
49	93
49	94
49	95
49	96
49	97
49	98
49	99
49	100
49	101
49	102
49	103
49	104
49	105
49	106
49	107
49	108
49	109
49	110
49	111
49	112
49	113
49	114
49	115
49	116
49	117
49	118
49	119
49	120
49	121
49	122
49	123
49	124
49	125
49	126
49	127
49	128
49	129
49	130
49	131
49	132
49	133
49	134
49	135
49	136
49	137
49	138
49	139
49	140
49	141
49	142
49	143
49	144
49	145
49	146
49	147
49	148
49	149
49	150
49	151
49	152
49	153
49	154
49	155
49	156
49	157
49	158
49	159
49	160
49	161
49	162
49	163
49	164
49	165
49	166
49	167
49	168
49	169
49	170
49	171
49	172
49	173
49	174
49	175
49	176
49	177
49	178
49	179
49	180
49	181
49	182
49	183
49	184
49	185
49	186
49	187
49	188
49	189
49	190
49	191
49	192
49	193
49	194
49	195
49	196
49	197
49	198
49	199
49	200
49	201
49	202
49	203
49	204
49	205
49	206
49	207
49	208
49	209
49	210
49	211
49	212
49	213
49	214
49	215
49	216
49	217
49	218
49	219
49	220
50	59
50	74
50	120
50	127
50	128
50	130
50	131
50	135
50	148
50	151
50	163
50	176
50	178
50	180
50	183
50	184
50	185
50	187
50	188
50	189
50	190
50	191
50	192
50	193
50	194
50	196
50	197
50	198
50	199
50	200
50	201
50	202
50	203
50	204
50	205
50	206
50	207
50	208
50	209
50	210
50	211
50	212
50	213
50	214
50	215
50	216
50	217
50	218
50	219
50	220
51	59
51	74
51	120
51	127
51	128
51	130
51	131
51	135
51	148
51	151
51	163
51	176
51	178
51	180
51	183
51	184
51	185
51	187
51	188
51	189
51	190
51	191
51	192
51	193
51	194
51	196
51	197
51	198
51	199
51	200
51	201
51	202
51	203
51	204
51	205
51	206
51	207
51	208
51	209
51	210
51	211
51	212
51	213
51	214
51	215
51	216
51	217
51	218
51	219
51	220
52	59
52	74
52	120
52	127
52	128
52	130
52	131
52	135
52	148
52	151
52	163
52	176
52	178
52	180
52	183
52	184
52	185
52	187
52	188
52	189
52	190
52	191
52	192
52	193
52	194
52	196
52	197
52	198
52	199
52	200
52	201
52	202
52	203
52	204
52	205
52	206
52	207
52	208
52	209
52	210
52	211
52	212
52	213
52	214
52	215
52	216
52	217
52	218
52	219
52	220
53	59
53	74
53	120
53	127
53	128
53	130
53	131
53	134
53	135
53	136
53	138
53	139
53	140
53	141
53	142
53	144
53	145
53	147
53	148
53	149
53	150
53	151
53	158
53	163
53	165
53	166
53	168
53	171
53	172
53	173
53	174
53	175
53	176
53	177
53	178
53	179
53	180
53	181
53	182
53	183
53	184
53	185
53	186
53	187
53	188
53	189
53	190
53	191
53	192
53	193
53	194
53	195
53	196
53	197
53	198
53	199
53	200
53	201
53	202
53	203
53	204
53	205
53	206
53	207
53	208
53	209
53	210
53	211
53	212
53	213
53	214
53	215
53	216
53	217
53	218
53	219
53	220
54	59
54	74
54	120
54	127
54	128
54	130
54	131
54	135
54	184
54	198
54	199
54	201
54	202
54	203
54	212
54	213
54	214
54	215
54	217
54	218
54	219
54	220
55	59
55	74
55	120
55	127
55	128
55	130
55	131
55	135
55	184
55	198
55	199
55	201
55	202
55	203
55	212
55	213
55	214
55	215
55	217
55	218
55	219
55	220
56	59
56	74
56	120
56	127
56	128
56	130
56	131
56	135
56	151
56	176
56	184
56	188
56	193
56	196
56	197
56	198
56	199
56	201
56	202
56	203
56	204
56	205
56	206
56	209
56	210
56	211
56	212
56	213
56	214
56	215
56	216
56	217
56	218
56	219
56	220
57	59
57	74
57	120
57	127
57	128
57	130
57	131
57	135
57	203
57	217
57	218
57	219
57	220
58	59
58	74
58	120
58	127
58	128
58	130
58	131
58	135
58	203
58	217
58	218
58	219
58	220
59	60
59	61
59	62
59	63
59	64
59	65
59	66
59	67
59	68
59	69
59	70
59	71
59	72
59	73
59	74
59	75
59	76
59	77
59	78
59	79
59	80
59	81
59	82
59	83
59	84
59	85
59	86
59	87
59	88
59	89
59	90
59	91
59	92
59	93
59	94
59	95
59	96
59	97
59	98
59	99
59	100
59	101
59	102
59	103
59	104
59	105
59	106
59	107
59	108
59	109
59	110
59	111
59	112
59	113
59	114
59	115
59	116
59	117
59	118
59	119
59	120
59	121
59	122
59	123
59	124
59	125
59	126
59	127
59	128
59	129
59	130
59	131
59	132
59	133
59	134
59	135
59	136
59	137
59	138
59	139
59	140
59	141
59	142
59	143
59	144
59	145
59	146
59	147
59	148
59	149
59	150
59	151
59	152
59	153
59	154
59	155
59	156
59	157
59	158
59	159
59	160
59	161
59	162
59	163
59	164
59	165
59	166
59	167
59	168
59	169
59	170
59	171
59	172
59	173
59	174
59	175
59	176
59	177
59	178
59	179
59	180
59	181
59	182
59	183
59	184
59	185
59	186
59	187
59	188
59	189
59	190
59	191
59	192
59	193
59	194
59	195
59	196
59	197
59	198
59	199
59	200
59	201
59	202
59	203
59	204
59	205
59	206
59	207
59	208
59	209
59	210
59	211
59	212
59	213
59	214
59	215
59	216
59	217
59	218
59	219
59	220
60	74
60	120
60	127
60	128
60	130
60	131
60	135
60	151
60	176
60	184
60	188
60	193
60	196
60	197
60	198
60	199
60	201
60	202
60	203
60	204
60	205
60	206
60	209
60	210
60	211
60	212
60	213
60	214
60	215
60	216
60	217
60	218
60	219
60	220
61	74
61	120
61	127
61	128
61	130
61	131
61	135
61	203
61	217
61	218
61	219
61	220
62	74
62	120
62	127
62	128
62	130
62	131
62	135
62	151
62	176
62	184
62	188
62	193
62	196
62	197
62	198
62	199
62	201
62	202
62	203
62	204
62	205
62	206
62	209
62	210
62	211
62	212
62	213
62	214
62	215
62	216
62	217
62	218
62	219
62	220
63	74
63	120
63	127
63	128
63	130
63	131
63	134
63	135
63	136
63	138
63	139
63	140
63	141
63	142
63	144
63	145
63	147
63	148
63	149
63	150
63	151
63	158
63	163
63	165
63	166
63	168
63	171
63	172
63	173
63	174
63	175
63	176
63	177
63	178
63	179
63	180
63	181
63	182
63	183
63	184
63	185
63	186
63	187
63	188
63	189
63	190
63	191
63	192
63	193
63	194
63	195
63	196
63	197
63	198
63	199
63	200
63	201
63	202
63	203
63	204
63	205
63	206
63	207
63	208
63	209
63	210
63	211
63	212
63	213
63	214
63	215
63	216
63	217
63	218
63	219
63	220
64	74
64	120
64	126
64	127
64	128
64	130
64	131
64	133
64	134
64	135
64	136
64	137
64	138
64	139
64	140
64	141
64	142
64	143
64	144
64	145
64	146
64	147
64	148
64	149
64	150
64	151
64	152
64	154
64	155
64	156
64	157
64	158
64	159
64	160
64	161
64	162
64	163
64	164
64	165
64	166
64	167
64	168
64	169
64	170
64	171
64	172
64	173
64	174
64	175
64	176
64	177
64	178
64	179
64	180
64	181
64	182
64	183
64	184
64	185
64	186
64	187
64	188
64	189
64	190
64	191
64	192
64	193
64	194
64	195
64	196
64	197
64	198
64	199
64	200
64	201
64	202
64	203
64	204
64	205
64	206
64	207
64	208
64	209
64	210
64	211
64	212
64	213
64	214
64	215
64	216
64	217
64	218
64	219
64	220
65	74
65	120
65	126
65	127
65	128
65	130
65	131
65	133
65	134
65	135
65	136
65	137
65	138
65	139
65	140
65	141
65	142
65	143
65	144
65	145
65	146
65	147
65	148
65	149
65	150
65	151
65	152
65	154
65	155
65	156
65	157
65	158
65	159
65	160
65	161
65	162
65	163
65	164
65	165
65	166
65	167
65	168
65	169
65	170
65	171
65	172
65	173
65	174
65	175
65	176
65	177
65	178
65	179
65	180
65	181
65	182
65	183
65	184
65	185
65	186
65	187
65	188
65	189
65	190
65	191
65	192
65	193
65	194
65	195
65	196
65	197
65	198
65	199
65	200
65	201
65	202
65	203
65	204
65	205
65	206
65	207
65	208
65	209
65	210
65	211
65	212
65	213
65	214
65	215
65	216
65	217
65	218
65	219
65	220
66	74
66	120
66	127
66	128
66	130
66	131
66	134
66	135
66	136
66	138
66	139
66	140
66	141
66	142
66	144
66	145
66	147
66	148
66	149
66	150
66	151
66	158
66	163
66	165
66	166
66	168
66	171
66	172
66	173
66	174
66	175
66	176
66	177
66	178
66	179
66	180
66	181
66	182
66	183
66	184
66	185
66	186
66	187
66	188
66	189
66	190
66	191
66	192
66	193
66	194
66	195
66	196
66	197
66	198
66	199
66	200
66	201
66	202
66	203
66	204
66	205
66	206
66	207
66	208
66	209
66	210
66	211
66	212
66	213
66	214
66	215
66	216
66	217
66	218
66	219
66	220
67	74
67	120
67	127
67	128
67	130
67	131
67	134
67	135
67	136
67	138
67	139
67	140
67	141
67	142
67	144
67	145
67	147
67	148
67	149
67	150
67	151
67	158
67	163
67	165
67	166
67	168
67	171
67	172
67	173
67	174
67	175
67	176
67	177
67	178
67	179
67	180
67	181
67	182
67	183
67	184
67	185
67	186
67	187
67	188
67	189
67	190
67	191
67	192
67	193
67	194
67	195
67	196
67	197
67	198
67	199
67	200
67	201
67	202
67	203
67	204
67	205
67	206
67	207
67	208
67	209
67	210
67	211
67	212
67	213
67	214
67	215
67	216
67	217
67	218
67	219
67	220
68	74
68	120
68	127
68	128
68	130
68	131
68	134
68	135
68	136
68	138
68	139
68	140
68	141
68	142
68	144
68	145
68	147
68	148
68	149
68	150
68	151
68	158
68	163
68	165
68	166
68	168
68	171
68	172
68	173
68	174
68	175
68	176
68	177
68	178
68	179
68	180
68	181
68	182
68	183
68	184
68	185
68	186
68	187
68	188
68	189
68	190
68	191
68	192
68	193
68	194
68	195
68	196
68	197
68	198
68	199
68	200
68	201
68	202
68	203
68	204
68	205
68	206
68	207
68	208
68	209
68	210
68	211
68	212
68	213
68	214
68	215
68	216
68	217
68	218
68	219
68	220
69	74
69	120
69	127
69	128
69	130
69	131
69	134
69	135
69	136
69	138
69	139
69	140
69	141
69	142
69	144
69	145
69	147
69	148
69	149
69	150
69	151
69	158
69	163
69	165
69	166
69	168
69	171
69	172
69	173
69	174
69	175
69	176
69	177
69	178
69	179
69	180
69	181
69	182
69	183
69	184
69	185
69	186
69	187
69	188
69	189
69	190
69	191
69	192
69	193
69	194
69	195
69	196
69	197
69	198
69	199
69	200
69	201
69	202
69	203
69	204
69	205
69	206
69	207
69	208
69	209
69	210
69	211
69	212
69	213
69	214
69	215
69	216
69	217
69	218
69	219
69	220
70	74
70	120
70	127
70	128
70	130
70	131
70	135
70	148
70	151
70	163
70	176
70	178
70	180
70	183
70	184
70	185
70	187
70	188
70	189
70	190
70	191
70	192
70	193
70	194
70	196
70	197
70	198
70	199
70	200
70	201
70	202
70	203
70	204
70	205
70	206
70	207
70	208
70	209
70	210
70	211
70	212
70	213
70	214
70	215
70	216
70	217
70	218
70	219
70	220
71	74
71	120
71	127
71	128
71	130
71	131
71	134
71	135
71	136
71	138
71	139
71	140
71	141
71	142
71	144
71	145
71	147
71	148
71	149
71	150
71	151
71	158
71	163
71	165
71	166
71	168
71	171
71	172
71	173
71	174
71	175
71	176
71	177
71	178
71	179
71	180
71	181
71	182
71	183
71	184
71	185
71	186
71	187
71	188
71	189
71	190
71	191
71	192
71	193
71	194
71	195
71	196
71	197
71	198
71	199
71	200
71	201
71	202
71	203
71	204
71	205
71	206
71	207
71	208
71	209
71	210
71	211
71	212
71	213
71	214
71	215
71	216
71	217
71	218
71	219
71	220
72	74
72	120
72	127
72	128
72	130
72	131
72	135
72	151
72	176
72	184
72	188
72	193
72	196
72	197
72	198
72	199
72	201
72	202
72	203
72	204
72	205
72	206
72	209
72	210
72	211
72	212
72	213
72	214
72	215
72	216
72	217
72	218
72	219
72	220
73	74
73	120
73	127
73	128
73	130
73	131
73	135
73	151
73	176
73	184
73	188
73	193
73	196
73	197
73	198
73	199
73	201
73	202
73	203
73	204
73	205
73	206
73	209
73	210
73	211
73	212
73	213
73	214
73	215
73	216
73	217
73	218
73	219
73	220
74	75
74	76
74	77
74	78
74	79
74	80
74	81
74	82
74	83
74	84
74	85
74	86
74	87
74	88
74	89
74	90
74	91
74	92
74	93
74	94
74	95
74	96
74	97
74	98
74	99
74	100
74	101
74	102
74	103
74	104
74	105
74	106
74	107
74	108
74	109
74	110
74	111
74	112
74	113
74	114
74	115
74	116
74	117
74	118
74	119
74	120
74	121
74	122
74	123
74	124
74	125
74	126
74	127
74	128
74	129
74	130
74	131
74	132
74	133
74	134
74	135
74	136
74	137
74	138
74	139
74	140
74	141
74	142
74	143
74	144
74	145
74	146
74	147
74	148
74	149
74	150
74	151
74	152
74	153
74	154
74	155
74	156
74	157
74	158
74	159
74	160
74	161
74	162
74	163
74	164
74	165
74	166
74	167
74	168
74	169
74	170
74	171
74	172
74	173
74	174
74	175
74	176
74	177
74	178
74	179
74	180
74	181
74	182
74	183
74	184
74	185
74	186
74	187
74	188
74	189
74	190
74	191
74	192
74	193
74	194
74	195
74	196
74	197
74	198
74	199
74	200
74	201
74	202
74	203
74	204
74	205
74	206
74	207
74	208
74	209
74	210
74	211
74	212
74	213
74	214
74	215
74	216
74	217
74	218
74	219
74	220
75	120
75	127
75	128
75	130
75	131
75	135
75	151
75	176
75	184
75	188
75	193
75	196
75	197
75	198
75	199
75	201
75	202
75	203
75	204
75	205
75	206
75	209
75	210
75	211
75	212
75	213
75	214
75	215
75	216
75	217
75	218
75	219
75	220
76	120
76	127
76	128
76	130
76	131
76	135
76	148
76	151
76	163
76	176
76	178
76	180
76	183
76	184
76	185
76	187
76	188
76	189
76	190
76	191
76	192
76	193
76	194
76	196
76	197
76	198
76	199
76	200
76	201
76	202
76	203
76	204
76	205
76	206
76	207
76	208
76	209
76	210
76	211
76	212
76	213
76	214
76	215
76	216
76	217
76	218
76	219
76	220
77	120
77	127
77	128
77	130
77	131
77	135
77	184
77	198
77	199
77	201
77	202
77	203
77	212
77	213
77	214
77	215
77	217
77	218
77	219
77	220
78	120
78	127
78	128
78	130
78	131
78	135
78	184
78	198
78	199
78	201
78	202
78	203
78	212
78	213
78	214
78	215
78	217
78	218
78	219
78	220
79	120
79	127
79	128
79	130
79	131
79	135
79	151
79	176
79	184
79	188
79	193
79	196
79	197
79	198
79	199
79	201
79	202
79	203
79	204
79	205
79	206
79	209
79	210
79	211
79	212
79	213
79	214
79	215
79	216
79	217
79	218
79	219
79	220
80	120
80	127
80	128
80	130
80	131
80	135
80	184
80	198
80	199
80	201
80	202
80	203
80	212
80	213
80	214
80	215
80	217
80	218
80	219
80	220
81	120
81	127
81	128
81	130
81	131
81	135
81	184
81	198
81	199
81	201
81	202
81	203
81	212
81	213
81	214
81	215
81	217
81	218
81	219
81	220
82	120
82	127
82	128
82	130
82	131
82	135
82	151
82	176
82	184
82	188
82	193
82	196
82	197
82	198
82	199
82	201
82	202
82	203
82	204
82	205
82	206
82	209
82	210
82	211
82	212
82	213
82	214
82	215
82	216
82	217
82	218
82	219
82	220
83	120
83	127
83	128
83	130
83	131
83	135
83	184
83	198
83	199
83	201
83	202
83	203
83	212
83	213
83	214
83	215
83	217
83	218
83	219
83	220
84	120
84	127
84	128
84	130
84	131
84	135
84	151
84	176
84	184
84	188
84	193
84	196
84	197
84	198
84	199
84	201
84	202
84	203
84	204
84	205
84	206
84	209
84	210
84	211
84	212
84	213
84	214
84	215
84	216
84	217
84	218
84	219
84	220
85	120
85	127
85	128
85	130
85	131
85	135
85	151
85	176
85	184
85	188
85	193
85	196
85	197
85	198
85	199
85	201
85	202
85	203
85	204
85	205
85	206
85	209
85	210
85	211
85	212
85	213
85	214
85	215
85	216
85	217
85	218
85	219
85	220
86	120
86	127
86	128
86	130
86	131
86	135
86	148
86	151
86	163
86	176
86	178
86	180
86	183
86	184
86	185
86	187
86	188
86	189
86	190
86	191
86	192
86	193
86	194
86	196
86	197
86	198
86	199
86	200
86	201
86	202
86	203
86	204
86	205
86	206
86	207
86	208
86	209
86	210
86	211
86	212
86	213
86	214
86	215
86	216
86	217
86	218
86	219
86	220
87	120
87	127
87	128
87	130
87	131
87	135
87	184
87	198
87	199
87	201
87	202
87	203
87	212
87	213
87	214
87	215
87	217
87	218
87	219
87	220
88	120
88	127
88	128
88	130
88	131
88	135
88	184
88	198
88	199
88	201
88	202
88	203
88	212
88	213
88	214
88	215
88	217
88	218
88	219
88	220
89	120
89	127
89	128
89	130
89	131
89	135
89	184
89	198
89	199
89	201
89	202
89	203
89	212
89	213
89	214
89	215
89	217
89	218
89	219
89	220
90	120
90	127
90	128
90	130
90	131
90	135
90	151
90	176
90	184
90	188
90	193
90	196
90	197
90	198
90	199
90	201
90	202
90	203
90	204
90	205
90	206
90	209
90	210
90	211
90	212
90	213
90	214
90	215
90	216
90	217
90	218
90	219
90	220
91	120
91	127
91	128
91	130
91	131
91	135
91	184
91	198
91	199
91	201
91	202
91	203
91	212
91	213
91	214
91	215
91	217
91	218
91	219
91	220
92	120
92	127
92	128
92	130
92	131
92	135
92	151
92	176
92	184
92	188
92	193
92	196
92	197
92	198
92	199
92	201
92	202
92	203
92	204
92	205
92	206
92	209
92	210
92	211
92	212
92	213
92	214
92	215
92	216
92	217
92	218
92	219
92	220
93	120
93	127
93	128
93	130
93	131
93	135
93	184
93	198
93	199
93	201
93	202
93	203
93	212
93	213
93	214
93	215
93	217
93	218
93	219
93	220
94	120
94	127
94	128
94	130
94	131
94	135
94	151
94	176
94	184
94	188
94	193
94	196
94	197
94	198
94	199
94	201
94	202
94	203
94	204
94	205
94	206
94	209
94	210
94	211
94	212
94	213
94	214
94	215
94	216
94	217
94	218
94	219
94	220
95	120
95	127
95	128
95	130
95	131
95	135
95	151
95	176
95	184
95	188
95	193
95	196
95	197
95	198
95	199
95	201
95	202
95	203
95	204
95	205
95	206
95	209
95	210
95	211
95	212
95	213
95	214
95	215
95	216
95	217
95	218
95	219
95	220
96	120
96	127
96	128
96	130
96	131
96	135
96	184
96	198
96	199
96	201
96	202
96	203
96	212
96	213
96	214
96	215
96	217
96	218
96	219
96	220
97	120
97	127
97	128
97	130
97	131
97	135
97	203
97	217
97	218
97	219
97	220
98	120
98	127
98	128
98	130
98	131
98	135
98	184
98	198
98	199
98	201
98	202
98	203
98	212
98	213
98	214
98	215
98	217
98	218
98	219
98	220
99	120
99	127
99	128
99	130
99	131
99	135
99	184
99	198
99	199
99	201
99	202
99	203
99	212
99	213
99	214
99	215
99	217
99	218
99	219
99	220
100	120
100	127
100	128
100	130
100	131
100	135
100	151
100	176
100	184
100	188
100	193
100	196
100	197
100	198
100	199
100	201
100	202
100	203
100	204
100	205
100	206
100	209
100	210
100	211
100	212
100	213
100	214
100	215
100	216
100	217
100	218
100	219
100	220
101	120
101	127
101	128
101	130
101	131
101	135
101	151
101	176
101	184
101	188
101	193
101	196
101	197
101	198
101	199
101	201
101	202
101	203
101	204
101	205
101	206
101	209
101	210
101	211
101	212
101	213
101	214
101	215
101	216
101	217
101	218
101	219
101	220
102	120
102	127
102	128
102	130
102	131
102	135
102	151
102	176
102	184
102	188
102	193
102	196
102	197
102	198
102	199
102	201
102	202
102	203
102	204
102	205
102	206
102	209
102	210
102	211
102	212
102	213
102	214
102	215
102	216
102	217
102	218
102	219
102	220
103	120
103	127
103	128
103	130
103	131
103	135
103	184
103	198
103	199
103	201
103	202
103	203
103	212
103	213
103	214
103	215
103	217
103	218
103	219
103	220
104	120
104	127
104	128
104	130
104	131
104	135
104	151
104	176
104	184
104	188
104	193
104	196
104	197
104	198
104	199
104	201
104	202
104	203
104	204
104	205
104	206
104	209
104	210
104	211
104	212
104	213
104	214
104	215
104	216
104	217
104	218
104	219
104	220
105	120
105	127
105	128
105	130
105	131
105	135
105	151
105	176
105	184
105	188
105	193
105	196
105	197
105	198
105	199
105	201
105	202
105	203
105	204
105	205
105	206
105	209
105	210
105	211
105	212
105	213
105	214
105	215
105	216
105	217
105	218
105	219
105	220
106	120
106	127
106	128
106	130
106	131
106	135
106	184
106	198
106	199
106	201
106	202
106	203
106	212
106	213
106	214
106	215
106	217
106	218
106	219
106	220
107	120
107	127
107	128
107	130
107	131
107	135
107	151
107	176
107	184
107	188
107	193
107	196
107	197
107	198
107	199
107	201
107	202
107	203
107	204
107	205
107	206
107	209
107	210
107	211
107	212
107	213
107	214
107	215
107	216
107	217
107	218
107	219
107	220
108	120
108	127
108	128
108	130
108	131
108	135
108	184
108	198
108	199
108	201
108	202
108	203
108	212
108	213
108	214
108	215
108	217
108	218
108	219
108	220
109	120
109	127
109	128
109	130
109	131
109	135
109	151
109	176
109	184
109	188
109	193
109	196
109	197
109	198
109	199
109	201
109	202
109	203
109	204
109	205
109	206
109	209
109	210
109	211
109	212
109	213
109	214
109	215
109	216
109	217
109	218
109	219
109	220
110	120
110	127
110	128
110	130
110	131
110	135
110	203
110	217
110	218
110	219
110	220
111	120
111	127
111	128
111	130
111	131
111	135
111	184
111	198
111	199
111	201
111	202
111	203
111	212
111	213
111	214
111	215
111	217
111	218
111	219
111	220
112	120
112	127
112	128
112	130
112	131
112	135
112	151
112	176
112	184
112	188
112	193
112	196
112	197
112	198
112	199
112	201
112	202
112	203
112	204
112	205
112	206
112	209
112	210
112	211
112	212
112	213
112	214
112	215
112	216
112	217
112	218
112	219
112	220
113	120
113	127
113	128
113	130
113	131
113	135
113	148
113	151
113	163
113	176
113	178
113	180
113	183
113	184
113	185
113	187
113	188
113	189
113	190
113	191
113	192
113	193
113	194
113	196
113	197
113	198
113	199
113	200
113	201
113	202
113	203
113	204
113	205
113	206
113	207
113	208
113	209
113	210
113	211
113	212
113	213
113	214
113	215
113	216
113	217
113	218
113	219
113	220
114	120
114	127
114	128
114	130
114	131
114	135
114	151
114	176
114	184
114	188
114	193
114	196
114	197
114	198
114	199
114	201
114	202
114	203
114	204
114	205
114	206
114	209
114	210
114	211
114	212
114	213
114	214
114	215
114	216
114	217
114	218
114	219
114	220
115	120
115	127
115	128
115	130
115	131
115	135
115	217
115	218
115	219
115	220
116	120
116	127
116	128
116	130
116	131
116	135
116	217
116	218
116	219
116	220
117	120
117	127
117	128
117	130
117	131
117	135
117	184
117	198
117	199
117	201
117	202
117	203
117	212
117	213
117	214
117	215
117	217
117	218
117	219
117	220
118	120
118	127
118	128
118	130
118	131
118	135
118	184
118	198
118	199
118	201
118	202
118	203
118	212
118	213
118	214
118	215
118	217
118	218
118	219
118	220
119	120
119	127
119	128
119	130
119	131
119	135
119	184
119	198
119	199
119	201
119	202
119	203
119	212
119	213
119	214
119	215
119	217
119	218
119	219
119	220
120	121
120	122
120	123
120	124
120	125
120	126
120	127
120	128
120	129
120	130
120	131
120	132
120	133
120	134
120	135
120	136
120	137
120	138
120	139
120	140
120	141
120	142
120	143
120	144
120	145
120	146
120	147
120	148
120	149
120	150
120	151
120	152
120	153
120	154
120	155
120	156
120	157
120	158
120	159
120	160
120	161
120	162
120	163
120	164
120	165
120	166
120	167
120	168
120	169
120	170
120	171
120	172
120	173
120	174
120	175
120	176
120	177
120	178
120	179
120	180
120	181
120	182
120	183
120	184
120	185
120	186
120	187
120	188
120	189
120	190
120	191
120	192
120	193
120	194
120	195
120	196
120	197
120	198
120	199
120	200
120	201
120	202
120	203
120	204
120	205
120	206
120	207
120	208
120	209
120	210
120	211
120	212
120	213
120	214
120	215
120	216
120	217
120	218
120	219
120	220
121	127
121	128
121	130
121	131
121	135
121	217
121	218
121	219
121	220
122	127
122	128
122	130
122	131
122	135
122	217
122	218
122	219
122	220
123	127
123	128
123	130
123	131
123	135
123	217
123	218
123	219
123	220
124	127
124	128
124	130
124	131
124	135
124	217
124	218
124	219
124	220
125	127
125	128
125	130
125	131
125	135
125	217
125	218
125	219
125	220
126	127
126	128
126	130
126	131
126	135
126	217
126	218
126	219
126	220
127	129
127	130
127	131
127	132
127	133
127	134
127	135
127	136
127	137
127	138
127	139
127	140
127	141
127	142
127	143
127	144
127	145
127	146
127	147
127	148
127	149
127	150
127	151
127	152
127	153
127	154
127	155
127	156
127	157
127	158
127	159
127	160
127	161
127	162
127	163
127	164
127	165
127	166
127	167
127	168
127	169
127	170
127	171
127	172
127	173
127	174
127	175
127	176
127	177
127	178
127	179
127	180
127	181
127	182
127	183
127	184
127	185
127	186
127	187
127	188
127	189
127	190
127	191
127	192
127	193
127	194
127	195
127	196
127	197
127	198
127	199
127	200
127	201
127	202
127	203
127	204
127	205
127	206
127	207
127	208
127	209
127	210
127	211
127	212
127	213
127	214
127	215
127	216
127	217
127	218
127	219
127	220
128	129
128	130
128	131
128	132
128	133
128	134
128	135
128	136
128	137
128	138
128	139
128	140
128	141
128	142
128	143
128	144
128	145
128	146
128	147
128	148
128	149
128	150
128	151
128	152
128	153
128	154
128	155
128	156
128	157
128	158
128	159
128	160
128	161
128	162
128	163
128	164
128	165
128	166
128	167
128	168
128	169
128	170
128	171
128	172
128	173
128	174
128	175
128	176
128	177
128	178
128	179
128	180
128	181
128	182
128	183
128	184
128	185
128	186
128	187
128	188
128	189
128	190
128	191
128	192
128	193
128	194
128	195
128	196
128	197
128	198
128	199
128	200
128	201
128	202
128	203
128	204
128	205
128	206
128	207
128	208
128	209
128	210
128	211
128	212
128	213
128	214
128	215
128	216
128	217
128	218
128	219
128	220
129	130
129	131
129	135
129	217
129	218
129	219
129	220
130	132
130	133
130	134
130	135
130	136
130	137
130	138
130	139
130	140
130	141
130	142
130	143
130	144
130	145
130	146
130	147
130	148
130	149
130	150
130	151
130	152
130	153
130	154
130	155
130	156
130	157
130	158
130	159
130	160
130	161
130	162
130	163
130	164
130	165
130	166
130	167
130	168
130	169
130	170
130	171
130	172
130	173
130	174
130	175
130	176
130	177
130	178
130	179
130	180
130	181
130	182
130	183
130	184
130	185
130	186
130	187
130	188
130	189
130	190
130	191
130	192
130	193
130	194
130	195
130	196
130	197
130	198
130	199
130	200
130	201
130	202
130	203
130	204
130	205
130	206
130	207
130	208
130	209
130	210
130	211
130	212
130	213
130	214
130	215
130	216
130	217
130	218
130	219
130	220
131	132
131	133
131	134
131	135
131	136
131	137
131	138
131	139
131	140
131	141
131	142
131	143
131	144
131	145
131	146
131	147
131	148
131	149
131	150
131	151
131	152
131	153
131	154
131	155
131	156
131	157
131	158
131	159
131	160
131	161
131	162
131	163
131	164
131	165
131	166
131	167
131	168
131	169
131	170
131	171
131	172
131	173
131	174
131	175
131	176
131	177
131	178
131	179
131	180
131	181
131	182
131	183
131	184
131	185
131	186
131	187
131	188
131	189
131	190
131	191
131	192
131	193
131	194
131	195
131	196
131	197
131	198
131	199
131	200
131	201
131	202
131	203
131	204
131	205
131	206
131	207
131	208
131	209
131	210
131	211
131	212
131	213
131	214
131	215
131	216
131	217
131	218
131	219
131	220
132	135
132	217
132	218
132	219
132	220
133	135
133	217
133	218
133	219
133	220
134	135
134	217
134	218
134	219
134	220
135	136
135	137
135	138
135	139
135	140
135	141
135	142
135	143
135	144
135	145
135	146
135	147
135	148
135	149
135	150
135	151
135	152
135	153
135	154
135	155
135	156
135	157
135	158
135	159
135	160
135	161
135	162
135	163
135	164
135	165
135	166
135	167
135	168
135	169
135	170
135	171
135	172
135	173
135	174
135	175
135	176
135	177
135	178
135	179
135	180
135	181
135	182
135	183
135	184
135	185
135	186
135	187
135	188
135	189
135	190
135	191
135	192
135	193
135	194
135	195
135	196
135	197
135	198
135	199
135	200
135	201
135	202
135	203
135	204
135	205
135	206
135	207
135	208
135	209
135	210
135	211
135	212
135	213
135	214
135	215
135	216
135	217
135	218
135	219
135	220
136	217
136	218
136	219
136	220
137	217
137	218
137	219
137	220
138	217
138	218
138	219
138	220
139	217
139	218
139	219
139	220
140	217
140	218
140	219
140	220
141	217
141	218
141	219
141	220
142	217
142	218
142	219
142	220
143	217
143	218
143	219
143	220
144	217
144	218
144	219
144	220
145	217
145	218
145	219
145	220
146	217
146	218
146	219
146	220
147	217
147	218
147	219
147	220
148	217
148	218
148	219
148	220
149	217
149	218
149	219
149	220
150	217
150	218
150	219
150	220
151	217
151	218
151	219
151	220
152	217
152	218
152	219
152	220
153	217
153	218
153	219
153	220
154	217
154	218
154	219
154	220
155	217
155	218
155	219
155	220
156	217
156	218
156	219
156	220
157	217
157	218
157	219
157	220
158	217
158	218
158	219
158	220
159	217
159	218
159	219
159	220
160	217
160	218
160	219
160	220
161	217
161	218
161	219
161	220
162	217
162	218
162	219
162	220
163	217
163	218
163	219
163	220
164	217
164	218
164	219
164	220
165	217
165	218
165	219
165	220
166	217
166	218
166	219
166	220
167	217
167	218
167	219
167	220
168	217
168	218
168	219
168	220
169	217
169	218
169	219
169	220
170	217
170	218
170	219
170	220
171	217
171	218
171	219
171	220
172	217
172	218
172	219
172	220
173	217
173	218
173	219
173	220
174	217
174	218
174	219
174	220
175	217
175	218
175	219
175	220
176	217
176	218
176	219
176	220
177	217
177	218
177	219
177	220
178	217
178	218
178	219
178	220
179	217
179	218
179	219
179	220
180	217
180	218
180	219
180	220
181	217
181	218
181	219
181	220
182	217
182	218
182	219
182	220
183	217
183	218
183	219
183	220
184	217
184	218
184	219
184	220
185	217
185	218
185	219
185	220
186	217
186	218
186	219
186	220
187	217
187	218
187	219
187	220
188	217
188	218
188	219
188	220
189	217
189	218
189	219
189	220
190	217
190	218
190	219
190	220
191	217
191	218
191	219
191	220
192	217
192	218
192	219
192	220
193	217
193	218
193	219
193	220
194	217
194	218
194	219
194	220
195	217
195	218
195	219
195	220
196	217
196	218
196	219
196	220
197	217
197	218
197	219
197	220
198	217
198	218
198	219
198	220
199	217
199	218
199	219
199	220
200	217
200	218
200	219
200	220
201	217
201	218
201	219
201	220
202	217
202	218
202	219
202	220
203	217
203	218
203	219
203	220
204	217
204	218
204	219
204	220
205	217
205	218
205	219
205	220
206	217
206	218
206	219
206	220
207	217
207	218
207	219
207	220
208	217
208	218
208	219
208	220
209	217
209	218
209	219
209	220
210	217
210	218
210	219
210	220
211	217
211	218
211	219
211	220
212	217
212	218
212	219
212	220
213	217
213	218
213	219
213	220
214	217
214	218
214	219
214	220
215	217
215	218
215	219
215	220
216	217
216	218
216	219
216	220
217	219
217	220
218	219
218	220