220	3379
1	21
1	42
1	43
1	49
1	59
1	74
1	120
1	127
1	128
1	130
1	131
1	135
1	217
1	218
1	219
1	220
2	21
2	42
2	43
2	49
2	59
2	74
2	120
2	127
2	128
2	130
2	131
2	135
2	217
2	218
2	219
2	220
3	21
3	42
3	43
3	49
3	59
3	74
3	120
3	127
3	128
3	130
3	131
3	135
3	217
3	218
3	219
3	220
4	21
4	42
4	43
4	49
4	59
4	74
4	120
4	127
4	128
4	130
4	131
4	135
4	217
4	218
4	219
4	220
5	21
5	42
5	43
5	49
5	59
5	74
5	120
5	127
5	128
5	130
5	131
5	135
5	217
5	218
5	219
5	220
6	21
6	42
6	43
6	49
6	59
6	74
6	120
6	127
6	128
6	130
6	131
6	135
6	217
6	218
6	219
6	220
7	21
7	42
7	43
7	49
7	59
7	74
7	120
7	127
7	128
7	130
7	131
7	135
7	217
7	218
7	219
7	220
8	21
8	42
8	43
8	49
8	59
8	74
8	120
8	127
8	128
8	130
8	131
8	135
8	217
8	218
8	219
8	220
9	21
9	42
9	43
9	49
9	59
9	74
9	120
9	127
9	128
9	130
9	131
9	135
9	217
9	218
9	219
9	220
10	21
10	42
10	43
10	49
10	59
10	74
10	120
10	127
10	128
10	130
10	131
10	135
10	217
10	218
10	219
10	220
11	21
11	42
11	43
11	49
11	59
11	74
11	120
11	127
11	128
11	130
11	131
11	135
11	217
11	218
11	219
11	220
12	21
12	42
12	43
12	49
12	59
12	74
12	120
12	127
12	128
12	130
12	131
12	135
12	217
12	218
12	219
12	220
13	21
13	42
13	43
13	49
13	59
13	74
13	120
13	127
13	128
13	130
13	131
13	135
13	217
13	218
13	219
13	220
14	21
14	42
14	43
14	49
14	59
14	74
14	120
14	127
14	128
14	130
14	131
14	135
14	217
14	218
14	219
14	220
15	21
15	42
15	43
15	49
15	59
15	74
15	120
15	127
15	128
15	130
15	131
15	135
15	217
15	218
15	219
15	220
16	21
16	42
16	43
16	49
16	59
16	74
16	120
16	127
16	128
16	130
16	131
16	135
16	217
16	218
16	219
16	220
17	21
17	42
17	43
17	49
17	59
17	74
17	120
17	127
17	128
17	130
17	131
17	135
17	217
17	218
17	219
17	220
18	21
18	42
18	43
18	49
18	59
18	74
18	120
18	127
18	128
18	130
18	131
18	135
18	217
18	218
18	219
18	220
19	21
19	42
19	43
19	49
19	59
19	74
19	120
19	127
19	128
19	130
19	131
19	135
19	217
19	218
19	219
19	220
20	21
20	42
20	43
20	49
20	59
20	74
20	120
20	127
20	128
20	130
20	131
20	135
20	217
20	218
20	219
20	220
21	22
21	23
21	24
21	25
21	26
21	27
21	28
21	29
21	30
21	31
21	32
21	33
21	34
21	35
21	36
21	37
21	38
21	39
21	40
21	41
21	42
21	43
21	44
21	45
21	46
21	47
21	48
21	49
21	50
21	51
21	52
21	53
21	54
21	55
21	56
21	57
21	58
21	59
21	60
21	61
21	62
21	63
21	64
21	65
21	66
21	67
21	68
21	69
21	70
21	71
21	72
21	73
21	74
21	75
21	76
21	77
21	78
21	79
21	80
21	81
21	82
21	83
21	84
21	85
21	86
21	87
21	88
21	89
21	90
21	91
21	92
21	93
21	94
21	95
21	96
21	97
21	98
21	99
21	100
21	101
21	102
21	103
21	104
21	105
21	106
21	107
21	108
21	109
21	110
21	111
21	112
21	113
21	114
21	115
21	116
21	117
21	118
21	119
21	120
21	121
21	122
21	123
21	124
21	125
21	126
21	127
21	128
21	129
21	130
21	131
21	132
21	133
21	134
21	135
21	136
21	137
21	138
21	139
21	140
21	141
21	142
21	143
21	144
21	145
21	146
21	147
21	148
21	149
21	150
21	151
21	152
21	153
21	154
21	155
21	156
21	157
21	158
21	159
21	160
21	161
21	162
21	163
21	164
21	165
21	166
21	167
21	168
21	169
21	170
21	171
21	172
21	173
21	174
21	175
21	176
21	177
21	178
21	179
21	180
21	181
21	182
21	183
21	184
21	185
21	186
21	187
21	188
21	189
21	190
21	191
21	192
21	193
21	194
21	195
21	196
21	197
21	198
21	199
21	200
21	201
21	202
21	203
21	204
21	205
21	206
21	207
21	208
21	209
21	210
21	211
21	212
21	213
21	214
21	215
21	216
21	217
21	218
21	219
21	220
22	42
22	43
22	49
22	59
22	74
22	120
22	127
22	128
22	130
22	131
22	135
22	217
22	218
22	219
22	220
23	42
23	43
23	49
23	59
23	74
23	120
23	127
23	128
23	130
23	131
23	135
23	217
23	218
23	219
23	220
24	42
24	43
24	49
24	59
24	74
24	120
24	127
24	128
24	130
24	131
24	135
24	217
24	218
24	219
24	220
25	42
25	43
25	49
25	59
25	74
25	120
25	127
25	128
25	130
25	131
25	135
25	217
25	218
25	219
25	220
26	42
26	43
26	49
26	59
26	74
26	120
26	127
26	128
26	130
26	131
26	135
26	217
26	218
26	219
26	220
27	42
27	43
27	49
27	59
27	74
27	120
27	127
27	128
27	130
27	131
27	135
27	217
27	218
27	219
27	220
28	42
28	43
28	49
28	59
28	74
28	120
28	127
28	128
28	130
28	131
28	135
28	217
28	218
28	219
28	220
29	42
29	43
29	49
29	59
29	74
29	120
29	127
29	128
29	130
29	131
29	135
29	217
29	218
29	219
29	220
30	42
30	43
30	49
30	59
30	74
30	120
30	127
30	128
30	130
30	131
30	135
30	217
30	218
30	219
30	220
31	42
31	43
31	49
31	59
31	74
31	120
31	127
31	128
31	130
31	131
31	135
31	217
31	218
31	219
31	220
32	42
32	43
32	49
32	59
32	74
32	120
32	127
32	128
32	130
32	131
32	135
32	217
32	218
32	219
32	220
33	42
33	43
33	49
33	59
33	74
33	120
33	127
33	128
33	130
33	131
33	135
33	217
33	218
33	219
33	220
34	42
34	43
34	49
34	59
34	74
34	120
34	127
34	128
34	130
34	131
34	135
34	217
34	218
34	219
34	220
35	42
35	43
35	49
35	59
35	74
35	120
35	127
35	128
35	130
35	131
35	135
35	217
35	218
35	219
35	220
36	42
36	43
36	49
36	59
36	74
36	120
36	127
36	128
36	130
36	131
36	135
36	217
36	218
36	219
36	220
37	42
37	43
37	49
37	59
37	74
37	120
37	127
37	128
37	130
37	131
37	135
37	217
37	218
37	219
37	220
38	42
38	43
38	49
38	59
38	74
38	120
38	127
38	128
38	130
38	131
38	135
38	217
38	218
38	219
38	220
39	42
39	43
39	49
39	59
39	74
39	120
39	127
39	128
39	130
39	131
39	135
39	217
39	218
39	219
39	220
40	42
40	43
40	49
40	59
40	74
40	120
40	127
40	128
40	130
40	131
40	135
40	217
40	218
40	219
40	220
41	42
41	43
41	49
41	59
41	74
41	120
41	127
41	128
41	130
41	131
41	135
41	217
41	218
41	219
41	220
42	44
42	45
42	46
42	47
42	48
42	49
42	50
42	51
42	52
42	53
42	54
42	55
42	56
42	57
42	58
42	59
42	60
42	61
42	62
42	63
42	64
42	65
42	66
42	67
42	68
42	69
42	70
42	71
42	72
42	73
42	74
42	75
42	76
42	77
42	78
42	79
42	80
42	81
42	82
42	83
42	84
42	85
42	86
42	87
42	88
42	89
42	90
42	91
42	92
42	93
42	94
42	95
42	96
42	97
42	98
42	99
42	100
42	101
42	102
42	103
42	104
42	105
42	106
42	107
42	108
42	109
42	110
42	111
42	112
42	113
42	114
42	115
42	116
42	117
42	118
42	119
42	120
42	121
42	122
42	123
42	124
42	125
42	126
42	127
42	128
42	129
42	130
42	131
42	132
42	133
42	134
42	135
42	136
42	137
42	138
42	139
42	140
42	141
42	142
42	143
42	144
42	145
42	146
42	147
42	148
42	149
42	150
42	151
42	152
42	153
42	154
42	155
42	156
42	157
42	158
42	159
42	160
42	161
42	162
42	163
42	164
42	165
42	166
42	167
42	168
42	169
42	170
42	171
42	172
42	173
42	174
42	175
42	176
42	177
42	178
42	179
42	180
42	181
42	182
42	183
42	184
42	185
42	186
42	187
42	188
42	189
42	190
42	191
42	192
42	193
42	194
42	195
42	196
42	197
42	198
42	199
42	200
42	201
42	202
42	203
42	204
42	205
42	206
42	207
42	208
42	209
42	210
42	211
42	212
42	213
42	214
42	215
42	216
42	217
42	218
42	219
42	220
43	44
43	45
43	46
43	47
43	48
43	49
43	50
43	51
43	52
43	53
43	54
43	55
43	56
43	57
43	58
43	59
43	60
43	61
43	62
43	63
43	64
43	65
43	66
43	67
43	68
43	69
43	70
43	71
43	72
43	73
43	74
43	75
43	76
43	77
43	78
43	79
43	80
43	81
43	82
43	83
43	84
43	85
43	86
43	87
43	88
43	89
43	90
43	91
43	92
43	93
43	94
43	95
43	96
43	97
43	98
43	99
43	100
43	101
43	102
43	103
43	104
43	105
43	106
43	107
43	108
43	109
43	110
43	111
43	112
43	113
43	114
43	115
43	116
43	117
43	118
43	119
43	120
43	121
43	122
43	123
43	124
43	125
43	126
43	127
43	128
43	129
43	130
43	131
43	132
43	133
43	134
43	135
43	136
43	137
43	138
43	139
43	140
43	141
43	142
43	143
43	144
43	145
43	146
43	147
43	148
43	149
43	150
43	151
43	152
43	153
43	154
43	155
43	156
43	157
43	158
43	159
43	160
43	161
43	162
43	163
43	164
43	165
43	166
43	167
43	168
43	169
43	170
43	171
43	172
43	173
43	174
43	175
43	176
43	177
43	178
43	179
43	180
43	181
43	182
43	183
43	184
43	185
43	186
43	187
43	188
43	189
43	190
43	191
43	192
43	193
43	194
43	195
43	196
43	197
43	198
43	199
43	200
43	201
43	202
43	203
43	204
43	205
43	206
43	207
43	208
43	209
43	210
43	211
43	212
43	213
43	214
43	215
43	216
43	217
43	218
43	219
43	220
44	49
44	59
44	74
44	120
44	127
44	128
44	130
44	131
44	135
44	217
44	218
44	219
44	220
45	49
45	59
45	74
45	120
45	127
45	128
45	130
45	131
45	135
45	217
45	218
45	219
45	220
46	49
46	59
46	74
46	120
46	127
46	128
46	130
46	131
46	135
46	217
46	218
46	219
46	220
47	49
47	59
47	74
47	120
47	127
47	128
47	130
47	131
47	135
47	217
47	218
47	219
47	220
48	49
48	59
48	74
48	120
48	127
48	128
48	130
48	131
48	135
48	217
48	218
48	219
48	220
49	50
49	51
49	52
49	53
49	54
49	55
49	56
49	57
49	58
49	59
49	60
49	61
49	62
49	63
49	64
49	65
49	66
49	67
49	68
49	69
49	70
49	71
49	72
49	73
49	74
49	75
49	76
49	77
49	78
49	79
49	80
49	81
49	82
49	83
49	84
49	85
49	86
49	87
49	88
49	89
49	90
49	91
49	92
49	93
49	94
49	95
49	96
49	97
49	98
49	99
49	100
49	101
49	102
49	103
49	104
49	105
49	106
49	107
49	108
49	109
49	110
49	111
49	112
49	113
49	114
49	115
49	116
49	117
49	118
49	119
49	120
49	121
49	122
49	123
49	124
49	125
49	126
49	127
49	128
49	129
49	130
49	131
49	132
49	133
49	134
49	135
49	136
49	137
49	138
49	139
49	140
49	141
49	142
49	143
49	144
49	145
49	146
49	147
49	148
49	149
49	150
49	151
49	152
49	153
49	154
49	155
49	156
49	157
49	158
49	159
49	160
49	161
49	162
49	163
49	164
49	165
49	166
49	167
49	168
49	169
49	170
49	171
49	172
49	173
49	174
49	175
49	176
49	177
49	178
49	179
49	180
49	181
49	182
49	183
49	184
49	185
49	186
49	187
49	188
49	189
49	190
49	191
49	192
49	193
49	194
49	195
49	196
49	197
49	198
49	199
49	200
49	201
49	202
49	203
49	204
49	205
49	206
49	207
49	208
49	209
49	210
49	211
49	212
49	213
49	214
49	215
49	216
49	217
49	218
49	219
49	220
50	59
50	74
50	120
50	127
50	128
50	130
50	131
50	135
50	217
50	218
50	219
50	220
51	59
51	74
51	120
51	127
51	128
51	130
51	131
51	135
51	217
51	218
51	219
51	220
52	59
52	74
52	120
52	127
52	128
52	130
52	131
52	135
52	217
52	218
52	219
52	220
53	59
53	74
53	120
53	127
53	128
53	130
53	131
53	135
53	217
53	218
53	219
53	220
54	59
54	74
54	120
54	127
54	128
54	130
54	131
54	135
54	217
54	218
54	219
54	220
55	59
55	74
55	120
55	127
55	128
55	130
55	131
55	135
55	217
55	218
55	219
55	220
56	59
56	74
56	120
56	127
56	128
56	130
56	131
56	135
56	217
56	218
56	219
56	220
57	59
57	74
57	120
57	127
57	128
57	130
57	131
57	135
57	217
57	218
57	219
57	220
58	59
58	74
58	120
58	127
58	128
58	130
58	131
58	135
58	217
58	218
58	219
58	220
59	60
59	61
59	62
59	63
59	64
59	65
59	66
59	67
59	68
59	69
59	70
59	71
59	72
59	73
59	74
59	75
59	76
59	77
59	78
59	79
59	80
59	81
59	82
59	83
59	84
59	85
59	86
59	87
59	88
59	89
59	90
59	91
59	92
59	93
59	94
59	95
59	96
59	97
59	98
59	99
59	100
59	101
59	102
59	103
59	104
59	105
59	106
59	107
59	108
59	109
59	110
59	111
59	112
59	113
59	114
59	115
59	116
59	117
59	118
59	119
59	120
59	121
59	122
59	123
59	124
59	125
59	126
59	127
59	128
59	129
59	130
59	131
59	132
59	133
59	134
59	135
59	136
59	137
59	138
59	139
59	140
59	141
59	142
59	143
59	144
59	145
59	146
59	147
59	148
59	149
59	150
59	151
59	152
59	153
59	154
59	155
59	156
59	157
59	158
59	159
59	160
59	161
59	162
59	163
59	164
59	165
59	166
59	167
59	168
59	169
59	170
59	171
59	172
59	173
59	174
59	175
59	176
59	177
59	178
59	179
59	180
59	181
59	182
59	183
59	184
59	185
59	186
59	187
59	188
59	189
59	190
59	191
59	192
59	193
59	194
59	195
59	196
59	197
59	198
59	199
59	200
59	201
59	202
59	203
59	204
59	205
59	206
59	207
59	208
59	209
59	210
59	211
59	212
59	213
59	214
59	215
59	216
59	217
59	218
59	219
59	220
60	74
60	120
60	127
60	128
60	130
60	131
60	135
60	217
60	218
60	219
60	220
61	74
61	120
61	127
61	128
61	130
61	131
61	135
61	217
61	218
61	219
61	220
62	74
62	120
62	127
62	128
62	130
62	131
62	135
62	217
62	218
62	219
62	220
63	74
63	120
63	127
63	128
63	130
63	131
63	135
63	217
63	218
63	219
63	220
64	74
64	120
64	127
64	128
64	130
64	131
64	135
64	217
64	218
64	219
64	220
65	74
65	120
65	127
65	128
65	130
65	131
65	135
65	217
65	218
65	219
65	220
66	74
66	120
66	127
66	128
66	130
66	131
66	135
66	217
66	218
66	219
66	220
67	74
67	120
67	127
67	128
67	130
67	131
67	135
67	217
67	218
67	219
67	220
68	74
68	120
68	127
68	128
68	130
68	131
68	135
68	217
68	218
68	219
68	220
69	74
69	120
69	127
69	128
69	130
69	131
69	135
69	217
69	218
69	219
69	220
70	74
70	120
70	127
70	128
70	130
70	131
70	135
70	217
70	218
70	219
70	220
71	74
71	120
71	127
71	128
71	130
71	131
71	135
71	217
71	218
71	219
71	220
72	74
72	120
72	127
72	128
72	130
72	131
72	135
72	217
72	218
72	219
72	220
73	74
73	120
73	127
73	128
73	130
73	131
73	135
73	217
73	218
73	219
73	220
74	75
74	76
74	77
74	78
74	79
74	80
74	81
74	82
74	83
74	84
74	85
74	86
74	87
74	88
74	89
74	90
74	91
74	92
74	93
74	94
74	95
74	96
74	97
74	98
74	99
74	100
74	101
74	102
74	103
74	104
74	105
74	106
74	107
74	108
74	109
74	110
74	111
74	112
74	113
74	114
74	115
74	116
74	117
74	118
74	119
74	120
74	121
74	122
74	123
74	124
74	125
74	126
74	127
74	128
74	129
74	130
74	131
74	132
74	133
74	134
74	135
74	136
74	137
74	138
74	139
74	140
74	141
74	142
74	143
74	144
74	145
74	146
74	147
74	148
74	149
74	150
74	151
74	152
74	153
74	154
74	155
74	156
74	157
74	158
74	159
74	160
74	161
74	162
74	163
74	164
74	165
74	166
74	167
74	168
74	169
74	170
74	171
74	172
74	173
74	174
74	175
74	176
74	177
74	178
74	179
74	180
74	181
74	182
74	183
74	184
74	185
74	186
74	187
74	188
74	189
74	190
74	191
74	192
74	193
74	194
74	195
74	196
74	197
74	198
74	199
74	200
74	201
74	202
74	203
74	204
74	205
74	206
74	207
74	208
74	209
74	210
74	211
74	212
74	213
74	214
74	215
74	216
74	217
74	218
74	219
74	220
75	120
75	127
75	128
75	130
75	131
75	135
75	217
75	218
75	219
75	220
76	120
76	127
76	128
76	130
76	131
76	135
76	217
76	218
76	219
76	220
77	120
77	127
77	128
77	130
77	131
77	135
77	217
77	218
77	219
77	220
78	120
78	127
78	128
78	130
78	131
78	135
78	217
78	218
78	219
78	220
79	120
79	127
79	128
79	130
79	131
79	135
79	217
79	218
79	219
79	220
80	120
80	127
80	128
80	130
80	131
80	135
80	217
80	218
80	219
80	220
81	120
81	127
81	128
81	130
81	131
81	135
81	217
81	218
81	219
81	220
82	120
82	127
82	128
82	130
82	131
82	135
82	217
82	218
82	219
82	220
83	120
83	127
83	128
83	130
83	131
83	135
83	217
83	218
83	219
83	220
84	120
84	127
84	128
84	130
84	131
84	135
84	217
84	218
84	219
84	220
85	120
85	127
85	128
85	130
85	131
85	135
85	217
85	218
85	219
85	220
86	120
86	127
86	128
86	130
86	131
86	135
86	217
86	218
86	219
86	220
87	120
87	127
87	128
87	130
87	131
87	135
87	217
87	218
87	219
87	220
88	120
88	127
88	128
88	130
88	131
88	135
88	217
88	218
88	219
88	220
89	120
89	127
89	128
89	130
89	131
89	135
89	217
89	218
89	219
89	220
90	120
90	127
90	128
90	130
90	131
90	135
90	217
90	218
90	219
90	220
91	120
91	127
91	128
91	130
91	131
91	135
91	217
91	218
91	219
91	220
92	120
92	127
92	128
92	130
92	131
92	135
92	217
92	218
92	219
92	220
93	120
93	127
93	128
93	130
93	131
93	135
93	217
93	218
93	219
93	220
94	120
94	127
94	128
94	130
94	131
94	135
94	217
94	218
94	219
94	220
95	120
95	127
95	128
95	130
95	131
95	135
95	217
95	218
95	219
95	220
96	120
96	127
96	128
96	130
96	131
96	135
96	217
96	218
96	219
96	220
97	120
97	127
97	128
97	130
97	131
97	135
97	217
97	218
97	219
97	220
98	120
98	127
98	128
98	130
98	131
98	135
98	217
98	218
98	219
98	220
99	120
99	127
99	128
99	130
99	131
99	135
99	217
99	218
99	219
99	220
100	120
100	127
100	128
100	130
100	131
100	135
100	217
100	218
100	219
100	220
101	120
101	127
101	128
101	130
101	131
101	135
101	217
101	218
101	219
101	220
102	120
102	127
102	128
102	130
102	131
102	135
102	217
102	218
102	219
102	220
103	120
103	127
103	128
103	130
103	131
103	135
103	217
103	218
103	219
103	220
104	120
104	127
104	128
104	130
104	131
104	135
104	217
104	218
104	219
104	220
105	120
105	127
105	128
105	130
105	131
105	135
105	217
105	218
105	219
105	220
106	120
106	127
106	128
106	130
106	131
106	135
106	217
106	218
106	219
106	220
107	120
107	127
107	128
107	130
107	131
107	135
107	217
107	218
107	219
107	220
108	120
108	127
108	128
108	130
108	131
108	135
108	217
108	218
108	219
108	220
109	120
109	127
109	128
109	130
109	131
109	135
109	217
109	218
109	219
109	220
110	120
110	127
110	128
110	130
110	131
110	135
110	217
110	218
110	219
110	220
111	120
111	127
111	128
111	130
111	131
111	135
111	217
111	218
111	219
111	220
112	120
112	127
112	128
112	130
112	131
112	135
112	217
112	218
112	219
112	220
113	120
113	127
113	128
113	130
113	131
113	135
113	217
113	218
113	219
113	220
114	120
114	127
114	128
114	130
114	131
114	135
114	217
114	218
114	219
114	220
115	120
115	127
115	128
115	130
115	131
115	135
115	217
115	218
115	219
115	220
116	120
116	127
116	128
116	130
116	131
116	135
116	217
116	218
116	219
116	220
117	120
117	127
117	128
117	130
117	131
117	135
117	217
117	218
117	219
117	220
118	120
118	127
118	128
118	130
118	131
118	135
118	217
118	218
118	219
118	220
119	120
119	127
119	128
119	130
119	131
119	135
119	217
119	218
119	219
119	220
120	121
120	122
120	123
120	124
120	125
120	126
120	127
120	128
120	129
120	130
120	131
120	132
120	133
120	134
120	135
120	136
120	137
120	138
120	139
120	140
120	141
120	142
120	143
120	144
120	145
120	146
120	147
120	148
120	149
120	150
120	151
120	152
120	153
120	154
120	155
120	156
120	157
120	158
120	159
120	160
120	161
120	162
120	163
120	164
120	165
120	166
120	167
120	168
120	169
120	170
120	171
120	172
120	173
120	174
120	175
120	176
120	177
120	178
120	179
120	180
120	181
120	182
120	183
120	184
120	185
120	186
120	187
120	188
120	189
120	190
120	191
120	192
120	193
120	194
120	195
120	196
120	197
120	198
120	199
120	200
120	201
120	202
120	203
120	204
120	205
120	206
120	207
120	208
120	209
120	210
120	211
120	212
120	213
120	214
120	215
120	216
120	217
120	218
120	219
120	220
121	127
121	128
121	130
121	131
121	135
121	217
121	218
121	219
121	220
122	127
122	128
122	130
122	131
122	135
122	217
122	218
122	219
122	220
123	127
123	128
123	130
123	131
123	135
123	217
123	218
123	219
123	220
124	127
124	128
124	130
124	131
124	135
124	217
124	218
124	219
124	220
125	127
125	128
125	130
125	131
125	135
125	217
125	218
125	219
125	220
126	127
126	128
126	130
126	131
126	135
126	217
126	218
126	219
126	220
127	129
127	130
127	131
127	132
127	133
127	134
127	135
127	136
127	137
127	138
127	139
127	140
127	141
127	142
127	143
127	144
127	145
127	146
127	147
127	148
127	149
127	150
127	151
127	152
127	153
127	154
127	155
127	156
127	157
127	158
127	159
127	160
127	161
127	162
127	163
127	164
127	165
127	166
127	167
127	168
127	169
127	170
127	171
127	172
127	173
127	174
127	175
127	176
127	177
127	178
127	179
127	180
127	181
127	182
127	183
127	184
127	185
127	186
127	187
127	188
127	189
127	190
127	191
127	192
127	193
127	194
127	195
127	196
127	197
127	198
127	199
127	200
127	201
127	202
127	203
127	204
127	205
127	206
127	207
127	208
127	209
127	210
127	211
127	212
127	213
127	214
127	215
127	216
127	217
127	218
127	219
127	220
128	129
128	130
128	131
128	132
128	133
128	134
128	135
128	136
128	137
128	138
128	139
128	140
128	141
128	142
128	143
128	144
128	145
128	146
128	147
128	148
128	149
128	150
128	151
128	152
128	153
128	154
128	155
128	156
128	157
128	158
128	159
128	160
128	161
128	162
128	163
128	164
128	165
128	166
128	167
128	168
128	169
128	170
128	171
128	172
128	173
128	174
128	175
128	176
128	177
128	178
128	179
128	180
128	181
128	182
128	183
128	184
128	185
128	186
128	187
128	188
128	189
128	190
128	191
128	192
128	193
128	194
128	195
128	196
128	197
128	198
128	199
128	200
128	201
128	202
128	203
128	204
128	205
128	206
128	207
128	208
128	209
128	210
128	211
128	212
128	213
128	214
128	215
128	216
128	217
128	218
128	219
128	220
129	130
129	131
129	135
129	217
129	218
129	219
129	220
130	132
130	133
130	134
130	135
130	136
130	137
130	138
130	139
130	140
130	141
130	142
130	143
130	144
130	145
130	146
130	147
130	148
130	149
130	150
130	151
130	152
130	153
130	154
130	155
130	156
130	157
130	158
130	159
130	160
130	161
130	162
130	163
130	164
130	165
130	166
130	167
130	168
130	169
130	170
130	171
130	172
130	173
130	174
130	175
130	176
130	177
130	178
130	179
130	180
130	181
130	182
130	183
130	184
130	185
130	186
130	187
130	188
130	189
130	190
130	191
130	192
130	193
130	194
130	195
130	196
130	197
130	198
130	199
130	200
130	201
130	202
130	203
130	204
130	205
130	206
130	207
130	208
130	209
130	210
130	211
130	212
130	213
130	214
130	215
130	216
130	217
130	218
130	219
130	220
131	132
131	133
131	134
131	135
131	136
131	137
131	138
131	139
131	140
131	141
131	142
131	143
131	144
131	145
131	146
131	147
131	148
131	149
131	150
131	151
131	152
131	153
131	154
131	155
131	156
131	157
131	158
131	159
131	160
131	161
131	162
131	163
131	164
131	165
131	166
131	167
131	168
131	169
131	170
131	171
131	172
131	173
131	174
131	175
131	176
131	177
131	178
131	179
131	180
131	181
131	182
131	183
131	184
131	185
131	186
131	187
131	188
131	189
131	190
131	191
131	192
131	193
131	194
131	195
131	196
131	197
131	198
131	199
131	200
131	201
131	202
131	203
131	204
131	205
131	206
131	207
131	208
131	209
131	210
131	211
131	212
131	213
131	214
131	215
131	216
131	217
131	218
131	219
131	220
132	135
132	217
132	218
132	219
132	220
133	135
133	217
133	218
133	219
133	220
134	135
134	217
134	218
134	219
134	220
135	136
135	137
135	138
135	139
135	140
135	141
135	142
135	143
135	144
135	145
135	146
135	147
135	148
135	149
135	150
135	151
135	152
135	153
135	154
135	155
135	156
135	157
135	158
135	159
135	160
135	161
135	162
135	163
135	164
135	165
135	166
135	167
135	168
135	169
135	170
135	171
135	172
135	173
135	174
135	175
135	176
135	177
135	178
135	179
135	180
135	181
135	182
135	183
135	184
135	185
135	186
135	187
135	188
135	189
135	190
135	191
135	192
135	193
135	194
135	195
135	196
135	197
135	198
135	199
135	200
135	201
135	202
135	203
135	204
135	205
135	206
135	207
135	208
135	209
135	210
135	211
135	212
135	213
135	214
135	215
135	216
135	217
135	218
135	219
135	220
136	217
136	218
136	219
136	220
137	217
137	218
137	219
137	220
138	217
138	218
138	219
138	220
139	217
139	218
139	219
139	220
140	217
140	218
140	219
140	220
141	217
141	218
141	219
141	220
142	217
142	218
142	219
142	220
143	217
143	218
143	219
143	220
144	217
144	218
144	219
144	220
145	217
145	218
145	219
145	220
146	217
146	218
146	219
146	220
147	217
147	218
147	219
147	220
148	217
148	218
148	219
148	220
149	217
149	218
149	219
149	220
150	217
150	218
150	219
150	220
151	217
151	218
151	219
151	220
152	217
152	218
152	219
152	220
153	217
153	218
153	219
153	220
154	217
154	218
154	219
154	220
155	217
155	218
155	219
155	220
156	217
156	218
156	219
156	220
157	217
157	218
157	219
157	220
158	217
158	218
158	219
158	220
159	217
159	218
159	219
159	220
160	217
160	218
160	219
160	220
161	217
161	218
161	219
161	220
162	217
162	218
162	219
162	220
163	217
163	218
163	219
163	220
164	217
164	218
164	219
164	220
165	217
165	218
165	219
165	220
166	217
166	218
166	219
166	220
167	217
167	218
167	219
167	220
168	217
168	218
168	219
168	220
169	217
169	218
169	219
169	220
170	217
170	218
170	219
170	220
171	217
171	218
171	219
171	220
172	217
172	218
172	219
172	220
173	217
173	218
173	219
173	220
174	217
174	218
174	219
174	220
175	217
175	218
175	219
175	220
176	217
176	218
176	219
176	220
177	217
177	218
177	219
177	220
178	217
178	218
178	219
178	220
179	217
179	218
179	219
179	220
180	217
180	218
180	219
180	220
181	217
181	218
181	219
181	220
182	217
182	218
182	219
182	220
183	217
183	218
183	219
183	220
184	217
184	218
184	219
184	220
185	217
185	218
185	219
185	220
186	217
186	218
186	219
186	220
187	217
187	218
187	219
187	220
188	217
188	218
188	219
188	220
189	217
189	218
189	219
189	220
190	217
190	218
190	219
190	220
191	217
191	218
191	219
191	220
192	217
192	218
192	219
192	220
193	217
193	218
193	219
193	220
194	217
194	218
194	219
194	220
195	217
195	218
195	219
195	220
196	217
196	218
196	219
196	220
197	217
197	218
197	219
197	220
198	217
198	218
198	219
198	220
199	217
199	218
199	219
199	220
200	217
200	218
200	219
200	220
201	217
201	218
201	219
201	220
202	217
202	218
202	219
202	220
203	217
203	218
203	219
203	220
204	217
204	218
204	219
204	220
205	217
205	218
205	219
205	220
206	217
206	218
206	219
206	220
207	217
207	218
207	219
207	220
208	217
208	218
208	219
208	220
209	217
209	218
209	219
209	220
210	217
210	218
210	219
210	220
211	217
211	218
211	219
211	220
212	217
212	218
212	219
212	220
213	217
213	218
213	219
213	220
214	217
214	218
214	219
214	220
215	217
215	218
215	219
215	220
216	217
216	218
216	219
216	220
217	219
217	220
218	219
218	220