186	10057
1	22
1	59
1	60
1	93
1	96
1	97
1	98
1	102
1	104
1	105
1	106
1	107
1	108
1	109
1	110
1	111
1	112
1	113
1	114
1	115
1	116
1	117
1	118
1	119
1	120
1	121
1	122
1	123
1	124
1	125
1	126
1	127
1	128
1	129
1	130
1	131
1	132
1	133
1	134
1	135
1	136
1	137
1	138
1	139
1	140
1	141
1	142
1	143
1	144
1	145
1	146
1	147
1	148
1	149
1	150
1	151
1	152
1	153
1	154
1	155
1	156
1	157
1	158
1	159
1	160
1	161
1	162
1	163
1	164
1	165
1	166
1	167
1	168
1	169
1	170
1	171
1	172
1	173
1	174
1	175
1	176
1	177
1	178
1	179
1	180
1	181
1	182
1	183
1	184
1	185
1	186
2	59
2	60
2	61
2	74
2	75
2	79
2	80
2	81
2	82
2	87
2	89
2	90
2	93
2	95
2	96
2	97
2	98
2	99
2	101
2	102
2	103
2	104
2	105
2	106
2	107
2	108
2	109
2	110
2	111
2	112
2	113
2	114
2	115
2	116
2	117
2	118
2	119
2	120
2	121
2	122
2	123
2	124
2	125
2	126
2	127
2	128
2	129
2	130
2	131
2	132
2	133
2	134
2	135
2	136
2	137
2	138
2	139
2	140
2	141
2	142
2	143
2	144
2	145
2	146
2	147
2	148
2	149
2	150
2	151
2	152
2	153
2	154
2	155
2	156
2	157
2	158
2	159
2	160
2	161
2	162
2	163
2	164
2	165
2	166
2	167
2	168
2	169
2	170
2	171
2	172
2	173
2	174
2	175
2	176
2	177
2	178
2	179
2	180
2	181
2	182
2	183
2	184
2	185
2	186
3	22
3	30
3	31
3	41
3	47
3	48
3	59
3	60
3	66
3	93
3	96
3	98
3	99
3	101
3	102
3	103
3	104
3	105
3	106
3	107
3	108
3	110
3	112
3	113
3	114
3	115
3	116
3	117
3	118
3	119
3	120
3	121
3	122
3	123
3	124
3	125
3	126
3	127
3	129
3	130
3	131
3	132
3	133
3	134
3	135
3	136
3	137
3	138
3	139
3	140
3	141
3	142
3	143
3	144
3	145
3	146
3	147
3	148
3	149
3	150
3	151
3	152
3	153
3	154
3	155
3	156
3	157
3	158
3	159
3	160
3	161
3	162
3	163
3	164
3	165
3	166
3	167
3	168
3	169
3	170
3	171
3	172
3	173
3	174
3	175
3	176
3	177
3	178
3	179
3	180
3	181
3	182
3	183
3	184
3	185
3	186
4	59
4	60
4	61
4	93
4	96
4	98
4	99
4	101
4	102
4	103
4	104
4	105
4	106
4	107
4	108
4	109
4	110
4	111
4	112
4	113
4	114
4	115
4	116
4	117
4	118
4	119
4	120
4	121
4	122
4	123
4	124
4	125
4	126
4	127
4	128
4	129
4	130
4	131
4	132
4	133
4	134
4	135
4	136
4	137
4	138
4	139
4	140
4	141
4	142
4	143
4	144
4	145
4	146
4	147
4	148
4	149
4	150
4	151
4	152
4	153
4	154
4	155
4	156
4	157
4	158
4	159
4	160
4	161
4	162
4	163
4	164
4	165
4	166
4	167
4	168
4	169
4	170
4	171
4	172
4	173
4	174
4	175
4	176
4	177
4	178
4	179
4	180
4	181
4	182
4	183
4	184
4	185
4	186
5	12
5	21
5	22
5	25
5	26
5	28
5	30
5	31
5	34
5	37
5	41
5	43
5	44
5	45
5	46
5	47
5	48
5	49
5	50
5	51
5	52
5	53
5	54
5	55
5	56
5	57
5	58
5	59
5	60
5	61
5	62
5	63
5	64
5	65
5	66
5	67
5	68
5	69
5	70
5	71
5	72
5	73
5	74
5	75
5	76
5	77
5	78
5	79
5	80
5	81
5	82
5	83
5	84
5	85
5	86
5	87
5	88
5	89
5	90
5	91
5	92
5	93
5	94
5	95
5	96
5	97
5	98
5	99
5	100
5	101
5	102
5	103
5	104
5	105
5	106
5	107
5	108
5	109
5	110
5	111
5	112
5	113
5	114
5	115
5	116
5	117
5	118
5	119
5	120
5	121
5	122
5	123
5	124
5	125
5	126
5	127
5	128
5	129
5	130
5	131
5	132
5	133
5	134
5	135
5	136
5	137
5	138
5	139
5	140
5	141
5	142
5	143
5	144
5	145
5	146
5	147
5	148
5	149
5	150
5	151
5	152
5	153
5	154
5	155
5	156
5	157
5	158
5	159
5	160
5	161
5	162
5	163
5	164
5	165
5	166
5	167
5	168
5	169
5	170
5	171
5	172
5	173
5	174
5	175
5	176
5	177
5	178
5	179
5	180
5	181
5	182
5	183
5	184
5	185
5	186
6	53
6	56
6	58
6	59
6	60
6	61
6	63
6	66
6	68
6	74
6	75
6	79
6	80
6	81
6	82
6	87
6	89
6	90
6	93
6	95
6	96
6	97
6	98
6	99
6	101
6	102
6	103
6	104
6	105
6	106
6	107
6	108
6	109
6	110
6	111
6	112
6	113
6	114
6	115
6	116
6	117
6	118
6	119
6	120
6	121
6	122
6	123
6	124
6	125
6	126
6	127
6	128
6	129
6	130
6	131
6	132
6	133
6	134
6	135
6	136
6	137
6	138
6	139
6	140
6	141
6	142
6	143
6	144
6	145
6	146
6	147
6	148
6	149
6	150
6	151
6	152
6	153
6	154
6	155
6	156
6	157
6	158
6	159
6	160
6	161
6	162
6	163
6	164
6	165
6	166
6	167
6	168
6	169
6	170
6	171
6	172
6	173
6	174
6	175
6	176
6	177
6	178
6	179
6	180
6	181
6	182
6	183
6	184
6	185
6	186
7	49
7	51
7	52
7	53
7	56
7	58
7	59
7	60
7	61
7	63
7	66
7	68
7	74
7	75
7	79
7	80
7	81
7	82
7	87
7	89
7	90
7	93
7	95
7	96
7	97
7	98
7	99
7	101
7	102
7	103
7	104
7	105
7	106
7	107
7	108
7	109
7	110
7	111
7	112
7	113
7	114
7	115
7	116
7	117
7	118
7	119
7	120
7	121
7	122
7	123
7	124
7	125
7	126
7	127
7	128
7	129
7	130
7	131
7	132
7	133
7	134
7	135
7	136
7	137
7	138
7	139
7	140
7	141
7	142
7	143
7	144
7	145
7	146
7	147
7	148
7	149
7	150
7	151
7	152
7	153
7	154
7	155
7	156
7	157
7	158
7	159
7	160
7	161
7	162
7	163
7	164
7	165
7	166
7	167
7	168
7	169
7	170
7	171
7	172
7	173
7	174
7	175
7	176
7	177
7	178
7	179
7	180
7	181
7	182
7	183
7	184
7	185
7	186
8	49
8	51
8	52
8	53
8	56
8	58
8	59
8	60
8	61
8	62
8	63
8	64
8	66
8	68
8	69
8	70
8	71
8	72
8	73
8	74
8	75
8	77
8	78
8	79
8	80
8	81
8	82
8	83
8	84
8	85
8	86
8	87
8	88
8	89
8	90
8	91
8	92
8	93
8	94
8	95
8	96
8	97
8	98
8	99
8	100
8	101
8	102
8	103
8	104
8	105
8	106
8	107
8	108
8	109
8	110
8	111
8	112
8	113
8	114
8	115
8	116
8	117
8	118
8	119
8	120
8	121
8	122
8	123
8	124
8	125
8	126
8	127
8	128
8	129
8	130
8	131
8	132
8	133
8	134
8	135
8	136
8	137
8	138
8	139
8	140
8	141
8	142
8	143
8	144
8	145
8	146
8	147
8	148
8	149
8	150
8	151
8	152
8	153
8	154
8	155
8	156
8	157
8	158
8	159
8	160
8	161
8	162
8	163
8	164
8	165
8	166
8	167
8	168
8	169
8	170
8	171
8	172
8	173
8	174
8	175
8	176
8	177
8	178
8	179
8	180
8	181
8	182
8	183
8	184
8	185
8	186
9	22
9	30
9	31
9	59
9	60
9	61
9	74
9	75
9	79
9	80
9	81
9	82
9	87
9	89
9	90
9	93
9	95
9	96
9	97
9	98
9	99
9	101
9	102
9	103
9	104
9	105
9	106
9	107
9	108
9	109
9	110
9	111
9	112
9	113
9	114
9	115
9	116
9	117
9	118
9	119
9	120
9	121
9	122
9	123
9	124
9	125
9	126
9	127
9	128
9	129
9	130
9	131
9	132
9	133
9	134
9	135
9	136
9	137
9	138
9	139
9	140
9	141
9	142
9	143
9	144
9	145
9	146
9	147
9	148
9	149
9	150
9	151
9	152
9	153
9	154
9	155
9	156
9	157
9	158
9	159
9	160
9	161
9	162
9	163
9	164
9	165
9	166
9	167
9	168
9	169
9	170
9	171
9	172
9	173
9	174
9	175
9	176
9	177
9	178
9	179
9	180
9	181
9	182
9	183
9	184
9	185
9	186
10	56
10	59
10	60
10	93
10	102
10	104
10	105
10	106
10	107
10	108
10	109
10	110
10	111
10	112
10	113
10	114
10	115
10	116
10	117
10	118
10	119
10	120
10	121
10	122
10	123
10	124
10	125
10	126
10	127
10	128
10	129
10	130
10	131
10	132
10	133
10	134
10	135
10	136
10	137
10	138
10	139
10	140
10	141
10	142
10	143
10	144
10	145
10	146
10	147
10	148
10	149
10	150
10	151
10	152
10	153
10	154
10	155
10	156
10	157
10	158
10	159
10	160
10	161
10	162
10	163
10	164
10	165
10	166
10	167
10	168
10	169
10	170
10	171
10	172
10	173
10	174
10	175
10	176
10	177
10	178
10	179
10	180
10	181
10	182
10	183
10	184
10	185
10	186
11	59
11	60
11	61
11	63
11	75
11	79
11	80
11	81
11	82
11	87
11	89
11	90
11	93
11	99
11	102
11	103
11	104
11	105
11	106
11	107
11	108
11	109
11	110
11	111
11	112
11	113
11	114
11	115
11	116
11	117
11	118
11	119
11	120
11	121
11	122
11	123
11	124
11	125
11	126
11	127
11	128
11	129
11	130
11	131
11	132
11	133
11	134
11	135
11	136
11	137
11	138
11	139
11	140
11	141
11	142
11	143
11	144
11	145
11	146
11	147
11	148
11	149
11	150
11	151
11	152
11	153
11	154
11	155
11	156
11	157
11	158
11	159
11	160
11	161
11	162
11	163
11	164
11	165
11	166
11	167
11	168
11	169
11	170
11	171
11	172
11	173
11	174
11	175
11	176
11	177
11	178
11	179
11	180
11	181
11	182
11	183
11	184
11	185
11	186
12	31
12	53
12	56
12	58
12	59
12	60
12	61
12	63
12	68
12	69
12	71
12	73
12	75
12	79
12	80
12	81
12	82
12	84
12	85
12	86
12	87
12	88
12	89
12	90
12	91
12	93
12	94
12	99
12	100
12	102
12	103
12	104
12	105
12	106
12	107
12	108
12	109
12	110
12	111
12	112
12	113
12	114
12	115
12	116
12	117
12	118
12	119
12	120
12	121
12	122
12	123
12	124
12	125
12	126
12	127
12	128
12	129
12	130
12	131
12	132
12	133
12	134
12	135
12	136
12	137
12	138
12	139
12	140
12	141
12	142
12	143
12	144
12	145
12	146
12	147
12	148
12	149
12	150
12	151
12	152
12	153
12	154
12	155
12	156
12	157
12	158
12	159
12	160
12	161
12	162
12	163
12	164
12	165
12	166
12	167
12	168
12	169
12	170
12	171
12	172
12	173
12	174
12	175
12	176
12	177
12	178
12	179
12	180
12	181
12	182
12	183
12	184
12	185
12	186
13	22
13	30
13	31
13	47
13	48
13	53
13	56
13	58
13	59
13	60
13	61
13	63
13	66
13	68
13	69
13	71
13	72
13	73
13	74
13	75
13	76
13	79
13	80
13	81
13	82
13	83
13	84
13	85
13	86
13	87
13	88
13	89
13	90
13	91
13	93
13	94
13	95
13	96
13	97
13	98
13	99
13	100
13	101
13	102
13	103
13	104
13	105
13	106
13	107
13	108
13	109
13	110
13	111
13	112
13	113
13	114
13	115
13	116
13	117
13	118
13	119
13	120
13	121
13	122
13	123
13	124
13	125
13	126
13	127
13	128
13	129
13	130
13	131
13	132
13	133
13	134
13	135
13	136
13	137
13	138
13	139
13	140
13	141
13	142
13	143
13	144
13	145
13	146
13	147
13	148
13	149
13	150
13	151
13	152
13	153
13	154
13	155
13	156
13	157
13	158
13	159
13	160
13	161
13	162
13	163
13	164
13	165
13	166
13	167
13	168
13	169
13	170
13	171
13	172
13	173
13	174
13	175
13	176
13	177
13	178
13	179
13	180
13	181
13	182
13	183
13	184
13	185
13	186
14	59
14	60
14	61
14	74
14	75
14	79
14	80
14	81
14	82
14	87
14	89
14	90
14	93
14	96
14	98
14	99
14	101
14	102
14	103
14	104
14	105
14	106
14	107
14	108
14	109
14	110
14	111
14	112
14	113
14	114
14	115
14	116
14	117
14	118
14	119
14	120
14	121
14	122
14	123
14	124
14	125
14	126
14	127
14	128
14	129
14	130
14	131
14	132
14	133
14	134
14	135
14	136
14	137
14	138
14	139
14	140
14	141
14	142
14	143
14	144
14	145
14	146
14	147
14	148
14	149
14	150
14	151
14	152
14	153
14	154
14	155
14	156
14	157
14	158
14	159
14	160
14	161
14	162
14	163
14	164
14	165
14	166
14	167
14	168
14	169
14	170
14	171
14	172
14	173
14	174
14	175
14	176
14	177
14	178
14	179
14	180
14	181
14	182
14	183
14	184
14	185
14	186
15	31
15	59
15	60
15	61
15	75
15	79
15	80
15	81
15	82
15	87
15	89
15	90
15	93
15	99
15	102
15	103
15	104
15	105
15	106
15	107
15	108
15	109
15	110
15	111
15	112
15	113
15	114
15	115
15	116
15	117
15	118
15	119
15	120
15	121
15	122
15	123
15	124
15	125
15	126
15	127
15	128
15	129
15	130
15	131
15	132
15	133
15	134
15	135
15	136
15	137
15	138
15	139
15	140
15	141
15	142
15	143
15	144
15	145
15	146
15	147
15	148
15	149
15	150
15	151
15	152
15	153
15	154
15	155
15	156
15	157
15	158
15	159
15	160
15	161
15	162
15	163
15	164
15	165
15	166
15	167
15	168
15	169
15	170
15	171
15	172
15	173
15	174
15	175
15	176
15	177
15	178
15	179
15	180
15	181
15	182
15	183
15	184
15	185
15	186
16	31
16	59
16	60
16	61
16	75
16	79
16	80
16	81
16	82
16	87
16	89
16	90
16	93
16	99
16	102
16	103
16	104
16	105
16	106
16	107
16	108
16	109
16	110
16	111
16	112
16	113
16	114
16	115
16	116
16	117
16	118
16	119
16	120
16	121
16	122
16	123
16	124
16	125
16	126
16	127
16	128
16	129
16	130
16	131
16	132
16	133
16	134
16	135
16	136
16	137
16	138
16	139
16	140
16	141
16	142
16	143
16	144
16	145
16	146
16	147
16	148
16	149
16	150
16	151
16	152
16	153
16	154
16	155
16	156
16	157
16	158
16	159
16	160
16	161
16	162
16	163
16	164
16	165
16	166
16	167
16	168
16	169
16	170
16	171
16	172
16	173
16	174
16	175
16	176
16	177
16	178
16	179
16	180
16	181
16	182
16	183
16	184
16	185
16	186
17	21
17	22
17	30
17	31
17	37
17	43
17	47
17	48
17	53
17	56
17	57
17	58
17	59
17	60
17	61
17	62
17	63
17	64
17	65
17	66
17	67
17	68
17	69
17	70
17	71
17	72
17	73
17	74
17	75
17	76
17	77
17	78
17	79
17	80
17	81
17	82
17	83
17	84
17	85
17	86
17	87
17	88
17	89
17	90
17	91
17	92
17	93
17	94
17	95
17	96
17	97
17	98
17	99
17	100
17	101
17	102
17	103
17	104
17	105
17	106
17	107
17	108
17	109
17	110
17	111
17	112
17	113
17	114
17	115
17	116
17	117
17	118
17	119
17	120
17	121
17	122
17	123
17	124
17	125
17	126
17	127
17	128
17	129
17	130
17	131
17	132
17	133
17	134
17	135
17	136
17	137
17	138
17	139
17	140
17	141
17	142
17	143
17	144
17	145
17	146
17	147
17	148
17	149
17	150
17	151
17	152
17	153
17	154
17	155
17	156
17	157
17	158
17	159
17	160
17	161
17	162
17	163
17	164
17	165
17	166
17	167
17	168
17	169
17	170
17	171
17	172
17	173
17	174
17	175
17	176
17	177
17	178
17	179
17	180
17	181
17	182
17	183
17	184
17	185
17	186
18	59
18	60
18	96
18	98
18	104
18	105
18	106
18	107
18	108
18	110
18	113
18	114
18	115
18	116
18	117
18	118
18	119
18	120
18	121
18	122
18	123
18	124
18	125
18	126
18	127
18	129
18	130
18	131
18	132
18	133
18	134
18	135
18	136
18	137
18	138
18	139
18	140
18	141
18	142
18	143
18	144
18	145
18	146
18	147
18	148
18	149
18	150
18	151
18	152
18	153
18	154
18	155
18	156
18	157
18	158
18	159
18	160
18	161
18	162
18	163
18	164
18	165
18	166
18	167
18	168
18	169
18	170
18	171
18	172
18	173
18	174
18	175
18	176
18	177
18	178
18	179
18	180
18	181
18	182
18	183
18	184
18	185
18	186
19	22
19	59
19	60
19	96
19	97
19	98
19	104
19	105
19	106
19	107
19	108
19	109
19	110
19	111
19	113
19	114
19	115
19	116
19	117
19	118
19	119
19	120
19	121
19	122
19	123
19	124
19	125
19	126
19	127
19	128
19	129
19	130
19	131
19	132
19	133
19	134
19	135
19	136
19	137
19	138
19	139
19	140
19	141
19	142
19	143
19	144
19	145
19	146
19	147
19	148
19	149
19	150
19	151
19	152
19	153
19	154
19	155
19	156
19	157
19	158
19	159
19	160
19	161
19	162
19	163
19	164
19	165
19	166
19	167
19	168
19	169
19	170
19	171
19	172
19	173
19	174
19	175
19	176
19	177
19	178
19	179
19	180
19	181
19	182
19	183
19	184
19	185
19	186
20	59
20	60
20	61
20	74
20	75
20	79
20	80
20	81
20	82
20	87
20	89
20	90
20	93
20	95
20	96
20	97
20	98
20	99
20	101
20	102
20	103
20	104
20	105
20	106
20	107
20	108
20	109
20	110
20	111
20	112
20	113
20	114
20	115
20	116
20	117
20	118
20	119
20	120
20	121
20	122
20	123
20	124
20	125
20	126
20	127
20	128
20	129
20	130
20	131
20	132
20	133
20	134
20	135
20	136
20	137
20	138
20	139
20	140
20	141
20	142
20	143
20	144
20	145
20	146
20	147
20	148
20	149
20	150
20	151
20	152
20	153
20	154
20	155
20	156
20	157
20	158
20	159
20	160
20	161
20	162
20	163
20	164
20	165
20	166
20	167
20	168
20	169
20	170
20	171
20	172
20	173
20	174
20	175
20	176
20	177
20	178
20	179
20	180
20	181
20	182
20	183
20	184
20	185
20	186
21	22
21	31
21	56
21	59
21	60
21	61
21	96
21	98
21	104
21	105
21	106
21	107
21	108
21	109
21	110
21	111
21	113
21	114
21	115
21	116
21	117
21	118
21	119
21	120
21	121
21	122
21	123
21	124
21	125
21	126
21	127
21	128
21	129
21	130
21	131
21	132
21	133
21	134
21	135
21	136
21	137
21	138
21	139
21	140
21	141
21	142
21	143
21	144
21	145
21	146
21	147
21	148
21	149
21	150
21	151
21	152
21	153
21	154
21	155
21	156
21	157
21	158
21	159
21	160
21	161
21	162
21	163
21	164
21	165
21	166
21	167
21	168
21	169
21	170
21	171
21	172
21	173
21	174
21	175
21	176
21	177
21	178
21	179
21	180
21	181
21	182
21	183
21	184
21	185
21	186
22	30
22	31
22	34
22	35
22	36
22	37
22	43
22	44
22	46
22	47
22	48
22	53
22	54
22	55
22	56
22	57
22	58
22	59
22	60
22	61
22	62
22	63
22	64
22	65
22	66
22	67
22	68
22	69
22	70
22	71
22	72
22	73
22	74
22	75
22	76
22	77
22	78
22	79
22	80
22	81
22	82
22	83
22	84
22	85
22	86
22	87
22	88
22	89
22	90
22	91
22	92
22	93
22	94
22	95
22	96
22	97
22	98
22	99
22	100
22	101
22	102
22	103
22	104
22	105
22	106
22	107
22	108
22	109
22	110
22	111
22	112
22	113
22	114
22	115
22	116
22	117
22	118
22	119
22	120
22	121
22	122
22	123
22	124
22	125
22	126
22	127
22	128
22	129
22	130
22	131
22	132
22	133
22	134
22	135
22	136
22	137
22	138
22	139
22	140
22	141
22	142
22	143
22	144
22	145
22	146
22	147
22	148
22	149
22	150
22	151
22	152
22	153
22	154
22	155
22	156
22	157
22	158
22	159
22	160
22	161
22	162
22	163
22	164
22	165
22	166
22	167
22	168
22	169
22	170
22	171
22	172
22	173
22	174
22	175
22	176
22	177
22	178
22	179
22	180
22	181
22	182
22	183
22	184
22	185
22	186
23	53
23	56
23	58
23	59
23	60
23	61
23	63
23	68
23	69
23	70
23	71
23	73
23	75
23	77
23	78
23	79
23	80
23	81
23	82
23	84
23	85
23	86
23	87
23	88
23	89
23	90
23	91
23	92
23	93
23	94
23	99
23	100
23	102
23	103
23	104
23	105
23	106
23	107
23	108
23	109
23	110
23	111
23	112
23	113
23	114
23	115
23	116
23	117
23	118
23	119
23	120
23	121
23	122
23	123
23	124
23	125
23	126
23	127
23	128
23	129
23	130
23	131
23	132
23	133
23	134
23	135
23	136
23	137
23	138
23	139
23	140
23	141
23	142
23	143
23	144
23	145
23	146
23	147
23	148
23	149
23	150
23	151
23	152
23	153
23	154
23	155
23	156
23	157
23	158
23	159
23	160
23	161
23	162
23	163
23	164
23	165
23	166
23	167
23	168
23	169
23	170
23	171
23	172
23	173
23	174
23	175
23	176
23	177
23	178
23	179
23	180
23	181
23	182
23	183
23	184
23	185
23	186
24	59
24	60
24	61
24	75
24	79
24	80
24	81
24	82
24	87
24	89
24	90
24	93
24	99
24	102
24	103
24	104
24	105
24	106
24	107
24	108
24	109
24	110
24	111
24	112
24	113
24	114
24	115
24	116
24	117
24	118
24	119
24	120
24	121
24	122
24	123
24	124
24	125
24	126
24	127
24	128
24	129
24	130
24	131
24	132
24	133
24	134
24	135
24	136
24	137
24	138
24	139
24	140
24	141
24	142
24	143
24	144
24	145
24	146
24	147
24	148
24	149
24	150
24	151
24	152
24	153
24	154
24	155
24	156
24	157
24	158
24	159
24	160
24	161
24	162
24	163
24	164
24	165
24	166
24	167
24	168
24	169
24	170
24	171
24	172
24	173
24	174
24	175
24	176
24	177
24	178
24	179
24	180
24	181
24	182
24	183
24	184
24	185
24	186
25	31
25	59
25	60
25	103
25	104
25	105
25	108
25	112
25	113
25	115
25	116
25	117
25	118
25	119
25	121
25	123
25	124
25	125
25	126
25	127
25	129
25	130
25	131
25	132
25	134
25	135
25	136
25	137
25	138
25	139
25	140
25	141
25	143
25	144
25	145
25	146
25	147
25	148
25	149
25	150
25	151
25	152
25	153
25	154
25	155
25	156
25	157
25	158
25	159
25	160
25	161
25	162
25	163
25	164
25	165
25	166
25	167
25	168
25	169
25	170
25	171
25	172
25	173
25	174
25	175
25	176
25	177
25	178
25	179
25	180
25	181
25	182
25	183
25	184
25	185
25	186
26	31
26	59
26	60
26	61
26	103
26	104
26	105
26	108
26	112
26	113
26	115
26	116
26	117
26	118
26	119
26	121
26	123
26	124
26	125
26	126
26	127
26	128
26	129
26	130
26	131
26	132
26	134
26	135
26	136
26	137
26	138
26	139
26	140
26	141
26	143
26	144
26	145
26	146
26	147
26	148
26	149
26	150
26	151
26	152
26	153
26	154
26	155
26	156
26	157
26	158
26	159
26	160
26	161
26	162
26	163
26	164
26	165
26	166
26	167
26	168
26	169
26	170
26	171
26	172
26	173
26	174
26	175
26	176
26	177
26	178
26	179
26	180
26	181
26	182
26	183
26	184
26	185
26	186
27	31
27	59
27	60
27	103
27	104
27	105
27	108
27	112
27	113
27	115
27	116
27	117
27	118
27	119
27	121
27	123
27	124
27	125
27	126
27	127
27	128
27	129
27	130
27	131
27	132
27	134
27	135
27	136
27	137
27	138
27	139
27	140
27	141
27	143
27	144
27	145
27	146
27	147
27	148
27	149
27	150
27	151
27	152
27	153
27	154
27	155
27	156
27	157
27	158
27	159
27	160
27	161
27	162
27	163
27	164
27	165
27	166
27	167
27	168
27	169
27	170
27	171
27	172
27	173
27	174
27	175
27	176
27	177
27	178
27	179
27	180
27	181
27	182
27	183
27	184
27	185
27	186
28	59
28	60
28	104
28	105
28	106
28	107
28	108
28	109
28	110
28	111
28	113
28	114
28	115
28	116
28	117
28	118
28	119
28	120
28	121
28	122
28	123
28	124
28	125
28	126
28	127
28	128
28	129
28	130
28	131
28	132
28	133
28	134
28	135
28	136
28	137
28	138
28	139
28	140
28	141
28	142
28	143
28	144
28	145
28	146
28	147
28	148
28	149
28	150
28	151
28	152
28	153
28	154
28	155
28	156
28	157
28	158
28	159
28	160
28	161
28	162
28	163
28	164
28	165
28	166
28	167
28	168
28	169
28	170
28	171
28	172
28	173
28	174
28	175
28	176
28	177
28	178
28	179
28	180
28	181
28	182
28	183
28	184
28	185
28	186
29	59
29	60
29	96
29	97
29	98
29	104
29	105
29	109
29	110
29	111
29	113
29	114
29	115
29	116
29	117
29	118
29	119
29	123
29	124
29	125
29	126
29	127
29	128
29	129
29	130
29	131
29	132
29	134
29	135
29	136
29	137
29	138
29	139
29	140
29	141
29	142
29	143
29	144
29	145
29	146
29	147
29	148
29	149
29	150
29	151
29	152
29	153
29	154
29	155
29	156
29	157
29	158
29	159
29	160
29	161
29	162
29	163
29	164
29	165
29	166
29	167
29	168
29	169
29	170
29	171
29	172
29	173
29	174
29	175
29	176
29	177
29	178
29	179
29	180
29	181
29	182
29	183
29	184
29	185
29	186
30	31
30	37
30	43
30	44
30	46
30	47
30	59
30	60
30	93
30	95
30	96
30	97
30	98
30	101
30	102
30	103
30	104
30	105
30	106
30	107
30	108
30	109
30	110
30	111
30	112
30	113
30	114
30	115
30	116
30	117
30	118
30	119
30	120
30	121
30	122
30	123
30	124
30	125
30	126
30	127
30	128
30	129
30	130
30	131
30	132
30	133
30	134
30	135
30	136
30	137
30	138
30	139
30	140
30	141
30	142
30	143
30	144
30	145
30	146
30	147
30	148
30	149
30	150
30	151
30	152
30	153
30	154
30	155
30	156
30	157
30	158
30	159
30	160
30	161
30	162
30	163
30	164
30	165
30	166
30	167
30	168
30	169
30	170
30	171
30	172
30	173
30	174
30	175
30	176
30	177
30	178
30	179
30	180
30	181
30	182
30	183
30	184
30	185
30	186
31	37
31	41
31	43
31	44
31	45
31	46
31	47
31	48
31	49
31	51
31	52
31	53
31	54
31	55
31	56
31	57
31	58
31	59
31	60
31	61
31	63
31	66
31	67
31	68
31	69
31	71
31	72
31	73
31	74
31	75
31	76
31	79
31	80
31	81
31	82
31	83
31	84
31	85
31	86
31	87
31	88
31	89
31	90
31	91
31	93
31	94
31	95
31	96
31	97
31	98
31	99
31	100
31	101
31	102
31	103
31	104
31	105
31	106
31	107
31	108
31	109
31	110
31	111
31	112
31	113
31	114
31	115
31	116
31	117
31	118
31	119
31	120
31	121
31	122
31	123
31	124
31	125
31	126
31	127
31	128
31	129
31	130
31	131
31	132
31	133
31	134
31	135
31	136
31	137
31	138
31	139
31	140
31	141
31	142
31	143
31	144
31	145
31	146
31	147
31	148
31	149
31	150
31	151
31	152
31	153
31	154
31	155
31	156
31	157
31	158
31	159
31	160
31	161
31	162
31	163
31	164
31	165
31	166
31	167
31	168
31	169
31	170
31	171
31	172
31	173
31	174
31	175
31	176
31	177
31	178
31	179
31	180
31	181
31	182
31	183
31	184
31	185
31	186
32	51
32	52
32	53
32	56
32	59
32	60
32	93
32	96
32	97
32	98
32	102
32	104
32	105
32	106
32	107
32	108
32	109
32	110
32	111
32	112
32	113
32	114
32	115
32	116
32	117
32	118
32	119
32	120
32	121
32	122
32	123
32	124
32	125
32	126
32	127
32	128
32	129
32	130
32	131
32	132
32	133
32	134
32	135
32	136
32	137
32	138
32	139
32	140
32	141
32	142
32	143
32	144
32	145
32	146
32	147
32	148
32	149
32	150
32	151
32	152
32	153
32	154
32	155
32	156
32	157
32	158
32	159
32	160
32	161
32	162
32	163
32	164
32	165
32	166
32	167
32	168
32	169
32	170
32	171
32	172
32	173
32	174
32	175
32	176
32	177
32	178
32	179
32	180
32	181
32	182
32	183
32	184
32	185
32	186
33	59
33	60
33	104
33	105
33	106
33	107
33	108
33	113
33	115
33	116
33	117
33	118
33	119
33	120
33	121
33	122
33	123
33	124
33	125
33	126
33	127
33	129
33	130
33	131
33	132
33	133
33	134
33	135
33	136
33	137
33	138
33	139
33	140
33	141
33	142
33	143
33	144
33	145
33	146
33	147
33	148
33	149
33	150
33	151
33	152
33	153
33	154
33	155
33	156
33	157
33	158
33	159
33	160
33	161
33	162
33	163
33	164
33	165
33	166
33	167
33	168
33	169
33	170
33	171
33	172
33	173
33	174
33	175
33	176
33	177
33	178
33	179
33	180
33	181
33	182
33	183
33	184
33	185
33	186
34	59
34	60
34	96
34	98
34	104
34	105
34	106
34	107
34	108
34	109
34	110
34	111
34	113
34	114
34	115
34	116
34	117
34	118
34	119
34	120
34	121
34	122
34	123
34	124
34	125
34	126
34	127
34	128
34	129
34	130
34	131
34	132
34	133
34	134
34	135
34	136
34	137
34	138
34	139
34	140
34	141
34	142
34	143
34	144
34	145
34	146
34	147
34	148
34	149
34	150
34	151
34	152
34	153
34	154
34	155
34	156
34	157
34	158
34	159
34	160
34	161
34	162
34	163
34	164
34	165
34	166
34	167
34	168
34	169
34	170
34	171
34	172
34	173
34	174
34	175
34	176
34	177
34	178
34	179
34	180
34	181
34	182
34	183
34	184
34	185
34	186
35	59
35	60
35	98
35	104
35	105
35	113
35	115
35	116
35	117
35	118
35	119
35	123
35	124
35	125
35	126
35	127
35	129
35	130
35	131
35	132
35	134
35	135
35	136
35	137
35	138
35	139
35	140
35	141
35	143
35	144
35	145
35	146
35	147
35	148
35	149
35	150
35	151
35	152
35	153
35	154
35	155
35	156
35	157
35	158
35	159
35	160
35	161
35	162
35	163
35	164
35	165
35	166
35	167
35	168
35	169
35	170
35	171
35	172
35	173
35	174
35	175
35	176
35	177
35	178
35	179
35	180
35	181
35	182
35	183
35	184
35	185
35	186
36	59
36	60
36	104
36	105
36	116
36	117
36	118
36	119
36	123
36	124
36	125
36	126
36	127
36	128
36	129
36	130
36	131
36	132
36	134
36	135
36	136
36	137
36	138
36	139
36	140
36	141
36	143
36	144
36	145
36	146
36	147
36	148
36	149
36	150
36	151
36	152
36	153
36	154
36	155
36	156
36	157
36	158
36	159
36	160
36	161
36	162
36	163
36	164
36	165
36	166
36	167
36	168
36	169
36	170
36	171
36	172
36	173
36	174
36	175
36	176
36	177
36	178
36	179
36	180
36	181
36	182
36	183
36	184
36	185
36	186
37	47
37	48
37	53
37	56
37	58
37	59
37	60
37	61
37	63
37	66
37	68
37	74
37	75
37	79
37	80
37	81
37	82
37	87
37	89
37	90
37	93
37	95
37	96
37	97
37	98
37	99
37	101
37	102
37	103
37	104
37	105
37	106
37	107
37	108
37	109
37	110
37	111
37	112
37	113
37	114
37	115
37	116
37	117
37	118
37	119
37	120
37	121
37	122
37	123
37	124
37	125
37	126
37	127
37	128
37	129
37	130
37	131
37	132
37	133
37	134
37	135
37	136
37	137
37	138
37	139
37	140
37	141
37	142
37	143
37	144
37	145
37	146
37	147
37	148
37	149
37	150
37	151
37	152
37	153
37	154
37	155
37	156
37	157
37	158
37	159
37	160
37	161
37	162
37	163
37	164
37	165
37	166
37	167
37	168
37	169
37	170
37	171
37	172
37	173
37	174
37	175
37	176
37	177
37	178
37	179
37	180
37	181
37	182
37	183
37	184
37	185
37	186
38	53
38	56
38	58
38	59
38	60
38	61
38	63
38	104
38	105
38	106
38	107
38	108
38	109
38	110
38	111
38	113
38	114
38	115
38	116
38	117
38	118
38	119
38	120
38	121
38	122
38	123
38	124
38	125
38	126
38	127
38	128
38	129
38	130
38	131
38	132
38	133
38	134
38	135
38	136
38	137
38	138
38	139
38	140
38	141
38	142
38	143
38	144
38	145
38	146
38	147
38	148
38	149
38	150
38	151
38	152
38	153
38	154
38	155
38	156
38	157
38	158
38	159
38	160
38	161
38	162
38	163
38	164
38	165
38	166
38	167
38	168
38	169
38	170
38	171
38	172
38	173
38	174
38	175
38	176
38	177
38	178
38	179
38	180
38	181
38	182
38	183
38	184
38	185
38	186
39	59
39	60
39	61
39	104
39	105
39	106
39	107
39	108
39	109
39	110
39	111
39	113
39	114
39	115
39	116
39	117
39	118
39	119
39	120
39	121
39	122
39	123
39	124
39	125
39	126
39	127
39	128
39	129
39	130
39	131
39	132
39	133
39	134
39	135
39	136
39	137
39	138
39	139
39	140
39	141
39	142
39	143
39	144
39	145
39	146
39	147
39	148
39	149
39	150
39	151
39	152
39	153
39	154
39	155
39	156
39	157
39	158
39	159
39	160
39	161
39	162
39	163
39	164
39	165
39	166
39	167
39	168
39	169
39	170
39	171
39	172
39	173
39	174
39	175
39	176
39	177
39	178
39	179
39	180
39	181
39	182
39	183
39	184
39	185
39	186
40	59
40	60
40	104
40	105
40	106
40	107
40	108
40	109
40	110
40	111
40	113
40	114
40	115
40	116
40	117
40	118
40	119
40	120
40	121
40	122
40	123
40	124
40	125
40	126
40	127
40	128
40	129
40	130
40	131
40	132
40	133
40	134
40	135
40	136
40	137
40	138
40	139
40	140
40	141
40	142
40	143
40	144
40	145
40	146
40	147
40	148
40	149
40	150
40	151
40	152
40	153
40	154
40	155
40	156
40	157
40	158
40	159
40	160
40	161
40	162
40	163
40	164
40	165
40	166
40	167
40	168
40	169
40	170
40	171
40	172
40	173
40	174
40	175
40	176
40	177
40	178
40	179
40	180
40	181
40	182
40	183
40	184
40	185
40	186
41	59
41	60
41	61
41	63
41	65
41	68
41	69
41	70
41	71
41	73
41	75
41	77
41	78
41	79
41	80
41	81
41	82
41	84
41	85
41	86
41	87
41	88
41	89
41	90
41	91
41	92
41	93
41	94
41	99
41	100
41	102
41	103
41	104
41	105
41	106
41	107
41	108
41	109
41	110
41	111
41	112
41	113
41	114
41	115
41	116
41	117
41	118
41	119
41	120
41	121
41	122
41	123
41	124
41	125
41	126
41	127
41	128
41	129
41	130
41	131
41	132
41	133
41	134
41	135
41	136
41	137
41	138
41	139
41	140
41	141
41	142
41	143
41	144
41	145
41	146
41	147
41	148
41	149
41	150
41	151
41	152
41	153
41	154
41	155
41	156
41	157
41	158
41	159
41	160
41	161
41	162
41	163
41	164
41	165
41	166
41	167
41	168
41	169
41	170
41	171
41	172
41	173
41	174
41	175
41	176
41	177
41	178
41	179
41	180
41	181
41	182
41	183
41	184
41	185
41	186
42	59
42	60
42	61
42	63
42	68
42	69
42	70
42	71
42	72
42	73
42	75
42	77
42	78
42	79
42	80
42	81
42	82
42	84
42	85
42	86
42	87
42	88
42	89
42	90
42	91
42	92
42	93
42	94
42	99
42	100
42	102
42	103
42	104
42	105
42	106
42	107
42	108
42	109
42	110
42	111
42	112
42	113
42	114
42	115
42	116
42	117
42	118
42	119
42	120
42	121
42	122
42	123
42	124
42	125
42	126
42	127
42	128
42	129
42	130
42	131
42	132
42	133
42	134
42	135
42	136
42	137
42	138
42	139
42	140
42	141
42	142
42	143
42	144
42	145
42	146
42	147
42	148
42	149
42	150
42	151
42	152
42	153
42	154
42	155
42	156
42	157
42	158
42	159
42	160
42	161
42	162
42	163
42	164
42	165
42	166
42	167
42	168
42	169
42	170
42	171
42	172
42	173
42	174
42	175
42	176
42	177
42	178
42	179
42	180
42	181
42	182
42	183
42	184
42	185
42	186
43	59
43	60
43	68
43	75
43	79
43	80
43	81
43	82
43	87
43	89
43	90
43	93
43	99
43	102
43	103
43	104
43	105
43	106
43	107
43	108
43	109
43	110
43	111
43	112
43	113
43	114
43	115
43	116
43	117
43	118
43	119
43	120
43	121
43	122
43	123
43	124
43	125
43	126
43	127
43	128
43	129
43	130
43	131
43	132
43	133
43	134
43	135
43	136
43	137
43	138
43	139
43	140
43	141
43	142
43	143
43	144
43	145
43	146
43	147
43	148
43	149
43	150
43	151
43	152
43	153
43	154
43	155
43	156
43	157
43	158
43	159
43	160
43	161
43	162
43	163
43	164
43	165
43	166
43	167
43	168
43	169
43	170
43	171
43	172
43	173
43	174
43	175
43	176
43	177
43	178
43	179
43	180
43	181
43	182
43	183
43	184
43	185
43	186
44	59
44	60
44	75
44	79
44	80
44	81
44	82
44	87
44	89
44	90
44	93
44	99
44	102
44	103
44	104
44	105
44	106
44	107
44	108
44	110
44	112
44	113
44	114
44	115
44	116
44	117
44	118
44	119
44	120
44	121
44	122
44	123
44	124
44	125
44	126
44	127
44	129
44	130
44	131
44	132
44	133
44	134
44	135
44	136
44	137
44	138
44	139
44	140
44	141
44	142
44	143
44	144
44	145
44	146
44	147
44	148
44	149
44	150
44	151
44	152
44	153
44	154
44	155
44	156
44	157
44	158
44	159
44	160
44	161
44	162
44	163
44	164
44	165
44	166
44	167
44	168
44	169
44	170
44	171
44	172
44	173
44	174
44	175
44	176
44	177
44	178
44	179
44	180
44	181
44	182
44	183
44	184
44	185
44	186
45	59
45	60
45	61
45	84
45	92
45	103
45	104
45	105
45	108
45	112
45	113
45	115
45	116
45	117
45	118
45	119
45	121
45	123
45	124
45	125
45	126
45	127
45	128
45	129
45	130
45	131
45	132
45	134
45	135
45	136
45	137
45	138
45	139
45	140
45	141
45	143
45	144
45	145
45	146
45	147
45	148
45	149
45	150
45	151
45	152
45	153
45	154
45	155
45	156
45	157
45	158
45	159
45	160
45	161
45	162
45	163
45	164
45	165
45	166
45	167
45	168
45	169
45	170
45	171
45	172
45	173
45	174
45	175
45	176
45	177
45	178
45	179
45	180
45	181
45	182
45	183
45	184
45	185
45	186
46	59
46	60
46	75
46	79
46	80
46	81
46	82
46	87
46	89
46	90
46	93
46	99
46	102
46	103
46	104
46	105
46	106
46	107
46	108
46	109
46	110
46	111
46	112
46	113
46	114
46	115
46	116
46	117
46	118
46	119
46	120
46	121
46	122
46	123
46	124
46	125
46	126
46	127
46	128
46	129
46	130
46	131
46	132
46	133
46	134
46	135
46	136
46	137
46	138
46	139
46	140
46	141
46	142
46	143
46	144
46	145
46	146
46	147
46	148
46	149
46	150
46	151
46	152
46	153
46	154
46	155
46	156
46	157
46	158
46	159
46	160
46	161
46	162
46	163
46	164
46	165
46	166
46	167
46	168
46	169
46	170
46	171
46	172
46	173
46	174
46	175
46	176
46	177
46	178
46	179
46	180
46	181
46	182
46	183
46	184
46	185
46	186
47	59
47	60
47	61
47	63
47	65
47	68
47	69
47	70
47	71
47	72
47	73
47	75
47	76
47	77
47	78
47	79
47	80
47	81
47	82
47	84
47	85
47	86
47	87
47	88
47	89
47	90
47	91
47	92
47	93
47	94
47	99
47	100
47	102
47	103
47	104
47	105
47	106
47	107
47	108
47	109
47	110
47	111
47	112
47	113
47	114
47	115
47	116
47	117
47	118
47	119
47	120
47	121
47	122
47	123
47	124
47	125
47	126
47	127
47	128
47	129
47	130
47	131
47	132
47	133
47	134
47	135
47	136
47	137
47	138
47	139
47	140
47	141
47	142
47	143
47	144
47	145
47	146
47	147
47	148
47	149
47	150
47	151
47	152
47	153
47	154
47	155
47	156
47	157
47	158
47	159
47	160
47	161
47	162
47	163
47	164
47	165
47	166
47	167
47	168
47	169
47	170
47	171
47	172
47	173
47	174
47	175
47	176
47	177
47	178
47	179
47	180
47	181
47	182
47	183
47	184
47	185
47	186
48	59
48	60
48	68
48	75
48	79
48	80
48	81
48	82
48	87
48	89
48	90
48	93
48	99
48	102
48	103
48	104
48	105
48	106
48	107
48	108
48	109
48	110
48	111
48	112
48	113
48	114
48	115
48	116
48	117
48	118
48	119
48	120
48	121
48	122
48	123
48	124
48	125
48	126
48	127
48	128
48	129
48	130
48	131
48	132
48	133
48	134
48	135
48	136
48	137
48	138
48	139
48	140
48	141
48	142
48	143
48	144
48	145
48	146
48	147
48	148
48	149
48	150
48	151
48	152
48	153
48	154
48	155
48	156
48	157
48	158
48	159
48	160
48	161
48	162
48	163
48	164
48	165
48	166
48	167
48	168
48	169
48	170
48	171
48	172
48	173
48	174
48	175
48	176
48	177
48	178
48	179
48	180
48	181
48	182
48	183
48	184
48	185
48	186
49	59
49	60
49	75
49	79
49	80
49	81
49	82
49	87
49	89
49	90
49	93
49	99
49	102
49	103
49	104
49	105
49	106
49	107
49	108
49	110
49	112
49	113
49	114
49	115
49	116
49	117
49	118
49	119
49	120
49	121
49	122
49	123
49	124
49	125
49	126
49	127
49	129
49	130
49	131
49	132
49	133
49	134
49	135
49	136
49	137
49	138
49	139
49	140
49	141
49	142
49	143
49	144
49	145
49	146
49	147
49	148
49	149
49	150
49	151
49	152
49	153
49	154
49	155
49	156
49	157
49	158
49	159
49	160
49	161
49	162
49	163
49	164
49	165
49	166
49	167
49	168
49	169
49	170
49	171
49	172
49	173
49	174
49	175
49	176
49	177
49	178
49	179
49	180
49	181
49	182
49	183
49	184
49	185
49	186
50	59
50	60
50	104
50	105
50	106
50	107
50	108
50	109
50	110
50	111
50	113
50	114
50	115
50	116
50	117
50	118
50	119
50	120
50	121
50	122
50	123
50	124
50	125
50	126
50	127
50	128
50	129
50	130
50	131
50	132
50	133
50	134
50	135
50	136
50	137
50	138
50	139
50	140
50	141
50	142
50	143
50	144
50	145
50	146
50	147
50	148
50	149
50	150
50	151
50	152
50	153
50	154
50	155
50	156
50	157
50	158
50	159
50	160
50	161
50	162
50	163
50	164
50	165
50	166
50	167
50	168
50	169
50	170
50	171
50	172
50	173
50	174
50	175
50	176
50	177
50	178
50	179
50	180
50	181
50	182
50	183
50	184
50	185
50	186
51	59
51	60
51	105
51	113
51	116
51	125
51	126
51	144
51	145
51	146
51	149
51	151
51	153
51	154
51	155
51	156
51	158
51	159
51	160
51	161
51	162
51	163
51	164
51	165
51	166
51	167
51	168
51	169
51	170
51	171
51	172
51	173
51	174
51	175
51	176
51	177
51	178
51	179
51	180
51	181
51	182
51	183
51	184
51	185
51	186
52	59
52	60
52	61
52	104
52	105
52	113
52	115
52	116
52	117
52	118
52	119
52	123
52	124
52	125
52	126
52	127
52	128
52	129
52	130
52	131
52	132
52	134
52	135
52	136
52	137
52	138
52	139
52	140
52	141
52	143
52	144
52	145
52	146
52	147
52	148
52	149
52	150
52	151
52	152
52	153
52	154
52	155
52	156
52	157
52	158
52	159
52	160
52	161
52	162
52	163
52	164
52	165
52	166
52	167
52	168
52	169
52	170
52	171
52	172
52	173
52	174
52	175
52	176
52	177
52	178
52	179
52	180
52	181
52	182
52	183
52	184
52	185
52	186
53	59
53	60
53	93
53	104
53	105
53	112
53	113
53	115
53	116
53	119
53	120
53	121
53	122
53	123
53	124
53	140
53	141
53	144
53	145
53	146
53	148
53	149
53	150
53	151
53	154
53	155
53	156
53	157
53	158
53	159
53	160
53	161
53	162
53	163
53	164
53	165
53	166
53	167
53	168
53	169
53	170
53	171
53	172
53	173
53	174
53	175
53	176
53	177
53	178
53	179
53	180
53	181
53	182
53	183
53	184
53	185
53	186
54	59
54	60
54	93
54	98
54	101
54	102
54	103
54	104
54	105
54	106
54	107
54	108
54	110
54	112
54	113
54	114
54	115
54	116
54	117
54	118
54	119
54	120
54	121
54	122
54	123
54	124
54	125
54	126
54	127
54	129
54	130
54	131
54	132
54	133
54	134
54	135
54	136
54	137
54	138
54	139
54	140
54	141
54	142
54	143
54	144
54	145
54	146
54	147
54	148
54	149
54	150
54	151
54	152
54	153
54	154
54	155
54	156
54	157
54	158
54	159
54	160
54	161
54	162
54	163
54	164
54	165
54	166
54	167
54	168
54	169
54	170
54	171
54	172
54	173
54	174
54	175
54	176
54	177
54	178
54	179
54	180
54	181
54	182
54	183
54	184
54	185
54	186
55	59
55	60
55	104
55	105
55	113
55	115
55	116
55	119
55	123
55	124
55	140
55	141
55	144
55	145
55	146
55	148
55	149
55	150
55	151
55	154
55	155
55	156
55	157
55	158
55	159
55	160
55	161
55	162
55	163
55	164
55	165
55	166
55	167
55	168
55	169
55	170
55	171
55	172
55	173
55	174
55	175
55	176
55	177
55	178
55	179
55	180
55	181
55	182
55	183
55	184
55	185
55	186
56	59
56	60
56	65
56	67
56	93
56	96
56	98
56	99
56	101
56	102
56	103
56	104
56	105
56	106
56	107
56	108
56	110
56	112
56	113
56	114
56	115
56	116
56	117
56	118
56	119
56	120
56	121
56	122
56	123
56	124
56	125
56	126
56	127
56	129
56	130
56	131
56	132
56	133
56	134
56	135
56	136
56	137
56	138
56	139
56	140
56	141
56	142
56	143
56	144
56	145
56	146
56	147
56	148
56	149
56	150
56	151
56	152
56	153
56	154
56	155
56	156
56	157
56	158
56	159
56	160
56	161
56	162
56	163
56	164
56	165
56	166
56	167
56	168
56	169
56	170
56	171
56	172
56	173
56	174
56	175
56	176
56	177
56	178
56	179
56	180
56	181
56	182
56	183
56	184
56	185
56	186
57	59
57	60
57	104
57	105
57	113
57	115
57	116
57	123
57	124
57	140
57	141
57	144
57	145
57	146
57	148
57	149
57	150
57	151
57	154
57	155
57	156
57	157
57	158
57	159
57	160
57	161
57	162
57	163
57	164
57	165
57	166
57	167
57	168
57	169
57	170
57	171
57	172
57	173
57	174
57	175
57	176
57	177
57	178
57	179
57	180
57	181
57	182
57	183
57	184
57	185
57	186
58	59
58	60
58	105
58	112
58	115
58	124
58	145
58	158
58	159
58	160
58	161
58	162
58	163
58	165
58	166
58	167
58	168
58	169
58	170
58	171
58	172
58	173
58	174
58	175
58	176
58	177
58	178
58	179
58	180
58	181
58	182
58	183
58	184
58	185
58	186
59	61
59	62
59	63
59	64
59	65
59	66
59	67
59	68
59	69
59	70
59	71
59	72
59	73
59	74
59	75
59	76
59	77
59	78
59	79
59	80
59	81
59	82
59	83
59	84
59	85
59	86
59	87
59	88
59	89
59	90
59	91
59	92
59	93
59	94
59	95
59	96
59	97
59	98
59	99
59	100
59	101
59	102
59	103
59	104
59	105
59	106
59	107
59	108
59	109
59	110
59	111
59	112
59	113
59	114
59	115
59	116
59	117
59	118
59	119
59	120
59	121
59	122
59	123
59	124
59	125
59	126
59	127
59	128
59	129
59	130
59	131
59	132
59	133
59	134
59	135
59	136
59	137
59	138
59	139
59	140
59	141
59	142
59	143
59	144
59	145
59	146
59	147
59	148
59	149
59	150
59	151
59	152
59	153
59	154
59	155
59	156
59	157
59	158
59	159
59	160
59	161
59	162
59	163
59	164
59	165
59	166
59	167
59	168
59	169
59	170
59	171
59	172
59	173
59	174
59	175
59	176
59	177
59	178
59	179
59	180
59	181
59	182
59	183
59	184
59	185
59	186
60	61
60	62
60	63
60	64
60	65
60	66
60	67
60	68
60	69
60	70
60	71
60	72
60	73
60	74
60	75
60	76
60	77
60	78
60	79
60	80
60	81
60	82
60	83
60	84
60	85
60	86
60	87
60	88
60	89
60	90
60	91
60	92
60	93
60	94
60	95
60	96
60	97
60	98
60	99
60	100
60	101
60	102
60	103
60	104
60	105
60	106
60	107
60	108
60	109
60	110
60	111
60	112
60	113
60	114
60	115
60	116
60	117
60	118
60	119
60	120
60	121
60	122
60	123
60	124
60	125
60	126
60	127
60	128
60	129
60	130
60	131
60	132
60	133
60	134
60	135
60	136
60	137
60	138
60	139
60	140
60	141
60	142
60	143
60	144
60	145
60	146
60	147
60	148
60	149
60	150
60	151
60	152
60	153
60	154
60	155
60	156
60	157
60	158
60	159
60	160
60	161
60	162
60	163
60	164
60	165
60	166
60	167
60	168
60	169
60	170
60	171
60	172
60	173
60	174
60	175
60	176
60	177
60	178
60	179
60	180
60	181
60	182
60	183
60	184
60	185
60	186
61	69
61	72
61	74
61	75
61	79
61	80
61	81
61	82
61	83
61	84
61	86
61	87
61	88
61	89
61	90
61	93
61	94
61	98
61	104
61	105
61	112
61	113
61	115
61	116
61	119
61	120
61	121
61	122
61	123
61	124
61	140
61	141
61	144
61	145
61	146
61	148
61	149
61	150
61	151
61	154
61	155
61	156
61	157
61	158
61	159
61	160
61	161
61	162
61	163
61	164
61	165
61	166
61	167
61	168
61	169
61	170
61	171
61	172
61	173
61	174
61	175
61	176
61	177
61	178
61	179
61	180
61	181
61	182
61	183
61	184
61	185
61	186
62	93
62	104
62	105
62	112
62	113
62	115
62	116
62	119
62	120
62	121
62	122
62	123
62	124
62	140
62	141
62	144
62	145
62	146
62	148
62	149
62	150
62	151
62	154
62	155
62	156
62	157
62	158
62	159
62	160
62	161
62	162
62	163
62	164
62	165
62	166
62	167
62	168
62	169
62	170
62	171
62	172
62	173
62	174
62	175
62	176
62	177
62	178
62	179
62	180
62	181
62	182
62	183
62	184
62	185
62	186
63	104
63	105
63	112
63	113
63	115
63	116
63	119
63	121
63	122
63	123
63	124
63	140
63	141
63	144
63	145
63	146
63	148
63	149
63	150
63	151
63	154
63	155
63	156
63	157
63	158
63	159
63	160
63	161
63	162
63	163
63	164
63	165
63	166
63	167
63	168
63	169
63	170
63	171
63	172
63	173
63	174
63	175
63	176
63	177
63	178
63	179
63	180
63	181
63	182
63	183
63	184
63	185
63	186
64	96
64	98
64	104
64	105
64	106
64	107
64	108
64	110
64	112
64	113
64	114
64	115
64	116
64	117
64	118
64	119
64	120
64	121
64	122
64	123
64	124
64	125
64	126
64	127
64	129
64	130
64	131
64	132
64	133
64	134
64	135
64	136
64	137
64	138
64	139
64	140
64	141
64	142
64	143
64	144
64	145
64	146
64	147
64	148
64	149
64	150
64	151
64	152
64	153
64	154
64	155
64	156
64	157
64	158
64	159
64	160
64	161
64	162
64	163
64	164
64	165
64	166
64	167
64	168
64	169
64	170
64	171
64	172
64	173
64	174
64	175
64	176
64	177
64	178
64	179
64	180
64	181
64	182
64	183
64	184
64	185
64	186
65	104
65	105
65	106
65	107
65	108
65	110
65	112
65	113
65	114
65	115
65	116
65	117
65	118
65	119
65	120
65	121
65	122
65	123
65	124
65	125
65	126
65	127
65	129
65	130
65	131
65	132
65	133
65	134
65	135
65	136
65	137
65	138
65	139
65	140
65	141
65	142
65	143
65	144
65	145
65	146
65	147
65	148
65	149
65	150
65	151
65	152
65	153
65	154
65	155
65	156
65	157
65	158
65	159
65	160
65	161
65	162
65	163
65	164
65	165
65	166
65	167
65	168
65	169
65	170
65	171
65	172
65	173
65	174
65	175
65	176
65	177
65	178
65	179
65	180
65	181
65	182
65	183
65	184
65	185
65	186
66	98
66	104
66	105
66	106
66	107
66	108
66	110
66	112
66	113
66	114
66	115
66	116
66	117
66	118
66	119
66	120
66	121
66	122
66	123
66	124
66	125
66	126
66	127
66	129
66	130
66	131
66	132
66	133
66	134
66	135
66	136
66	137
66	138
66	139
66	140
66	141
66	142
66	143
66	144
66	145
66	146
66	147
66	148
66	149
66	150
66	151
66	152
66	153
66	154
66	155
66	156
66	157
66	158
66	159
66	160
66	161
66	162
66	163
66	164
66	165
66	166
66	167
66	168
66	169
66	170
66	171
66	172
66	173
66	174
66	175
66	176
66	177
66	178
66	179
66	180
66	181
66	182
66	183
66	184
66	185
66	186
67	103
67	104
67	105
67	108
67	112
67	113
67	115
67	116
67	117
67	118
67	119
67	121
67	123
67	124
67	125
67	126
67	127
67	128
67	129
67	130
67	131
67	132
67	134
67	135
67	136
67	137
67	138
67	139
67	140
67	141
67	143
67	144
67	145
67	146
67	147
67	148
67	149
67	150
67	151
67	152
67	153
67	154
67	155
67	156
67	157
67	158
67	159
67	160
67	161
67	162
67	163
67	164
67	165
67	166
67	167
67	168
67	169
67	170
67	171
67	172
67	173
67	174
67	175
67	176
67	177
67	178
67	179
67	180
67	181
67	182
67	183
67	184
67	185
67	186
68	105
68	116
68	117
68	125
68	126
68	127
68	130
68	132
68	134
68	135
68	136
68	141
68	143
68	144
68	145
68	146
68	147
68	149
68	151
68	152
68	153
68	154
68	155
68	156
68	157
68	158
68	159
68	160
68	161
68	162
68	163
68	164
68	165
68	166
68	167
68	168
68	169
68	170
68	171
68	172
68	173
68	174
68	175
68	176
68	177
68	178
68	179
68	180
68	181
68	182
68	183
68	184
68	185
68	186
69	105
69	116
69	117
69	125
69	126
69	127
69	130
69	132
69	134
69	135
69	136
69	141
69	143
69	144
69	145
69	146
69	147
69	149
69	151
69	152
69	153
69	154
69	155
69	156
69	157
69	158
69	159
69	160
69	161
69	162
69	163
69	164
69	165
69	166
69	167
69	168
69	169
69	170
69	171
69	172
69	173
69	174
69	175
69	176
69	177
69	178
69	179
69	180
69	181
69	182
69	183
69	184
69	185
69	186
70	105
70	116
70	117
70	125
70	126
70	127
70	130
70	132
70	134
70	135
70	136
70	141
70	143
70	144
70	145
70	146
70	147
70	149
70	151
70	152
70	153
70	154
70	155
70	156
70	157
70	158
70	159
70	160
70	161
70	162
70	163
70	164
70	165
70	166
70	167
70	168
70	169
70	170
70	171
70	172
70	173
70	174
70	175
70	176
70	177
70	178
70	179
70	180
70	181
70	182
70	183
70	184
70	185
70	186
71	105
71	116
71	117
71	125
71	126
71	127
71	130
71	132
71	134
71	135
71	136
71	141
71	143
71	144
71	145
71	146
71	147
71	149
71	151
71	152
71	153
71	154
71	155
71	156
71	157
71	158
71	159
71	160
71	161
71	162
71	163
71	164
71	165
71	166
71	167
71	168
71	169
71	170
71	171
71	172
71	173
71	174
71	175
71	176
71	177
71	178
71	179
71	180
71	181
71	182
71	183
71	184
71	185
71	186
72	105
72	116
72	117
72	125
72	126
72	127
72	130
72	132
72	134
72	135
72	136
72	141
72	143
72	144
72	145
72	146
72	147
72	149
72	151
72	152
72	153
72	154
72	155
72	156
72	157
72	158
72	159
72	160
72	161
72	162
72	163
72	164
72	165
72	166
72	167
72	168
72	169
72	170
72	171
72	172
72	173
72	174
72	175
72	176
72	177
72	178
72	179
72	180
72	181
72	182
72	183
72	184
72	185
72	186
73	105
73	116
73	117
73	125
73	126
73	127
73	130
73	132
73	134
73	135
73	136
73	141
73	143
73	144
73	145
73	146
73	147
73	149
73	151
73	152
73	153
73	154
73	155
73	156
73	157
73	158
73	159
73	160
73	161
73	162
73	163
73	164
73	165
73	166
73	167
73	168
73	169
73	170
73	171
73	172
73	173
73	174
73	175
73	176
73	177
73	178
73	179
73	180
73	181
73	182
73	183
73	184
73	185
73	186
74	105
74	116
74	117
74	125
74	126
74	127
74	130
74	132
74	134
74	135
74	136
74	141
74	143
74	144
74	145
74	146
74	147
74	149
74	151
74	152
74	153
74	154
74	155
74	156
74	157
74	158
74	159
74	160
74	161
74	162
74	163
74	164
74	165
74	166
74	167
74	168
74	169
74	170
74	171
74	172
74	173
74	174
74	175
74	176
74	177
74	178
74	179
74	180
74	181
74	182
74	183
74	184
74	185
74	186
75	105
75	116
75	117
75	125
75	126
75	127
75	130
75	132
75	134
75	135
75	136
75	141
75	143
75	144
75	145
75	146
75	147
75	149
75	151
75	152
75	153
75	154
75	155
75	156
75	157
75	158
75	159
75	160
75	161
75	162
75	163
75	164
75	165
75	166
75	167
75	168
75	169
75	170
75	171
75	172
75	173
75	174
75	175
75	176
75	177
75	178
75	179
75	180
75	181
75	182
75	183
75	184
75	185
75	186
76	105
76	116
76	117
76	125
76	126
76	127
76	130
76	132
76	134
76	135
76	136
76	141
76	143
76	144
76	145
76	146
76	147
76	149
76	151
76	152
76	153
76	154
76	155
76	156
76	157
76	158
76	159
76	160
76	161
76	162
76	163
76	164
76	165
76	166
76	167
76	168
76	169
76	170
76	171
76	172
76	173
76	174
76	175
76	176
76	177
76	178
76	179
76	180
76	181
76	182
76	183
76	184
76	185
76	186
77	105
77	116
77	117
77	125
77	126
77	127
77	130
77	132
77	134
77	135
77	136
77	141
77	143
77	144
77	145
77	146
77	147
77	149
77	151
77	152
77	153
77	154
77	155
77	156
77	157
77	158
77	159
77	160
77	161
77	162
77	163
77	164
77	165
77	166
77	167
77	168
77	169
77	170
77	171
77	172
77	173
77	174
77	175
77	176
77	177
77	178
77	179
77	180
77	181
77	182
77	183
77	184
77	185
77	186
78	105
78	116
78	125
78	126
78	144
78	145
78	146
78	149
78	151
78	153
78	154
78	155
78	156
78	158
78	159
78	160
78	161
78	162
78	163
78	164
78	165
78	166
78	167
78	168
78	169
78	170
78	171
78	172
78	173
78	174
78	175
78	176
78	177
78	178
78	179
78	180
78	181
78	182
78	183
78	184
78	185
78	186
79	116
79	144
79	145
79	151
79	154
79	156
79	158
79	159
79	160
79	161
79	162
79	163
79	164
79	165
79	166
79	167
79	168
79	169
79	170
79	171
79	172
79	173
79	174
79	175
79	176
79	177
79	178
79	179
79	180
79	181
79	182
79	183
79	184
79	185
79	186
80	105
80	113
80	116
80	117
80	125
80	126
80	127
80	130
80	132
80	134
80	135
80	136
80	141
80	143
80	144
80	145
80	146
80	147
80	149
80	151
80	152
80	153
80	154
80	155
80	156
80	157
80	158
80	159
80	160
80	161
80	162
80	163
80	164
80	165
80	166
80	167
80	168
80	169
80	170
80	171
80	172
80	173
80	174
80	175
80	176
80	177
80	178
80	179
80	180
80	181
80	182
80	183
80	184
80	185
80	186
81	105
81	116
81	125
81	126
81	141
81	144
81	145
81	146
81	149
81	151
81	153
81	154
81	155
81	156
81	157
81	158
81	159
81	160
81	161
81	162
81	163
81	164
81	165
81	166
81	167
81	168
81	169
81	170
81	171
81	172
81	173
81	174
81	175
81	176
81	177
81	178
81	179
81	180
81	181
81	182
81	183
81	184
81	185
81	186
82	105
82	116
82	117
82	125
82	126
82	127
82	130
82	132
82	134
82	135
82	136
82	141
82	143
82	144
82	145
82	146
82	147
82	149
82	151
82	152
82	153
82	154
82	155
82	156
82	157
82	158
82	159
82	160
82	161
82	162
82	163
82	164
82	165
82	166
82	167
82	168
82	169
82	170
82	171
82	172
82	173
82	174
82	175
82	176
82	177
82	178
82	179
82	180
82	181
82	182
82	183
82	184
82	185
82	186
83	105
83	116
83	117
83	125
83	126
83	127
83	130
83	132
83	134
83	135
83	136
83	141
83	143
83	144
83	145
83	146
83	147
83	149
83	151
83	152
83	153
83	154
83	155
83	156
83	157
83	158
83	159
83	160
83	161
83	162
83	163
83	164
83	165
83	166
83	167
83	168
83	169
83	170
83	171
83	172
83	173
83	174
83	175
83	176
83	177
83	178
83	179
83	180
83	181
83	182
83	183
83	184
83	185
83	186
84	98
84	104
84	105
84	116
84	117
84	118
84	119
84	123
84	124
84	125
84	126
84	127
84	128
84	129
84	130
84	131
84	132
84	134
84	135
84	136
84	137
84	138
84	139
84	140
84	141
84	143
84	144
84	145
84	146
84	147
84	148
84	149
84	150
84	151
84	152
84	153
84	154
84	155
84	156
84	157
84	158
84	159
84	160
84	161
84	162
84	163
84	164
84	165
84	166
84	167
84	168
84	169
84	170
84	171
84	172
84	173
84	174
84	175
84	176
84	177
84	178
84	179
84	180
84	181
84	182
84	183
84	184
84	185
84	186
85	105
85	116
85	117
85	125
85	126
85	127
85	130
85	132
85	134
85	135
85	136
85	141
85	143
85	144
85	145
85	146
85	147
85	149
85	151
85	152
85	153
85	154
85	155
85	156
85	157
85	158
85	159
85	160
85	161
85	162
85	163
85	164
85	165
85	166
85	167
85	168
85	169
85	170
85	171
85	172
85	173
85	174
85	175
85	176
85	177
85	178
85	179
85	180
85	181
85	182
85	183
85	184
85	185
85	186
86	105
86	116
86	125
86	126
86	141
86	144
86	145
86	146
86	149
86	151
86	153
86	154
86	155
86	156
86	157
86	158
86	159
86	160
86	161
86	162
86	163
86	164
86	165
86	166
86	167
86	168
86	169
86	170
86	171
86	172
86	173
86	174
86	175
86	176
86	177
86	178
86	179
86	180
86	181
86	182
86	183
86	184
86	185
86	186
87	104
87	105
87	116
87	117
87	118
87	119
87	123
87	124
87	125
87	126
87	127
87	128
87	129
87	130
87	131
87	132
87	134
87	135
87	136
87	137
87	138
87	139
87	140
87	141
87	143
87	144
87	145
87	146
87	147
87	148
87	149
87	150
87	151
87	152
87	153
87	154
87	155
87	156
87	157
87	158
87	159
87	160
87	161
87	162
87	163
87	164
87	165
87	166
87	167
87	168
87	169
87	170
87	171
87	172
87	173
87	174
87	175
87	176
87	177
87	178
87	179
87	180
87	181
87	182
87	183
87	184
87	185
87	186
88	105
88	113
88	116
88	117
88	125
88	126
88	127
88	130
88	132
88	134
88	135
88	136
88	141
88	143
88	144
88	145
88	146
88	147
88	149
88	151
88	152
88	153
88	154
88	155
88	156
88	157
88	158
88	159
88	160
88	161
88	162
88	163
88	164
88	165
88	166
88	167
88	168
88	169
88	170
88	171
88	172
88	173
88	174
88	175
88	176
88	177
88	178
88	179
88	180
88	181
88	182
88	183
88	184
88	185
88	186
89	105
89	116
89	117
89	125
89	126
89	127
89	130
89	132
89	134
89	135
89	136
89	141
89	143
89	144
89	145
89	146
89	147
89	149
89	151
89	152
89	153
89	154
89	155
89	156
89	157
89	158
89	159
89	160
89	161
89	162
89	163
89	164
89	165
89	166
89	167
89	168
89	169
89	170
89	171
89	172
89	173
89	174
89	175
89	176
89	177
89	178
89	179
89	180
89	181
89	182
89	183
89	184
89	185
89	186
90	104
90	105
90	113
90	115
90	116
90	117
90	118
90	119
90	123
90	124
90	125
90	126
90	127
90	129
90	130
90	131
90	132
90	134
90	135
90	136
90	138
90	139
90	140
90	141
90	143
90	144
90	145
90	146
90	147
90	148
90	149
90	150
90	151
90	152
90	153
90	154
90	155
90	156
90	157
90	158
90	159
90	160
90	161
90	162
90	163
90	164
90	165
90	166
90	167
90	168
90	169
90	170
90	171
90	172
90	173
90	174
90	175
90	176
90	177
90	178
90	179
90	180
90	181
90	182
90	183
90	184
90	185
90	186
91	105
91	116
91	117
91	125
91	126
91	127
91	130
91	132
91	134
91	135
91	136
91	141
91	143
91	144
91	145
91	146
91	147
91	149
91	151
91	152
91	153
91	154
91	155
91	156
91	157
91	158
91	159
91	160
91	161
91	162
91	163
91	164
91	165
91	166
91	167
91	168
91	169
91	170
91	171
91	172
91	173
91	174
91	175
91	176
91	177
91	178
91	179
91	180
91	181
91	182
91	183
91	184
91	185
91	186
92	98
92	104
92	105
92	113
92	115
92	116
92	117
92	118
92	119
92	123
92	124
92	125
92	126
92	127
92	129
92	130
92	131
92	132
92	134
92	135
92	136
92	137
92	138
92	139
92	140
92	141
92	143
92	144
92	145
92	146
92	147
92	148
92	149
92	150
92	151
92	152
92	153
92	154
92	155
92	156
92	157
92	158
92	159
92	160
92	161
92	162
92	163
92	164
92	165
92	166
92	167
92	168
92	169
92	170
92	171
92	172
92	173
92	174
92	175
92	176
92	177
92	178
92	179
92	180
92	181
92	182
92	183
92	184
92	185
92	186
93	105
93	113
93	116
93	117
93	141
93	144
93	145
93	146
93	148
93	149
93	150
93	151
93	152
93	154
93	156
93	157
93	158
93	159
93	160
93	161
93	162
93	163
93	164
93	165
93	166
93	167
93	168
93	169
93	170
93	171
93	172
93	173
93	174
93	175
93	176
93	177
93	178
93	179
93	180
93	181
93	182
93	183
93	184
93	185
93	186
94	105
94	113
94	116
94	125
94	126
94	144
94	145
94	146
94	149
94	151
94	153
94	154
94	155
94	156
94	158
94	159
94	160
94	161
94	162
94	163
94	164
94	165
94	166
94	167
94	168
94	169
94	170
94	171
94	172
94	173
94	174
94	175
94	176
94	177
94	178
94	179
94	180
94	181
94	182
94	183
94	184
94	185
94	186
95	105
95	116
95	144
95	145
95	146
95	149
95	151
95	154
95	156
95	158
95	159
95	160
95	161
95	162
95	163
95	164
95	165
95	166
95	167
95	168
95	169
95	170
95	171
95	172
95	173
95	174
95	175
95	176
95	177
95	178
95	179
95	180
95	181
95	182
95	183
95	184
95	185
95	186
96	105
96	116
96	125
96	126
96	144
96	145
96	146
96	149
96	151
96	153
96	154
96	155
96	156
96	158
96	159
96	160
96	161
96	162
96	163
96	164
96	165
96	166
96	167
96	168
96	169
96	170
96	171
96	172
96	173
96	174
96	175
96	176
96	177
96	178
96	179
96	180
96	181
96	182
96	183
96	184
96	185
96	186
97	104
97	105
97	113
97	115
97	116
97	123
97	124
97	140
97	141
97	144
97	145
97	146
97	148
97	149
97	150
97	151
97	154
97	155
97	156
97	157
97	158
97	159
97	160
97	161
97	162
97	163
97	164
97	165
97	166
97	167
97	168
97	169
97	170
97	171
97	172
97	173
97	174
97	175
97	176
97	177
97	178
97	179
97	180
97	181
97	182
97	183
97	184
97	185
97	186
98	104
98	105
98	116
98	117
98	125
98	126
98	131
98	135
98	138
98	141
98	143
98	144
98	145
98	146
98	147
98	148
98	149
98	150
98	151
98	152
98	153
98	154
98	155
98	156
98	157
98	158
98	159
98	160
98	161
98	162
98	163
98	164
98	165
98	166
98	167
98	168
98	169
98	170
98	171
98	172
98	173
98	174
98	175
98	176
98	177
98	178
98	179
98	180
98	181
98	182
98	183
98	184
98	185
98	186
99	105
99	113
99	116
99	125
99	126
99	144
99	145
99	146
99	149
99	151
99	153
99	154
99	155
99	156
99	158
99	159
99	160
99	161
99	162
99	163
99	164
99	165
99	166
99	167
99	168
99	169
99	170
99	171
99	172
99	173
99	174
99	175
99	176
99	177
99	178
99	179
99	180
99	181
99	182
99	183
99	184
99	185
99	186
100	105
100	113
100	116
100	125
100	126
100	144
100	145
100	146
100	149
100	151
100	153
100	154
100	155
100	156
100	158
100	159
100	160
100	161
100	162
100	163
100	164
100	165
100	166
100	167
100	168
100	169
100	170
100	171
100	172
100	173
100	174
100	175
100	176
100	177
100	178
100	179
100	180
100	181
100	182
100	183
100	184
100	185
100	186
101	145
101	160
101	161
101	162
101	163
101	164
101	165
101	166
101	167
101	168
101	169
101	170
101	171
101	172
101	173
101	174
101	175
101	176
101	177
101	178
101	179
101	180
101	181
101	182
101	183
101	184
101	185
101	186
102	145
102	160
102	161
102	162
102	163
102	164
102	165
102	166
102	167
102	168
102	169
102	170
102	171
102	172
102	173
102	174
102	175
102	176
102	177
102	178
102	179
102	180
102	181
102	182
102	183
102	184
102	185
102	186
103	105
103	145
103	158
103	159
103	160
103	161
103	162
103	163
103	164
103	165
103	166
103	167
103	168
103	169
103	170
103	171
103	172
103	173
103	174
103	175
103	176
103	177
103	178
103	179
103	180
103	181
103	182
103	183
103	184
103	185
103	186
104	112
104	113
104	116
104	125
104	126
104	129
104	138
104	140
104	141
104	144
104	145
104	146
104	148
104	149
104	150
104	151
104	153
104	154
104	155
104	156
104	157
104	158
104	159
104	160
104	161
104	162
104	163
104	164
104	165
104	166
104	167
104	168
104	169
104	170
104	171
104	172
104	173
104	174
104	175
104	176
104	177
104	178
104	179
104	180
104	181
104	182
104	183
104	184
104	185
104	186
105	112
105	113
105	115
105	116
105	117
105	118
105	119
105	120
105	122
105	123
105	124
105	125
105	126
105	127
105	128
105	129
105	130
105	131
105	132
105	133
105	134
105	135
105	136
105	137
105	138
105	139
105	140
105	141
105	142
105	143
105	144
105	145
105	146
105	147
105	148
105	149
105	150
105	151
105	152
105	153
105	154
105	155
105	156
105	157
105	158
105	159
105	160
105	161
105	162
105	163
105	164
105	165
105	166
105	167
105	168
105	169
105	170
105	171
105	172
105	173
105	174
105	175
105	176
105	177
105	178
105	179
105	180
105	181
105	182
105	183
105	184
105	185
105	186
106	145
106	158
106	159
106	160
106	161
106	162
106	163
106	164
106	165
106	166
106	167
106	168
106	169
106	170
106	171
106	172
106	173
106	174
106	175
106	176
106	177
106	178
106	179
106	180
106	181
106	182
106	183
106	184
106	185
106	186
107	145
107	158
107	159
107	160
107	161
107	162
107	163
107	164
107	165
107	166
107	167
107	168
107	169
107	170
107	171
107	172
107	173
107	174
107	175
107	176
107	177
107	178
107	179
107	180
107	181
107	182
107	183
107	184
107	185
107	186
108	145
108	158
108	159
108	160
108	161
108	162
108	163
108	164
108	165
108	166
108	167
108	168
108	169
108	170
108	171
108	172
108	173
108	174
108	175
108	176
108	177
108	178
108	179
108	180
108	181
108	182
108	183
108	184
108	185
108	186
109	145
109	160
109	162
109	163
109	166
109	167
109	168
109	169
109	170
109	171
109	172
109	173
109	174
109	175
109	176
109	177
109	178
109	179
109	180
109	181
109	182
109	183
109	184
109	185
109	186
110	116
110	145
110	158
110	159
110	160
110	161
110	162
110	163
110	165
110	166
110	167
110	168
110	169
110	170
110	171
110	172
110	173
110	174
110	175
110	176
110	177
110	178
110	179
110	180
110	181
110	182
110	183
110	184
110	185
110	186
111	145
111	158
111	159
111	160
111	161
111	162
111	163
111	164
111	165
111	166
111	167
111	168
111	169
111	170
111	171
111	172
111	173
111	174
111	175
111	176
111	177
111	178
111	179
111	180
111	181
111	182
111	183
111	184
111	185
111	186
112	116
112	117
112	125
112	126
112	128
112	130
112	131
112	132
112	134
112	135
112	136
112	137
112	138
112	139
112	141
112	142
112	143
112	144
112	145
112	146
112	147
112	148
112	149
112	150
112	151
112	152
112	153
112	154
112	155
112	156
112	157
112	158
112	159
112	160
112	161
112	162
112	163
112	164
112	165
112	166
112	167
112	168
112	169
112	170
112	171
112	172
112	173
112	174
112	175
112	176
112	177
112	178
112	179
112	180
112	181
112	182
112	183
112	184
112	185
112	186
113	116
113	130
113	131
113	136
113	138
113	139
113	141
113	142
113	144
113	145
113	146
113	147
113	148
113	149
113	150
113	151
113	152
113	153
113	154
113	155
113	156
113	157
113	158
113	159
113	160
113	161
113	162
113	163
113	164
113	165
113	166
113	167
113	168
113	169
113	170
113	171
113	172
113	173
113	174
113	175
113	176
113	177
113	178
113	179
113	180
113	181
113	182
113	183
113	184
113	185
113	186
114	116
114	138
114	141
114	144
114	145
114	146
114	148
114	149
114	150
114	151
114	153
114	154
114	155
114	156
114	157
114	158
114	159
114	160
114	161
114	162
114	163
114	164
114	165
114	166
114	167
114	168
114	169
114	170
114	171
114	172
114	173
114	174
114	175
114	176
114	177
114	178
114	179
114	180
114	181
114	182
114	183
114	184
114	185
114	186
115	116
115	117
115	125
115	126
115	131
115	135
115	138
115	141
115	143
115	144
115	145
115	146
115	147
115	148
115	149
115	150
115	151
115	152
115	153
115	154
115	155
115	156
115	157
115	158
115	159
115	160
115	161
115	162
115	163
115	164
115	165
115	166
115	167
115	168
115	169
115	170
115	171
115	172
115	173
115	174
115	175
115	176
115	177
115	178
115	179
115	180
115	181
115	182
115	183
115	184
115	185
115	186
116	118
116	120
116	121
116	122
116	123
116	124
116	125
116	138
116	140
116	141
116	144
116	145
116	146
116	148
116	149
116	150
116	151
116	153
116	154
116	155
116	156
116	157
116	158
116	159
116	160
116	161
116	162
116	163
116	164
116	165
116	166
116	167
116	168
116	169
116	170
116	171
116	172
116	173
116	174
116	175
116	176
116	177
116	178
116	179
116	180
116	181
116	182
116	183
116	184
116	185
116	186
117	123
117	124
117	145
117	158
117	159
117	160
117	161
117	162
117	163
117	164
117	165
117	166
117	167
117	168
117	169
117	170
117	171
117	172
117	173
117	174
117	175
117	176
117	177
117	178
117	179
117	180
117	181
117	182
117	183
117	184
117	185
117	186
118	138
118	141
118	144
118	145
118	146
118	148
118	149
118	150
118	151
118	153
118	154
118	155
118	156
118	157
118	158
118	159
118	160
118	161
118	162
118	163
118	164
118	165
118	166
118	167
118	168
118	169
118	170
118	171
118	172
118	173
118	174
118	175
118	176
118	177
118	178
118	179
118	180
118	181
118	182
118	183
118	184
118	185
118	186
119	141
119	145
119	146
119	149
119	156
119	157
119	158
119	159
119	160
119	161
119	162
119	163
119	164
119	165
119	166
119	167
119	168
119	169
119	170
119	171
119	172
119	173
119	174
119	175
119	176
119	177
119	178
119	179
119	180
119	181
119	182
119	183
119	184
119	185
119	186
120	141
120	144
120	145
120	146
120	149
120	151
120	153
120	154
120	155
120	156
120	157
120	158
120	159
120	160
120	161
120	162
120	163
120	164
120	165
120	166
120	167
120	168
120	169
120	170
120	171
120	172
120	173
120	174
120	175
120	176
120	177
120	178
120	179
120	180
120	181
120	182
120	183
120	184
120	185
120	186
121	141
121	144
121	145
121	146
121	149
121	151
121	153
121	154
121	155
121	156
121	157
121	158
121	159
121	160
121	161
121	162
121	163
121	164
121	165
121	166
121	167
121	168
121	169
121	170
121	171
121	172
121	173
121	174
121	175
121	176
121	177
121	178
121	179
121	180
121	181
121	182
121	183
121	184
121	185
121	186
122	144
122	145
122	146
122	156
122	158
122	159
122	160
122	161
122	162
122	163
122	164
122	165
122	166
122	167
122	168
122	169
122	170
122	171
122	172
122	173
122	174
122	175
122	176
122	177
122	178
122	179
122	180
122	181
122	182
122	183
122	184
122	185
122	186
123	125
123	126
123	131
123	135
123	138
123	141
123	143
123	144
123	145
123	146
123	147
123	148
123	149
123	150
123	151
123	152
123	153
123	154
123	155
123	156
123	157
123	158
123	159
123	160
123	161
123	162
123	163
123	164
123	165
123	166
123	167
123	168
123	169
123	170
123	171
123	172
123	173
123	174
123	175
123	176
123	177
123	178
123	179
123	180
123	181
123	182
123	183
123	184
123	185
123	186
124	125
124	126
124	131
124	135
124	138
124	141
124	143
124	144
124	145
124	146
124	147
124	148
124	149
124	150
124	151
124	152
124	153
124	154
124	155
124	156
124	157
124	158
124	159
124	160
124	161
124	162
124	163
124	164
124	165
124	166
124	167
124	168
124	169
124	170
124	171
124	172
124	173
124	174
124	175
124	176
124	177
124	178
124	179
124	180
124	181
124	182
124	183
124	184
124	185
124	186
125	141
125	145
125	149
125	157
125	158
125	159
125	160
125	161
125	162
125	163
125	165
125	166
125	167
125	168
125	169
125	170
125	171
125	172
125	173
125	174
125	175
125	176
125	177
125	178
125	179
125	180
125	181
125	182
125	183
125	184
125	185
125	186
126	145
126	158
126	159
126	160
126	161
126	162
126	163
126	166
126	167
126	168
126	169
126	170
126	171
126	172
126	173
126	174
126	175
126	176
126	177
126	178
126	179
126	180
126	181
126	182
126	183
126	184
126	185
126	186
127	145
127	158
127	159
127	160
127	161
127	162
127	163
127	166
127	167
127	168
127	169
127	170
127	171
127	172
127	173
127	174
127	175
127	176
127	177
127	178
127	179
127	180
127	181
127	182
127	183
127	184
127	185
127	186
128	145
128	158
128	160
128	162
128	163
128	166
128	171
128	173
128	174
128	175
128	176
128	177
128	178
128	179
128	180
128	181
128	182
128	183
128	184
128	185
128	186
129	145
129	158
129	159
129	160
129	161
129	162
129	163
129	165
129	166
129	167
129	168
129	169
129	170
129	171
129	172
129	173
129	174
129	175
129	176
129	177
129	178
129	179
129	180
129	181
129	182
129	183
129	184
129	185
129	186
130	145
130	158
130	159
130	160
130	161
130	162
130	163
130	164
130	166
130	167
130	168
130	169
130	170
130	171
130	172
130	173
130	174
130	175
130	176
130	177
130	178
130	179
130	180
130	181
130	182
130	183
130	184
130	185
130	186
131	145
131	160
131	162
131	163
131	166
131	167
131	168
131	169
131	170
131	171
131	172
131	173
131	174
131	175
131	176
131	177
131	178
131	179
131	180
131	181
131	182
131	183
131	184
131	185
131	186
132	145
132	160
132	162
132	163
132	166
132	167
132	171
132	173
132	174
132	175
132	176
132	177
132	178
132	179
132	180
132	181
132	182
132	183
132	184
132	185
132	186
133	145
133	158
133	159
133	160
133	161
133	162
133	163
133	165
133	166
133	167
133	168
133	169
133	170
133	171
133	172
133	173
133	174
133	175
133	176
133	177
133	178
133	179
133	180
133	181
133	182
133	183
133	184
133	185
133	186
134	145
134	158
134	159
134	160
134	162
134	163
134	166
134	167
134	168
134	169
134	170
134	171
134	172
134	173
134	174
134	175
134	176
134	177
134	178
134	179
134	180
134	181
134	182
134	183
134	184
134	185
134	186
135	145
135	158
135	159
135	160
135	162
135	163
135	166
135	167
135	168
135	169
135	170
135	171
135	172
135	173
135	174
135	175
135	176
135	177
135	178
135	179
135	180
135	181
135	182
135	183
135	184
135	185
135	186
136	145
136	158
136	159
136	160
136	161
136	162
136	163
136	166
136	167
136	168
136	169
136	170
136	171
136	172
136	173
136	174
136	175
136	176
136	177
136	178
136	179
136	180
136	181
136	182
136	183
136	184
136	185
136	186
137	145
137	160
137	161
137	162
137	163
137	166
137	167
137	168
137	169
137	170
137	171
137	172
137	173
137	174
137	175
137	176
137	177
137	178
137	179
137	180
137	181
137	182
137	183
137	184
137	185
137	186
138	145
138	158
138	159
138	160
138	161
138	162
138	163
138	165
138	166
138	167
138	168
138	169
138	170
138	171
138	172
138	173
138	174
138	175
138	176
138	177
138	178
138	179
138	180
138	181
138	182
138	183
138	184
138	185
138	186
139	145
139	158
139	159
139	160
139	162
139	163
139	166
139	167
139	168
139	169
139	170
139	171
139	172
139	173
139	174
139	175
139	176
139	177
139	178
139	179
139	180
139	181
139	182
139	183
139	184
139	185
139	186
140	145
140	160
140	161
140	162
140	163
140	164
140	166
140	167
140	168
140	169
140	170
140	171
140	172
140	173
140	174
140	175
140	176
140	177
140	178
140	179
140	180
140	181
140	182
140	183
140	184
140	185
140	186
141	144
141	145
141	146
141	148
141	151
141	153
141	156
141	160
141	161
141	162
141	163
141	164
141	165
141	166
141	167
141	168
141	169
141	170
141	171
141	172
141	173
141	174
141	175
141	176
141	177
141	178
141	179
141	180
141	181
141	182
141	183
141	184
141	185
141	186
142	145
142	160
142	161
142	162
142	163
142	166
142	167
142	168
142	169
142	170
142	171
142	172
142	173
142	174
142	175
142	176
142	177
142	178
142	179
142	180
142	181
142	182
142	183
142	184
142	185
142	186
143	145
143	158
143	159
143	160
143	161
143	162
143	163
143	166
143	167
143	168
143	169
143	170
143	171
143	172
143	173
143	174
143	175
143	176
143	177
143	178
143	179
143	180
143	181
143	182
143	183
143	184
143	185
143	186
144	145
144	157
144	158
144	159
144	160
144	161
144	162
144	163
144	164
144	165
144	166
144	167
144	168
144	169
144	170
144	171
144	172
144	173
144	174
144	175
144	176
144	177
144	178
144	179
144	180
144	181
144	182
144	183
144	184
144	185
144	186
145	146
145	147
145	148
145	149
145	150
145	151
145	152
145	153
145	154
145	155
145	156
145	157
145	158
145	159
145	160
145	161
145	162
145	163
145	164
145	165
145	166
145	167
145	168
145	169
145	170
145	171
145	172
145	173
145	174
145	175
145	176
145	177
145	178
145	179
145	180
145	181
145	182
145	183
145	184
145	185
145	186
146	157
146	158
146	159
146	160
146	162
146	163
146	166
146	167
146	168
146	169
146	170
146	171
146	172
146	173
146	174
146	175
146	176
146	177
146	178
146	179
146	180
146	181
146	182
146	183
146	184
146	185
146	186
147	158
147	159
147	160
147	161
147	162
147	163
147	165
147	166
147	167
147	168
147	169
147	170
147	171
147	172
147	173
147	174
147	175
147	176
147	177
147	178
147	179
147	180
147	181
147	182
147	183
147	184
147	185
147	186
148	157
148	158
148	159
148	160
148	162
148	163
148	166
148	167
148	168
148	169
148	170
148	171
148	172
148	173
148	174
148	175
148	176
148	177
148	178
148	179
148	180
148	181
148	182
148	183
148	184
148	185
148	186
149	158
149	159
149	160
149	161
149	162
149	163
149	164
149	165
149	166
149	167
149	168
149	169
149	170
149	171
149	172
149	173
149	174
149	175
149	176
149	177
149	178
149	179
149	180
149	181
149	182
149	183
149	184
149	185
149	186
150	158
150	159
150	160
150	161
150	162
150	163
150	164
150	165
150	166
150	167
150	168
150	169
150	170
150	171
150	172
150	173
150	174
150	175
150	176
150	177
150	178
150	179
150	180
150	181
150	182
150	183
150	184
150	185
150	186
151	157
151	158
151	160
151	162
151	163
151	166
151	171
151	173
151	174
151	175
151	176
151	177
151	178
151	179
151	180
151	181
151	182
151	183
151	184
151	185
151	186
152	158
152	162
152	171
152	174
152	175
152	176
152	177
152	178
152	179
152	180
152	181
152	182
152	183
152	184
152	185
152	186
153	162
153	171
153	174
153	175
153	176
153	177
153	178
153	179
153	180
153	181
153	182
153	183
153	184
153	185
153	186
154	158
154	162
154	171
154	174
154	175
154	176
154	177
154	178
154	179
154	180
154	181
154	182
154	183
154	184
154	185
154	186
155	158
155	160
155	162
155	163
155	166
155	171
155	173
155	174
155	175
155	176
155	177
155	178
155	179
155	180
155	181
155	182
155	183
155	184
155	185
155	186
156	171
156	174
156	175
156	176
156	177
156	178
156	179
156	180
156	181
156	182
156	183
156	184
156	185
156	186
157	160
157	162
157	163
157	166
157	171
157	173
157	174
157	175
157	176
157	177
157	178
157	179
157	180
157	181
157	182
157	183
157	184
157	185
157	186
158	160
158	162
158	163
158	166
158	171
158	173
158	174
158	175
158	176
158	177
158	178
158	179
158	180
158	181
158	182
158	183
158	184
158	185
158	186
159	162
159	171
159	174
159	175
159	176
159	177
159	178
159	179
159	180
159	181
159	182
159	183
159	184
159	185
159	186
160	171
160	174
160	175
160	176
160	177
160	178
160	179
160	180
160	181
160	182
160	183
160	184
160	185
160	186
161	171
161	174
161	175
161	176
161	177
161	178
161	179
161	180
161	181
161	182
161	183
161	184
161	185
161	186
162	165
162	167
162	168
162	169
162	170
162	171
162	172
162	174
162	175
162	176
162	177
162	178
162	179
162	180
162	181
162	182
162	183
162	184
162	185
162	186
163	171
163	174
163	175
163	176
163	177
163	178
163	179
163	180
163	181
163	182
163	183
163	184
163	185
163	186
164	171
164	174
164	175
164	176
164	177
164	178
164	179
164	180
164	181
164	182
164	183
164	184
164	185
164	186
165	171
165	174
165	175
165	176
165	177
165	178
165	179
165	180
165	181
165	182
165	183
165	184
165	185
165	186
166	171
166	174
166	175
166	176
166	177
166	178
166	179
166	180
166	181
166	182
166	183
166	184
166	185
166	186
167	171
167	174
167	175
167	176
167	177
167	178
167	179
167	180
167	181
167	182
167	183
167	184
167	185
167	186
168	171
168	174
168	175
168	176
168	177
168	178
168	179
168	180
168	181
168	182
168	183
168	184
168	185
168	186
169	171
169	174
169	175
169	176
169	177
169	178
169	179
169	180
169	181
169	182
169	183
169	184
169	185
169	186
170	171
170	174
170	175
170	176
170	177
170	178
170	179
170	180
170	181
170	182
170	183
170	184
170	185
170	186
171	172
171	173
171	174
171	175
171	176
171	177
171	178
171	179
171	180
171	181
171	182
171	183
171	184
171	185
171	186
172	174
172	175
172	176
172	177
172	178
172	179
172	180
172	181
172	182
172	183
172	184
172	185
172	186
173	174
173	175
173	176
173	177
173	178
173	179
173	180
173	181
173	182
173	183
173	184
173	185
173	186
174	176
174	177
174	178
174	179
174	180
174	181
174	182
174	183
174	184
174	185
174	186
175	176
175	177
175	178
175	179
175	180
175	181
175	182
175	183
175	184
175	185
175	186
176	177
176	178
176	179
176	180
176	181
176	182
176	183
176	184
176	185
176	186
177	181
177	185
177	186
178	181
178	185
178	186
179	181
179	185
179	186
180	181
180	182
180	183
180	185
180	186
181	182
181	183
181	184
181	185
181	186
182	185
182	186
183	185
183	186
184	185
184	186