-1.34
-1.415
-1.454
-1.228
-1.709
-1.899
-0.8695
-1.57
-1.422
-1.642
-1.639
-0.7119
-1.332
-1.231
-1.688
-1.681
-1.928
-1.372
-1.447
-0.743
-1.241
-1.714
-1.062
-1.594
-1.212
-1.287
-1.017
-1.501
-1.205
-0.8197
-1.117
-1.089
-0.8485
-1.796
-1.662
-1.179
-0.9455
-0.8223
-1.187
-1.244
-1.496
-1.048
-0.9938
-1.043
-1.16
-1.4
-1.394
-0.8029
-1.176
-1.135
-1.116
-0.8272
-1.287
-1.194
-1.417
-1.092
-0.8604
-1.46
-1.356
-1.578
-1.418
-1.413
-1.609
-1.522
-1.338
-1.763
-1.855
-1.63
-1.783
