182	3493
1	57
1	67
1	83
1	85
1	86
1	93
1	94
1	95
1	97
1	99
1	100
1	101
1	102
1	103
1	104
1	105
1	106
1	107
1	108
1	109
1	110
1	111
1	112
1	113
1	114
1	115
1	116
1	118
1	119
1	120
1	121
1	122
1	123
1	124
1	125
1	127
1	128
1	129
1	130
1	131
1	132
1	133
1	134
1	135
1	136
1	137
1	138
1	139
1	140
1	141
1	142
1	143
1	144
1	145
1	146
1	147
1	148
1	149
1	150
1	151
1	152
1	153
1	154
1	155
1	156
1	157
1	158
1	159
1	160
1	161
1	162
1	163
1	164
1	165
1	166
1	167
1	168
1	169
1	170
1	171
1	172
1	173
1	174
1	175
1	176
1	177
1	178
1	179
1	180
1	181
1	182
2	57
2	67
2	83
2	85
2	86
2	93
2	94
2	95
2	97
2	99
2	100
2	101
2	102
2	103
2	104
2	105
2	106
2	107
2	108
2	109
2	110
2	111
2	112
2	113
2	114
2	115
2	116
2	118
2	119
2	120
2	121
2	122
2	123
2	124
2	125
2	127
2	128
2	129
2	130
2	131
2	132
2	133
2	134
2	135
2	136
2	137
2	138
2	139
2	140
2	141
2	142
2	143
2	144
2	145
2	146
2	147
2	148
2	149
2	150
2	151
2	152
2	153
2	154
2	155
2	156
2	157
2	158
2	159
2	160
2	161
2	162
2	163
2	164
2	165
2	166
2	167
2	168
2	169
2	170
2	171
2	172
2	173
2	174
2	175
2	176
2	177
2	178
2	179
2	180
2	181
2	182
3	57
3	67
3	83
3	85
3	86
3	93
3	94
3	95
3	97
3	99
3	100
3	101
3	102
3	103
3	104
3	105
3	106
3	107
3	108
3	109
3	110
3	111
3	112
3	113
3	114
3	115
3	116
3	118
3	119
3	120
3	121
3	122
3	123
3	124
3	125
3	127
3	128
3	129
3	130
3	131
3	132
3	133
3	134
3	135
3	136
3	137
3	138
3	139
3	140
3	141
3	142
3	143
3	144
3	145
3	146
3	147
3	148
3	149
3	150
3	151
3	152
3	153
3	154
3	155
3	156
3	157
3	158
3	159
3	160
3	161
3	162
3	163
3	164
3	165
3	166
3	167
3	168
3	169
3	170
3	171
3	172
3	173
3	174
3	175
3	176
3	177
3	178
3	179
3	180
3	181
3	182
4	57
4	67
4	83
4	85
4	86
4	93
4	94
4	95
4	97
4	99
4	100
4	101
4	102
4	103
4	104
4	105
4	106
4	107
4	108
4	109
4	110
4	111
4	112
4	113
4	114
4	115
4	116
4	118
4	119
4	120
4	121
4	122
4	123
4	124
4	125
4	127
4	128
4	129
4	130
4	131
4	132
4	133
4	134
4	135
4	136
4	137
4	138
4	139
4	140
4	141
4	142
4	143
4	144
4	145
4	146
4	147
4	148
4	149
4	150
4	151
4	152
4	153
4	154
4	155
4	156
4	157
4	158
4	159
4	160
4	161
4	162
4	163
4	164
4	165
4	166
4	167
4	168
4	169
4	170
4	171
4	172
4	173
4	174
4	175
4	176
4	177
4	178
4	179
4	180
4	181
4	182
5	57
5	67
5	83
5	85
5	86
5	99
5	100
5	101
5	102
5	103
5	104
5	105
5	106
5	108
5	111
5	113
5	114
5	115
5	116
5	122
5	124
5	127
5	130
5	131
5	132
5	133
5	134
5	135
5	136
5	137
5	138
5	139
5	140
5	141
5	142
5	143
5	144
5	145
5	146
5	147
5	148
5	149
5	150
5	151
5	152
5	153
5	154
5	155
5	156
5	157
5	158
5	159
5	160
5	161
5	162
5	163
5	164
5	165
5	166
5	167
5	168
5	169
5	170
5	171
5	172
5	173
5	174
5	175
5	176
5	177
5	178
5	179
5	180
5	181
5	182
6	57
6	67
6	83
6	85
6	86
6	99
6	100
6	101
6	102
6	103
6	104
6	105
6	106
6	108
6	111
6	113
6	114
6	115
6	116
6	122
6	124
6	127
6	130
6	131
6	132
6	133
6	134
6	135
6	136
6	137
6	138
6	139
6	140
6	141
6	142
6	143
6	144
6	145
6	146
6	147
6	148
6	149
6	150
6	151
6	152
6	153
6	154
6	155
6	156
6	157
6	158
6	159
6	160
6	161
6	162
6	163
6	164
6	165
6	166
6	167
6	168
6	169
6	170
6	171
6	172
6	173
6	174
6	175
6	176
6	177
6	178
6	179
6	180
6	181
6	182
7	57
7	67
7	83
7	100
7	101
7	102
7	124
7	132
7	134
7	136
7	138
7	143
7	144
7	145
7	146
7	147
7	148
7	149
7	150
7	151
7	152
7	154
7	155
7	156
7	157
7	158
7	159
7	160
7	161
7	162
7	163
7	164
7	165
7	166
7	167
7	168
7	169
7	170
7	171
7	172
7	173
7	174
7	175
7	176
7	177
7	178
7	179
7	180
7	181
7	182
8	57
8	62
8	63
8	64
8	67
8	83
8	84
8	85
8	86
8	87
8	88
8	89
8	90
8	91
8	92
8	93
8	94
8	95
8	96
8	97
8	98
8	99
8	100
8	101
8	102
8	103
8	104
8	105
8	106
8	107
8	108
8	109
8	110
8	111
8	112
8	113
8	114
8	115
8	116
8	117
8	118
8	119
8	120
8	121
8	122
8	123
8	124
8	125
8	126
8	127
8	128
8	129
8	130
8	131
8	132
8	133
8	134
8	135
8	136
8	137
8	138
8	139
8	140
8	141
8	142
8	143
8	144
8	145
8	146
8	147
8	148
8	149
8	150
8	151
8	152
8	153
8	154
8	155
8	156
8	157
8	158
8	159
8	160
8	161
8	162
8	163
8	164
8	165
8	166
8	167
8	168
8	169
8	170
8	171
8	172
8	173
8	174
8	175
8	176
8	177
8	178
8	179
8	180
8	181
8	182
9	57
9	62
9	63
9	64
9	67
9	83
9	84
9	85
9	86
9	87
9	88
9	89
9	90
9	91
9	92
9	93
9	94
9	95
9	96
9	97
9	98
9	99
9	100
9	101
9	102
9	103
9	104
9	105
9	106
9	107
9	108
9	109
9	110
9	111
9	112
9	113
9	114
9	115
9	116
9	117
9	118
9	119
9	120
9	121
9	122
9	123
9	124
9	125
9	126
9	127
9	128
9	129
9	130
9	131
9	132
9	133
9	134
9	135
9	136
9	137
9	138
9	139
9	140
9	141
9	142
9	143
9	144
9	145
9	146
9	147
9	148
9	149
9	150
9	151
9	152
9	153
9	154
9	155
9	156
9	157
9	158
9	159
9	160
9	161
9	162
9	163
9	164
9	165
9	166
9	167
9	168
9	169
9	170
9	171
9	172
9	173
9	174
9	175
9	176
9	177
9	178
9	179
9	180
9	181
9	182
10	57
10	62
10	63
10	64
10	67
10	83
10	84
10	85
10	86
10	87
10	88
10	89
10	90
10	91
10	92
10	93
10	94
10	95
10	96
10	97
10	98
10	99
10	100
10	101
10	102
10	103
10	104
10	105
10	106
10	107
10	108
10	109
10	110
10	111
10	112
10	113
10	114
10	115
10	116
10	117
10	118
10	119
10	120
10	121
10	122
10	123
10	124
10	125
10	126
10	127
10	128
10	129
10	130
10	131
10	132
10	133
10	134
10	135
10	136
10	137
10	138
10	139
10	140
10	141
10	142
10	143
10	144
10	145
10	146
10	147
10	148
10	149
10	150
10	151
10	152
10	153
10	154
10	155
10	156
10	157
10	158
10	159
10	160
10	161
10	162
10	163
10	164
10	165
10	166
10	167
10	168
10	169
10	170
10	171
10	172
10	173
10	174
10	175
10	176
10	177
10	178
10	179
10	180
10	181
10	182
11	57
11	67
11	83
11	85
11	86
11	99
11	100
11	101
11	102
11	103
11	104
11	105
11	106
11	108
11	111
11	113
11	114
11	115
11	116
11	122
11	124
11	127
11	130
11	131
11	132
11	133
11	134
11	135
11	136
11	137
11	138
11	139
11	140
11	141
11	142
11	143
11	144
11	145
11	146
11	147
11	148
11	149
11	150
11	151
11	152
11	153
11	154
11	155
11	156
11	157
11	158
11	159
11	160
11	161
11	162
11	163
11	164
11	165
11	166
11	167
11	168
11	169
11	170
11	171
11	172
11	173
11	174
11	175
11	176
11	177
11	178
11	179
11	180
11	181
11	182
12	57
12	67
12	83
12	85
12	86
12	93
12	94
12	95
12	97
12	99
12	100
12	101
12	102
12	103
12	104
12	105
12	106
12	107
12	108
12	109
12	110
12	111
12	112
12	113
12	114
12	115
12	116
12	118
12	119
12	120
12	121
12	122
12	123
12	124
12	125
12	127
12	128
12	129
12	130
12	131
12	132
12	133
12	134
12	135
12	136
12	137
12	138
12	139
12	140
12	141
12	142
12	143
12	144
12	145
12	146
12	147
12	148
12	149
12	150
12	151
12	152
12	153
12	154
12	155
12	156
12	157
12	158
12	159
12	160
12	161
12	162
12	163
12	164
12	165
12	166
12	167
12	168
12	169
12	170
12	171
12	172
12	173
12	174
12	175
12	176
12	177
12	178
12	179
12	180
12	181
12	182
13	57
13	62
13	63
13	64
13	67
13	83
13	84
13	85
13	86
13	87
13	88
13	89
13	90
13	91
13	92
13	93
13	94
13	95
13	96
13	97
13	98
13	99
13	100
13	101
13	102
13	103
13	104
13	105
13	106
13	107
13	108
13	109
13	110
13	111
13	112
13	113
13	114
13	115
13	116
13	117
13	118
13	119
13	120
13	121
13	122
13	123
13	124
13	125
13	126
13	127
13	128
13	129
13	130
13	131
13	132
13	133
13	134
13	135
13	136
13	137
13	138
13	139
13	140
13	141
13	142
13	143
13	144
13	145
13	146
13	147
13	148
13	149
13	150
13	151
13	152
13	153
13	154
13	155
13	156
13	157
13	158
13	159
13	160
13	161
13	162
13	163
13	164
13	165
13	166
13	167
13	168
13	169
13	170
13	171
13	172
13	173
13	174
13	175
13	176
13	177
13	178
13	179
13	180
13	181
13	182
14	57
14	62
14	63
14	64
14	67
14	83
14	84
14	85
14	86
14	87
14	88
14	89
14	90
14	91
14	92
14	93
14	94
14	95
14	96
14	97
14	98
14	99
14	100
14	101
14	102
14	103
14	104
14	105
14	106
14	107
14	108
14	109
14	110
14	111
14	112
14	113
14	114
14	115
14	116
14	117
14	118
14	119
14	120
14	121
14	122
14	123
14	124
14	125
14	126
14	127
14	128
14	129
14	130
14	131
14	132
14	133
14	134
14	135
14	136
14	137
14	138
14	139
14	140
14	141
14	142
14	143
14	144
14	145
14	146
14	147
14	148
14	149
14	150
14	151
14	152
14	153
14	154
14	155
14	156
14	157
14	158
14	159
14	160
14	161
14	162
14	163
14	164
14	165
14	166
14	167
14	168
14	169
14	170
14	171
14	172
14	173
14	174
14	175
14	176
14	177
14	178
14	179
14	180
14	181
14	182
15	57
15	62
15	63
15	64
15	67
15	83
15	84
15	85
15	86
15	87
15	88
15	89
15	90
15	91
15	92
15	93
15	94
15	95
15	96
15	97
15	98
15	99
15	100
15	101
15	102
15	103
15	104
15	105
15	106
15	107
15	108
15	109
15	110
15	111
15	112
15	113
15	114
15	115
15	116
15	117
15	118
15	119
15	120
15	121
15	122
15	123
15	124
15	125
15	126
15	127
15	128
15	129
15	130
15	131
15	132
15	133
15	134
15	135
15	136
15	137
15	138
15	139
15	140
15	141
15	142
15	143
15	144
15	145
15	146
15	147
15	148
15	149
15	150
15	151
15	152
15	153
15	154
15	155
15	156
15	157
15	158
15	159
15	160
15	161
15	162
15	163
15	164
15	165
15	166
15	167
15	168
15	169
15	170
15	171
15	172
15	173
15	174
15	175
15	176
15	177
15	178
15	179
15	180
15	181
15	182
16	57
16	62
16	63
16	64
16	67
16	83
16	84
16	85
16	86
16	87
16	88
16	89
16	90
16	91
16	92
16	93
16	94
16	95
16	96
16	97
16	98
16	99
16	100
16	101
16	102
16	103
16	104
16	105
16	106
16	107
16	108
16	109
16	110
16	111
16	112
16	113
16	114
16	115
16	116
16	117
16	118
16	119
16	120
16	121
16	122
16	123
16	124
16	125
16	126
16	127
16	128
16	129
16	130
16	131
16	132
16	133
16	134
16	135
16	136
16	137
16	138
16	139
16	140
16	141
16	142
16	143
16	144
16	145
16	146
16	147
16	148
16	149
16	150
16	151
16	152
16	153
16	154
16	155
16	156
16	157
16	158
16	159
16	160
16	161
16	162
16	163
16	164
16	165
16	166
16	167
16	168
16	169
16	170
16	171
16	172
16	173
16	174
16	175
16	176
16	177
16	178
16	179
16	180
16	181
16	182
17	57
17	61
17	62
17	63
17	64
17	66
17	67
17	69
17	70
17	72
17	73
17	74
17	75
17	76
17	77
17	78
17	79
17	80
17	81
17	83
17	84
17	85
17	86
17	87
17	88
17	89
17	90
17	91
17	92
17	93
17	94
17	95
17	96
17	97
17	98
17	99
17	100
17	101
17	102
17	103
17	104
17	105
17	106
17	107
17	108
17	109
17	110
17	111
17	112
17	113
17	114
17	115
17	116
17	117
17	118
17	119
17	120
17	121
17	122
17	123
17	124
17	125
17	126
17	127
17	128
17	129
17	130
17	131
17	132
17	133
17	134
17	135
17	136
17	137
17	138
17	139
17	140
17	141
17	142
17	143
17	144
17	145
17	146
17	147
17	148
17	149
17	150
17	151
17	152
17	153
17	154
17	155
17	156
17	157
17	158
17	159
17	160
17	161
17	162
17	163
17	164
17	165
17	166
17	167
17	168
17	169
17	170
17	171
17	172
17	173
17	174
17	175
17	176
17	177
17	178
17	179
17	180
17	181
17	182
18	57
18	61
18	62
18	63
18	64
18	66
18	67
18	69
18	70
18	72
18	73
18	74
18	75
18	76
18	77
18	78
18	79
18	80
18	81
18	83
18	84
18	85
18	86
18	87
18	88
18	89
18	90
18	91
18	92
18	93
18	94
18	95
18	96
18	97
18	98
18	99
18	100
18	101
18	102
18	103
18	104
18	105
18	106
18	107
18	108
18	109
18	110
18	111
18	112
18	113
18	114
18	115
18	116
18	117
18	118
18	119
18	120
18	121
18	122
18	123
18	124
18	125
18	126
18	127
18	128
18	129
18	130
18	131
18	132
18	133
18	134
18	135
18	136
18	137
18	138
18	139
18	140
18	141
18	142
18	143
18	144
18	145
18	146
18	147
18	148
18	149
18	150
18	151
18	152
18	153
18	154
18	155
18	156
18	157
18	158
18	159
18	160
18	161
18	162
18	163
18	164
18	165
18	166
18	167
18	168
18	169
18	170
18	171
18	172
18	173
18	174
18	175
18	176
18	177
18	178
18	179
18	180
18	181
18	182
19	57
19	67
19	83
19	124
19	145
19	147
19	159
19	161
19	163
19	166
19	169
19	170
19	171
19	172
19	173
19	174
19	175
19	176
19	177
19	178
19	179
19	180
19	181
19	182
20	57
20	67
20	83
20	124
20	145
20	147
20	159
20	161
20	163
20	166
20	169
20	170
20	171
20	172
20	173
20	174
20	175
20	176
20	177
20	178
20	179
20	180
20	181
20	182
21	57
21	67
21	83
21	124
21	172
21	173
21	175
21	178
21	179
21	180
21	181
22	57
22	67
22	83
22	124
22	145
22	147
22	159
22	161
22	163
22	166
22	169
22	170
22	171
22	172
22	173
22	174
22	175
22	176
22	177
22	178
22	179
22	180
22	181
22	182
23	57
23	67
23	83
23	124
23	145
23	147
23	159
23	161
23	163
23	166
23	169
23	170
23	171
23	172
23	173
23	174
23	175
23	176
23	177
23	178
23	179
23	180
23	181
23	182
24	57
24	67
24	83
24	124
24	145
24	147
24	159
24	161
24	163
24	166
24	169
24	170
24	171
24	172
24	173
24	174
24	175
24	176
24	177
24	178
24	179
24	180
24	181
24	182
25	57
25	67
25	83
25	124
25	145
25	147
25	159
25	161
25	163
25	166
25	169
25	170
25	171
25	172
25	173
25	174
25	175
25	176
25	177
25	178
25	179
25	180
25	181
25	182
26	57
26	67
26	83
26	124
26	172
26	173
26	175
26	178
26	179
26	180
26	181
27	57
27	67
27	83
27	124
27	172
27	173
27	175
27	178
27	179
27	180
27	181
28	57
28	67
28	83
28	124
28	145
28	147
28	159
28	161
28	163
28	166
28	169
28	170
28	171
28	172
28	173
28	174
28	175
28	176
28	177
28	178
28	179
28	180
28	181
28	182
29	57
29	67
29	83
29	124
29	145
29	147
29	159
29	161
29	163
29	166
29	169
29	170
29	171
29	172
29	173
29	174
29	175
29	176
29	177
29	178
29	179
29	180
29	181
29	182
30	57
30	67
30	83
30	124
30	145
30	147
30	159
30	161
30	163
30	166
30	169
30	170
30	171
30	172
30	173
30	174
30	175
30	176
30	177
30	178
30	179
30	180
30	181
30	182
31	57
31	67
31	83
31	124
31	145
31	147
31	159
31	161
31	163
31	166
31	169
31	170
31	171
31	172
31	173
31	174
31	175
31	176
31	177
31	178
31	179
31	180
31	181
31	182
32	57
32	67
32	83
32	124
32	145
32	147
32	159
32	161
32	163
32	166
32	169
32	170
32	171
32	172
32	173
32	174
32	175
32	176
32	177
32	178
32	179
32	180
32	181
32	182
33	57
33	67
33	83
33	124
33	172
33	173
33	175
33	178
33	179
33	180
33	181
34	57
34	67
34	83
34	124
34	145
34	147
34	159
34	161
34	163
34	166
34	169
34	170
34	171
34	172
34	173
34	174
34	175
34	176
34	177
34	178
34	179
34	180
34	181
34	182
35	57
35	67
35	83
35	124
35	145
35	147
35	159
35	161
35	163
35	166
35	169
35	170
35	171
35	172
35	173
35	174
35	175
35	176
35	177
35	178
35	179
35	180
35	181
35	182
36	57
36	67
36	83
36	124
36	172
36	173
36	175
36	178
36	179
36	180
36	181
37	57
37	67
37	83
37	124
37	172
37	173
37	175
37	178
37	179
37	180
37	181
38	57
38	67
38	83
38	124
38	145
38	147
38	159
38	161
38	163
38	166
38	169
38	170
38	171
38	172
38	173
38	174
38	175
38	176
38	177
38	178
38	179
38	180
38	181
38	182
39	57
39	67
39	83
39	124
39	145
39	147
39	159
39	161
39	163
39	166
39	169
39	170
39	171
39	172
39	173
39	174
39	175
39	176
39	177
39	178
39	179
39	180
39	181
39	182
40	57
40	67
40	83
40	124
40	145
40	147
40	159
40	161
40	163
40	166
40	169
40	170
40	171
40	172
40	173
40	174
40	175
40	176
40	177
40	178
40	179
40	180
40	181
40	182
41	57
41	67
41	83
41	124
41	179
42	57
42	67
42	83
42	124
42	172
42	173
42	175
42	178
42	179
42	180
42	181
43	57
43	67
43	83
43	124
43	172
43	173
43	175
43	178
43	179
43	180
43	181
44	57
44	67
44	83
44	124
44	172
44	173
44	175
44	178
44	179
44	180
44	181
45	57
45	67
45	83
45	124
45	172
45	173
45	175
45	178
45	179
45	180
45	181
46	57
46	67
46	83
46	124
46	172
46	173
46	175
46	178
46	179
46	180
46	181
47	57
47	67
47	83
47	124
47	145
47	147
47	159
47	161
47	163
47	166
47	169
47	170
47	171
47	172
47	173
47	174
47	175
47	176
47	177
47	178
47	179
47	180
47	181
47	182
48	57
48	67
48	83
48	124
48	172
48	173
48	175
48	178
48	179
48	180
48	181
49	57
49	67
49	83
49	124
49	172
49	173
49	175
49	178
49	179
49	180
49	181
50	57
50	67
50	83
50	124
50	172
50	173
50	175
50	178
50	179
50	180
50	181
51	57
51	67
51	83
51	124
51	172
51	173
51	175
51	178
51	179
51	180
51	181
52	57
52	67
52	83
52	124
52	145
52	147
52	159
52	161
52	163
52	166
52	169
52	170
52	171
52	172
52	173
52	174
52	175
52	176
52	177
52	178
52	179
52	180
52	181
52	182
53	57
53	67
53	83
53	124
53	145
53	147
53	159
53	161
53	163
53	166
53	169
53	170
53	171
53	172
53	173
53	174
53	175
53	176
53	177
53	178
53	179
53	180
53	181
53	182
54	57
54	67
54	83
54	124
54	172
54	173
54	175
54	178
54	179
54	180
54	181
55	57
55	67
55	83
55	124
55	145
55	147
55	159
55	161
55	163
55	166
55	169
55	170
55	171
55	172
55	173
55	174
55	175
55	176
55	177
55	178
55	179
55	180
55	181
55	182
56	57
56	67
56	83
56	124
56	145
56	147
56	159
56	161
56	163
56	166
56	169
56	170
56	171
56	172
56	173
56	174
56	175
56	176
56	177
56	178
56	179
56	180
56	181
56	182
57	58
57	59
57	60
57	61
57	62
57	63
57	64
57	65
57	66
57	67
57	68
57	69
57	70
57	71
57	72
57	73
57	74
57	75
57	76
57	77
57	78
57	79
57	80
57	81
57	82
57	83
57	84
57	85
57	86
57	87
57	88
57	89
57	90
57	91
57	92
57	93
57	94
57	95
57	96
57	97
57	98
57	99
57	100
57	101
57	102
57	103
57	104
57	105
57	106
57	107
57	108
57	109
57	110
57	111
57	112
57	113
57	114
57	115
57	116
57	117
57	118
57	119
57	120
57	121
57	122
57	123
57	124
57	125
57	126
57	127
57	128
57	129
57	130
57	131
57	132
57	133
57	134
57	135
57	136
57	137
57	138
57	139
57	140
57	141
57	142
57	143
57	144
57	145
57	146
57	147
57	148
57	149
57	150
57	151
57	152
57	153
57	154
57	155
57	156
57	157
57	158
57	159
57	160
57	161
57	162
57	163
57	164
57	165
57	166
57	167
57	168
57	169
57	170
57	171
57	172
57	173
57	174
57	175
57	176
57	177
57	178
57	179
57	180
57	181
57	182
58	67
58	83
58	124
58	145
58	147
58	159
58	161
58	163
58	166
58	169
58	170
58	171
58	172
58	173
58	174
58	175
58	176
58	177
58	178
58	179
58	180
58	181
58	182
59	67
59	83
59	124
59	145
59	147
59	159
59	161
59	163
59	166
59	169
59	170
59	171
59	172
59	173
59	174
59	175
59	176
59	177
59	178
59	179
59	180
59	181
59	182
60	67
60	83
60	124
60	145
60	147
60	159
60	161
60	163
60	166
60	169
60	170
60	171
60	172
60	173
60	174
60	175
60	176
60	177
60	178
60	179
60	180
60	181
60	182
61	67
61	83
61	100
61	101
61	102
61	124
61	132
61	134
61	136
61	138
61	143
61	144
61	145
61	146
61	147
61	148
61	149
61	150
61	151
61	152
61	154
61	155
61	156
61	157
61	158
61	159
61	160
61	161
61	162
61	163
61	164
61	165
61	166
61	167
61	168
61	169
61	170
61	171
61	172
61	173
61	174
61	175
61	176
61	177
61	178
61	179
61	180
61	181
61	182
62	67
62	83
62	85
62	86
62	99
62	100
62	101
62	102
62	103
62	104
62	105
62	106
62	108
62	111
62	113
62	114
62	115
62	116
62	122
62	124
62	127
62	130
62	131
62	132
62	133
62	134
62	135
62	136
62	137
62	138
62	139
62	140
62	141
62	142
62	143
62	144
62	145
62	146
62	147
62	148
62	149
62	150
62	151
62	152
62	153
62	154
62	155
62	156
62	157
62	158
62	159
62	160
62	161
62	162
62	163
62	164
62	165
62	166
62	167
62	168
62	169
62	170
62	171
62	172
62	173
62	174
62	175
62	176
62	177
62	178
62	179
62	180
62	181
62	182
63	67
63	83
63	85
63	86
63	99
63	100
63	101
63	102
63	103
63	104
63	105
63	106
63	108
63	111
63	113
63	114
63	115
63	116
63	122
63	124
63	127
63	130
63	131
63	132
63	133
63	134
63	135
63	136
63	137
63	138
63	139
63	140
63	141
63	142
63	143
63	144
63	145
63	146
63	147
63	148
63	149
63	150
63	151
63	152
63	153
63	154
63	155
63	156
63	157
63	158
63	159
63	160
63	161
63	162
63	163
63	164
63	165
63	166
63	167
63	168
63	169
63	170
63	171
63	172
63	173
63	174
63	175
63	176
63	177
63	178
63	179
63	180
63	181
63	182
64	67
64	83
64	85
64	86
64	99
64	100
64	101
64	102
64	103
64	104
64	105
64	106
64	108
64	111
64	113
64	114
64	115
64	116
64	122
64	124
64	127
64	130
64	131
64	132
64	133
64	134
64	135
64	136
64	137
64	138
64	139
64	140
64	141
64	142
64	143
64	144
64	145
64	146
64	147
64	148
64	149
64	150
64	151
64	152
64	153
64	154
64	155
64	156
64	157
64	158
64	159
64	160
64	161
64	162
64	163
64	164
64	165
64	166
64	167
64	168
64	169
64	170
64	171
64	172
64	173
64	174
64	175
64	176
64	177
64	178
64	179
64	180
64	181
64	182
65	67
65	83
65	124
65	145
65	147
65	159
65	161
65	163
65	166
65	169
65	170
65	171
65	172
65	173
65	174
65	175
65	176
65	177
65	178
65	179
65	180
65	181
65	182
66	67
66	83
66	100
66	101
66	102
66	124
66	132
66	134
66	136
66	138
66	143
66	144
66	145
66	146
66	147
66	148
66	149
66	150
66	151
66	152
66	154
66	155
66	156
66	157
66	158
66	159
66	160
66	161
66	162
66	163
66	164
66	165
66	166
66	167
66	168
66	169
66	170
66	171
66	172
66	173
66	174
66	175
66	176
66	177
66	178
66	179
66	180
66	181
66	182
67	68
67	69
67	70
67	71
67	72
67	73
67	74
67	75
67	76
67	77
67	78
67	79
67	80
67	81
67	82
67	84
67	85
67	86
67	87
67	88
67	89
67	90
67	91
67	92
67	93
67	94
67	95
67	96
67	97
67	98
67	99
67	100
67	101
67	102
67	103
67	104
67	105
67	106
67	107
67	108
67	109
67	110
67	111
67	112
67	113
67	114
67	115
67	116
67	117
67	118
67	119
67	120
67	121
67	122
67	123
67	124
67	125
67	126
67	127
67	128
67	129
67	130
67	131
67	132
67	133
67	134
67	135
67	136
67	137
67	138
67	139
67	140
67	141
67	142
67	143
67	144
67	145
67	146
67	147
67	148
67	149
67	150
67	151
67	152
67	153
67	154
67	155
67	156
67	157
67	158
67	159
67	160
67	161
67	162
67	163
67	164
67	165
67	166
67	167
67	168
67	169
67	170
67	171
67	172
67	173
67	174
67	175
67	176
67	177
67	178
67	179
67	180
67	181
67	182
68	83
68	124
68	145
68	147
68	159
68	161
68	163
68	166
68	169
68	170
68	171
68	172
68	173
68	174
68	175
68	176
68	177
68	178
68	179
68	180
68	181
68	182
69	83
69	124
69	179
70	83
70	124
70	179
71	83
71	124
71	179
72	83
72	124
72	179
73	83
73	124
73	179
74	83
74	124
74	179
75	83
75	124
75	179
76	83
76	124
76	179
77	83
77	124
77	179
78	83
78	124
78	179
79	83
79	124
79	179
80	83
80	124
80	179
81	83
81	124
81	179
82	83
82	124
82	179
83	84
83	85
83	86
83	87
83	88
83	89
83	90
83	91
83	92
83	93
83	94
83	95
83	96
83	97
83	98
83	99
83	100
83	101
83	102
83	103
83	104
83	105
83	106
83	107
83	108
83	109
83	110
83	111
83	112
83	113
83	114
83	115
83	116
83	117
83	118
83	119
83	120
83	121
83	122
83	123
83	124
83	125
83	126
83	127
83	128
83	129
83	130
83	131
83	132
83	133
83	134
83	135
83	136
83	137
83	138
83	139
83	140
83	141
83	142
83	143
83	144
83	145
83	146
83	147
83	148
83	149
83	150
83	151
83	152
83	153
83	154
83	155
83	156
83	157
83	158
83	159
83	160
83	161
83	162
83	163
83	164
83	165
83	166
83	167
83	168
83	169
83	170
83	171
83	172
83	173
83	174
83	175
83	176
83	177
83	178
83	179
83	180
83	181
83	182
84	85
84	86
84	99
84	100
84	101
84	102
84	103
84	104
84	105
84	106
84	108
84	111
84	113
84	114
84	115
84	116
84	122
84	124
84	127
84	130
84	131
84	132
84	133
84	134
84	135
84	136
84	137
84	138
84	139
84	140
84	141
84	142
84	143
84	144
84	145
84	146
84	147
84	148
84	149
84	150
84	151
84	152
84	153
84	154
84	155
84	156
84	157
84	158
84	159
84	160
84	161
84	162
84	163
84	164
84	165
84	166
84	167
84	168
84	169
84	170
84	171
84	172
84	173
84	174
84	175
84	176
84	177
84	178
84	179
84	180
84	181
84	182
85	124
85	179
86	124
86	179
87	124
87	179
88	124
88	179
89	124
89	179
90	124
90	179
91	124
91	172
91	173
91	175
91	179
91	180
91	181
92	124
92	172
92	173
92	175
92	179
92	180
92	181
93	124
93	179
94	124
94	172
94	173
94	175
94	179
94	180
94	181
95	124
95	172
95	173
95	175
95	178
95	179
95	180
95	181
96	124
96	179
97	124
97	172
97	173
97	175
97	179
97	180
97	181
98	124
98	179
99	124
99	179
100	124
100	179
101	124
101	179
102	124
102	179
103	124
103	179
104	124
104	179
105	124
105	179
106	124
106	179
107	124
107	179
108	124
108	179
109	124
109	179
110	124
110	179
111	124
111	179
112	124
112	179
113	124
113	179
114	124
114	179
115	124
115	179
116	124
116	179
117	124
117	179
118	124
118	179
119	124
119	179
120	124
120	179
121	124
121	179
122	124
122	179
123	124
123	179
124	125
124	126
124	127
124	128
124	129
124	130
124	131
124	132
124	133
124	134
124	135
124	136
124	137
124	138
124	139
124	140
124	141
124	142
124	143
124	144
124	145
124	146
124	147
124	148
124	149
124	150
124	151
124	152
124	153
124	154
124	155
124	156
124	157
124	158
124	159
124	160
124	161
124	162
124	163
124	164
124	165
124	166
124	167
124	168
124	169
124	170
124	171
124	172
124	173
124	174
124	175
124	176
124	177
124	178
124	179
124	180
124	181
124	182
125	179
126	179
127	179
128	179
129	179
130	179
131	179
132	179
133	179
134	179
135	179
136	179
137	179
138	179
139	179
140	179
141	179
142	179
143	179
144	179
145	179
146	179
147	179
148	179
149	179
150	179
151	179
152	179
153	179
154	179
155	179
156	179
157	179
158	179
159	179
160	179
161	179
162	179
163	179
164	179
165	179
166	179
167	179
168	179
169	179
170	179
171	179
172	179
173	179
174	179
175	179
176	179
177	179
178	179
179	180
179	181
179	182