182	974
1	57
1	67
1	83
1	124
1	179
2	57
2	67
2	83
2	124
2	179
3	57
3	67
3	83
3	124
3	179
4	57
4	67
4	83
4	124
4	179
5	57
5	67
5	83
5	124
5	179
6	57
6	67
6	83
6	124
6	179
7	57
7	67
7	83
7	124
7	179
8	57
8	67
8	83
8	124
8	172
8	173
8	175
8	178
8	179
8	180
8	181
9	57
9	67
9	83
9	124
9	172
9	173
9	175
9	178
9	179
9	180
9	181
10	57
10	67
10	83
10	124
10	172
10	173
10	175
10	178
10	179
10	180
10	181
11	57
11	67
11	83
11	124
11	179
12	57
12	67
12	83
12	124
12	179
13	57
13	67
13	83
13	124
13	172
13	173
13	175
13	178
13	179
13	180
13	181
14	57
14	67
14	83
14	124
14	172
14	173
14	175
14	178
14	179
14	180
14	181
15	57
15	67
15	83
15	124
15	172
15	173
15	175
15	178
15	179
15	180
15	181
16	57
16	67
16	83
16	124
16	172
16	173
16	175
16	178
16	179
16	180
16	181
17	57
17	67
17	83
17	124
17	145
17	147
17	159
17	161
17	163
17	166
17	169
17	170
17	171
17	172
17	173
17	174
17	175
17	176
17	177
17	178
17	179
17	180
17	181
17	182
18	57
18	67
18	83
18	124
18	145
18	147
18	159
18	161
18	163
18	166
18	169
18	170
18	171
18	172
18	173
18	174
18	175
18	176
18	177
18	178
18	179
18	180
18	181
18	182
19	57
19	67
19	83
19	124
19	179
20	57
20	67
20	83
20	124
20	179
21	57
21	67
21	83
21	124
21	179
22	57
22	67
22	83
22	124
22	179
23	57
23	67
23	83
23	124
23	179
24	57
24	67
24	83
24	124
24	179
25	57
25	67
25	83
25	124
25	179
26	57
26	67
26	83
26	124
26	179
27	57
27	67
27	83
27	124
27	179
28	57
28	67
28	83
28	124
28	179
29	57
29	67
29	83
29	124
29	179
30	57
30	67
30	83
30	124
30	179
31	57
31	67
31	83
31	124
31	179
32	57
32	67
32	83
32	124
32	179
33	57
33	67
33	83
33	124
33	179
34	57
34	67
34	83
34	124
34	179
35	57
35	67
35	83
35	124
35	179
36	57
36	67
36	83
36	124
36	179
37	57
37	67
37	83
37	124
37	179
38	57
38	67
38	83
38	124
38	179
39	57
39	67
39	83
39	124
39	179
40	57
40	67
40	83
40	124
40	179
41	57
41	67
41	83
41	124
41	179
42	57
42	67
42	83
42	124
42	179
43	57
43	67
43	83
43	124
43	179
44	57
44	67
44	83
44	124
44	179
45	57
45	67
45	83
45	124
45	179
46	57
46	67
46	83
46	124
46	179
47	57
47	67
47	83
47	124
47	179
48	57
48	67
48	83
48	124
48	179
49	57
49	67
49	83
49	124
49	179
50	57
50	67
50	83
50	124
50	179
51	57
51	67
51	83
51	124
51	179
52	57
52	67
52	83
52	124
52	179
53	57
53	67
53	83
53	124
53	179
54	57
54	67
54	83
54	124
54	179
55	57
55	67
55	83
55	124
55	179
56	57
56	67
56	83
56	124
56	179
57	58
57	59
57	60
57	61
57	62
57	63
57	64
57	65
57	66
57	67
57	68
57	69
57	70
57	71
57	72
57	73
57	74
57	75
57	76
57	77
57	78
57	79
57	80
57	81
57	82
57	83
57	84
57	85
57	86
57	87
57	88
57	89
57	90
57	91
57	92
57	93
57	94
57	95
57	96
57	97
57	98
57	99
57	100
57	101
57	102
57	103
57	104
57	105
57	106
57	107
57	108
57	109
57	110
57	111
57	112
57	113
57	114
57	115
57	116
57	117
57	118
57	119
57	120
57	121
57	122
57	123
57	124
57	125
57	126
57	127
57	128
57	129
57	130
57	131
57	132
57	133
57	134
57	135
57	136
57	137
57	138
57	139
57	140
57	141
57	142
57	143
57	144
57	145
57	146
57	147
57	148
57	149
57	150
57	151
57	152
57	153
57	154
57	155
57	156
57	157
57	158
57	159
57	160
57	161
57	162
57	163
57	164
57	165
57	166
57	167
57	168
57	169
57	170
57	171
57	172
57	173
57	174
57	175
57	176
57	177
57	178
57	179
57	180
57	181
57	182
58	67
58	83
58	124
58	179
59	67
59	83
59	124
59	179
60	67
60	83
60	124
60	179
61	67
61	83
61	124
61	179
62	67
62	83
62	124
62	179
63	67
63	83
63	124
63	179
64	67
64	83
64	124
64	179
65	67
65	83
65	124
65	179
66	67
66	83
66	124
66	179
67	68
67	69
67	70
67	71
67	72
67	73
67	74
67	75
67	76
67	77
67	78
67	79
67	80
67	81
67	82
67	84
67	85
67	86
67	87
67	88
67	89
67	90
67	91
67	92
67	93
67	94
67	95
67	96
67	97
67	98
67	99
67	100
67	101
67	102
67	103
67	104
67	105
67	106
67	107
67	108
67	109
67	110
67	111
67	112
67	113
67	114
67	115
67	116
67	117
67	118
67	119
67	120
67	121
67	122
67	123
67	124
67	125
67	126
67	127
67	128
67	129
67	130
67	131
67	132
67	133
67	134
67	135
67	136
67	137
67	138
67	139
67	140
67	141
67	142
67	143
67	144
67	145
67	146
67	147
67	148
67	149
67	150
67	151
67	152
67	153
67	154
67	155
67	156
67	157
67	158
67	159
67	160
67	161
67	162
67	163
67	164
67	165
67	166
67	167
67	168
67	169
67	170
67	171
67	172
67	173
67	174
67	175
67	176
67	177
67	178
67	179
67	180
67	181
67	182
68	83
68	124
68	179
69	83
69	124
69	179
70	83
70	124
70	179
71	83
71	124
71	179
72	83
72	124
72	179
73	83
73	124
73	179
74	83
74	124
74	179
75	83
75	124
75	179
76	83
76	124
76	179
77	83
77	124
77	179
78	83
78	124
78	179
79	83
79	124
79	179
80	83
80	124
80	179
81	83
81	124
81	179
82	83
82	124
82	179
83	84
83	85
83	86
83	87
83	88
83	89
83	90
83	91
83	92
83	93
83	94
83	95
83	96
83	97
83	98
83	99
83	100
83	101
83	102
83	103
83	104
83	105
83	106
83	107
83	108
83	109
83	110
83	111
83	112
83	113
83	114
83	115
83	116
83	117
83	118
83	119
83	120
83	121
83	122
83	123
83	124
83	125
83	126
83	127
83	128
83	129
83	130
83	131
83	132
83	133
83	134
83	135
83	136
83	137
83	138
83	139
83	140
83	141
83	142
83	143
83	144
83	145
83	146
83	147
83	148
83	149
83	150
83	151
83	152
83	153
83	154
83	155
83	156
83	157
83	158
83	159
83	160
83	161
83	162
83	163
83	164
83	165
83	166
83	167
83	168
83	169
83	170
83	171
83	172
83	173
83	174
83	175
83	176
83	177
83	178
83	179
83	180
83	181
83	182
84	124
84	179
85	124
85	179
86	124
86	179
87	124
87	179
88	124
88	179
89	124
89	179
90	124
90	179
91	124
91	179
92	124
92	179
93	124
93	179
94	124
94	179
95	124
95	179
96	124
96	179
97	124
97	179
98	124
98	179
99	124
99	179
100	124
100	179
101	124
101	179
102	124
102	179
103	124
103	179
104	124
104	179
105	124
105	179
106	124
106	179
107	124
107	179
108	124
108	179
109	124
109	179
110	124
110	179
111	124
111	179
112	124
112	179
113	124
113	179
114	124
114	179
115	124
115	179
116	124
116	179
117	124
117	179
118	124
118	179
119	124
119	179
120	124
120	179
121	124
121	179
122	124
122	179
123	124
123	179
124	125
124	126
124	127
124	128
124	129
124	130
124	131
124	132
124	133
124	134
124	135
124	136
124	137
124	138
124	139
124	140
124	141
124	142
124	143
124	144
124	145
124	146
124	147
124	148
124	149
124	150
124	151
124	152
124	153
124	154
124	155
124	156
124	157
124	158
124	159
124	160
124	161
124	162
124	163
124	164
124	165
124	166
124	167
124	168
124	169
124	170
124	171
124	172
124	173
124	174
124	175
124	176
124	177
124	178
124	179
124	180
124	181
124	182
125	179
126	179
127	179
128	179
129	179
130	179
131	179
132	179
133	179
134	179
135	179
136	179
137	179
138	179
139	179
140	179
141	179
142	179
143	179
144	179
145	179
146	179
147	179
148	179
149	179
150	179
151	179
152	179
153	179
154	179
155	179
156	179
157	179
158	179
159	179
160	179
161	179
162	179
163	179
164	179
165	179
166	179
167	179
168	179
169	179
170	179
171	179
172	179
173	179
174	179
175	179
176	179
177	179
178	179
179	180
179	181
179	182