248	8088
1	3
1	7
1	51
1	75
1	123
1	151
1	155
1	156
1	157
1	159
1	164
1	168
1	169
1	170
1	176
1	177
1	178
1	179
1	189
1	190
1	192
1	193
1	195
1	196
1	199
1	201
1	202
1	203
1	204
1	207
1	208
1	210
1	211
1	212
1	213
1	214
1	215
1	216
1	217
1	218
1	219
1	220
1	221
1	222
1	223
1	224
1	225
1	226
1	227
1	228
1	229
1	230
1	231
1	232
1	233
1	234
1	235
1	236
1	237
1	238
1	239
1	240
1	241
1	242
1	243
1	244
1	245
1	246
1	247
1	248
2	3
2	5
2	7
2	29
2	51
2	75
2	95
2	110
2	117
2	122
2	123
2	124
2	125
2	127
2	129
2	130
2	131
2	133
2	134
2	135
2	136
2	138
2	141
2	143
2	144
2	145
2	146
2	147
2	148
2	149
2	150
2	151
2	152
2	153
2	154
2	155
2	156
2	157
2	158
2	159
2	160
2	161
2	162
2	163
2	164
2	165
2	166
2	167
2	168
2	169
2	170
2	171
2	172
2	173
2	174
2	175
2	176
2	177
2	178
2	179
2	180
2	181
2	182
2	183
2	184
2	185
2	186
2	187
2	188
2	189
2	190
2	191
2	192
2	193
2	194
2	195
2	196
2	197
2	198
2	199
2	200
2	201
2	202
2	203
2	204
2	205
2	206
2	207
2	208
2	209
2	210
2	211
2	212
2	213
2	214
2	215
2	216
2	217
2	218
2	219
2	220
2	221
2	222
2	223
2	224
2	225
2	226
2	227
2	228
2	229
2	230
2	231
2	232
2	233
2	234
2	235
2	236
2	237
2	238
2	239
2	240
2	241
2	242
2	243
2	244
2	245
2	246
2	247
2	248
3	4
3	5
3	6
3	7
3	8
3	9
3	10
3	11
3	12
3	13
3	14
3	15
3	16
3	17
3	18
3	19
3	20
3	21
3	22
3	23
3	24
3	25
3	26
3	27
3	28
3	29
3	30
3	31
3	32
3	33
3	34
3	35
3	36
3	37
3	38
3	39
3	40
3	41
3	42
3	43
3	44
3	45
3	46
3	47
3	48
3	49
3	50
3	51
3	52
3	53
3	54
3	55
3	56
3	57
3	58
3	59
3	60
3	61
3	62
3	63
3	64
3	65
3	66
3	67
3	68
3	69
3	70
3	71
3	72
3	73
3	74
3	75
3	76
3	77
3	78
3	79
3	80
3	81
3	82
3	83
3	84
3	85
3	86
3	87
3	88
3	89
3	90
3	91
3	92
3	93
3	94
3	95
3	96
3	97
3	98
3	99
3	100
3	101
3	102
3	103
3	104
3	105
3	106
3	107
3	108
3	109
3	110
3	111
3	112
3	113
3	114
3	115
3	116
3	117
3	118
3	119
3	120
3	121
3	122
3	123
3	124
3	125
3	126
3	127
3	128
3	129
3	130
3	131
3	132
3	133
3	134
3	135
3	136
3	137
3	138
3	139
3	140
3	141
3	142
3	143
3	144
3	145
3	146
3	147
3	148
3	149
3	150
3	151
3	152
3	153
3	154
3	155
3	156
3	157
3	158
3	159
3	160
3	161
3	162
3	163
3	164
3	165
3	166
3	167
3	168
3	169
3	170
3	171
3	172
3	173
3	174
3	175
3	176
3	177
3	178
3	179
3	180
3	181
3	182
3	183
3	184
3	185
3	186
3	187
3	188
3	189
3	190
3	191
3	192
3	193
3	194
3	195
3	196
3	197
3	198
3	199
3	200
3	201
3	202
3	203
3	204
3	205
3	206
3	207
3	208
3	209
3	210
3	211
3	212
3	213
3	214
3	215
3	216
3	217
3	218
3	219
3	220
3	221
3	222
3	223
3	224
3	225
3	226
3	227
3	228
3	229
3	230
3	231
3	232
3	233
3	234
3	235
3	236
3	237
3	238
3	239
3	240
3	241
3	242
3	243
3	244
3	245
3	246
3	247
3	248
4	7
4	51
4	75
4	95
4	117
4	122
4	123
4	124
4	125
4	127
4	129
4	130
4	131
4	133
4	134
4	135
4	136
4	138
4	141
4	143
4	144
4	145
4	146
4	148
4	149
4	150
4	151
4	152
4	153
4	154
4	155
4	156
4	157
4	158
4	159
4	160
4	161
4	162
4	163
4	164
4	165
4	166
4	167
4	168
4	169
4	170
4	171
4	172
4	173
4	174
4	176
4	177
4	178
4	179
4	180
4	181
4	182
4	185
4	186
4	187
4	188
4	189
4	190
4	191
4	192
4	193
4	194
4	195
4	196
4	197
4	198
4	199
4	200
4	201
4	202
4	203
4	204
4	205
4	206
4	207
4	208
4	209
4	210
4	211
4	212
4	213
4	214
4	215
4	216
4	217
4	218
4	219
4	220
4	221
4	222
4	223
4	224
4	225
4	226
4	227
4	228
4	229
4	230
4	231
4	232
4	233
4	234
4	235
4	236
4	237
4	238
4	239
4	240
4	241
4	242
4	243
4	244
4	245
4	246
4	247
4	248
5	7
5	51
5	63
5	75
5	76
5	80
5	82
5	83
5	89
5	90
5	95
5	96
5	98
5	102
5	103
5	104
5	105
5	108
5	110
5	111
5	112
5	113
5	114
5	115
5	116
5	117
5	118
5	119
5	121
5	122
5	123
5	124
5	125
5	126
5	127
5	128
5	129
5	130
5	131
5	132
5	133
5	134
5	135
5	136
5	137
5	138
5	139
5	140
5	141
5	142
5	143
5	144
5	145
5	146
5	147
5	148
5	149
5	150
5	151
5	152
5	153
5	154
5	155
5	156
5	157
5	158
5	159
5	160
5	161
5	162
5	163
5	164
5	165
5	166
5	167
5	168
5	169
5	170
5	171
5	172
5	173
5	174
5	175
5	176
5	177
5	178
5	179
5	180
5	181
5	182
5	183
5	184
5	185
5	186
5	187
5	188
5	189
5	190
5	191
5	192
5	193
5	194
5	195
5	196
5	197
5	198
5	199
5	200
5	201
5	202
5	203
5	204
5	205
5	206
5	207
5	208
5	209
5	210
5	211
5	212
5	213
5	214
5	215
5	216
5	217
5	218
5	219
5	220
5	221
5	222
5	223
5	224
5	225
5	226
5	227
5	228
5	229
5	230
5	231
5	232
5	233
5	234
5	235
5	236
5	237
5	238
5	239
5	240
5	241
5	242
5	243
5	244
5	245
5	246
5	247
5	248
6	7
6	51
6	75
6	82
6	83
6	89
6	90
6	95
6	96
6	98
6	102
6	103
6	104
6	105
6	108
6	110
6	111
6	112
6	113
6	114
6	115
6	116
6	117
6	118
6	119
6	121
6	122
6	123
6	124
6	125
6	126
6	127
6	128
6	129
6	130
6	131
6	132
6	133
6	134
6	135
6	136
6	137
6	138
6	139
6	140
6	141
6	142
6	143
6	144
6	145
6	146
6	147
6	148
6	149
6	150
6	151
6	152
6	153
6	154
6	155
6	156
6	157
6	158
6	159
6	160
6	161
6	162
6	163
6	164
6	165
6	166
6	167
6	168
6	169
6	170
6	171
6	172
6	173
6	174
6	175
6	176
6	177
6	178
6	179
6	180
6	181
6	182
6	183
6	184
6	185
6	186
6	187
6	188
6	189
6	190
6	191
6	192
6	193
6	194
6	195
6	196
6	197
6	198
6	199
6	200
6	201
6	202
6	203
6	204
6	205
6	206
6	207
6	208
6	209
6	210
6	211
6	212
6	213
6	214
6	215
6	216
6	217
6	218
6	219
6	220
6	221
6	222
6	223
6	224
6	225
6	226
6	227
6	228
6	229
6	230
6	231
6	232
6	233
6	234
6	235
6	236
6	237
6	238
6	239
6	240
6	241
6	242
6	243
6	244
6	245
6	246
6	247
6	248
7	8
7	9
7	10
7	11
7	12
7	13
7	14
7	15
7	16
7	17
7	18
7	19
7	20
7	21
7	22
7	23
7	24
7	25
7	26
7	27
7	28
7	29
7	30
7	31
7	32
7	33
7	34
7	35
7	36
7	37
7	38
7	39
7	40
7	41
7	42
7	43
7	44
7	45
7	46
7	47
7	48
7	49
7	50
7	51
7	52
7	53
7	54
7	55
7	56
7	57
7	58
7	59
7	60
7	61
7	62
7	63
7	64
7	65
7	66
7	67
7	68
7	69
7	70
7	71
7	72
7	73
7	74
7	75
7	76
7	77
7	78
7	79
7	80
7	81
7	82
7	83
7	84
7	85
7	86
7	87
7	88
7	89
7	90
7	91
7	92
7	93
7	94
7	95
7	96
7	97
7	98
7	99
7	100
7	101
7	102
7	103
7	104
7	105
7	106
7	107
7	108
7	109
7	110
7	111
7	112
7	113
7	114
7	115
7	116
7	117
7	118
7	119
7	120
7	121
7	122
7	123
7	124
7	125
7	126
7	127
7	128
7	129
7	130
7	131
7	132
7	133
7	134
7	135
7	136
7	137
7	138
7	139
7	140
7	141
7	142
7	143
7	144
7	145
7	146
7	147
7	148
7	149
7	150
7	151
7	152
7	153
7	154
7	155
7	156
7	157
7	158
7	159
7	160
7	161
7	162
7	163
7	164
7	165
7	166
7	167
7	168
7	169
7	170
7	171
7	172
7	173
7	174
7	175
7	176
7	177
7	178
7	179
7	180
7	181
7	182
7	183
7	184
7	185
7	186
7	187
7	188
7	189
7	190
7	191
7	192
7	193
7	194
7	195
7	196
7	197
7	198
7	199
7	200
7	201
7	202
7	203
7	204
7	205
7	206
7	207
7	208
7	209
7	210
7	211
7	212
7	213
7	214
7	215
7	216
7	217
7	218
7	219
7	220
7	221
7	222
7	223
7	224
7	225
7	226
7	227
7	228
7	229
7	230
7	231
7	232
7	233
7	234
7	235
7	236
7	237
7	238
7	239
7	240
7	241
7	242
7	243
7	244
7	245
7	246
7	247
7	248
8	51
8	75
8	95
8	117
8	122
8	123
8	124
8	125
8	127
8	129
8	130
8	131
8	133
8	134
8	135
8	136
8	138
8	141
8	143
8	144
8	145
8	146
8	148
8	149
8	150
8	151
8	152
8	153
8	154
8	155
8	156
8	157
8	158
8	159
8	160
8	161
8	162
8	163
8	164
8	165
8	166
8	167
8	168
8	169
8	170
8	171
8	172
8	173
8	174
8	176
8	177
8	178
8	179
8	180
8	181
8	182
8	185
8	186
8	187
8	188
8	189
8	190
8	191
8	192
8	193
8	194
8	195
8	196
8	197
8	198
8	199
8	200
8	201
8	202
8	203
8	204
8	205
8	206
8	207
8	208
8	209
8	210
8	211
8	212
8	213
8	214
8	215
8	216
8	217
8	218
8	219
8	220
8	221
8	222
8	223
8	224
8	225
8	226
8	227
8	228
8	229
8	230
8	231
8	232
8	233
8	234
8	235
8	236
8	237
8	238
8	239
8	240
8	241
8	242
8	243
8	244
8	245
8	246
8	247
8	248
9	51
9	75
9	95
9	117
9	122
9	123
9	124
9	125
9	127
9	129
9	130
9	131
9	133
9	134
9	135
9	136
9	138
9	141
9	143
9	144
9	145
9	146
9	148
9	149
9	150
9	151
9	152
9	153
9	154
9	155
9	156
9	157
9	158
9	159
9	160
9	161
9	162
9	163
9	164
9	165
9	166
9	167
9	168
9	169
9	170
9	171
9	172
9	173
9	174
9	176
9	177
9	178
9	179
9	180
9	181
9	182
9	185
9	186
9	187
9	188
9	189
9	190
9	191
9	192
9	193
9	194
9	195
9	196
9	197
9	198
9	199
9	200
9	201
9	202
9	203
9	204
9	205
9	206
9	207
9	208
9	209
9	210
9	211
9	212
9	213
9	214
9	215
9	216
9	217
9	218
9	219
9	220
9	221
9	222
9	223
9	224
9	225
9	226
9	227
9	228
9	229
9	230
9	231
9	232
9	233
9	234
9	235
9	236
9	237
9	238
9	239
9	240
9	241
9	242
9	243
9	244
9	245
9	246
9	247
9	248
10	51
10	75
10	123
10	151
10	155
10	156
10	157
10	159
10	164
10	168
10	169
10	170
10	176
10	177
10	178
10	179
10	189
10	190
10	192
10	193
10	195
10	196
10	199
10	201
10	202
10	203
10	204
10	207
10	208
10	210
10	211
10	212
10	213
10	214
10	215
10	216
10	217
10	218
10	219
10	220
10	221
10	222
10	223
10	224
10	225
10	226
10	227
10	228
10	229
10	230
10	231
10	232
10	233
10	234
10	235
10	236
10	237
10	238
10	239
10	240
10	241
10	242
10	243
10	244
10	245
10	246
10	247
10	248
11	51
11	75
11	123
11	151
11	155
11	159
11	164
11	168
11	169
11	170
11	177
11	189
11	190
11	193
11	195
11	196
11	199
11	201
11	203
11	204
11	207
11	208
11	210
11	211
11	213
11	214
11	215
11	216
11	217
11	218
11	219
11	220
11	221
11	222
11	223
11	224
11	225
11	226
11	227
11	228
11	229
11	230
11	231
11	232
11	233
11	234
11	235
11	236
11	237
11	238
11	239
11	240
11	241
11	242
11	243
11	244
11	245
11	246
11	247
11	248
12	51
12	75
12	123
12	151
12	155
12	159
12	164
12	168
12	169
12	170
12	177
12	189
12	190
12	193
12	195
12	196
12	199
12	201
12	203
12	204
12	207
12	208
12	210
12	211
12	213
12	214
12	215
12	216
12	217
12	218
12	219
12	220
12	221
12	222
12	223
12	224
12	225
12	226
12	227
12	228
12	229
12	230
12	231
12	232
12	233
12	234
12	235
12	236
12	237
12	238
12	239
12	240
12	241
12	242
12	243
12	244
12	245
12	246
12	247
12	248
13	51
13	75
13	95
13	117
13	122
13	123
13	124
13	125
13	127
13	129
13	130
13	131
13	133
13	134
13	135
13	136
13	138
13	141
13	143
13	144
13	145
13	146
13	148
13	149
13	150
13	151
13	152
13	153
13	154
13	155
13	156
13	157
13	158
13	159
13	160
13	161
13	162
13	163
13	164
13	165
13	166
13	167
13	168
13	169
13	170
13	171
13	172
13	173
13	174
13	176
13	177
13	178
13	179
13	180
13	181
13	182
13	185
13	186
13	187
13	188
13	189
13	190
13	191
13	192
13	193
13	194
13	195
13	196
13	197
13	198
13	199
13	200
13	201
13	202
13	203
13	204
13	205
13	206
13	207
13	208
13	209
13	210
13	211
13	212
13	213
13	214
13	215
13	216
13	217
13	218
13	219
13	220
13	221
13	222
13	223
13	224
13	225
13	226
13	227
13	228
13	229
13	230
13	231
13	232
13	233
13	234
13	235
13	236
13	237
13	238
13	239
13	240
13	241
13	242
13	243
13	244
13	245
13	246
13	247
13	248
14	51
14	75
14	95
14	117
14	122
14	123
14	124
14	125
14	127
14	129
14	130
14	131
14	133
14	134
14	135
14	136
14	138
14	141
14	143
14	144
14	145
14	146
14	148
14	149
14	150
14	151
14	152
14	153
14	154
14	155
14	156
14	157
14	158
14	159
14	160
14	161
14	162
14	163
14	164
14	165
14	166
14	167
14	168
14	169
14	170
14	171
14	172
14	173
14	174
14	176
14	177
14	178
14	179
14	180
14	181
14	182
14	185
14	186
14	187
14	188
14	189
14	190
14	191
14	192
14	193
14	194
14	195
14	196
14	197
14	198
14	199
14	200
14	201
14	202
14	203
14	204
14	205
14	206
14	207
14	208
14	209
14	210
14	211
14	212
14	213
14	214
14	215
14	216
14	217
14	218
14	219
14	220
14	221
14	222
14	223
14	224
14	225
14	226
14	227
14	228
14	229
14	230
14	231
14	232
14	233
14	234
14	235
14	236
14	237
14	238
14	239
14	240
14	241
14	242
14	243
14	244
14	245
14	246
14	247
14	248
15	51
15	75
15	95
15	117
15	122
15	123
15	124
15	125
15	127
15	129
15	130
15	131
15	133
15	134
15	135
15	136
15	138
15	141
15	143
15	144
15	145
15	146
15	148
15	149
15	150
15	151
15	152
15	153
15	154
15	155
15	156
15	157
15	158
15	159
15	160
15	161
15	162
15	163
15	164
15	165
15	166
15	167
15	168
15	169
15	170
15	171
15	172
15	173
15	174
15	176
15	177
15	178
15	179
15	180
15	181
15	182
15	185
15	186
15	187
15	188
15	189
15	190
15	191
15	192
15	193
15	194
15	195
15	196
15	197
15	198
15	199
15	200
15	201
15	202
15	203
15	204
15	205
15	206
15	207
15	208
15	209
15	210
15	211
15	212
15	213
15	214
15	215
15	216
15	217
15	218
15	219
15	220
15	221
15	222
15	223
15	224
15	225
15	226
15	227
15	228
15	229
15	230
15	231
15	232
15	233
15	234
15	235
15	236
15	237
15	238
15	239
15	240
15	241
15	242
15	243
15	244
15	245
15	246
15	247
15	248
16	29
16	51
16	53
16	58
16	60
16	68
16	69
16	73
16	74
16	75
16	80
16	82
16	83
16	87
16	88
16	89
16	90
16	94
16	95
16	96
16	97
16	98
16	99
16	100
16	102
16	103
16	104
16	105
16	107
16	108
16	109
16	110
16	111
16	112
16	113
16	114
16	115
16	116
16	117
16	118
16	119
16	121
16	122
16	123
16	124
16	125
16	126
16	127
16	128
16	129
16	130
16	131
16	132
16	133
16	134
16	135
16	136
16	137
16	138
16	139
16	140
16	141
16	142
16	143
16	144
16	145
16	146
16	147
16	148
16	149
16	150
16	151
16	152
16	153
16	154
16	155
16	156
16	157
16	158
16	159
16	160
16	161
16	162
16	163
16	164
16	165
16	166
16	167
16	168
16	169
16	170
16	171
16	172
16	173
16	174
16	175
16	176
16	177
16	178
16	179
16	180
16	181
16	182
16	183
16	184
16	185
16	186
16	187
16	188
16	189
16	190
16	191
16	192
16	193
16	194
16	195
16	196
16	197
16	198
16	199
16	200
16	201
16	202
16	203
16	204
16	205
16	206
16	207
16	208
16	209
16	210
16	211
16	212
16	213
16	214
16	215
16	216
16	217
16	218
16	219
16	220
16	221
16	222
16	223
16	224
16	225
16	226
16	227
16	228
16	229
16	230
16	231
16	232
16	233
16	234
16	235
16	236
16	237
16	238
16	239
16	240
16	241
16	242
16	243
16	244
16	245
16	246
16	247
16	248
17	51
17	75
17	83
17	89
17	90
17	95
17	112
17	113
17	114
17	115
17	116
17	117
17	122
17	123
17	124
17	125
17	126
17	127
17	128
17	129
17	130
17	131
17	132
17	133
17	134
17	135
17	136
17	137
17	138
17	139
17	140
17	141
17	142
17	143
17	144
17	145
17	146
17	148
17	149
17	150
17	151
17	152
17	153
17	154
17	155
17	156
17	157
17	158
17	159
17	160
17	161
17	162
17	163
17	164
17	165
17	166
17	167
17	168
17	169
17	170
17	171
17	172
17	173
17	174
17	176
17	177
17	178
17	179
17	180
17	181
17	182
17	185
17	186
17	187
17	188
17	189
17	190
17	191
17	192
17	193
17	194
17	195
17	196
17	197
17	198
17	199
17	200
17	201
17	202
17	203
17	204
17	205
17	206
17	207
17	208
17	209
17	210
17	211
17	212
17	213
17	214
17	215
17	216
17	217
17	218
17	219
17	220
17	221
17	222
17	223
17	224
17	225
17	226
17	227
17	228
17	229
17	230
17	231
17	232
17	233
17	234
17	235
17	236
17	237
17	238
17	239
17	240
17	241
17	242
17	243
17	244
17	245
17	246
17	247
17	248
18	51
18	75
18	123
18	151
18	155
18	159
18	164
18	168
18	169
18	170
18	177
18	189
18	190
18	193
18	195
18	196
18	199
18	201
18	203
18	204
18	207
18	208
18	210
18	211
18	213
18	214
18	215
18	216
18	217
18	218
18	219
18	220
18	221
18	222
18	223
18	224
18	225
18	226
18	227
18	228
18	229
18	230
18	231
18	232
18	233
18	234
18	235
18	236
18	237
18	238
18	239
18	240
18	241
18	242
18	243
18	244
18	245
18	246
18	247
18	248
19	51
19	75
19	123
19	151
19	155
19	156
19	157
19	159
19	164
19	168
19	169
19	170
19	176
19	177
19	178
19	179
19	189
19	190
19	192
19	193
19	195
19	196
19	199
19	201
19	202
19	203
19	204
19	207
19	208
19	210
19	211
19	212
19	213
19	214
19	215
19	216
19	217
19	218
19	219
19	220
19	221
19	222
19	223
19	224
19	225
19	226
19	227
19	228
19	229
19	230
19	231
19	232
19	233
19	234
19	235
19	236
19	237
19	238
19	239
19	240
19	241
19	242
19	243
19	244
19	245
19	246
19	247
19	248
20	51
20	75
20	95
20	117
20	122
20	123
20	124
20	125
20	127
20	129
20	130
20	131
20	133
20	134
20	135
20	136
20	138
20	141
20	143
20	144
20	145
20	146
20	148
20	149
20	150
20	151
20	152
20	153
20	154
20	155
20	156
20	157
20	158
20	159
20	160
20	161
20	162
20	163
20	164
20	165
20	166
20	167
20	168
20	169
20	170
20	171
20	172
20	173
20	174
20	176
20	177
20	178
20	179
20	180
20	181
20	182
20	185
20	186
20	187
20	188
20	189
20	190
20	191
20	192
20	193
20	194
20	195
20	196
20	197
20	198
20	199
20	200
20	201
20	202
20	203
20	204
20	205
20	206
20	207
20	208
20	209
20	210
20	211
20	212
20	213
20	214
20	215
20	216
20	217
20	218
20	219
20	220
20	221
20	222
20	223
20	224
20	225
20	226
20	227
20	228
20	229
20	230
20	231
20	232
20	233
20	234
20	235
20	236
20	237
20	238
20	239
20	240
20	241
20	242
20	243
20	244
20	245
20	246
20	247
20	248
21	51
21	75
21	123
21	151
21	155
21	159
21	164
21	168
21	169
21	170
21	177
21	189
21	190
21	193
21	195
21	196
21	199
21	201
21	203
21	204
21	207
21	208
21	210
21	211
21	213
21	214
21	215
21	216
21	217
21	218
21	219
21	220
21	221
21	222
21	223
21	224
21	225
21	226
21	227
21	228
21	229
21	230
21	231
21	232
21	233
21	234
21	235
21	236
21	237
21	238
21	239
21	240
21	241
21	242
21	243
21	244
21	245
21	246
21	247
21	248
22	51
22	75
22	95
22	117
22	122
22	123
22	124
22	125
22	127
22	129
22	130
22	131
22	133
22	134
22	135
22	136
22	138
22	141
22	143
22	144
22	145
22	146
22	148
22	149
22	150
22	151
22	152
22	153
22	154
22	155
22	156
22	157
22	158
22	159
22	160
22	161
22	162
22	163
22	164
22	165
22	166
22	167
22	168
22	169
22	170
22	171
22	172
22	173
22	174
22	176
22	177
22	178
22	179
22	180
22	181
22	182
22	185
22	186
22	187
22	188
22	189
22	190
22	191
22	192
22	193
22	194
22	195
22	196
22	197
22	198
22	199
22	200
22	201
22	202
22	203
22	204
22	205
22	206
22	207
22	208
22	209
22	210
22	211
22	212
22	213
22	214
22	215
22	216
22	217
22	218
22	219
22	220
22	221
22	222
22	223
22	224
22	225
22	226
22	227
22	228
22	229
22	230
22	231
22	232
22	233
22	234
22	235
22	236
22	237
22	238
22	239
22	240
22	241
22	242
22	243
22	244
22	245
22	246
22	247
22	248
23	51
23	75
23	123
23	151
23	155
23	159
23	164
23	168
23	169
23	170
23	177
23	189
23	190
23	193
23	195
23	196
23	199
23	201
23	203
23	204
23	207
23	208
23	210
23	211
23	213
23	214
23	215
23	216
23	217
23	218
23	219
23	220
23	221
23	222
23	223
23	224
23	225
23	226
23	227
23	228
23	229
23	230
23	231
23	232
23	233
23	234
23	235
23	236
23	237
23	238
23	239
23	240
23	241
23	242
23	243
23	244
23	245
23	246
23	247
23	248
24	51
24	75
24	123
24	151
24	155
24	156
24	157
24	159
24	164
24	168
24	169
24	170
24	176
24	177
24	178
24	179
24	189
24	190
24	192
24	193
24	195
24	196
24	199
24	201
24	202
24	203
24	204
24	207
24	208
24	210
24	211
24	212
24	213
24	214
24	215
24	216
24	217
24	218
24	219
24	220
24	221
24	222
24	223
24	224
24	225
24	226
24	227
24	228
24	229
24	230
24	231
24	232
24	233
24	234
24	235
24	236
24	237
24	238
24	239
24	240
24	241
24	242
24	243
24	244
24	245
24	246
24	247
24	248
25	51
25	75
25	95
25	117
25	122
25	123
25	124
25	125
25	127
25	129
25	130
25	131
25	133
25	134
25	135
25	136
25	138
25	141
25	143
25	144
25	145
25	146
25	148
25	149
25	150
25	151
25	152
25	153
25	154
25	155
25	156
25	157
25	158
25	159
25	160
25	161
25	162
25	163
25	164
25	165
25	166
25	167
25	168
25	169
25	170
25	171
25	172
25	173
25	174
25	176
25	177
25	178
25	179
25	180
25	181
25	182
25	185
25	186
25	187
25	188
25	189
25	190
25	191
25	192
25	193
25	194
25	195
25	196
25	197
25	198
25	199
25	200
25	201
25	202
25	203
25	204
25	205
25	206
25	207
25	208
25	209
25	210
25	211
25	212
25	213
25	214
25	215
25	216
25	217
25	218
25	219
25	220
25	221
25	222
25	223
25	224
25	225
25	226
25	227
25	228
25	229
25	230
25	231
25	232
25	233
25	234
25	235
25	236
25	237
25	238
25	239
25	240
25	241
25	242
25	243
25	244
25	245
25	246
25	247
25	248
26	51
26	75
26	95
26	117
26	122
26	123
26	124
26	125
26	127
26	129
26	130
26	131
26	133
26	134
26	135
26	136
26	138
26	141
26	143
26	144
26	145
26	146
26	148
26	149
26	150
26	151
26	152
26	153
26	154
26	155
26	156
26	157
26	158
26	159
26	160
26	161
26	162
26	163
26	164
26	165
26	166
26	167
26	168
26	169
26	170
26	171
26	172
26	173
26	174
26	176
26	177
26	178
26	179
26	180
26	181
26	182
26	185
26	186
26	187
26	188
26	189
26	190
26	191
26	192
26	193
26	194
26	195
26	196
26	197
26	198
26	199
26	200
26	201
26	202
26	203
26	204
26	205
26	206
26	207
26	208
26	209
26	210
26	211
26	212
26	213
26	214
26	215
26	216
26	217
26	218
26	219
26	220
26	221
26	222
26	223
26	224
26	225
26	226
26	227
26	228
26	229
26	230
26	231
26	232
26	233
26	234
26	235
26	236
26	237
26	238
26	239
26	240
26	241
26	242
26	243
26	244
26	245
26	246
26	247
26	248
27	51
27	75
27	123
27	151
27	155
27	156
27	157
27	159
27	164
27	168
27	169
27	170
27	176
27	177
27	178
27	179
27	189
27	190
27	192
27	193
27	195
27	196
27	199
27	201
27	202
27	203
27	204
27	207
27	208
27	210
27	211
27	212
27	213
27	214
27	215
27	216
27	217
27	218
27	219
27	220
27	221
27	222
27	223
27	224
27	225
27	226
27	227
27	228
27	229
27	230
27	231
27	232
27	233
27	234
27	235
27	236
27	237
27	238
27	239
27	240
27	241
27	242
27	243
27	244
27	245
27	246
27	247
27	248
28	51
28	75
28	123
28	127
28	149
28	150
28	151
28	153
28	155
28	159
28	164
28	167
28	168
28	169
28	170
28	177
28	180
28	189
28	190
28	193
28	194
28	195
28	196
28	197
28	198
28	199
28	201
28	203
28	204
28	205
28	206
28	207
28	208
28	209
28	210
28	211
28	213
28	214
28	215
28	216
28	217
28	218
28	219
28	220
28	221
28	222
28	223
28	224
28	225
28	226
28	227
28	228
28	229
28	230
28	231
28	232
28	233
28	234
28	235
28	236
28	237
28	238
28	239
28	240
28	241
28	242
28	243
28	244
28	245
28	246
28	247
28	248
29	51
29	60
29	68
29	69
29	73
29	75
29	82
29	83
29	94
29	95
29	96
29	99
29	102
29	103
29	104
29	105
29	108
29	110
29	111
29	112
29	113
29	114
29	115
29	116
29	117
29	118
29	119
29	121
29	122
29	123
29	124
29	125
29	126
29	127
29	128
29	129
29	130
29	131
29	132
29	133
29	134
29	135
29	136
29	137
29	138
29	139
29	140
29	141
29	142
29	143
29	144
29	145
29	146
29	147
29	148
29	149
29	150
29	151
29	152
29	153
29	154
29	155
29	156
29	157
29	158
29	159
29	160
29	161
29	162
29	163
29	164
29	165
29	166
29	167
29	168
29	169
29	170
29	171
29	172
29	173
29	174
29	175
29	176
29	177
29	178
29	179
29	180
29	181
29	182
29	183
29	184
29	185
29	186
29	187
29	188
29	189
29	190
29	191
29	192
29	193
29	194
29	195
29	196
29	197
29	198
29	199
29	200
29	201
29	202
29	203
29	204
29	205
29	206
29	207
29	208
29	209
29	210
29	211
29	212
29	213
29	214
29	215
29	216
29	217
29	218
29	219
29	220
29	221
29	222
29	223
29	224
29	225
29	226
29	227
29	228
29	229
29	230
29	231
29	232
29	233
29	234
29	235
29	236
29	237
29	238
29	239
29	240
29	241
29	242
29	243
29	244
29	245
29	246
29	247
29	248
30	51
30	75
30	95
30	117
30	122
30	123
30	124
30	125
30	127
30	129
30	130
30	131
30	133
30	134
30	135
30	136
30	138
30	141
30	143
30	144
30	145
30	146
30	148
30	149
30	150
30	151
30	152
30	153
30	154
30	155
30	156
30	157
30	158
30	159
30	160
30	161
30	162
30	163
30	164
30	165
30	166
30	167
30	168
30	169
30	170
30	171
30	172
30	173
30	174
30	176
30	177
30	178
30	179
30	180
30	181
30	182
30	185
30	186
30	187
30	188
30	189
30	190
30	191
30	192
30	193
30	194
30	195
30	196
30	197
30	198
30	199
30	200
30	201
30	202
30	203
30	204
30	205
30	206
30	207
30	208
30	209
30	210
30	211
30	212
30	213
30	214
30	215
30	216
30	217
30	218
30	219
30	220
30	221
30	222
30	223
30	224
30	225
30	226
30	227
30	228
30	229
30	230
30	231
30	232
30	233
30	234
30	235
30	236
30	237
30	238
30	239
30	240
30	241
30	242
30	243
30	244
30	245
30	246
30	247
30	248
31	51
31	75
31	123
31	151
31	155
31	159
31	164
31	168
31	169
31	170
31	177
31	189
31	190
31	193
31	195
31	196
31	199
31	201
31	203
31	204
31	207
31	208
31	210
31	211
31	213
31	214
31	215
31	216
31	217
31	218
31	219
31	220
31	221
31	222
31	223
31	224
31	225
31	226
31	227
31	228
31	229
31	230
31	231
31	232
31	233
31	234
31	235
31	236
31	237
31	238
31	239
31	240
31	241
31	242
31	243
31	244
31	245
31	246
31	247
31	248
32	51
32	75
32	95
32	117
32	122
32	123
32	124
32	125
32	127
32	129
32	130
32	131
32	133
32	134
32	135
32	136
32	138
32	141
32	143
32	144
32	145
32	146
32	148
32	149
32	150
32	151
32	152
32	153
32	154
32	155
32	156
32	157
32	158
32	159
32	160
32	161
32	162
32	163
32	164
32	165
32	166
32	167
32	168
32	169
32	170
32	171
32	172
32	173
32	174
32	176
32	177
32	178
32	179
32	180
32	181
32	182
32	185
32	186
32	187
32	188
32	189
32	190
32	191
32	192
32	193
32	194
32	195
32	196
32	197
32	198
32	199
32	200
32	201
32	202
32	203
32	204
32	205
32	206
32	207
32	208
32	209
32	210
32	211
32	212
32	213
32	214
32	215
32	216
32	217
32	218
32	219
32	220
32	221
32	222
32	223
32	224
32	225
32	226
32	227
32	228
32	229
32	230
32	231
32	232
32	233
32	234
32	235
32	236
32	237
32	238
32	239
32	240
32	241
32	242
32	243
32	244
32	245
32	246
32	247
32	248
33	51
33	75
33	82
33	83
33	95
33	96
33	102
33	103
33	104
33	105
33	108
33	110
33	111
33	112
33	113
33	114
33	115
33	116
33	117
33	118
33	119
33	121
33	122
33	123
33	124
33	125
33	126
33	127
33	128
33	129
33	130
33	131
33	132
33	133
33	134
33	135
33	136
33	137
33	138
33	139
33	140
33	141
33	142
33	143
33	144
33	145
33	146
33	147
33	148
33	149
33	150
33	151
33	152
33	153
33	154
33	155
33	156
33	157
33	158
33	159
33	160
33	161
33	162
33	163
33	164
33	165
33	166
33	167
33	168
33	169
33	170
33	171
33	172
33	173
33	174
33	175
33	176
33	177
33	178
33	179
33	180
33	181
33	182
33	183
33	184
33	185
33	186
33	187
33	188
33	189
33	190
33	191
33	192
33	193
33	194
33	195
33	196
33	197
33	198
33	199
33	200
33	201
33	202
33	203
33	204
33	205
33	206
33	207
33	208
33	209
33	210
33	211
33	212
33	213
33	214
33	215
33	216
33	217
33	218
33	219
33	220
33	221
33	222
33	223
33	224
33	225
33	226
33	227
33	228
33	229
33	230
33	231
33	232
33	233
33	234
33	235
33	236
33	237
33	238
33	239
33	240
33	241
33	242
33	243
33	244
33	245
33	246
33	247
33	248
34	51
34	75
34	82
34	83
34	95
34	96
34	102
34	103
34	104
34	105
34	108
34	110
34	111
34	112
34	113
34	114
34	115
34	116
34	117
34	118
34	119
34	121
34	122
34	123
34	124
34	125
34	126
34	127
34	128
34	129
34	130
34	131
34	132
34	133
34	134
34	135
34	136
34	137
34	138
34	139
34	140
34	141
34	142
34	143
34	144
34	145
34	146
34	147
34	148
34	149
34	150
34	151
34	152
34	153
34	154
34	155
34	156
34	157
34	158
34	159
34	160
34	161
34	162
34	163
34	164
34	165
34	166
34	167
34	168
34	169
34	170
34	171
34	172
34	173
34	174
34	175
34	176
34	177
34	178
34	179
34	180
34	181
34	182
34	183
34	184
34	185
34	186
34	187
34	188
34	189
34	190
34	191
34	192
34	193
34	194
34	195
34	196
34	197
34	198
34	199
34	200
34	201
34	202
34	203
34	204
34	205
34	206
34	207
34	208
34	209
34	210
34	211
34	212
34	213
34	214
34	215
34	216
34	217
34	218
34	219
34	220
34	221
34	222
34	223
34	224
34	225
34	226
34	227
34	228
34	229
34	230
34	231
34	232
34	233
34	234
34	235
34	236
34	237
34	238
34	239
34	240
34	241
34	242
34	243
34	244
34	245
34	246
34	247
34	248
35	51
35	75
35	95
35	117
35	122
35	123
35	124
35	125
35	127
35	129
35	130
35	131
35	133
35	134
35	135
35	136
35	138
35	141
35	143
35	144
35	145
35	146
35	148
35	149
35	150
35	151
35	152
35	153
35	154
35	155
35	156
35	157
35	158
35	159
35	160
35	161
35	162
35	163
35	164
35	165
35	166
35	167
35	168
35	169
35	170
35	171
35	172
35	173
35	174
35	176
35	177
35	178
35	179
35	180
35	181
35	182
35	185
35	186
35	187
35	188
35	189
35	190
35	191
35	192
35	193
35	194
35	195
35	196
35	197
35	198
35	199
35	200
35	201
35	202
35	203
35	204
35	205
35	206
35	207
35	208
35	209
35	210
35	211
35	212
35	213
35	214
35	215
35	216
35	217
35	218
35	219
35	220
35	221
35	222
35	223
35	224
35	225
35	226
35	227
35	228
35	229
35	230
35	231
35	232
35	233
35	234
35	235
35	236
35	237
35	238
35	239
35	240
35	241
35	242
35	243
35	244
35	245
35	246
35	247
35	248
36	51
36	75
36	123
36	127
36	149
36	150
36	151
36	153
36	155
36	159
36	164
36	167
36	168
36	169
36	170
36	177
36	180
36	189
36	190
36	193
36	194
36	195
36	196
36	197
36	198
36	199
36	201
36	203
36	204
36	205
36	206
36	207
36	208
36	209
36	210
36	211
36	213
36	214
36	215
36	216
36	217
36	218
36	219
36	220
36	221
36	222
36	223
36	224
36	225
36	226
36	227
36	228
36	229
36	230
36	231
36	232
36	233
36	234
36	235
36	236
36	237
36	238
36	239
36	240
36	241
36	242
36	243
36	244
36	245
36	246
36	247
36	248
37	51
37	75
37	219
37	225
37	230
37	231
37	235
37	237
37	239
37	240
37	241
37	243
37	245
37	247
38	51
38	75
38	151
38	218
38	219
38	225
38	228
38	230
38	231
38	235
38	237
38	239
38	240
38	241
38	247
39	51
39	75
39	123
39	151
39	155
39	159
39	164
39	168
39	169
39	170
39	177
39	189
39	190
39	193
39	195
39	196
39	199
39	201
39	203
39	204
39	207
39	208
39	210
39	211
39	213
39	214
39	215
39	216
39	217
39	218
39	219
39	220
39	221
39	222
39	223
39	224
39	225
39	226
39	227
39	228
39	229
39	230
39	231
39	232
39	233
39	234
39	235
39	236
39	237
39	238
39	239
39	240
39	241
39	242
39	243
39	244
39	245
39	246
39	247
39	248
40	51
40	75
40	123
40	127
40	149
40	150
40	151
40	153
40	155
40	159
40	164
40	167
40	168
40	169
40	170
40	177
40	180
40	189
40	190
40	193
40	194
40	195
40	196
40	197
40	198
40	199
40	201
40	203
40	204
40	205
40	206
40	207
40	208
40	209
40	210
40	211
40	213
40	214
40	215
40	216
40	217
40	218
40	219
40	220
40	221
40	222
40	223
40	224
40	225
40	226
40	227
40	228
40	229
40	230
40	231
40	232
40	233
40	234
40	235
40	236
40	237
40	238
40	239
40	240
40	241
40	242
40	243
40	244
40	245
40	246
40	247
40	248
41	51
41	75
41	123
41	151
41	155
41	156
41	157
41	159
41	164
41	168
41	169
41	170
41	176
41	177
41	178
41	179
41	189
41	190
41	192
41	193
41	195
41	196
41	199
41	201
41	202
41	203
41	204
41	207
41	208
41	210
41	211
41	212
41	213
41	214
41	215
41	216
41	217
41	218
41	219
41	220
41	221
41	222
41	223
41	224
41	225
41	226
41	227
41	228
41	229
41	230
41	231
41	232
41	233
41	234
41	235
41	236
41	237
41	238
41	239
41	240
41	241
41	242
41	243
41	244
41	245
41	246
41	247
41	248
42	51
42	75
42	123
42	151
42	155
42	159
42	164
42	168
42	169
42	170
42	177
42	189
42	190
42	193
42	195
42	196
42	199
42	201
42	203
42	204
42	207
42	208
42	210
42	211
42	213
42	214
42	215
42	216
42	217
42	218
42	219
42	220
42	221
42	222
42	223
42	224
42	225
42	226
42	227
42	228
42	229
42	230
42	231
42	232
42	233
42	234
42	235
42	236
42	237
42	238
42	239
42	240
42	241
42	242
42	243
42	244
42	245
42	246
42	247
42	248
43	51
43	75
43	123
43	151
43	155
43	159
43	164
43	168
43	169
43	170
43	177
43	189
43	190
43	193
43	195
43	196
43	199
43	201
43	203
43	204
43	207
43	208
43	210
43	211
43	213
43	214
43	215
43	216
43	217
43	218
43	219
43	220
43	221
43	222
43	223
43	224
43	225
43	226
43	227
43	228
43	229
43	230
43	231
43	232
43	233
43	234
43	235
43	236
43	237
43	238
43	239
43	240
43	241
43	242
43	243
43	244
43	245
43	246
43	247
43	248
44	51
44	75
44	123
44	151
44	155
44	159
44	164
44	168
44	169
44	170
44	177
44	189
44	190
44	193
44	195
44	196
44	199
44	201
44	203
44	204
44	207
44	208
44	210
44	211
44	213
44	214
44	215
44	216
44	217
44	218
44	219
44	220
44	221
44	222
44	223
44	224
44	225
44	226
44	227
44	228
44	229
44	230
44	231
44	232
44	233
44	234
44	235
44	236
44	237
44	238
44	239
44	240
44	241
44	242
44	243
44	244
44	245
44	246
44	247
44	248
45	51
45	75
45	151
45	218
45	219
45	225
45	228
45	230
45	231
45	235
45	237
45	239
45	240
45	241
45	247
46	51
46	75
46	219
46	225
46	230
46	231
46	235
46	237
46	239
46	240
46	241
46	247
47	51
47	75
47	117
47	123
47	124
47	127
47	130
47	131
47	134
47	135
47	141
47	143
47	146
47	148
47	149
47	150
47	151
47	152
47	153
47	154
47	155
47	156
47	157
47	159
47	164
47	165
47	167
47	168
47	169
47	170
47	171
47	172
47	173
47	174
47	176
47	177
47	178
47	179
47	180
47	182
47	189
47	190
47	191
47	192
47	193
47	194
47	195
47	196
47	197
47	198
47	199
47	200
47	201
47	202
47	203
47	204
47	205
47	206
47	207
47	208
47	209
47	210
47	211
47	212
47	213
47	214
47	215
47	216
47	217
47	218
47	219
47	220
47	221
47	222
47	223
47	224
47	225
47	226
47	227
47	228
47	229
47	230
47	231
47	232
47	233
47	234
47	235
47	236
47	237
47	238
47	239
47	240
47	241
47	242
47	243
47	244
47	245
47	246
47	247
47	248
48	51
48	75
48	95
48	117
48	122
48	123
48	124
48	125
48	127
48	130
48	131
48	133
48	134
48	135
48	136
48	138
48	141
48	143
48	144
48	145
48	146
48	148
48	149
48	150
48	151
48	152
48	153
48	154
48	155
48	156
48	157
48	158
48	159
48	160
48	161
48	162
48	163
48	164
48	165
48	166
48	167
48	168
48	169
48	170
48	171
48	172
48	173
48	174
48	176
48	177
48	178
48	179
48	180
48	181
48	182
48	185
48	186
48	187
48	188
48	189
48	190
48	191
48	192
48	193
48	194
48	195
48	196
48	197
48	198
48	199
48	200
48	201
48	202
48	203
48	204
48	205
48	206
48	207
48	208
48	209
48	210
48	211
48	212
48	213
48	214
48	215
48	216
48	217
48	218
48	219
48	220
48	221
48	222
48	223
48	224
48	225
48	226
48	227
48	228
48	229
48	230
48	231
48	232
48	233
48	234
48	235
48	236
48	237
48	238
48	239
48	240
48	241
48	242
48	243
48	244
48	245
48	246
48	247
48	248
49	51
49	75
49	123
49	151
49	155
49	159
49	164
49	168
49	169
49	170
49	177
49	189
49	190
49	193
49	195
49	196
49	199
49	201
49	203
49	204
49	207
49	208
49	210
49	211
49	213
49	214
49	215
49	216
49	217
49	218
49	219
49	220
49	221
49	222
49	223
49	224
49	225
49	226
49	227
49	228
49	229
49	230
49	231
49	232
49	233
49	234
49	235
49	236
49	237
49	238
49	239
49	240
49	241
49	242
49	243
49	244
49	245
49	246
49	247
49	248
50	51
50	75
50	123
50	151
50	155
50	159
50	164
50	168
50	169
50	170
50	177
50	189
50	190
50	193
50	195
50	196
50	199
50	201
50	203
50	204
50	207
50	208
50	210
50	211
50	213
50	214
50	215
50	216
50	217
50	218
50	219
50	220
50	221
50	222
50	223
50	224
50	225
50	226
50	227
50	228
50	229
50	230
50	231
50	232
50	233
50	234
50	235
50	236
50	237
50	238
50	239
50	240
50	241
50	242
50	243
50	244
50	245
50	246
50	247
50	248
51	52
51	53
51	54
51	55
51	56
51	57
51	58
51	59
51	60
51	61
51	62
51	63
51	64
51	65
51	66
51	67
51	68
51	69
51	70
51	71
51	72
51	73
51	74
51	75
51	76
51	77
51	78
51	79
51	80
51	81
51	82
51	83
51	84
51	85
51	86
51	87
51	88
51	89
51	90
51	91
51	92
51	93
51	94
51	95
51	96
51	97
51	98
51	99
51	100
51	101
51	102
51	103
51	104
51	105
51	106
51	107
51	108
51	109
51	110
51	111
51	112
51	113
51	114
51	115
51	116
51	117
51	118
51	119
51	120
51	121
51	122
51	123
51	124
51	125
51	126
51	127
51	128
51	129
51	130
51	131
51	132
51	133
51	134
51	135
51	136
51	137
51	138
51	139
51	140
51	141
51	142
51	143
51	144
51	145
51	146
51	147
51	148
51	149
51	150
51	151
51	152
51	153
51	154
51	155
51	156
51	157
51	158
51	159
51	160
51	161
51	162
51	163
51	164
51	165
51	166
51	167
51	168
51	169
51	170
51	171
51	172
51	173
51	174
51	175
51	176
51	177
51	178
51	179
51	180
51	181
51	182
51	183
51	184
51	185
51	186
51	187
51	188
51	189
51	190
51	191
51	192
51	193
51	194
51	195
51	196
51	197
51	198
51	199
51	200
51	201
51	202
51	203
51	204
51	205
51	206
51	207
51	208
51	209
51	210
51	211
51	212
51	213
51	214
51	215
51	216
51	217
51	218
51	219
51	220
51	221
51	222
51	223
51	224
51	225
51	226
51	227
51	228
51	229
51	230
51	231
51	232
51	233
51	234
51	235
51	236
51	237
51	238
51	239
51	240
51	241
51	242
51	243
51	244
51	245
51	246
51	247
51	248
52	75
52	123
52	127
52	149
52	150
52	151
52	153
52	155
52	159
52	164
52	167
52	168
52	169
52	170
52	177
52	180
52	189
52	190
52	193
52	194
52	195
52	196
52	197
52	198
52	199
52	201
52	203
52	204
52	205
52	206
52	207
52	208
52	209
52	210
52	211
52	213
52	214
52	215
52	216
52	217
52	218
52	219
52	220
52	221
52	222
52	223
52	224
52	225
52	226
52	227
52	228
52	229
52	230
52	231
52	232
52	233
52	234
52	235
52	236
52	237
52	238
52	239
52	240
52	241
52	242
52	243
52	244
52	245
52	246
52	247
52	248
53	75
53	95
53	117
53	122
53	123
53	124
53	125
53	127
53	129
53	130
53	131
53	133
53	134
53	135
53	136
53	138
53	141
53	143
53	144
53	145
53	146
53	148
53	149
53	150
53	151
53	152
53	153
53	154
53	155
53	156
53	157
53	158
53	159
53	160
53	161
53	162
53	163
53	164
53	165
53	166
53	167
53	168
53	169
53	170
53	171
53	172
53	173
53	174
53	176
53	177
53	178
53	179
53	180
53	181
53	182
53	185
53	186
53	187
53	188
53	189
53	190
53	191
53	192
53	193
53	194
53	195
53	196
53	197
53	198
53	199
53	200
53	201
53	202
53	203
53	204
53	205
53	206
53	207
53	208
53	209
53	210
53	211
53	212
53	213
53	214
53	215
53	216
53	217
53	218
53	219
53	220
53	221
53	222
53	223
53	224
53	225
53	226
53	227
53	228
53	229
53	230
53	231
53	232
53	233
53	234
53	235
53	236
53	237
53	238
53	239
53	240
53	241
53	242
53	243
53	244
53	245
53	246
53	247
53	248
54	75
54	95
54	117
54	122
54	123
54	124
54	125
54	127
54	129
54	130
54	131
54	133
54	134
54	135
54	136
54	138
54	141
54	143
54	144
54	145
54	146
54	148
54	149
54	150
54	151
54	152
54	153
54	154
54	155
54	156
54	157
54	158
54	159
54	160
54	161
54	162
54	163
54	164
54	165
54	166
54	167
54	168
54	169
54	170
54	171
54	172
54	173
54	174
54	176
54	177
54	178
54	179
54	180
54	181
54	182
54	185
54	186
54	187
54	188
54	189
54	190
54	191
54	192
54	193
54	194
54	195
54	196
54	197
54	198
54	199
54	200
54	201
54	202
54	203
54	204
54	205
54	206
54	207
54	208
54	209
54	210
54	211
54	212
54	213
54	214
54	215
54	216
54	217
54	218
54	219
54	220
54	221
54	222
54	223
54	224
54	225
54	226
54	227
54	228
54	229
54	230
54	231
54	232
54	233
54	234
54	235
54	236
54	237
54	238
54	239
54	240
54	241
54	242
54	243
54	244
54	245
54	246
54	247
54	248
55	75
55	95
55	117
55	122
55	123
55	124
55	125
55	127
55	129
55	130
55	131
55	133
55	134
55	135
55	136
55	138
55	141
55	143
55	144
55	145
55	146
55	148
55	149
55	150
55	151
55	152
55	153
55	154
55	155
55	156
55	157
55	158
55	159
55	160
55	161
55	162
55	163
55	164
55	165
55	166
55	167
55	168
55	169
55	170
55	171
55	172
55	173
55	174
55	176
55	177
55	178
55	179
55	180
55	181
55	182
55	185
55	186
55	187
55	188
55	189
55	190
55	191
55	192
55	193
55	194
55	195
55	196
55	197
55	198
55	199
55	200
55	201
55	202
55	203
55	204
55	205
55	206
55	207
55	208
55	209
55	210
55	211
55	212
55	213
55	214
55	215
55	216
55	217
55	218
55	219
55	220
55	221
55	222
55	223
55	224
55	225
55	226
55	227
55	228
55	229
55	230
55	231
55	232
55	233
55	234
55	235
55	236
55	237
55	238
55	239
55	240
55	241
55	242
55	243
55	244
55	245
55	246
55	247
55	248
56	75
56	95
56	117
56	122
56	123
56	124
56	125
56	127
56	129
56	130
56	131
56	133
56	134
56	135
56	136
56	138
56	141
56	143
56	144
56	145
56	146
56	148
56	149
56	150
56	151
56	152
56	153
56	154
56	155
56	156
56	157
56	158
56	159
56	160
56	161
56	162
56	163
56	164
56	165
56	166
56	167
56	168
56	169
56	170
56	171
56	172
56	173
56	174
56	176
56	177
56	178
56	179
56	180
56	181
56	182
56	185
56	186
56	187
56	188
56	189
56	190
56	191
56	192
56	193
56	194
56	195
56	196
56	197
56	198
56	199
56	200
56	201
56	202
56	203
56	204
56	205
56	206
56	207
56	208
56	209
56	210
56	211
56	212
56	213
56	214
56	215
56	216
56	217
56	218
56	219
56	220
56	221
56	222
56	223
56	224
56	225
56	226
56	227
56	228
56	229
56	230
56	231
56	232
56	233
56	234
56	235
56	236
56	237
56	238
56	239
56	240
56	241
56	242
56	243
56	244
56	245
56	246
56	247
56	248
57	75
57	95
57	117
57	122
57	123
57	124
57	125
57	127
57	130
57	131
57	133
57	134
57	135
57	136
57	138
57	141
57	143
57	144
57	145
57	146
57	148
57	149
57	150
57	151
57	152
57	153
57	154
57	155
57	156
57	157
57	158
57	159
57	160
57	161
57	162
57	163
57	164
57	165
57	166
57	167
57	168
57	169
57	170
57	171
57	172
57	173
57	174
57	176
57	177
57	178
57	179
57	180
57	181
57	182
57	185
57	186
57	187
57	188
57	189
57	190
57	191
57	192
57	193
57	194
57	195
57	196
57	197
57	198
57	199
57	200
57	201
57	202
57	203
57	204
57	205
57	206
57	207
57	208
57	209
57	210
57	211
57	212
57	213
57	214
57	215
57	216
57	217
57	218
57	219
57	220
57	221
57	222
57	223
57	224
57	225
57	226
57	227
57	228
57	229
57	230
57	231
57	232
57	233
57	234
57	235
57	236
57	237
57	238
57	239
57	240
57	241
57	242
57	243
57	244
57	245
57	246
57	247
57	248
58	75
58	123
58	151
58	155
58	159
58	164
58	168
58	169
58	170
58	177
58	189
58	190
58	193
58	195
58	196
58	199
58	201
58	203
58	204
58	207
58	208
58	210
58	211
58	213
58	214
58	215
58	216
58	217
58	218
58	219
58	220
58	221
58	222
58	223
58	224
58	225
58	226
58	227
58	228
58	229
58	230
58	231
58	232
58	233
58	234
58	235
58	236
58	237
58	238
58	239
58	240
58	241
58	242
58	243
58	244
58	245
58	246
58	247
58	248
59	75
59	123
59	151
59	155
59	159
59	164
59	168
59	169
59	170
59	177
59	189
59	190
59	193
59	195
59	196
59	199
59	201
59	203
59	204
59	207
59	208
59	210
59	211
59	213
59	214
59	215
59	216
59	217
59	218
59	219
59	220
59	221
59	222
59	223
59	224
59	225
59	226
59	227
59	228
59	229
59	230
59	231
59	232
59	233
59	234
59	235
59	236
59	237
59	238
59	239
59	240
59	241
59	242
59	243
59	244
59	245
59	246
59	247
59	248
60	75
60	95
60	112
60	115
60	117
60	119
60	122
60	123
60	124
60	125
60	127
60	128
60	129
60	130
60	131
60	133
60	134
60	135
60	136
60	138
60	141
60	143
60	144
60	145
60	146
60	148
60	149
60	150
60	151
60	152
60	153
60	154
60	155
60	156
60	157
60	158
60	159
60	160
60	161
60	162
60	163
60	164
60	165
60	166
60	167
60	168
60	169
60	170
60	171
60	172
60	173
60	174
60	176
60	177
60	178
60	179
60	180
60	181
60	182
60	185
60	186
60	187
60	188
60	189
60	190
60	191
60	192
60	193
60	194
60	195
60	196
60	197
60	198
60	199
60	200
60	201
60	202
60	203
60	204
60	205
60	206
60	207
60	208
60	209
60	210
60	211
60	212
60	213
60	214
60	215
60	216
60	217
60	218
60	219
60	220
60	221
60	222
60	223
60	224
60	225
60	226
60	227
60	228
60	229
60	230
60	231
60	232
60	233
60	234
60	235
60	236
60	237
60	238
60	239
60	240
60	241
60	242
60	243
60	244
60	245
60	246
60	247
60	248
61	75
61	123
61	151
61	155
61	159
61	164
61	168
61	169
61	170
61	177
61	189
61	190
61	193
61	195
61	196
61	199
61	201
61	203
61	204
61	207
61	208
61	210
61	211
61	213
61	214
61	215
61	216
61	217
61	218
61	219
61	220
61	221
61	222
61	223
61	224
61	225
61	226
61	227
61	228
61	229
61	230
61	231
61	232
61	233
61	234
61	235
61	236
61	237
61	238
61	239
61	240
61	241
61	242
61	243
61	244
61	245
61	246
61	247
61	248
62	75
62	95
62	117
62	122
62	123
62	124
62	125
62	127
62	129
62	130
62	131
62	133
62	134
62	135
62	136
62	138
62	141
62	143
62	144
62	145
62	146
62	148
62	149
62	150
62	151
62	152
62	153
62	154
62	155
62	156
62	157
62	158
62	159
62	160
62	161
62	162
62	163
62	164
62	165
62	166
62	167
62	168
62	169
62	170
62	171
62	172
62	173
62	174
62	176
62	177
62	178
62	179
62	180
62	181
62	182
62	185
62	186
62	187
62	188
62	189
62	190
62	191
62	192
62	193
62	194
62	195
62	196
62	197
62	198
62	199
62	200
62	201
62	202
62	203
62	204
62	205
62	206
62	207
62	208
62	209
62	210
62	211
62	212
62	213
62	214
62	215
62	216
62	217
62	218
62	219
62	220
62	221
62	222
62	223
62	224
62	225
62	226
62	227
62	228
62	229
62	230
62	231
62	232
62	233
62	234
62	235
62	236
62	237
62	238
62	239
62	240
62	241
62	242
62	243
62	244
62	245
62	246
62	247
62	248
63	75
63	123
63	127
63	149
63	150
63	151
63	153
63	155
63	159
63	164
63	167
63	168
63	169
63	170
63	177
63	180
63	189
63	190
63	193
63	194
63	195
63	196
63	197
63	198
63	199
63	201
63	203
63	204
63	205
63	206
63	207
63	208
63	209
63	210
63	211
63	213
63	214
63	215
63	216
63	217
63	218
63	219
63	220
63	221
63	222
63	223
63	224
63	225
63	226
63	227
63	228
63	229
63	230
63	231
63	232
63	233
63	234
63	235
63	236
63	237
63	238
63	239
63	240
63	241
63	242
63	243
63	244
63	245
63	246
63	247
63	248
64	75
64	151
64	218
64	219
64	225
64	228
64	230
64	231
64	235
64	237
64	239
64	240
64	241
64	247
65	75
65	123
65	151
65	155
65	159
65	164
65	168
65	169
65	170
65	177
65	189
65	190
65	193
65	195
65	196
65	199
65	201
65	203
65	204
65	207
65	208
65	210
65	211
65	213
65	214
65	215
65	216
65	217
65	218
65	219
65	220
65	221
65	222
65	223
65	224
65	225
65	226
65	227
65	228
65	229
65	230
65	231
65	232
65	233
65	234
65	235
65	236
65	237
65	238
65	239
65	240
65	241
65	242
65	243
65	244
65	245
65	246
65	247
65	248
66	75
66	123
66	151
66	155
66	156
66	157
66	159
66	164
66	168
66	169
66	170
66	171
66	176
66	177
66	178
66	179
66	182
66	189
66	190
66	192
66	193
66	195
66	196
66	199
66	201
66	202
66	203
66	204
66	207
66	208
66	210
66	211
66	212
66	213
66	214
66	215
66	216
66	217
66	218
66	219
66	220
66	221
66	222
66	223
66	224
66	225
66	226
66	227
66	228
66	229
66	230
66	231
66	232
66	233
66	234
66	235
66	236
66	237
66	238
66	239
66	240
66	241
66	242
66	243
66	244
66	245
66	246
66	247
66	248
67	75
67	123
67	151
67	155
67	159
67	164
67	168
67	169
67	170
67	177
67	189
67	190
67	193
67	195
67	196
67	199
67	201
67	203
67	204
67	207
67	208
67	210
67	211
67	213
67	214
67	215
67	216
67	217
67	218
67	219
67	220
67	221
67	222
67	223
67	224
67	225
67	226
67	227
67	228
67	229
67	230
67	231
67	232
67	233
67	234
67	235
67	236
67	237
67	238
67	239
67	240
67	241
67	242
67	243
67	244
67	245
67	246
67	247
67	248
68	75
68	123
68	151
68	155
68	156
68	157
68	159
68	164
68	168
68	169
68	170
68	171
68	176
68	177
68	178
68	179
68	182
68	189
68	190
68	192
68	193
68	195
68	196
68	199
68	201
68	202
68	203
68	204
68	207
68	208
68	210
68	211
68	212
68	213
68	214
68	215
68	216
68	217
68	218
68	219
68	220
68	221
68	222
68	223
68	224
68	225
68	226
68	227
68	228
68	229
68	230
68	231
68	232
68	233
68	234
68	235
68	236
68	237
68	238
68	239
68	240
68	241
68	242
68	243
68	244
68	245
68	246
68	247
68	248
69	75
69	95
69	112
69	115
69	117
69	119
69	122
69	123
69	124
69	125
69	127
69	128
69	129
69	130
69	131
69	133
69	134
69	135
69	136
69	138
69	141
69	143
69	144
69	145
69	146
69	148
69	149
69	150
69	151
69	152
69	153
69	154
69	155
69	156
69	157
69	158
69	159
69	160
69	161
69	162
69	163
69	164
69	165
69	166
69	167
69	168
69	169
69	170
69	171
69	172
69	173
69	174
69	176
69	177
69	178
69	179
69	180
69	181
69	182
69	185
69	186
69	187
69	188
69	189
69	190
69	191
69	192
69	193
69	194
69	195
69	196
69	197
69	198
69	199
69	200
69	201
69	202
69	203
69	204
69	205
69	206
69	207
69	208
69	209
69	210
69	211
69	212
69	213
69	214
69	215
69	216
69	217
69	218
69	219
69	220
69	221
69	222
69	223
69	224
69	225
69	226
69	227
69	228
69	229
69	230
69	231
69	232
69	233
69	234
69	235
69	236
69	237
69	238
69	239
69	240
69	241
69	242
69	243
69	244
69	245
69	246
69	247
69	248
70	75
70	219
70	225
70	230
70	231
70	235
70	237
70	239
70	240
70	241
70	243
70	245
70	247
71	75
71	219
71	225
71	230
71	231
71	235
71	237
71	239
71	240
71	241
71	243
71	245
71	247
72	75
72	219
72	225
72	230
72	231
72	235
72	237
72	239
72	240
72	241
72	243
72	245
72	247
73	75
73	123
73	151
73	155
73	156
73	157
73	159
73	164
73	168
73	169
73	170
73	176
73	177
73	178
73	179
73	189
73	190
73	192
73	193
73	195
73	196
73	199
73	201
73	202
73	203
73	204
73	207
73	208
73	210
73	211
73	212
73	213
73	214
73	215
73	216
73	217
73	218
73	219
73	220
73	221
73	222
73	223
73	224
73	225
73	226
73	227
73	228
73	229
73	230
73	231
73	232
73	233
73	234
73	235
73	236
73	237
73	238
73	239
73	240
73	241
73	242
73	243
73	244
73	245
73	246
73	247
73	248
74	75
74	123
74	151
74	155
74	159
74	164
74	168
74	169
74	170
74	177
74	189
74	190
74	193
74	195
74	196
74	199
74	201
74	203
74	204
74	207
74	208
74	210
74	211
74	213
74	214
74	215
74	216
74	217
74	218
74	219
74	220
74	221
74	222
74	223
74	224
74	225
74	226
74	227
74	228
74	229
74	230
74	231
74	232
74	233
74	234
74	235
74	236
74	237
74	238
74	239
74	240
74	241
74	242
74	243
74	244
74	245
74	246
74	247
74	248
75	76
75	77
75	78
75	79
75	80
75	81
75	82
75	83
75	84
75	85
75	86
75	87
75	88
75	89
75	90
75	91
75	92
75	93
75	94
75	95
75	96
75	97
75	98
75	99
75	100
75	101
75	102
75	103
75	104
75	105
75	106
75	107
75	108
75	109
75	110
75	111
75	112
75	113
75	114
75	115
75	116
75	117
75	118
75	119
75	120
75	121
75	122
75	123
75	124
75	125
75	126
75	127
75	128
75	129
75	130
75	131
75	132
75	133
75	134
75	135
75	136
75	137
75	138
75	139
75	140
75	141
75	142
75	143
75	144
75	145
75	146
75	147
75	148
75	149
75	150
75	151
75	152
75	153
75	154
75	155
75	156
75	157
75	158
75	159
75	160
75	161
75	162
75	163
75	164
75	165
75	166
75	167
75	168
75	169
75	170
75	171
75	172
75	173
75	174
75	175
75	176
75	177
75	178
75	179
75	180
75	181
75	182
75	183
75	184
75	185
75	186
75	187
75	188
75	189
75	190
75	191
75	192
75	193
75	194
75	195
75	196
75	197
75	198
75	199
75	200
75	201
75	202
75	203
75	204
75	205
75	206
75	207
75	208
75	209
75	210
75	211
75	212
75	213
75	214
75	215
75	216
75	217
75	218
75	219
75	220
75	221
75	222
75	223
75	224
75	225
75	226
75	227
75	228
75	229
75	230
75	231
75	232
75	233
75	234
75	235
75	236
75	237
75	238
75	239
75	240
75	241
75	242
75	243
75	244
75	245
75	246
75	247
75	248
76	123
76	151
76	155
76	159
76	164
76	168
76	169
76	170
76	177
76	189
76	190
76	193
76	195
76	196
76	199
76	201
76	203
76	204
76	207
76	208
76	210
76	211
76	213
76	214
76	215
76	216
76	217
76	218
76	219
76	220
76	221
76	222
76	223
76	224
76	225
76	226
76	227
76	228
76	229
76	230
76	231
76	232
76	233
76	234
76	235
76	236
76	237
76	238
76	239
76	240
76	241
76	242
76	243
76	244
76	245
76	246
76	247
76	248
77	123
77	151
77	155
77	159
77	164
77	168
77	169
77	170
77	177
77	189
77	190
77	193
77	195
77	196
77	199
77	201
77	203
77	204
77	207
77	208
77	210
77	211
77	213
77	214
77	215
77	216
77	217
77	218
77	219
77	220
77	221
77	222
77	223
77	224
77	225
77	226
77	227
77	228
77	229
77	230
77	231
77	232
77	233
77	234
77	235
77	236
77	237
77	238
77	239
77	240
77	241
77	242
77	243
77	244
77	245
77	246
77	247
77	248
78	151
78	199
78	208
78	210
78	215
78	216
78	217
78	218
78	219
78	224
78	225
78	228
78	229
78	230
78	231
78	232
78	235
78	237
78	239
78	240
78	241
78	243
78	245
78	247
79	219
79	231
80	151
80	199
80	208
80	210
80	215
80	216
80	217
80	218
80	219
80	224
80	225
80	228
80	229
80	230
80	231
80	232
80	235
80	237
80	239
80	240
80	241
80	243
80	245
80	247
81	219
81	231
82	219
82	221
82	225
82	230
82	231
82	235
82	236
82	237
82	238
82	239
82	240
82	241
82	242
82	243
82	244
82	245
82	246
82	247
82	248
83	219
83	221
83	225
83	230
83	231
83	235
83	236
83	237
83	238
83	239
83	240
83	241
83	242
83	243
83	244
83	245
83	246
83	247
83	248
84	219
84	231
84	239
84	240
85	151
85	199
85	208
85	210
85	215
85	216
85	217
85	218
85	219
85	224
85	225
85	228
85	229
85	230
85	231
85	232
85	235
85	237
85	239
85	240
85	241
85	243
85	245
85	247
86	151
86	199
86	208
86	210
86	215
86	216
86	217
86	218
86	219
86	224
86	225
86	228
86	229
86	230
86	231
86	232
86	235
86	237
86	239
86	240
86	241
86	243
86	245
86	247
87	151
87	199
87	208
87	210
87	215
87	216
87	217
87	218
87	219
87	224
87	225
87	228
87	229
87	230
87	231
87	232
87	235
87	237
87	239
87	240
87	241
87	243
87	245
87	247
88	151
88	199
88	208
88	210
88	215
88	216
88	217
88	218
88	219
88	224
88	225
88	228
88	229
88	230
88	231
88	232
88	235
88	237
88	239
88	240
88	241
88	243
88	245
88	247
89	219
89	221
89	225
89	230
89	231
89	235
89	236
89	237
89	238
89	239
89	240
89	241
89	242
89	243
89	244
89	245
89	246
89	247
89	248
90	123
90	151
90	155
90	156
90	157
90	159
90	164
90	168
90	169
90	170
90	176
90	177
90	178
90	179
90	189
90	190
90	192
90	193
90	195
90	196
90	199
90	201
90	202
90	203
90	204
90	207
90	208
90	210
90	211
90	212
90	213
90	214
90	215
90	216
90	217
90	218
90	219
90	220
90	221
90	222
90	223
90	224
90	225
90	226
90	227
90	228
90	229
90	230
90	231
90	232
90	233
90	234
90	235
90	236
90	237
90	238
90	239
90	240
90	241
90	242
90	243
90	244
90	245
90	246
90	247
90	248
91	151
91	199
91	208
91	210
91	215
91	216
91	217
91	218
91	219
91	224
91	225
91	228
91	229
91	230
91	231
91	232
91	235
91	237
91	239
91	240
91	241
91	243
91	245
91	247
92	151
92	199
92	208
92	210
92	215
92	216
92	217
92	218
92	219
92	224
92	225
92	228
92	229
92	230
92	231
92	232
92	235
92	237
92	239
92	240
92	241
92	243
92	245
92	247
93	219
93	231
94	151
94	218
94	219
94	225
94	228
94	230
94	231
94	235
94	237
94	239
94	240
94	241
94	247
95	151
95	199
95	208
95	210
95	215
95	216
95	217
95	218
95	219
95	224
95	225
95	228
95	229
95	230
95	231
95	232
95	235
95	237
95	239
95	240
95	241
95	243
95	245
95	247
96	219
96	231
97	219
97	231
98	219
98	231
99	219
99	231
100	219
100	231
101	219
101	225
101	231
101	235
101	239
101	240
101	241
101	247
102	219
102	231
103	219
103	231
104	219
104	231
105	151
105	199
105	208
105	210
105	215
105	216
105	217
105	218
105	219
105	224
105	225
105	228
105	229
105	230
105	231
105	232
105	235
105	237
105	239
105	240
105	241
105	243
105	245
105	247
106	219
106	231
107	219
107	225
107	230
107	231
107	235
107	237
107	239
107	240
107	241
107	243
107	245
107	247
108	219
108	231
109	123
109	151
109	168
109	189
109	195
109	196
109	199
109	204
109	208
109	210
109	214
109	215
109	216
109	217
109	218
109	219
109	221
109	222
109	224
109	225
109	226
109	227
109	228
109	229
109	230
109	231
109	232
109	233
109	234
109	235
109	236
109	237
109	238
109	239
109	240
109	241
109	242
109	243
109	244
109	245
109	246
109	247
109	248
110	219
110	231
110	239
110	240
110	247
111	219
111	231
112	151
112	199
112	208
112	210
112	215
112	216
112	217
112	218
112	219
112	224
112	225
112	228
112	229
112	230
112	231
112	232
112	235
112	237
112	239
112	240
112	241
112	243
112	245
112	247
113	219
113	225
113	230
113	231
113	235
113	237
113	239
113	240
113	241
113	243
113	245
113	247
114	219
114	231
115	219
115	225
115	230
115	231
115	235
115	237
115	239
115	240
115	241
115	243
115	245
115	247
116	219
116	225
116	231
116	235
116	239
116	240
116	241
116	247
117	151
117	216
117	219
117	225
117	230
117	231
117	235
117	237
117	239
117	240
117	241
117	243
117	245
117	247
118	219
118	231
119	219
119	231
120	219
120	231
121	219
121	225
121	231
121	235
121	239
121	240
121	241
121	247
122	151
122	218
122	219
122	225
122	228
122	229
122	230
122	231
122	232
122	235
122	237
122	239
122	240
122	241
122	243
122	245
122	247
123	151
123	199
123	208
123	210
123	215
123	216
123	217
123	218
123	219
123	224
123	225
123	228
123	229
123	230
123	231
123	232
123	235
123	237
123	239
123	240
123	241
123	243
123	245
123	247
124	151
124	218
124	219
124	225
124	228
124	229
124	230
124	231
124	232
124	235
124	237
124	239
124	240
124	241
124	243
124	245
124	247
125	219
125	231
126	219
126	225
126	230
126	231
126	235
126	237
126	239
126	240
126	241
126	243
126	245
126	247
127	219
127	231
127	239
127	240
127	247
128	151
128	218
128	219
128	225
128	228
128	229
128	230
128	231
128	232
128	235
128	237
128	239
128	240
128	241
128	243
128	245
128	247
129	219
129	231
129	239
129	240
129	247
130	151
130	168
130	189
130	195
130	199
130	204
130	208
130	210
130	214
130	215
130	216
130	217
130	218
130	219
130	221
130	222
130	224
130	225
130	226
130	227
130	228
130	229
130	230
130	231
130	232
130	233
130	234
130	235
130	236
130	237
130	238
130	239
130	240
130	241
130	242
130	243
130	244
130	245
130	246
130	247
130	248
131	219
131	221
131	225
131	230
131	231
131	235
131	236
131	237
131	238
131	239
131	240
131	241
131	242
131	243
131	244
131	245
131	246
131	247
131	248
132	219
132	225
132	230
132	231
132	235
132	237
132	239
132	240
132	241
132	243
132	245
132	247
133	219
133	231
134	151
134	199
134	208
134	210
134	215
134	216
134	217
134	218
134	219
134	224
134	225
134	228
134	229
134	230
134	231
134	232
134	235
134	237
134	239
134	240
134	241
134	243
134	245
134	247
135	219
135	225
135	228
135	229
135	230
135	231
135	232
135	235
135	237
135	239
135	240
135	241
135	243
135	245
135	247
136	219
136	231
137	219
137	231
137	239
137	240
138	219
138	231
139	219
139	231
139	239
139	240
139	247
140	219
140	231
141	219
141	231
142	219
142	231
143	219
143	231
144	219
144	231
145	219
145	231
146	219
146	221
146	225
146	230
146	231
146	235
146	236
146	237
146	238
146	239
146	240
146	241
146	242
146	243
146	244
146	245
146	246
146	247
146	248
147	219
147	231
147	239
147	240
148	219
148	231
148	239
148	240
148	247
149	219
149	231
150	219
150	231
150	239
150	240
151	219
151	231
152	219
152	231
153	219
153	231
154	219
154	231
155	219
155	231
156	219
156	231
157	219
157	231
158	219
158	231
159	219
159	231
160	219
160	231
161	219
161	231
162	219
162	231
163	219
163	231
164	219
164	231
165	219
165	231
166	219
166	231
167	219
167	231
168	219
168	231
169	219
169	231
170	219
170	231
171	219
171	231
172	219
172	231
173	219
173	231
174	219
174	231
175	219
175	231
176	219
176	231
177	219
177	231
178	219
178	231
179	219
179	231
180	219
180	231
181	219
181	231
182	219
182	231
183	219
183	231
184	219
184	231
185	219
185	231
186	219
186	231
187	219
187	231
188	219
188	231
189	219
189	231
190	219
190	231
191	219
191	231
192	219
192	231
193	219
193	231
194	219
194	231
195	219
195	231
196	219
196	231
197	219
197	231
198	219
198	231
199	219
199	231
200	219
200	231
201	219
201	231
202	219
202	231
203	219
203	231
204	219
204	231
205	219
205	231
206	219
206	231
207	219
207	231
208	219
208	231
209	219
209	231
210	219
210	231
211	219
211	231
212	219
212	231
213	219
213	231
214	219
214	231
215	219
215	231
216	219
216	231
217	219
217	231
218	219
218	231
219	220
219	221
219	222
219	223
219	224
219	225
219	226
219	227
219	228
219	229
219	230
219	231
219	232
219	233
219	234
219	235
219	236
219	237
219	238
219	239
219	240
219	241
219	242
219	243
219	244
219	245
219	246
219	247
219	248
220	231
221	231
222	231
223	231
224	231
225	231
226	231
227	231
228	231
229	231
230	231
231	232
231	233
231	234
231	235
231	236
231	237
231	238
231	239
231	240
231	241
231	242
231	243
231	244
231	245
231	246
231	247
231	248