248	3886
1	3
1	7
1	51
1	75
1	219
1	225
1	230
1	231
1	235
1	237
1	239
1	240
1	241
1	243
1	245
1	247
2	3
2	7
2	51
2	75
2	123
2	151
2	155
2	156
2	157
2	159
2	164
2	168
2	169
2	170
2	176
2	177
2	178
2	179
2	189
2	190
2	192
2	193
2	195
2	196
2	199
2	201
2	202
2	203
2	204
2	207
2	208
2	210
2	211
2	212
2	213
2	214
2	215
2	216
2	217
2	218
2	219
2	220
2	221
2	222
2	223
2	224
2	225
2	226
2	227
2	228
2	229
2	230
2	231
2	232
2	233
2	234
2	235
2	236
2	237
2	238
2	239
2	240
2	241
2	242
2	243
2	244
2	245
2	246
2	247
2	248
3	4
3	5
3	6
3	7
3	8
3	9
3	10
3	11
3	12
3	13
3	14
3	15
3	16
3	17
3	18
3	19
3	20
3	21
3	22
3	23
3	24
3	25
3	26
3	27
3	28
3	29
3	30
3	31
3	32
3	33
3	34
3	35
3	36
3	37
3	38
3	39
3	40
3	41
3	42
3	43
3	44
3	45
3	46
3	47
3	48
3	49
3	50
3	51
3	52
3	53
3	54
3	55
3	56
3	57
3	58
3	59
3	60
3	61
3	62
3	63
3	64
3	65
3	66
3	67
3	68
3	69
3	70
3	71
3	72
3	73
3	74
3	75
3	76
3	77
3	78
3	79
3	80
3	81
3	82
3	83
3	84
3	85
3	86
3	87
3	88
3	89
3	90
3	91
3	92
3	93
3	94
3	95
3	96
3	97
3	98
3	99
3	100
3	101
3	102
3	103
3	104
3	105
3	106
3	107
3	108
3	109
3	110
3	111
3	112
3	113
3	114
3	115
3	116
3	117
3	118
3	119
3	120
3	121
3	122
3	123
3	124
3	125
3	126
3	127
3	128
3	129
3	130
3	131
3	132
3	133
3	134
3	135
3	136
3	137
3	138
3	139
3	140
3	141
3	142
3	143
3	144
3	145
3	146
3	147
3	148
3	149
3	150
3	151
3	152
3	153
3	154
3	155
3	156
3	157
3	158
3	159
3	160
3	161
3	162
3	163
3	164
3	165
3	166
3	167
3	168
3	169
3	170
3	171
3	172
3	173
3	174
3	175
3	176
3	177
3	178
3	179
3	180
3	181
3	182
3	183
3	184
3	185
3	186
3	187
3	188
3	189
3	190
3	191
3	192
3	193
3	194
3	195
3	196
3	197
3	198
3	199
3	200
3	201
3	202
3	203
3	204
3	205
3	206
3	207
3	208
3	209
3	210
3	211
3	212
3	213
3	214
3	215
3	216
3	217
3	218
3	219
3	220
3	221
3	222
3	223
3	224
3	225
3	226
3	227
3	228
3	229
3	230
3	231
3	232
3	233
3	234
3	235
3	236
3	237
3	238
3	239
3	240
3	241
3	242
3	243
3	244
3	245
3	246
3	247
3	248
4	7
4	51
4	75
4	123
4	151
4	155
4	159
4	164
4	168
4	169
4	170
4	177
4	189
4	190
4	193
4	195
4	196
4	199
4	201
4	203
4	204
4	207
4	208
4	210
4	211
4	213
4	214
4	215
4	216
4	217
4	218
4	219
4	220
4	221
4	222
4	223
4	224
4	225
4	226
4	227
4	228
4	229
4	230
4	231
4	232
4	233
4	234
4	235
4	236
4	237
4	238
4	239
4	240
4	241
4	242
4	243
4	244
4	245
4	246
4	247
4	248
5	7
5	51
5	75
5	95
5	117
5	122
5	123
5	124
5	125
5	127
5	129
5	130
5	131
5	133
5	134
5	135
5	136
5	138
5	141
5	143
5	144
5	145
5	146
5	148
5	149
5	150
5	151
5	152
5	153
5	154
5	155
5	156
5	157
5	158
5	159
5	160
5	161
5	162
5	163
5	164
5	165
5	166
5	167
5	168
5	169
5	170
5	171
5	172
5	173
5	174
5	176
5	177
5	178
5	179
5	180
5	181
5	182
5	185
5	186
5	187
5	188
5	189
5	190
5	191
5	192
5	193
5	194
5	195
5	196
5	197
5	198
5	199
5	200
5	201
5	202
5	203
5	204
5	205
5	206
5	207
5	208
5	209
5	210
5	211
5	212
5	213
5	214
5	215
5	216
5	217
5	218
5	219
5	220
5	221
5	222
5	223
5	224
5	225
5	226
5	227
5	228
5	229
5	230
5	231
5	232
5	233
5	234
5	235
5	236
5	237
5	238
5	239
5	240
5	241
5	242
5	243
5	244
5	245
5	246
5	247
5	248
6	7
6	51
6	75
6	95
6	117
6	122
6	123
6	124
6	125
6	127
6	129
6	130
6	131
6	133
6	134
6	135
6	136
6	138
6	141
6	143
6	144
6	145
6	146
6	148
6	149
6	150
6	151
6	152
6	153
6	154
6	155
6	156
6	157
6	158
6	159
6	160
6	161
6	162
6	163
6	164
6	165
6	166
6	167
6	168
6	169
6	170
6	171
6	172
6	173
6	174
6	176
6	177
6	178
6	179
6	180
6	181
6	182
6	185
6	186
6	187
6	188
6	189
6	190
6	191
6	192
6	193
6	194
6	195
6	196
6	197
6	198
6	199
6	200
6	201
6	202
6	203
6	204
6	205
6	206
6	207
6	208
6	209
6	210
6	211
6	212
6	213
6	214
6	215
6	216
6	217
6	218
6	219
6	220
6	221
6	222
6	223
6	224
6	225
6	226
6	227
6	228
6	229
6	230
6	231
6	232
6	233
6	234
6	235
6	236
6	237
6	238
6	239
6	240
6	241
6	242
6	243
6	244
6	245
6	246
6	247
6	248
7	8
7	9
7	10
7	11
7	12
7	13
7	14
7	15
7	16
7	17
7	18
7	19
7	20
7	21
7	22
7	23
7	24
7	25
7	26
7	27
7	28
7	29
7	30
7	31
7	32
7	33
7	34
7	35
7	36
7	37
7	38
7	39
7	40
7	41
7	42
7	43
7	44
7	45
7	46
7	47
7	48
7	49
7	50
7	51
7	52
7	53
7	54
7	55
7	56
7	57
7	58
7	59
7	60
7	61
7	62
7	63
7	64
7	65
7	66
7	67
7	68
7	69
7	70
7	71
7	72
7	73
7	74
7	75
7	76
7	77
7	78
7	79
7	80
7	81
7	82
7	83
7	84
7	85
7	86
7	87
7	88
7	89
7	90
7	91
7	92
7	93
7	94
7	95
7	96
7	97
7	98
7	99
7	100
7	101
7	102
7	103
7	104
7	105
7	106
7	107
7	108
7	109
7	110
7	111
7	112
7	113
7	114
7	115
7	116
7	117
7	118
7	119
7	120
7	121
7	122
7	123
7	124
7	125
7	126
7	127
7	128
7	129
7	130
7	131
7	132
7	133
7	134
7	135
7	136
7	137
7	138
7	139
7	140
7	141
7	142
7	143
7	144
7	145
7	146
7	147
7	148
7	149
7	150
7	151
7	152
7	153
7	154
7	155
7	156
7	157
7	158
7	159
7	160
7	161
7	162
7	163
7	164
7	165
7	166
7	167
7	168
7	169
7	170
7	171
7	172
7	173
7	174
7	175
7	176
7	177
7	178
7	179
7	180
7	181
7	182
7	183
7	184
7	185
7	186
7	187
7	188
7	189
7	190
7	191
7	192
7	193
7	194
7	195
7	196
7	197
7	198
7	199
7	200
7	201
7	202
7	203
7	204
7	205
7	206
7	207
7	208
7	209
7	210
7	211
7	212
7	213
7	214
7	215
7	216
7	217
7	218
7	219
7	220
7	221
7	222
7	223
7	224
7	225
7	226
7	227
7	228
7	229
7	230
7	231
7	232
7	233
7	234
7	235
7	236
7	237
7	238
7	239
7	240
7	241
7	242
7	243
7	244
7	245
7	246
7	247
7	248
8	51
8	75
8	123
8	151
8	155
8	159
8	164
8	168
8	169
8	170
8	177
8	189
8	190
8	193
8	195
8	196
8	199
8	201
8	203
8	204
8	207
8	208
8	210
8	211
8	213
8	214
8	215
8	216
8	217
8	218
8	219
8	220
8	221
8	222
8	223
8	224
8	225
8	226
8	227
8	228
8	229
8	230
8	231
8	232
8	233
8	234
8	235
8	236
8	237
8	238
8	239
8	240
8	241
8	242
8	243
8	244
8	245
8	246
8	247
8	248
9	51
9	75
9	123
9	151
9	155
9	159
9	164
9	168
9	169
9	170
9	177
9	189
9	190
9	193
9	195
9	196
9	199
9	201
9	203
9	204
9	207
9	208
9	210
9	211
9	213
9	214
9	215
9	216
9	217
9	218
9	219
9	220
9	221
9	222
9	223
9	224
9	225
9	226
9	227
9	228
9	229
9	230
9	231
9	232
9	233
9	234
9	235
9	236
9	237
9	238
9	239
9	240
9	241
9	242
9	243
9	244
9	245
9	246
9	247
9	248
10	51
10	75
10	219
10	225
10	230
10	231
10	235
10	237
10	239
10	240
10	241
10	243
10	245
10	247
11	51
11	75
11	219
11	225
11	230
11	231
11	235
11	237
11	239
11	240
11	241
11	247
12	51
12	75
12	219
12	225
12	230
12	231
12	235
12	237
12	239
12	240
12	241
12	247
13	51
13	75
13	123
13	151
13	155
13	159
13	164
13	168
13	169
13	170
13	177
13	189
13	190
13	193
13	195
13	196
13	199
13	201
13	203
13	204
13	207
13	208
13	210
13	211
13	213
13	214
13	215
13	216
13	217
13	218
13	219
13	220
13	221
13	222
13	223
13	224
13	225
13	226
13	227
13	228
13	229
13	230
13	231
13	232
13	233
13	234
13	235
13	236
13	237
13	238
13	239
13	240
13	241
13	242
13	243
13	244
13	245
13	246
13	247
13	248
14	51
14	75
14	123
14	151
14	155
14	159
14	164
14	168
14	169
14	170
14	177
14	189
14	190
14	193
14	195
14	196
14	199
14	201
14	203
14	204
14	207
14	208
14	210
14	211
14	213
14	214
14	215
14	216
14	217
14	218
14	219
14	220
14	221
14	222
14	223
14	224
14	225
14	226
14	227
14	228
14	229
14	230
14	231
14	232
14	233
14	234
14	235
14	236
14	237
14	238
14	239
14	240
14	241
14	242
14	243
14	244
14	245
14	246
14	247
14	248
15	51
15	75
15	123
15	151
15	155
15	159
15	164
15	168
15	169
15	170
15	177
15	189
15	190
15	193
15	195
15	196
15	199
15	201
15	203
15	204
15	207
15	208
15	210
15	211
15	213
15	214
15	215
15	216
15	217
15	218
15	219
15	220
15	221
15	222
15	223
15	224
15	225
15	226
15	227
15	228
15	229
15	230
15	231
15	232
15	233
15	234
15	235
15	236
15	237
15	238
15	239
15	240
15	241
15	242
15	243
15	244
15	245
15	246
15	247
15	248
16	51
16	75
16	95
16	117
16	122
16	123
16	124
16	125
16	127
16	129
16	130
16	131
16	133
16	134
16	135
16	136
16	138
16	141
16	143
16	144
16	145
16	146
16	148
16	149
16	150
16	151
16	152
16	153
16	154
16	155
16	156
16	157
16	158
16	159
16	160
16	161
16	162
16	163
16	164
16	165
16	166
16	167
16	168
16	169
16	170
16	171
16	172
16	173
16	174
16	176
16	177
16	178
16	179
16	180
16	181
16	182
16	185
16	186
16	187
16	188
16	189
16	190
16	191
16	192
16	193
16	194
16	195
16	196
16	197
16	198
16	199
16	200
16	201
16	202
16	203
16	204
16	205
16	206
16	207
16	208
16	209
16	210
16	211
16	212
16	213
16	214
16	215
16	216
16	217
16	218
16	219
16	220
16	221
16	222
16	223
16	224
16	225
16	226
16	227
16	228
16	229
16	230
16	231
16	232
16	233
16	234
16	235
16	236
16	237
16	238
16	239
16	240
16	241
16	242
16	243
16	244
16	245
16	246
16	247
16	248
17	51
17	75
17	123
17	127
17	149
17	150
17	151
17	153
17	155
17	159
17	164
17	167
17	168
17	169
17	170
17	177
17	180
17	189
17	190
17	193
17	194
17	195
17	196
17	197
17	198
17	199
17	201
17	203
17	204
17	205
17	206
17	207
17	208
17	209
17	210
17	211
17	213
17	214
17	215
17	216
17	217
17	218
17	219
17	220
17	221
17	222
17	223
17	224
17	225
17	226
17	227
17	228
17	229
17	230
17	231
17	232
17	233
17	234
17	235
17	236
17	237
17	238
17	239
17	240
17	241
17	242
17	243
17	244
17	245
17	246
17	247
17	248
18	51
18	75
18	219
18	225
18	230
18	231
18	235
18	237
18	239
18	240
18	241
18	247
19	51
19	75
19	219
19	225
19	230
19	231
19	235
19	237
19	239
19	240
19	241
19	243
19	245
19	247
20	51
20	75
20	123
20	151
20	155
20	159
20	164
20	168
20	169
20	170
20	177
20	189
20	190
20	193
20	195
20	196
20	199
20	201
20	203
20	204
20	207
20	208
20	210
20	211
20	213
20	214
20	215
20	216
20	217
20	218
20	219
20	220
20	221
20	222
20	223
20	224
20	225
20	226
20	227
20	228
20	229
20	230
20	231
20	232
20	233
20	234
20	235
20	236
20	237
20	238
20	239
20	240
20	241
20	242
20	243
20	244
20	245
20	246
20	247
20	248
21	51
21	75
21	219
21	225
21	230
21	231
21	235
21	237
21	239
21	240
21	241
21	247
22	51
22	75
22	123
22	151
22	155
22	159
22	164
22	168
22	169
22	170
22	177
22	189
22	190
22	193
22	195
22	196
22	199
22	201
22	203
22	204
22	207
22	208
22	210
22	211
22	213
22	214
22	215
22	216
22	217
22	218
22	219
22	220
22	221
22	222
22	223
22	224
22	225
22	226
22	227
22	228
22	229
22	230
22	231
22	232
22	233
22	234
22	235
22	236
22	237
22	238
22	239
22	240
22	241
22	242
22	243
22	244
22	245
22	246
22	247
22	248
23	51
23	75
23	219
23	225
23	230
23	231
23	235
23	237
23	239
23	240
23	241
23	247
24	51
24	75
24	219
24	225
24	230
24	231
24	235
24	237
24	239
24	240
24	241
24	243
24	245
24	247
25	51
25	75
25	123
25	151
25	155
25	159
25	164
25	168
25	169
25	170
25	177
25	189
25	190
25	193
25	195
25	196
25	199
25	201
25	203
25	204
25	207
25	208
25	210
25	211
25	213
25	214
25	215
25	216
25	217
25	218
25	219
25	220
25	221
25	222
25	223
25	224
25	225
25	226
25	227
25	228
25	229
25	230
25	231
25	232
25	233
25	234
25	235
25	236
25	237
25	238
25	239
25	240
25	241
25	242
25	243
25	244
25	245
25	246
25	247
25	248
26	51
26	75
26	123
26	151
26	155
26	159
26	164
26	168
26	169
26	170
26	177
26	189
26	190
26	193
26	195
26	196
26	199
26	201
26	203
26	204
26	207
26	208
26	210
26	211
26	213
26	214
26	215
26	216
26	217
26	218
26	219
26	220
26	221
26	222
26	223
26	224
26	225
26	226
26	227
26	228
26	229
26	230
26	231
26	232
26	233
26	234
26	235
26	236
26	237
26	238
26	239
26	240
26	241
26	242
26	243
26	244
26	245
26	246
26	247
26	248
27	51
27	75
27	219
27	225
27	230
27	231
27	235
27	237
27	239
27	240
27	241
27	243
27	245
27	247
28	51
28	75
28	151
28	218
28	219
28	225
28	228
28	230
28	231
28	235
28	237
28	239
28	240
28	241
28	247
29	51
29	75
29	95
29	117
29	122
29	123
29	124
29	125
29	127
29	129
29	130
29	131
29	133
29	134
29	135
29	136
29	138
29	141
29	143
29	144
29	145
29	146
29	148
29	149
29	150
29	151
29	152
29	153
29	154
29	155
29	156
29	157
29	158
29	159
29	160
29	161
29	162
29	163
29	164
29	165
29	166
29	167
29	168
29	169
29	170
29	171
29	172
29	173
29	174
29	176
29	177
29	178
29	179
29	180
29	181
29	182
29	185
29	186
29	187
29	188
29	189
29	190
29	191
29	192
29	193
29	194
29	195
29	196
29	197
29	198
29	199
29	200
29	201
29	202
29	203
29	204
29	205
29	206
29	207
29	208
29	209
29	210
29	211
29	212
29	213
29	214
29	215
29	216
29	217
29	218
29	219
29	220
29	221
29	222
29	223
29	224
29	225
29	226
29	227
29	228
29	229
29	230
29	231
29	232
29	233
29	234
29	235
29	236
29	237
29	238
29	239
29	240
29	241
29	242
29	243
29	244
29	245
29	246
29	247
29	248
30	51
30	75
30	123
30	151
30	155
30	159
30	164
30	168
30	169
30	170
30	177
30	189
30	190
30	193
30	195
30	196
30	199
30	201
30	203
30	204
30	207
30	208
30	210
30	211
30	213
30	214
30	215
30	216
30	217
30	218
30	219
30	220
30	221
30	222
30	223
30	224
30	225
30	226
30	227
30	228
30	229
30	230
30	231
30	232
30	233
30	234
30	235
30	236
30	237
30	238
30	239
30	240
30	241
30	242
30	243
30	244
30	245
30	246
30	247
30	248
31	51
31	75
31	219
31	225
31	230
31	231
31	235
31	237
31	239
31	240
31	241
31	247
32	51
32	75
32	123
32	151
32	155
32	159
32	164
32	168
32	169
32	170
32	177
32	189
32	190
32	193
32	195
32	196
32	199
32	201
32	203
32	204
32	207
32	208
32	210
32	211
32	213
32	214
32	215
32	216
32	217
32	218
32	219
32	220
32	221
32	222
32	223
32	224
32	225
32	226
32	227
32	228
32	229
32	230
32	231
32	232
32	233
32	234
32	235
32	236
32	237
32	238
32	239
32	240
32	241
32	242
32	243
32	244
32	245
32	246
32	247
32	248
33	51
33	75
33	95
33	117
33	122
33	123
33	124
33	125
33	127
33	129
33	130
33	131
33	133
33	134
33	135
33	136
33	138
33	141
33	143
33	144
33	145
33	146
33	148
33	149
33	150
33	151
33	152
33	153
33	154
33	155
33	156
33	157
33	158
33	159
33	160
33	161
33	162
33	163
33	164
33	165
33	166
33	167
33	168
33	169
33	170
33	171
33	172
33	173
33	174
33	176
33	177
33	178
33	179
33	180
33	181
33	182
33	185
33	186
33	187
33	188
33	189
33	190
33	191
33	192
33	193
33	194
33	195
33	196
33	197
33	198
33	199
33	200
33	201
33	202
33	203
33	204
33	205
33	206
33	207
33	208
33	209
33	210
33	211
33	212
33	213
33	214
33	215
33	216
33	217
33	218
33	219
33	220
33	221
33	222
33	223
33	224
33	225
33	226
33	227
33	228
33	229
33	230
33	231
33	232
33	233
33	234
33	235
33	236
33	237
33	238
33	239
33	240
33	241
33	242
33	243
33	244
33	245
33	246
33	247
33	248
34	51
34	75
34	95
34	117
34	122
34	123
34	124
34	125
34	127
34	129
34	130
34	131
34	133
34	134
34	135
34	136
34	138
34	141
34	143
34	144
34	145
34	146
34	148
34	149
34	150
34	151
34	152
34	153
34	154
34	155
34	156
34	157
34	158
34	159
34	160
34	161
34	162
34	163
34	164
34	165
34	166
34	167
34	168
34	169
34	170
34	171
34	172
34	173
34	174
34	176
34	177
34	178
34	179
34	180
34	181
34	182
34	185
34	186
34	187
34	188
34	189
34	190
34	191
34	192
34	193
34	194
34	195
34	196
34	197
34	198
34	199
34	200
34	201
34	202
34	203
34	204
34	205
34	206
34	207
34	208
34	209
34	210
34	211
34	212
34	213
34	214
34	215
34	216
34	217
34	218
34	219
34	220
34	221
34	222
34	223
34	224
34	225
34	226
34	227
34	228
34	229
34	230
34	231
34	232
34	233
34	234
34	235
34	236
34	237
34	238
34	239
34	240
34	241
34	242
34	243
34	244
34	245
34	246
34	247
34	248
35	51
35	75
35	123
35	151
35	155
35	159
35	164
35	168
35	169
35	170
35	177
35	189
35	190
35	193
35	195
35	196
35	199
35	201
35	203
35	204
35	207
35	208
35	210
35	211
35	213
35	214
35	215
35	216
35	217
35	218
35	219
35	220
35	221
35	222
35	223
35	224
35	225
35	226
35	227
35	228
35	229
35	230
35	231
35	232
35	233
35	234
35	235
35	236
35	237
35	238
35	239
35	240
35	241
35	242
35	243
35	244
35	245
35	246
35	247
35	248
36	51
36	75
36	151
36	218
36	219
36	225
36	228
36	230
36	231
36	235
36	237
36	239
36	240
36	241
36	247
37	51
37	75
37	219
37	231
38	51
38	75
38	219
38	231
39	51
39	75
39	219
39	225
39	230
39	231
39	235
39	237
39	239
39	240
39	241
39	247
40	51
40	75
40	151
40	218
40	219
40	225
40	228
40	230
40	231
40	235
40	237
40	239
40	240
40	241
40	247
41	51
41	75
41	219
41	225
41	230
41	231
41	235
41	237
41	239
41	240
41	241
41	243
41	245
41	247
42	51
42	75
42	219
42	225
42	230
42	231
42	235
42	237
42	239
42	240
42	241
42	247
43	51
43	75
43	219
43	225
43	230
43	231
43	235
43	237
43	239
43	240
43	241
43	247
44	51
44	75
44	219
44	225
44	230
44	231
44	235
44	237
44	239
44	240
44	241
44	247
45	51
45	75
45	219
45	231
46	51
46	75
46	219
46	231
47	51
47	75
47	151
47	199
47	208
47	210
47	215
47	216
47	217
47	218
47	219
47	224
47	225
47	228
47	229
47	230
47	231
47	232
47	235
47	237
47	239
47	240
47	241
47	243
47	245
47	247
48	51
48	75
48	123
48	151
48	155
48	159
48	164
48	168
48	169
48	170
48	177
48	189
48	190
48	193
48	195
48	196
48	199
48	201
48	203
48	204
48	207
48	208
48	210
48	211
48	213
48	214
48	215
48	216
48	217
48	218
48	219
48	220
48	221
48	222
48	223
48	224
48	225
48	226
48	227
48	228
48	229
48	230
48	231
48	232
48	233
48	234
48	235
48	236
48	237
48	238
48	239
48	240
48	241
48	242
48	243
48	244
48	245
48	246
48	247
48	248
49	51
49	75
49	219
49	225
49	230
49	231
49	235
49	237
49	239
49	240
49	241
49	247
50	51
50	75
50	219
50	225
50	230
50	231
50	235
50	237
50	239
50	240
50	241
50	247
51	52
51	53
51	54
51	55
51	56
51	57
51	58
51	59
51	60
51	61
51	62
51	63
51	64
51	65
51	66
51	67
51	68
51	69
51	70
51	71
51	72
51	73
51	74
51	75
51	76
51	77
51	78
51	79
51	80
51	81
51	82
51	83
51	84
51	85
51	86
51	87
51	88
51	89
51	90
51	91
51	92
51	93
51	94
51	95
51	96
51	97
51	98
51	99
51	100
51	101
51	102
51	103
51	104
51	105
51	106
51	107
51	108
51	109
51	110
51	111
51	112
51	113
51	114
51	115
51	116
51	117
51	118
51	119
51	120
51	121
51	122
51	123
51	124
51	125
51	126
51	127
51	128
51	129
51	130
51	131
51	132
51	133
51	134
51	135
51	136
51	137
51	138
51	139
51	140
51	141
51	142
51	143
51	144
51	145
51	146
51	147
51	148
51	149
51	150
51	151
51	152
51	153
51	154
51	155
51	156
51	157
51	158
51	159
51	160
51	161
51	162
51	163
51	164
51	165
51	166
51	167
51	168
51	169
51	170
51	171
51	172
51	173
51	174
51	175
51	176
51	177
51	178
51	179
51	180
51	181
51	182
51	183
51	184
51	185
51	186
51	187
51	188
51	189
51	190
51	191
51	192
51	193
51	194
51	195
51	196
51	197
51	198
51	199
51	200
51	201
51	202
51	203
51	204
51	205
51	206
51	207
51	208
51	209
51	210
51	211
51	212
51	213
51	214
51	215
51	216
51	217
51	218
51	219
51	220
51	221
51	222
51	223
51	224
51	225
51	226
51	227
51	228
51	229
51	230
51	231
51	232
51	233
51	234
51	235
51	236
51	237
51	238
51	239
51	240
51	241
51	242
51	243
51	244
51	245
51	246
51	247
51	248
52	75
52	151
52	218
52	219
52	225
52	228
52	230
52	231
52	235
52	237
52	239
52	240
52	241
52	247
53	75
53	123
53	151
53	155
53	159
53	164
53	168
53	169
53	170
53	177
53	189
53	190
53	193
53	195
53	196
53	199
53	201
53	203
53	204
53	207
53	208
53	210
53	211
53	213
53	214
53	215
53	216
53	217
53	218
53	219
53	220
53	221
53	222
53	223
53	224
53	225
53	226
53	227
53	228
53	229
53	230
53	231
53	232
53	233
53	234
53	235
53	236
53	237
53	238
53	239
53	240
53	241
53	242
53	243
53	244
53	245
53	246
53	247
53	248
54	75
54	123
54	151
54	155
54	159
54	164
54	168
54	169
54	170
54	177
54	189
54	190
54	193
54	195
54	196
54	199
54	201
54	203
54	204
54	207
54	208
54	210
54	211
54	213
54	214
54	215
54	216
54	217
54	218
54	219
54	220
54	221
54	222
54	223
54	224
54	225
54	226
54	227
54	228
54	229
54	230
54	231
54	232
54	233
54	234
54	235
54	236
54	237
54	238
54	239
54	240
54	241
54	242
54	243
54	244
54	245
54	246
54	247
54	248
55	75
55	123
55	151
55	155
55	159
55	164
55	168
55	169
55	170
55	177
55	189
55	190
55	193
55	195
55	196
55	199
55	201
55	203
55	204
55	207
55	208
55	210
55	211
55	213
55	214
55	215
55	216
55	217
55	218
55	219
55	220
55	221
55	222
55	223
55	224
55	225
55	226
55	227
55	228
55	229
55	230
55	231
55	232
55	233
55	234
55	235
55	236
55	237
55	238
55	239
55	240
55	241
55	242
55	243
55	244
55	245
55	246
55	247
55	248
56	75
56	123
56	151
56	155
56	159
56	164
56	168
56	169
56	170
56	177
56	189
56	190
56	193
56	195
56	196
56	199
56	201
56	203
56	204
56	207
56	208
56	210
56	211
56	213
56	214
56	215
56	216
56	217
56	218
56	219
56	220
56	221
56	222
56	223
56	224
56	225
56	226
56	227
56	228
56	229
56	230
56	231
56	232
56	233
56	234
56	235
56	236
56	237
56	238
56	239
56	240
56	241
56	242
56	243
56	244
56	245
56	246
56	247
56	248
57	75
57	123
57	151
57	155
57	159
57	164
57	168
57	169
57	170
57	177
57	189
57	190
57	193
57	195
57	196
57	199
57	201
57	203
57	204
57	207
57	208
57	210
57	211
57	213
57	214
57	215
57	216
57	217
57	218
57	219
57	220
57	221
57	222
57	223
57	224
57	225
57	226
57	227
57	228
57	229
57	230
57	231
57	232
57	233
57	234
57	235
57	236
57	237
57	238
57	239
57	240
57	241
57	242
57	243
57	244
57	245
57	246
57	247
57	248
58	75
58	219
58	225
58	230
58	231
58	235
58	237
58	239
58	240
58	241
58	247
59	75
59	219
59	225
59	230
59	231
59	235
59	237
59	239
59	240
59	241
59	247
60	75
60	123
60	151
60	155
60	159
60	164
60	168
60	169
60	170
60	177
60	189
60	190
60	193
60	195
60	196
60	199
60	201
60	203
60	204
60	207
60	208
60	210
60	211
60	213
60	214
60	215
60	216
60	217
60	218
60	219
60	220
60	221
60	222
60	223
60	224
60	225
60	226
60	227
60	228
60	229
60	230
60	231
60	232
60	233
60	234
60	235
60	236
60	237
60	238
60	239
60	240
60	241
60	242
60	243
60	244
60	245
60	246
60	247
60	248
61	75
61	219
61	225
61	230
61	231
61	235
61	237
61	239
61	240
61	241
61	247
62	75
62	123
62	151
62	155
62	159
62	164
62	168
62	169
62	170
62	177
62	189
62	190
62	193
62	195
62	196
62	199
62	201
62	203
62	204
62	207
62	208
62	210
62	211
62	213
62	214
62	215
62	216
62	217
62	218
62	219
62	220
62	221
62	222
62	223
62	224
62	225
62	226
62	227
62	228
62	229
62	230
62	231
62	232
62	233
62	234
62	235
62	236
62	237
62	238
62	239
62	240
62	241
62	242
62	243
62	244
62	245
62	246
62	247
62	248
63	75
63	151
63	218
63	219
63	225
63	228
63	230
63	231
63	235
63	237
63	239
63	240
63	241
63	247
64	75
64	219
64	231
65	75
65	219
65	225
65	230
65	231
65	235
65	237
65	239
65	240
65	241
65	247
66	75
66	219
66	225
66	230
66	231
66	235
66	237
66	239
66	240
66	241
66	243
66	245
66	247
67	75
67	219
67	225
67	230
67	231
67	235
67	237
67	239
67	240
67	241
67	247
68	75
68	219
68	225
68	230
68	231
68	235
68	237
68	239
68	240
68	241
68	243
68	245
68	247
69	75
69	123
69	151
69	155
69	159
69	164
69	168
69	169
69	170
69	177
69	189
69	190
69	193
69	195
69	196
69	199
69	201
69	203
69	204
69	207
69	208
69	210
69	211
69	213
69	214
69	215
69	216
69	217
69	218
69	219
69	220
69	221
69	222
69	223
69	224
69	225
69	226
69	227
69	228
69	229
69	230
69	231
69	232
69	233
69	234
69	235
69	236
69	237
69	238
69	239
69	240
69	241
69	242
69	243
69	244
69	245
69	246
69	247
69	248
70	75
70	219
70	231
71	75
71	219
71	231
72	75
72	219
72	231
73	75
73	219
73	225
73	230
73	231
73	235
73	237
73	239
73	240
73	241
73	243
73	245
73	247
74	75
74	219
74	225
74	230
74	231
74	235
74	237
74	239
74	240
74	241
74	247
75	76
75	77
75	78
75	79
75	80
75	81
75	82
75	83
75	84
75	85
75	86
75	87
75	88
75	89
75	90
75	91
75	92
75	93
75	94
75	95
75	96
75	97
75	98
75	99
75	100
75	101
75	102
75	103
75	104
75	105
75	106
75	107
75	108
75	109
75	110
75	111
75	112
75	113
75	114
75	115
75	116
75	117
75	118
75	119
75	120
75	121
75	122
75	123
75	124
75	125
75	126
75	127
75	128
75	129
75	130
75	131
75	132
75	133
75	134
75	135
75	136
75	137
75	138
75	139
75	140
75	141
75	142
75	143
75	144
75	145
75	146
75	147
75	148
75	149
75	150
75	151
75	152
75	153
75	154
75	155
75	156
75	157
75	158
75	159
75	160
75	161
75	162
75	163
75	164
75	165
75	166
75	167
75	168
75	169
75	170
75	171
75	172
75	173
75	174
75	175
75	176
75	177
75	178
75	179
75	180
75	181
75	182
75	183
75	184
75	185
75	186
75	187
75	188
75	189
75	190
75	191
75	192
75	193
75	194
75	195
75	196
75	197
75	198
75	199
75	200
75	201
75	202
75	203
75	204
75	205
75	206
75	207
75	208
75	209
75	210
75	211
75	212
75	213
75	214
75	215
75	216
75	217
75	218
75	219
75	220
75	221
75	222
75	223
75	224
75	225
75	226
75	227
75	228
75	229
75	230
75	231
75	232
75	233
75	234
75	235
75	236
75	237
75	238
75	239
75	240
75	241
75	242
75	243
75	244
75	245
75	246
75	247
75	248
76	219
76	225
76	230
76	231
76	235
76	237
76	239
76	240
76	241
76	247
77	219
77	225
77	230
77	231
77	235
77	237
77	239
77	240
77	241
77	247
78	219
78	231
79	219
79	231
80	219
80	231
81	219
81	231
82	219
82	231
82	239
82	240
83	219
83	231
83	239
83	240
84	219
84	231
85	219
85	231
86	219
86	231
87	219
87	231
88	219
88	231
89	219
89	231
89	239
89	240
90	219
90	225
90	230
90	231
90	235
90	237
90	239
90	240
90	241
90	243
90	245
90	247
91	219
91	231
92	219
92	231
93	219
93	231
94	219
94	231
95	219
95	231
96	219
96	231
97	219
97	231
98	219
98	231
99	219
99	231
100	219
100	231
101	219
101	231
102	219
102	231
103	219
103	231
104	219
104	231
105	219
105	231
106	219
106	231
107	219
107	231
108	219
108	231
109	219
109	225
109	231
109	235
109	239
109	240
109	241
109	247
110	219
110	231
111	219
111	231
112	219
112	231
113	219
113	231
114	219
114	231
115	219
115	231
116	219
116	231
117	219
117	231
118	219
118	231
119	219
119	231
120	219
120	231
121	219
121	231
122	219
122	231
123	219
123	231
124	219
124	231
125	219
125	231
126	219
126	231
127	219
127	231
128	219
128	231
129	219
129	231
130	219
130	225
130	231
130	235
130	239
130	240
130	241
130	247
131	219
131	231
131	239
131	240
132	219
132	231
133	219
133	231
134	219
134	231
135	219
135	231
136	219
136	231
137	219
137	231
138	219
138	231
139	219
139	231
140	219
140	231
141	219
141	231
142	219
142	231
143	219
143	231
144	219
144	231
145	219
145	231
146	219
146	231
146	239
146	240
147	219
147	231
148	219
148	231
149	219
149	231
150	219
150	231
151	219
151	231
152	219
152	231
153	219
153	231
154	219
154	231
155	219
155	231
156	219
156	231
157	219
157	231
158	219
158	231
159	219
159	231
160	219
160	231
161	219
161	231
162	219
162	231
163	219
163	231
164	219
164	231
165	219
165	231
166	219
166	231
167	219
167	231
168	219
168	231
169	219
169	231
170	219
170	231
171	219
171	231
172	219
172	231
173	219
173	231
174	219
174	231
175	219
175	231
176	219
176	231
177	219
177	231
178	219
178	231
179	219
179	231
180	219
180	231
181	219
181	231
182	219
182	231
183	219
183	231
184	219
184	231
185	219
185	231
186	219
186	231
187	219
187	231
188	219
188	231
189	219
189	231
190	219
190	231
191	219
191	231
192	219
192	231
193	219
193	231
194	219
194	231
195	219
195	231
196	219
196	231
197	219
197	231
198	219
198	231
199	219
199	231
200	219
200	231
201	219
201	231
202	219
202	231
203	219
203	231
204	219
204	231
205	219
205	231
206	219
206	231
207	219
207	231
208	219
208	231
209	219
209	231
210	219
210	231
211	219
211	231
212	219
212	231
213	219
213	231
214	219
214	231
215	219
215	231
216	219
216	231
217	219
217	231
218	219
218	231
219	220
219	221
219	222
219	223
219	224
219	225
219	226
219	227
219	228
219	229
219	230
219	231
219	232
219	233
219	234
219	235
219	236
219	237
219	238
219	239
219	240
219	241
219	242
219	243
219	244
219	245
219	246
219	247
219	248
220	231
221	231
222	231
223	231
224	231
225	231
226	231
227	231
228	231
229	231
230	231
231	232
231	233
231	234
231	235
231	236
231	237
231	238
231	239
231	240
231	241
231	242
231	243
231	244
231	245
231	246
231	247
231	248