125	2000
1	17
1	19
1	21
1	25
1	26
1	29
1	30
1	31
1	37
1	38
1	39
1	40
1	41
1	42
1	43
1	45
1	46
1	47
1	50
1	51
1	52
1	53
1	54
1	55
1	56
1	57
1	58
1	59
1	60
1	61
1	62
1	63
1	64
1	65
1	66
1	67
1	68
1	69
1	70
1	71
1	72
1	73
1	74
1	75
1	76
1	77
1	78
1	79
1	80
1	81
1	82
1	83
1	84
1	85
1	86
1	87
1	88
1	89
1	90
1	91
1	92
1	93
1	94
1	95
1	96
1	97
1	98
1	99
1	100
1	101
1	102
1	103
1	104
1	105
1	106
1	107
1	108
1	109
1	110
1	111
1	112
1	113
1	114
1	115
1	116
1	117
1	118
1	119
1	120
1	121
1	122
1	123
1	124
1	125
2	38
2	45
2	51
2	54
2	57
2	58
2	59
2	60
2	61
2	64
2	67
2	68
2	69
2	71
2	72
2	74
2	75
2	76
2	78
2	79
2	81
2	82
2	83
2	87
2	88
2	89
2	90
2	91
2	92
2	93
2	94
2	95
2	96
2	97
2	98
2	99
2	100
2	101
2	102
2	103
2	104
2	105
2	106
2	107
2	108
2	109
2	110
2	111
2	112
2	113
2	114
2	115
2	116
2	117
2	118
2	119
2	120
2	121
2	122
2	123
2	124
2	125
3	17
3	19
3	21
3	25
3	26
3	29
3	30
3	31
3	37
3	38
3	39
3	40
3	41
3	42
3	43
3	45
3	46
3	47
3	50
3	51
3	52
3	53
3	54
3	55
3	56
3	57
3	58
3	59
3	60
3	61
3	62
3	63
3	64
3	65
3	66
3	67
3	68
3	69
3	70
3	71
3	72
3	73
3	74
3	75
3	76
3	77
3	78
3	79
3	80
3	81
3	82
3	83
3	84
3	85
3	86
3	87
3	88
3	89
3	90
3	91
3	92
3	93
3	94
3	95
3	96
3	97
3	98
3	99
3	100
3	101
3	102
3	103
3	104
3	105
3	106
3	107
3	108
3	109
3	110
3	111
3	112
3	113
3	114
3	115
3	116
3	117
3	118
3	119
3	120
3	121
3	122
3	123
3	124
3	125
4	17
4	19
4	21
4	25
4	26
4	29
4	30
4	31
4	37
4	38
4	39
4	40
4	41
4	42
4	43
4	45
4	46
4	47
4	50
4	51
4	52
4	53
4	54
4	55
4	56
4	57
4	58
4	59
4	60
4	61
4	62
4	63
4	64
4	65
4	66
4	67
4	68
4	69
4	70
4	71
4	72
4	73
4	74
4	75
4	76
4	77
4	78
4	79
4	80
4	81
4	82
4	83
4	84
4	85
4	86
4	87
4	88
4	89
4	90
4	91
4	92
4	93
4	94
4	95
4	96
4	97
4	98
4	99
4	100
4	101
4	102
4	103
4	104
4	105
4	106
4	107
4	108
4	109
4	110
4	111
4	112
4	113
4	114
4	115
4	116
4	117
4	118
4	119
4	120
4	121
4	122
4	123
4	124
4	125
5	17
5	19
5	21
5	25
5	26
5	29
5	30
5	31
5	37
5	38
5	39
5	40
5	41
5	42
5	43
5	45
5	46
5	47
5	50
5	51
5	52
5	53
5	54
5	55
5	56
5	57
5	58
5	59
5	60
5	61
5	62
5	63
5	64
5	65
5	66
5	67
5	68
5	69
5	70
5	71
5	72
5	73
5	74
5	75
5	76
5	77
5	78
5	79
5	80
5	81
5	82
5	83
5	84
5	85
5	86
5	87
5	88
5	89
5	90
5	91
5	92
5	93
5	94
5	95
5	96
5	97
5	98
5	99
5	100
5	101
5	102
5	103
5	104
5	105
5	106
5	107
5	108
5	109
5	110
5	111
5	112
5	113
5	114
5	115
5	116
5	117
5	118
5	119
5	120
5	121
5	122
5	123
5	124
5	125
6	17
6	19
6	21
6	25
6	26
6	29
6	30
6	31
6	37
6	38
6	39
6	40
6	41
6	42
6	43
6	45
6	46
6	47
6	50
6	51
6	52
6	53
6	54
6	55
6	56
6	57
6	58
6	59
6	60
6	61
6	62
6	63
6	64
6	65
6	66
6	67
6	68
6	69
6	70
6	71
6	72
6	73
6	74
6	75
6	76
6	77
6	78
6	79
6	80
6	81
6	82
6	83
6	84
6	85
6	86
6	87
6	88
6	89
6	90
6	91
6	92
6	93
6	94
6	95
6	96
6	97
6	98
6	99
6	100
6	101
6	102
6	103
6	104
6	105
6	106
6	107
6	108
6	109
6	110
6	111
6	112
6	113
6	114
6	115
6	116
6	117
6	118
6	119
6	120
6	121
6	122
6	123
6	124
6	125
7	17
7	19
7	21
7	25
7	26
7	29
7	30
7	31
7	37
7	38
7	39
7	40
7	41
7	42
7	43
7	45
7	46
7	47
7	50
7	51
7	52
7	53
7	54
7	55
7	56
7	57
7	58
7	59
7	60
7	61
7	62
7	63
7	64
7	65
7	66
7	67
7	68
7	69
7	70
7	71
7	72
7	73
7	74
7	75
7	76
7	77
7	78
7	79
7	80
7	81
7	82
7	83
7	84
7	85
7	86
7	87
7	88
7	89
7	90
7	91
7	92
7	93
7	94
7	95
7	96
7	97
7	98
7	99
7	100
7	101
7	102
7	103
7	104
7	105
7	106
7	107
7	108
7	109
7	110
7	111
7	112
7	113
7	114
7	115
7	116
7	117
7	118
7	119
7	120
7	121
7	122
7	123
7	124
7	125
8	38
8	45
8	51
8	54
8	57
8	58
8	59
8	60
8	61
8	64
8	67
8	68
8	69
8	71
8	72
8	74
8	75
8	76
8	78
8	79
8	81
8	82
8	83
8	87
8	88
8	89
8	90
8	91
8	92
8	93
8	94
8	95
8	96
8	97
8	98
8	99
8	100
8	101
8	102
8	103
8	104
8	105
8	106
8	107
8	108
8	109
8	110
8	111
8	112
8	113
8	114
8	115
8	116
8	117
8	118
8	119
8	120
8	121
8	122
8	123
8	124
8	125
9	17
9	19
9	21
9	25
9	26
9	29
9	30
9	31
9	37
9	38
9	39
9	40
9	41
9	42
9	43
9	45
9	46
9	47
9	50
9	51
9	52
9	53
9	54
9	55
9	56
9	57
9	58
9	59
9	60
9	61
9	62
9	63
9	64
9	65
9	66
9	67
9	68
9	69
9	70
9	71
9	72
9	73
9	74
9	75
9	76
9	77
9	78
9	79
9	80
9	81
9	82
9	83
9	84
9	85
9	86
9	87
9	88
9	89
9	90
9	91
9	92
9	93
9	94
9	95
9	96
9	97
9	98
9	99
9	100
9	101
9	102
9	103
9	104
9	105
9	106
9	107
9	108
9	109
9	110
9	111
9	112
9	113
9	114
9	115
9	116
9	117
9	118
9	119
9	120
9	121
9	122
9	123
9	124
9	125
10	38
10	45
10	51
10	54
10	57
10	58
10	59
10	60
10	61
10	64
10	67
10	68
10	69
10	71
10	72
10	74
10	75
10	76
10	78
10	79
10	81
10	82
10	83
10	87
10	88
10	89
10	90
10	91
10	92
10	93
10	94
10	95
10	96
10	97
10	98
10	99
10	100
10	101
10	102
10	103
10	104
10	105
10	106
10	107
10	108
10	109
10	110
10	111
10	112
10	113
10	114
10	115
10	116
10	117
10	118
10	119
10	120
10	121
10	122
10	123
10	124
10	125
11	72
11	79
11	87
11	88
11	90
11	92
11	93
11	96
11	97
11	98
11	99
11	100
11	101
11	106
11	108
11	109
11	111
11	113
11	114
11	115
11	116
11	117
11	118
11	119
11	120
11	121
11	122
11	123
11	124
11	125
12	67
12	79
12	87
12	88
12	90
12	92
12	93
12	95
12	96
12	97
12	98
12	99
12	100
12	101
12	106
12	108
12	109
12	111
12	113
12	114
12	115
12	116
12	117
12	118
12	119
12	120
12	121
12	122
12	123
12	124
12	125
13	67
13	79
13	87
13	88
13	90
13	92
13	93
13	95
13	96
13	97
13	98
13	99
13	100
13	101
13	106
13	108
13	109
13	111
13	113
13	114
13	115
13	116
13	117
13	118
13	119
13	120
13	121
13	122
13	123
13	124
13	125
14	87
14	97
14	99
14	108
14	109
14	111
14	113
14	114
14	115
14	117
14	118
14	119
14	121
14	125
15	79
15	87
15	88
15	90
15	92
15	93
15	96
15	97
15	98
15	99
15	100
15	101
15	106
15	108
15	109
15	111
15	113
15	114
15	115
15	116
15	117
15	118
15	119
15	120
15	121
15	122
15	123
15	124
15	125
16	87
16	97
16	99
16	108
16	109
16	111
16	113
16	114
16	115
16	117
16	118
16	119
16	121
16	125
17	87
17	108
17	109
17	111
17	113
17	118
17	119
17	125
18	87
18	97
18	99
18	108
18	109
18	111
18	113
18	114
18	115
18	117
18	118
18	119
18	121
18	125
19	87
19	97
19	99
19	108
19	109
19	111
19	113
19	114
19	115
19	117
19	118
19	119
19	121
19	125
20	87
20	108
20	109
20	111
20	113
20	118
20	119
20	125
21	87
21	97
21	99
21	108
21	109
21	111
21	113
21	114
21	115
21	117
21	118
21	119
21	121
21	125
22	87
22	97
22	99
22	108
22	109
22	111
22	113
22	114
22	115
22	117
22	118
22	119
22	121
22	125
23	87
23	97
23	99
23	108
23	109
23	111
23	113
23	114
23	115
23	117
23	118
23	119
23	121
23	125
24	87
24	97
24	99
24	108
24	109
24	111
24	113
24	114
24	115
24	117
24	118
24	119
24	121
24	125
25	72
25	79
25	87
25	88
25	90
25	92
25	93
25	96
25	97
25	98
25	99
25	100
25	101
25	106
25	108
25	109
25	111
25	113
25	114
25	115
25	116
25	117
25	118
25	119
25	120
25	121
25	122
25	123
25	124
25	125
26	87
26	97
26	99
26	108
26	109
26	111
26	113
26	114
26	115
26	117
26	118
26	119
26	121
26	125
27	87
27	97
27	99
27	108
27	109
27	111
27	113
27	114
27	115
27	117
27	118
27	119
27	121
27	125
28	87
28	97
28	99
28	108
28	109
28	111
28	113
28	114
28	115
28	117
28	118
28	119
28	121
28	125
29	87
29	88
29	90
29	92
29	93
29	96
29	97
29	98
29	99
29	100
29	101
29	106
29	108
29	109
29	111
29	113
29	114
29	115
29	116
29	117
29	118
29	119
29	120
29	121
29	122
29	123
29	124
29	125
30	87
30	88
30	93
30	97
30	98
30	99
30	100
30	101
30	106
30	108
30	109
30	111
30	113
30	114
30	115
30	116
30	117
30	118
30	119
30	120
30	121
30	122
30	123
30	124
30	125
31	87
31	97
31	99
31	108
31	109
31	111
31	113
31	114
31	115
31	117
31	118
31	119
31	121
31	125
32	87
32	97
32	99
32	108
32	109
32	111
32	113
32	114
32	115
32	117
32	118
32	119
32	121
32	125
33	87
33	97
33	99
33	108
33	109
33	111
33	113
33	114
33	115
33	117
33	118
33	119
33	121
33	125
34	87
34	97
34	99
34	108
34	109
34	111
34	113
34	114
34	115
34	117
34	118
34	119
34	121
34	125
35	87
35	108
35	109
35	111
35	113
35	118
35	119
35	125
36	87
36	97
36	99
36	108
36	109
36	111
36	113
36	114
36	115
36	117
36	118
36	119
36	121
36	125
37	72
37	79
37	87
37	88
37	90
37	92
37	93
37	96
37	97
37	98
37	99
37	100
37	101
37	106
37	108
37	109
37	111
37	113
37	114
37	115
37	116
37	117
37	118
37	119
37	120
37	121
37	122
37	123
37	124
37	125
38	72
38	79
38	87
38	88
38	90
38	92
38	93
38	96
38	97
38	98
38	99
38	100
38	101
38	106
38	108
38	109
38	111
38	113
38	114
38	115
38	116
38	117
38	118
38	119
38	120
38	121
38	122
38	123
38	124
38	125
39	87
39	108
39	109
39	111
39	113
39	118
39	119
39	125
40	87
40	108
40	109
40	111
40	113
40	118
40	119
40	125
41	87
41	108
41	109
41	111
41	113
41	118
41	119
41	125
42	87
42	108
42	109
42	111
42	113
42	118
42	119
42	125
43	87
43	108
43	109
43	111
43	113
44	87
44	108
44	109
44	111
44	113
45	87
45	97
45	99
45	108
45	109
45	111
45	113
45	114
45	115
45	117
45	118
45	119
45	121
45	125
46	87
46	108
46	109
46	111
46	113
46	118
46	119
46	125
47	87
47	97
47	108
47	109
47	111
47	113
47	114
47	115
47	117
47	118
47	119
47	121
47	125
48	87
48	97
48	108
48	109
48	111
48	113
48	114
48	115
48	117
48	118
48	119
48	121
48	125
49	87
49	108
49	109
49	111
49	113
49	118
49	119
49	125
50	87
50	108
50	109
50	111
50	113
50	118
50	119
50	125
51	87
51	97
51	99
51	108
51	109
51	111
51	113
51	114
51	115
51	117
51	118
51	119
51	121
51	125
52	87
52	108
52	109
52	111
52	113
52	118
52	119
52	125
53	87
53	108
53	109
53	111
53	113
53	118
53	119
53	125
54	87
54	108
54	109
54	111
54	113
54	118
54	119
54	125
55	87
55	108
55	109
55	111
55	113
55	118
55	119
55	125
56	87
56	108
56	109
56	111
56	113
56	118
56	119
56	125
57	87
57	108
57	109
57	111
57	113
57	118
57	119
57	125
58	87
58	97
58	108
58	109
58	111
58	113
58	114
58	115
58	117
58	118
58	119
58	121
58	125
59	87
59	97
59	108
59	109
59	111
59	113
59	114
59	115
59	117
59	118
59	119
59	121
59	125
60	87
60	108
60	109
60	111
60	113
60	118
60	119
60	125
61	87
61	97
61	108
61	109
61	111
61	113
61	114
61	115
61	117
61	118
61	119
61	121
61	125
62	87
62	108
62	109
62	111
62	113
62	118
62	119
62	125
63	87
63	108
63	109
63	111
63	113
63	118
63	119
63	125
64	87
64	108
64	109
64	111
64	113
64	118
64	119
64	125
65	87
65	97
65	99
65	108
65	109
65	111
65	113
65	114
65	115
65	117
65	118
65	119
65	121
65	125
66	87
66	108
66	109
66	111
66	113
66	118
66	119
66	125
67	87
67	108
67	109
67	111
67	113
67	114
67	115
67	117
67	118
67	119
67	121
67	125
68	87
68	97
68	108
68	109
68	111
68	113
68	114
68	115
68	117
68	118
68	119
68	121
68	125
69	87
69	108
69	109
69	111
69	113
69	118
69	119
69	125
70	87
70	108
70	109
70	111
70	113
70	118
70	119
70	125
71	87
71	97
71	99
71	108
71	109
71	111
71	113
71	114
71	115
71	117
71	118
71	119
71	121
71	125
72	87
72	108
72	109
72	111
72	113
72	118
72	119
72	125
73	87
73	97
73	108
73	109
73	111
73	113
73	114
73	115
73	117
73	118
73	119
73	121
73	125
74	87
74	108
74	109
74	111
74	113
75	87
75	108
75	109
75	111
75	113
75	118
75	119
75	125
76	87
76	108
76	109
76	111
76	113
76	118
76	119
76	125
77	87
77	108
77	109
77	111
77	113
78	87
78	108
78	109
78	111
78	113
78	118
78	119
78	125
79	87
79	108
79	109
79	111
79	113
79	114
79	115
79	117
79	118
79	119
79	121
79	125
80	87
80	108
80	109
80	111
80	113
81	87
81	108
81	109
81	111
81	113
82	87
82	108
82	109
82	111
82	113
83	87
83	108
83	109
83	111
83	113
84	87
84	108
84	109
84	111
84	113
85	87
85	108
85	109
85	111
85	113
86	87
86	108
86	109
86	111
86	113
86	118
86	119
86	125
87	88
87	89
87	90
87	91
87	92
87	93
87	94
87	95
87	96
87	97
87	98
87	99
87	100
87	101
87	102
87	103
87	104
87	105
87	106
87	107
87	108
87	109
87	110
87	111
87	112
87	113
87	114
87	115
87	116
87	117
87	118
87	119
87	120
87	121
87	122
87	123
87	124
87	125
88	108
88	109
88	111
88	113
88	118
88	119
88	125
89	108
89	109
89	111
89	113
90	108
90	109
90	111
90	113
90	118
90	119
90	125
91	108
91	109
91	111
91	113
92	108
92	109
92	111
92	113
92	118
92	119
92	125
93	108
93	109
93	111
93	113
93	118
93	119
93	125
94	108
94	109
94	111
94	113
95	108
95	109
95	111
95	113
95	118
95	119
95	125
96	108
96	109
96	111
96	113
96	118
96	119
96	125
97	108
97	109
97	111
97	113
97	114
97	115
97	117
97	118
97	119
97	121
97	125
98	108
98	109
98	111
98	113
98	118
98	119
98	125
99	108
99	109
99	111
99	113
99	114
99	115
99	117
99	118
99	119
99	121
99	125
100	108
100	109
100	111
100	113
100	118
100	119
100	125
101	108
101	109
101	111
101	113
101	118
101	119
101	125
102	108
102	109
102	111
102	113
103	108
103	109
103	111
103	113
104	108
104	109
104	111
104	113
105	108
105	109
105	111
105	113
106	108
106	109
106	111
106	113
106	118
106	119
106	125
107	108
107	109
107	111
107	113
108	110
108	111
108	112
108	113
108	114
108	115
108	116
108	117
108	118
108	119
108	120
108	121
108	122
108	123
108	124
108	125
109	110
109	111
109	112
109	113
109	114
109	115
109	116
109	117
109	118
109	119
109	120
109	121
109	122
109	123
109	124
109	125
110	111
110	113
111	112
111	113
111	114
111	115
111	116
111	117
111	118
111	119
111	120
111	121
111	122
111	123
111	124
111	125
112	113
113	114
113	115
113	116
113	117
113	118
113	119
113	120
113	121
113	122
113	123
113	124
113	125