125	1259
1	38
1	45
1	51
1	54
1	57
1	58
1	59
1	60
1	61
1	64
1	67
1	68
1	69
1	71
1	72
1	74
1	75
1	76
1	78
1	79
1	81
1	82
1	83
1	87
1	88
1	89
1	90
1	91
1	92
1	93
1	94
1	95
1	96
1	97
1	98
1	99
1	100
1	101
1	102
1	103
1	104
1	105
1	106
1	107
1	108
1	109
1	110
1	111
1	112
1	113
1	114
1	115
1	116
1	117
1	118
1	119
1	120
1	121
1	122
1	123
1	124
1	125
2	67
2	79
2	87
2	88
2	90
2	92
2	93
2	95
2	96
2	97
2	98
2	99
2	100
2	101
2	106
2	108
2	109
2	111
2	113
2	114
2	115
2	116
2	117
2	118
2	119
2	120
2	121
2	122
2	123
2	124
2	125
3	38
3	45
3	51
3	54
3	57
3	58
3	59
3	60
3	61
3	64
3	67
3	68
3	69
3	71
3	72
3	74
3	75
3	76
3	78
3	79
3	81
3	82
3	83
3	87
3	88
3	89
3	90
3	91
3	92
3	93
3	94
3	95
3	96
3	97
3	98
3	99
3	100
3	101
3	102
3	103
3	104
3	105
3	106
3	107
3	108
3	109
3	110
3	111
3	112
3	113
3	114
3	115
3	116
3	117
3	118
3	119
3	120
3	121
3	122
3	123
3	124
3	125
4	38
4	45
4	51
4	54
4	57
4	58
4	59
4	60
4	61
4	64
4	67
4	68
4	69
4	71
4	72
4	74
4	75
4	76
4	78
4	79
4	81
4	82
4	83
4	87
4	88
4	89
4	90
4	91
4	92
4	93
4	94
4	95
4	96
4	97
4	98
4	99
4	100
4	101
4	102
4	103
4	104
4	105
4	106
4	107
4	108
4	109
4	110
4	111
4	112
4	113
4	114
4	115
4	116
4	117
4	118
4	119
4	120
4	121
4	122
4	123
4	124
4	125
5	38
5	45
5	51
5	54
5	57
5	58
5	59
5	60
5	61
5	64
5	67
5	68
5	69
5	71
5	72
5	74
5	75
5	76
5	78
5	79
5	81
5	82
5	83
5	87
5	88
5	89
5	90
5	91
5	92
5	93
5	94
5	95
5	96
5	97
5	98
5	99
5	100
5	101
5	102
5	103
5	104
5	105
5	106
5	107
5	108
5	109
5	110
5	111
5	112
5	113
5	114
5	115
5	116
5	117
5	118
5	119
5	120
5	121
5	122
5	123
5	124
5	125
6	38
6	45
6	51
6	54
6	57
6	58
6	59
6	60
6	61
6	64
6	67
6	68
6	69
6	71
6	72
6	74
6	75
6	76
6	78
6	79
6	81
6	82
6	83
6	87
6	88
6	89
6	90
6	91
6	92
6	93
6	94
6	95
6	96
6	97
6	98
6	99
6	100
6	101
6	102
6	103
6	104
6	105
6	106
6	107
6	108
6	109
6	110
6	111
6	112
6	113
6	114
6	115
6	116
6	117
6	118
6	119
6	120
6	121
6	122
6	123
6	124
6	125
7	38
7	45
7	51
7	54
7	57
7	58
7	59
7	60
7	61
7	64
7	67
7	68
7	69
7	71
7	72
7	74
7	75
7	76
7	78
7	79
7	81
7	82
7	83
7	87
7	88
7	89
7	90
7	91
7	92
7	93
7	94
7	95
7	96
7	97
7	98
7	99
7	100
7	101
7	102
7	103
7	104
7	105
7	106
7	107
7	108
7	109
7	110
7	111
7	112
7	113
7	114
7	115
7	116
7	117
7	118
7	119
7	120
7	121
7	122
7	123
7	124
7	125
8	67
8	79
8	87
8	88
8	90
8	92
8	93
8	95
8	96
8	97
8	98
8	99
8	100
8	101
8	106
8	108
8	109
8	111
8	113
8	114
8	115
8	116
8	117
8	118
8	119
8	120
8	121
8	122
8	123
8	124
8	125
9	38
9	45
9	51
9	54
9	57
9	58
9	59
9	60
9	61
9	64
9	67
9	68
9	69
9	71
9	72
9	74
9	75
9	76
9	78
9	79
9	81
9	82
9	83
9	87
9	88
9	89
9	90
9	91
9	92
9	93
9	94
9	95
9	96
9	97
9	98
9	99
9	100
9	101
9	102
9	103
9	104
9	105
9	106
9	107
9	108
9	109
9	110
9	111
9	112
9	113
9	114
9	115
9	116
9	117
9	118
9	119
9	120
9	121
9	122
9	123
9	124
9	125
10	67
10	79
10	87
10	88
10	90
10	92
10	93
10	95
10	96
10	97
10	98
10	99
10	100
10	101
10	106
10	108
10	109
10	111
10	113
10	114
10	115
10	116
10	117
10	118
10	119
10	120
10	121
10	122
10	123
10	124
10	125
11	87
11	97
11	99
11	108
11	109
11	111
11	113
11	114
11	115
11	117
11	118
11	119
11	121
11	125
12	87
12	97
12	99
12	108
12	109
12	111
12	113
12	114
12	115
12	117
12	118
12	119
12	121
12	125
13	87
13	97
13	99
13	108
13	109
13	111
13	113
13	114
13	115
13	117
13	118
13	119
13	121
13	125
14	87
14	108
14	109
14	111
14	113
14	118
14	119
14	125
15	87
15	97
15	99
15	108
15	109
15	111
15	113
15	114
15	115
15	117
15	118
15	119
15	121
15	125
16	87
16	108
16	109
16	111
16	113
16	118
16	119
16	125
17	87
17	108
17	109
17	111
17	113
18	87
18	108
18	109
18	111
18	113
18	118
18	119
18	125
19	87
19	108
19	109
19	111
19	113
19	118
19	119
19	125
20	87
20	108
20	109
20	111
20	113
21	87
21	108
21	109
21	111
21	113
21	118
21	119
21	125
22	87
22	108
22	109
22	111
22	113
22	118
22	119
22	125
23	87
23	108
23	109
23	111
23	113
23	118
23	119
23	125
24	87
24	108
24	109
24	111
24	113
24	118
24	119
24	125
25	87
25	97
25	99
25	108
25	109
25	111
25	113
25	114
25	115
25	117
25	118
25	119
25	121
25	125
26	87
26	108
26	109
26	111
26	113
26	118
26	119
26	125
27	87
27	108
27	109
27	111
27	113
27	118
27	119
27	125
28	87
28	108
28	109
28	111
28	113
28	118
28	119
28	125
29	87
29	97
29	99
29	108
29	109
29	111
29	113
29	114
29	115
29	117
29	118
29	119
29	121
29	125
30	87
30	97
30	108
30	109
30	111
30	113
30	114
30	115
30	117
30	118
30	119
30	121
30	125
31	87
31	108
31	109
31	111
31	113
31	118
31	119
31	125
32	87
32	108
32	109
32	111
32	113
32	118
32	119
32	125
33	87
33	108
33	109
33	111
33	113
33	118
33	119
33	125
34	87
34	108
34	109
34	111
34	113
34	118
34	119
34	125
35	87
35	108
35	109
35	111
35	113
36	87
36	108
36	109
36	111
36	113
36	118
36	119
36	125
37	87
37	97
37	99
37	108
37	109
37	111
37	113
37	114
37	115
37	117
37	118
37	119
37	121
37	125
38	87
38	97
38	99
38	108
38	109
38	111
38	113
38	114
38	115
38	117
38	118
38	119
38	121
38	125
39	87
39	108
39	109
39	111
39	113
40	87
40	108
40	109
40	111
40	113
41	87
41	108
41	109
41	111
41	113
42	87
42	108
42	109
42	111
42	113
43	87
43	108
43	109
43	111
43	113
44	87
44	108
44	109
44	111
44	113
45	87
45	108
45	109
45	111
45	113
45	118
45	119
45	125
46	87
46	108
46	109
46	111
46	113
47	87
47	108
47	109
47	111
47	113
47	118
47	119
47	125
48	87
48	108
48	109
48	111
48	113
48	118
48	119
48	125
49	87
49	108
49	109
49	111
49	113
50	87
50	108
50	109
50	111
50	113
51	87
51	108
51	109
51	111
51	113
51	118
51	119
51	125
52	87
52	108
52	109
52	111
52	113
53	87
53	108
53	109
53	111
53	113
54	87
54	108
54	109
54	111
54	113
55	87
55	108
55	109
55	111
55	113
56	87
56	108
56	109
56	111
56	113
57	87
57	108
57	109
57	111
57	113
58	87
58	108
58	109
58	111
58	113
58	118
58	119
58	125
59	87
59	108
59	109
59	111
59	113
59	118
59	119
59	125
60	87
60	108
60	109
60	111
60	113
61	87
61	108
61	109
61	111
61	113
61	118
61	119
61	125
62	87
62	108
62	109
62	111
62	113
63	87
63	108
63	109
63	111
63	113
64	87
64	108
64	109
64	111
64	113
65	87
65	108
65	109
65	111
65	113
65	118
65	119
65	125
66	87
66	108
66	109
66	111
66	113
67	87
67	108
67	109
67	111
67	113
67	118
67	119
67	125
68	87
68	108
68	109
68	111
68	113
68	118
68	119
68	125
69	87
69	108
69	109
69	111
69	113
70	87
70	108
70	109
70	111
70	113
71	87
71	108
71	109
71	111
71	113
71	118
71	119
71	125
72	87
72	108
72	109
72	111
72	113
73	87
73	108
73	109
73	111
73	113
73	118
73	119
73	125
74	87
74	108
74	109
74	111
74	113
75	87
75	108
75	109
75	111
75	113
76	87
76	108
76	109
76	111
76	113
77	87
77	108
77	109
77	111
77	113
78	87
78	108
78	109
78	111
78	113
79	87
79	108
79	109
79	111
79	113
79	118
79	119
79	125
80	87
80	108
80	109
80	111
80	113
81	87
81	108
81	109
81	111
81	113
82	87
82	108
82	109
82	111
82	113
83	87
83	108
83	109
83	111
83	113
84	87
84	108
84	109
84	111
84	113
85	87
85	108
85	109
85	111
85	113
86	87
86	108
86	109
86	111
86	113
87	88
87	89
87	90
87	91
87	92
87	93
87	94
87	95
87	96
87	97
87	98
87	99
87	100
87	101
87	102
87	103
87	104
87	105
87	106
87	107
87	108
87	109
87	110
87	111
87	112
87	113
87	114
87	115
87	116
87	117
87	118
87	119
87	120
87	121
87	122
87	123
87	124
87	125
88	108
88	109
88	111
88	113
89	108
89	109
89	111
89	113
90	108
90	109
90	111
90	113
91	108
91	109
91	111
91	113
92	108
92	109
92	111
92	113
93	108
93	109
93	111
93	113
94	108
94	109
94	111
94	113
95	108
95	109
95	111
95	113
96	108
96	109
96	111
96	113
97	108
97	109
97	111
97	113
97	118
97	119
97	125
98	108
98	109
98	111
98	113
99	108
99	109
99	111
99	113
99	118
99	119
99	125
100	108
100	109
100	111
100	113
101	108
101	109
101	111
101	113
102	108
102	109
102	111
102	113
103	108
103	109
103	111
103	113
104	108
104	109
104	111
104	113
105	108
105	109
105	111
105	113
106	108
106	109
106	111
106	113
107	108
107	109
107	111
107	113
108	110
108	111
108	112
108	113
108	114
108	115
108	116
108	117
108	118
108	119
108	120
108	121
108	122
108	123
108	124
108	125
109	110
109	111
109	112
109	113
109	114
109	115
109	116
109	117
109	118
109	119
109	120
109	121
109	122
109	123
109	124
109	125
110	111
110	113
111	112
111	113
111	114
111	115
111	116
111	117
111	118
111	119
111	120
111	121
111	122
111	123
111	124
111	125
112	113
113	114
113	115
113	116
113	117
113	118
113	119
113	120
113	121
113	122
113	123
113	124
113	125