125	681
1	87
1	97
1	99
1	108
1	109
1	111
1	113
1	114
1	115
1	117
1	118
1	119
1	121
1	125
2	87
2	108
2	109
2	111
2	113
2	118
2	119
2	125
3	87
3	97
3	99
3	108
3	109
3	111
3	113
3	114
3	115
3	117
3	118
3	119
3	121
3	125
4	87
4	97
4	99
4	108
4	109
4	111
4	113
4	114
4	115
4	117
4	118
4	119
4	121
4	125
5	87
5	97
5	99
5	108
5	109
5	111
5	113
5	114
5	115
5	117
5	118
5	119
5	121
5	125
6	87
6	97
6	99
6	108
6	109
6	111
6	113
6	114
6	115
6	117
6	118
6	119
6	121
6	125
7	87
7	97
7	99
7	108
7	109
7	111
7	113
7	114
7	115
7	117
7	118
7	119
7	121
7	125
8	87
8	108
8	109
8	111
8	113
8	118
8	119
8	125
9	87
9	97
9	99
9	108
9	109
9	111
9	113
9	114
9	115
9	117
9	118
9	119
9	121
9	125
10	87
10	108
10	109
10	111
10	113
10	118
10	119
10	125
11	87
11	108
11	109
11	111
11	113
12	87
12	108
12	109
12	111
12	113
13	87
13	108
13	109
13	111
13	113
14	87
14	108
14	109
14	111
14	113
15	87
15	108
15	109
15	111
15	113
16	87
16	108
16	109
16	111
16	113
17	87
17	108
17	109
17	111
17	113
18	87
18	108
18	109
18	111
18	113
19	87
19	108
19	109
19	111
19	113
20	87
20	108
20	109
20	111
20	113
21	87
21	108
21	109
21	111
21	113
22	87
22	108
22	109
22	111
22	113
23	87
23	108
23	109
23	111
23	113
24	87
24	108
24	109
24	111
24	113
25	87
25	108
25	109
25	111
25	113
26	87
26	108
26	109
26	111
26	113
27	87
27	108
27	109
27	111
27	113
28	87
28	108
28	109
28	111
28	113
29	87
29	108
29	109
29	111
29	113
30	87
30	108
30	109
30	111
30	113
31	87
31	108
31	109
31	111
31	113
32	87
32	108
32	109
32	111
32	113
33	87
33	108
33	109
33	111
33	113
34	87
34	108
34	109
34	111
34	113
35	87
35	108
35	109
35	111
35	113
36	87
36	108
36	109
36	111
36	113
37	87
37	108
37	109
37	111
37	113
38	87
38	108
38	109
38	111
38	113
39	87
39	108
39	109
39	111
39	113
40	87
40	108
40	109
40	111
40	113
41	87
41	108
41	109
41	111
41	113
42	87
42	108
42	109
42	111
42	113
43	87
43	108
43	109
43	111
43	113
44	87
44	108
44	109
44	111
44	113
45	87
45	108
45	109
45	111
45	113
46	87
46	108
46	109
46	111
46	113
47	87
47	108
47	109
47	111
47	113
48	87
48	108
48	109
48	111
48	113
49	87
49	108
49	109
49	111
49	113
50	87
50	108
50	109
50	111
50	113
51	87
51	108
51	109
51	111
51	113
52	87
52	108
52	109
52	111
52	113
53	87
53	108
53	109
53	111
53	113
54	87
54	108
54	109
54	111
54	113
55	87
55	108
55	109
55	111
55	113
56	87
56	108
56	109
56	111
56	113
57	87
57	108
57	109
57	111
57	113
58	87
58	108
58	109
58	111
58	113
59	87
59	108
59	109
59	111
59	113
60	87
60	108
60	109
60	111
60	113
61	87
61	108
61	109
61	111
61	113
62	87
62	108
62	109
62	111
62	113
63	87
63	108
63	109
63	111
63	113
64	87
64	108
64	109
64	111
64	113
65	87
65	108
65	109
65	111
65	113
66	87
66	108
66	109
66	111
66	113
67	87
67	108
67	109
67	111
67	113
68	87
68	108
68	109
68	111
68	113
69	87
69	108
69	109
69	111
69	113
70	87
70	108
70	109
70	111
70	113
71	87
71	108
71	109
71	111
71	113
72	87
72	108
72	109
72	111
72	113
73	87
73	108
73	109
73	111
73	113
74	87
74	108
74	109
74	111
74	113
75	87
75	108
75	109
75	111
75	113
76	87
76	108
76	109
76	111
76	113
77	87
77	108
77	109
77	111
77	113
78	87
78	108
78	109
78	111
78	113
79	87
79	108
79	109
79	111
79	113
80	87
80	108
80	109
80	111
80	113
81	87
81	108
81	109
81	111
81	113
82	87
82	108
82	109
82	111
82	113
83	87
83	108
83	109
83	111
83	113
84	87
84	108
84	109
84	111
84	113
85	87
85	108
85	109
85	111
85	113
86	87
86	108
86	109
86	111
86	113
87	88
87	89
87	90
87	91
87	92
87	93
87	94
87	95
87	96
87	97
87	98
87	99
87	100
87	101
87	102
87	103
87	104
87	105
87	106
87	107
87	108
87	109
87	110
87	111
87	112
87	113
87	114
87	115
87	116
87	117
87	118
87	119
87	120
87	121
87	122
87	123
87	124
87	125
88	108
88	109
88	111
88	113
89	108
89	109
89	111
89	113
90	108
90	109
90	111
90	113
91	108
91	109
91	111
91	113
92	108
92	109
92	111
92	113
93	108
93	109
93	111
93	113
94	108
94	109
94	111
94	113
95	108
95	109
95	111
95	113
96	108
96	109
96	111
96	113
97	108
97	109
97	111
97	113
98	108
98	109
98	111
98	113
99	108
99	109
99	111
99	113
100	108
100	109
100	111
100	113
101	108
101	109
101	111
101	113
102	108
102	109
102	111
102	113
103	108
103	109
103	111
103	113
104	108
104	109
104	111
104	113
105	108
105	109
105	111
105	113
106	108
106	109
106	111
106	113
107	108
107	109
107	111
107	113
108	110
108	111
108	112
108	113
108	114
108	115
108	116
108	117
108	118
108	119
108	120
108	121
108	122
108	123
108	124
108	125
109	110
109	111
109	112
109	113
109	114
109	115
109	116
109	117
109	118
109	119
109	120
109	121
109	122
109	123
109	124
109	125
110	111
110	113
111	112
111	113
111	114
111	115
111	116
111	117
111	118
111	119
111	120
111	121
111	122
111	123
111	124
111	125
112	113
113	114
113	115
113	116
113	117
113	118
113	119
113	120
113	121
113	122
113	123
113	124
113	125