183	7262
1	18
1	83
1	84
1	85
1	87
1	88
1	89
1	90
1	91
1	92
1	93
1	94
1	95
1	96
1	97
1	98
1	102
1	103
1	116
1	117
1	118
1	119
1	120
1	121
1	122
1	123
1	126
1	138
1	140
1	141
1	142
1	143
1	144
1	145
1	146
1	147
1	148
1	149
1	150
1	151
1	152
1	153
1	160
1	164
1	166
1	167
1	172
1	174
1	175
1	177
1	178
1	179
1	181
1	182
2	18
2	83
2	84
2	85
2	87
2	88
2	89
2	90
2	91
2	92
2	93
2	94
2	95
2	96
2	97
2	98
2	102
2	103
2	116
2	117
2	118
2	119
2	120
2	121
2	122
2	123
2	126
2	138
2	140
2	141
2	142
2	143
2	144
2	145
2	146
2	147
2	148
2	149
2	150
2	151
2	152
2	153
2	160
2	164
2	166
2	167
2	172
2	174
2	175
2	177
2	178
2	179
2	181
2	182
3	18
3	83
3	84
3	85
3	87
3	88
3	89
3	90
3	91
3	92
3	93
3	94
3	95
3	96
3	97
3	98
3	102
3	103
3	116
3	117
3	118
3	119
3	120
3	121
3	122
3	123
3	126
3	138
3	140
3	141
3	142
3	143
3	144
3	145
3	146
3	147
3	148
3	149
3	150
3	151
3	152
3	153
3	160
3	164
3	166
3	167
3	172
3	174
3	175
3	177
3	178
3	179
3	181
3	182
4	18
4	83
4	84
4	85
4	86
4	87
4	88
4	89
4	90
4	91
4	92
4	93
4	94
4	95
4	96
4	97
4	98
4	101
4	102
4	103
4	106
4	107
4	108
4	109
4	110
4	113
4	114
4	115
4	116
4	117
4	118
4	119
4	120
4	121
4	122
4	123
4	126
4	127
4	128
4	129
4	130
4	131
4	132
4	134
4	135
4	137
4	138
4	139
4	140
4	141
4	142
4	143
4	144
4	145
4	146
4	147
4	148
4	149
4	150
4	151
4	152
4	153
4	154
4	155
4	156
4	157
4	158
4	159
4	160
4	161
4	162
4	163
4	164
4	165
4	166
4	167
4	168
4	169
4	170
4	171
4	172
4	173
4	174
4	175
4	177
4	178
4	179
4	180
4	181
4	182
4	183
5	18
5	83
5	84
5	85
5	87
5	88
5	89
5	90
5	91
5	92
5	93
5	94
5	95
5	96
5	97
5	98
5	102
5	103
5	116
5	117
5	118
5	119
5	120
5	121
5	122
5	123
5	126
5	138
5	140
5	141
5	142
5	143
5	144
5	145
5	146
5	147
5	148
5	149
5	150
5	151
5	152
5	153
5	160
5	164
5	166
5	167
5	172
5	174
5	175
5	177
5	178
5	179
5	181
5	182
6	18
6	83
6	84
6	91
6	92
6	93
6	94
6	95
6	96
6	97
6	98
6	102
6	120
6	121
6	143
6	144
6	145
6	146
6	147
6	151
6	152
7	18
7	83
7	84
7	91
7	92
7	93
7	94
7	95
7	96
7	97
7	98
7	102
7	120
7	121
7	143
7	144
7	145
7	146
7	147
7	151
7	152
8	18
8	83
8	84
8	91
8	92
8	93
8	94
8	95
8	96
8	97
8	98
8	102
8	120
8	121
8	143
8	144
8	145
8	146
8	147
8	151
8	152
9	18
9	83
9	84
9	91
9	92
9	93
9	94
9	95
9	96
9	97
9	98
9	102
9	120
9	121
9	143
9	144
9	145
9	146
9	147
9	151
9	152
10	18
10	83
10	84
10	85
10	87
10	88
10	89
10	90
10	91
10	92
10	93
10	94
10	95
10	96
10	97
10	98
10	102
10	103
10	116
10	117
10	118
10	119
10	120
10	121
10	122
10	123
10	126
10	138
10	140
10	141
10	142
10	143
10	144
10	145
10	146
10	147
10	148
10	149
10	150
10	151
10	152
10	153
10	160
10	164
10	166
10	167
10	172
10	174
10	175
10	177
10	178
10	179
10	181
10	182
11	18
11	83
11	84
11	85
11	87
11	88
11	89
11	90
11	91
11	92
11	93
11	94
11	95
11	96
11	97
11	98
11	102
11	103
11	116
11	117
11	118
11	119
11	120
11	121
11	122
11	123
11	126
11	138
11	140
11	141
11	142
11	143
11	144
11	145
11	146
11	147
11	148
11	149
11	150
11	151
11	152
11	153
11	160
11	164
11	166
11	167
11	172
11	174
11	175
11	177
11	178
11	179
11	181
11	182
12	18
12	83
12	84
12	85
12	87
12	88
12	89
12	90
12	91
12	92
12	93
12	94
12	95
12	96
12	97
12	98
12	102
12	103
12	116
12	117
12	118
12	119
12	120
12	121
12	122
12	123
12	126
12	138
12	140
12	141
12	142
12	143
12	144
12	145
12	146
12	147
12	148
12	149
12	150
12	151
12	152
12	153
12	160
12	164
12	166
12	167
12	172
12	174
12	175
12	177
12	178
12	179
12	181
12	182
13	18
13	83
13	84
13	85
13	87
13	88
13	89
13	90
13	91
13	92
13	93
13	94
13	95
13	96
13	97
13	98
13	102
13	103
13	116
13	117
13	118
13	119
13	120
13	121
13	122
13	123
13	126
13	138
13	140
13	141
13	142
13	143
13	144
13	145
13	146
13	147
13	148
13	149
13	150
13	151
13	152
13	153
13	160
13	164
13	166
13	167
13	172
13	174
13	175
13	177
13	178
13	179
13	181
13	182
14	18
14	83
14	84
14	85
14	87
14	88
14	89
14	90
14	91
14	92
14	93
14	94
14	95
14	96
14	97
14	98
14	102
14	103
14	116
14	117
14	118
14	119
14	120
14	121
14	122
14	123
14	126
14	138
14	140
14	141
14	142
14	143
14	144
14	145
14	146
14	147
14	148
14	149
14	150
14	151
14	152
14	153
14	160
14	164
14	166
14	167
14	172
14	174
14	175
14	177
14	178
14	179
14	181
14	182
15	18
15	83
15	84
15	91
15	92
15	93
15	94
15	95
15	96
15	97
15	98
15	102
15	120
15	121
15	143
15	144
15	145
15	146
15	147
15	151
15	152
16	18
16	83
16	84
16	85
16	87
16	88
16	89
16	90
16	91
16	92
16	93
16	94
16	95
16	96
16	97
16	98
16	102
16	103
16	116
16	117
16	118
16	119
16	120
16	121
16	122
16	123
16	126
16	138
16	140
16	141
16	142
16	143
16	144
16	145
16	146
16	147
16	148
16	149
16	150
16	151
16	152
16	153
16	160
16	164
16	166
16	167
16	172
16	174
16	175
16	177
16	178
16	179
16	181
16	182
17	18
17	83
17	84
17	85
17	87
17	88
17	89
17	90
17	91
17	92
17	93
17	94
17	95
17	96
17	97
17	98
17	102
17	103
17	116
17	117
17	118
17	119
17	120
17	121
17	122
17	123
17	126
17	138
17	140
17	141
17	142
17	143
17	144
17	145
17	146
17	147
17	148
17	149
17	150
17	151
17	152
17	153
17	160
17	164
17	166
17	167
17	172
17	174
17	175
17	177
17	178
17	179
17	181
17	182
18	19
18	20
18	21
18	22
18	23
18	24
18	25
18	26
18	27
18	28
18	29
18	30
18	31
18	32
18	33
18	34
18	35
18	36
18	37
18	38
18	39
18	40
18	41
18	42
18	43
18	44
18	45
18	46
18	47
18	48
18	49
18	50
18	51
18	52
18	53
18	54
18	55
18	56
18	57
18	58
18	59
18	60
18	61
18	62
18	63
18	64
18	65
18	66
18	67
18	68
18	69
18	70
18	71
18	72
18	73
18	74
18	75
18	76
18	77
18	78
18	79
18	80
18	81
18	82
18	83
18	84
18	85
18	86
18	87
18	88
18	89
18	90
18	91
18	92
18	93
18	94
18	95
18	96
18	97
18	98
18	99
18	100
18	101
18	102
18	103
18	104
18	105
18	106
18	107
18	108
18	109
18	110
18	111
18	112
18	113
18	114
18	115
18	116
18	117
18	118
18	119
18	120
18	121
18	122
18	123
18	124
18	125
18	126
18	127
18	128
18	129
18	130
18	131
18	132
18	133
18	134
18	135
18	136
18	137
18	138
18	139
18	140
18	141
18	142
18	143
18	144
18	145
18	146
18	147
18	148
18	149
18	150
18	151
18	152
18	153
18	154
18	155
18	156
18	157
18	158
18	159
18	160
18	161
18	162
18	163
18	164
18	165
18	166
18	167
18	168
18	169
18	170
18	171
18	172
18	173
18	174
18	175
18	176
18	177
18	178
18	179
18	180
18	181
18	182
18	183
19	83
19	84
19	91
19	93
19	94
19	95
19	96
19	97
19	98
19	144
19	145
19	147
19	152
20	83
20	84
20	91
20	92
20	93
20	94
20	95
20	96
20	97
20	98
20	102
20	120
20	121
20	143
20	144
20	145
20	146
20	147
20	151
20	152
21	83
21	84
21	85
21	86
21	87
21	88
21	89
21	90
21	91
21	92
21	93
21	94
21	95
21	96
21	97
21	98
21	101
21	102
21	103
21	106
21	107
21	108
21	109
21	110
21	113
21	114
21	115
21	116
21	117
21	118
21	119
21	120
21	121
21	122
21	123
21	126
21	127
21	128
21	129
21	130
21	131
21	132
21	134
21	135
21	137
21	138
21	139
21	140
21	141
21	142
21	143
21	144
21	145
21	146
21	147
21	148
21	149
21	150
21	151
21	152
21	153
21	154
21	155
21	156
21	157
21	158
21	159
21	160
21	161
21	162
21	163
21	164
21	165
21	166
21	167
21	168
21	169
21	170
21	171
21	172
21	173
21	174
21	175
21	177
21	178
21	179
21	180
21	181
21	182
21	183
22	83
22	84
22	85
22	86
22	87
22	88
22	89
22	90
22	91
22	92
22	93
22	94
22	95
22	96
22	97
22	98
22	101
22	102
22	103
22	106
22	107
22	108
22	109
22	110
22	113
22	114
22	115
22	116
22	117
22	118
22	119
22	120
22	121
22	122
22	123
22	126
22	127
22	128
22	129
22	130
22	131
22	132
22	134
22	135
22	137
22	138
22	139
22	140
22	141
22	142
22	143
22	144
22	145
22	146
22	147
22	148
22	149
22	150
22	151
22	152
22	153
22	154
22	155
22	156
22	157
22	158
22	159
22	160
22	161
22	162
22	163
22	164
22	165
22	166
22	167
22	168
22	169
22	170
22	171
22	172
22	173
22	174
22	175
22	177
22	178
22	179
22	180
22	181
22	182
22	183
23	83
23	84
23	85
23	87
23	88
23	89
23	90
23	91
23	92
23	93
23	94
23	95
23	96
23	97
23	98
23	102
23	103
23	116
23	117
23	118
23	119
23	120
23	121
23	122
23	123
23	126
23	138
23	140
23	141
23	142
23	143
23	144
23	145
23	146
23	147
23	148
23	149
23	150
23	151
23	152
23	153
23	160
23	164
23	166
23	167
23	172
23	174
23	175
23	177
23	178
23	179
23	181
23	182
24	83
24	84
24	85
24	86
24	87
24	88
24	89
24	90
24	91
24	92
24	93
24	94
24	95
24	96
24	97
24	98
24	101
24	102
24	103
24	106
24	107
24	108
24	109
24	110
24	113
24	114
24	115
24	116
24	117
24	118
24	119
24	120
24	121
24	122
24	123
24	126
24	127
24	128
24	129
24	130
24	131
24	132
24	134
24	135
24	137
24	138
24	139
24	140
24	141
24	142
24	143
24	144
24	145
24	146
24	147
24	148
24	149
24	150
24	151
24	152
24	153
24	154
24	155
24	156
24	157
24	158
24	159
24	160
24	161
24	162
24	163
24	164
24	165
24	166
24	167
24	168
24	169
24	170
24	171
24	172
24	173
24	174
24	175
24	177
24	178
24	179
24	180
24	181
24	182
24	183
25	83
25	84
25	85
25	86
25	87
25	88
25	89
25	90
25	91
25	92
25	93
25	94
25	95
25	96
25	97
25	98
25	101
25	102
25	103
25	106
25	107
25	108
25	109
25	110
25	113
25	114
25	115
25	116
25	117
25	118
25	119
25	120
25	121
25	122
25	123
25	126
25	127
25	128
25	129
25	130
25	131
25	132
25	134
25	135
25	137
25	138
25	139
25	140
25	141
25	142
25	143
25	144
25	145
25	146
25	147
25	148
25	149
25	150
25	151
25	152
25	153
25	154
25	155
25	156
25	157
25	158
25	159
25	160
25	161
25	162
25	163
25	164
25	165
25	166
25	167
25	168
25	169
25	170
25	171
25	172
25	173
25	174
25	175
25	177
25	178
25	179
25	180
25	181
25	182
25	183
26	83
26	84
26	85
26	86
26	87
26	88
26	89
26	90
26	91
26	92
26	93
26	94
26	95
26	96
26	97
26	98
26	101
26	102
26	103
26	104
26	106
26	107
26	108
26	109
26	110
26	111
26	112
26	113
26	114
26	115
26	116
26	117
26	118
26	119
26	120
26	121
26	122
26	123
26	125
26	126
26	127
26	128
26	129
26	130
26	131
26	132
26	133
26	134
26	135
26	136
26	137
26	138
26	139
26	140
26	141
26	142
26	143
26	144
26	145
26	146
26	147
26	148
26	149
26	150
26	151
26	152
26	153
26	154
26	155
26	156
26	157
26	158
26	159
26	160
26	161
26	162
26	163
26	164
26	165
26	166
26	167
26	168
26	169
26	170
26	171
26	172
26	173
26	174
26	175
26	176
26	177
26	178
26	179
26	180
26	181
26	182
26	183
27	83
27	84
27	85
27	86
27	87
27	88
27	89
27	90
27	91
27	92
27	93
27	94
27	95
27	96
27	97
27	98
27	101
27	102
27	103
27	104
27	106
27	107
27	108
27	109
27	110
27	111
27	112
27	113
27	114
27	115
27	116
27	117
27	118
27	119
27	120
27	121
27	122
27	123
27	125
27	126
27	127
27	128
27	129
27	130
27	131
27	132
27	133
27	134
27	135
27	136
27	137
27	138
27	139
27	140
27	141
27	142
27	143
27	144
27	145
27	146
27	147
27	148
27	149
27	150
27	151
27	152
27	153
27	154
27	155
27	156
27	157
27	158
27	159
27	160
27	161
27	162
27	163
27	164
27	165
27	166
27	167
27	168
27	169
27	170
27	171
27	172
27	173
27	174
27	175
27	176
27	177
27	178
27	179
27	180
27	181
27	182
27	183
28	83
28	84
28	85
28	86
28	87
28	88
28	89
28	90
28	91
28	92
28	93
28	94
28	95
28	96
28	97
28	98
28	101
28	102
28	103
28	106
28	107
28	108
28	109
28	110
28	113
28	114
28	115
28	116
28	117
28	118
28	119
28	120
28	121
28	122
28	123
28	126
28	127
28	128
28	129
28	130
28	131
28	132
28	134
28	135
28	137
28	138
28	139
28	140
28	141
28	142
28	143
28	144
28	145
28	146
28	147
28	148
28	149
28	150
28	151
28	152
28	153
28	154
28	155
28	156
28	157
28	158
28	159
28	160
28	161
28	162
28	163
28	164
28	165
28	166
28	167
28	168
28	169
28	170
28	171
28	172
28	173
28	174
28	175
28	177
28	178
28	179
28	180
28	181
28	182
28	183
29	83
29	84
29	85
29	87
29	88
29	89
29	90
29	91
29	92
29	93
29	94
29	95
29	96
29	97
29	98
29	102
29	103
29	116
29	117
29	118
29	119
29	120
29	121
29	122
29	123
29	126
29	138
29	140
29	141
29	142
29	143
29	144
29	145
29	146
29	147
29	148
29	149
29	150
29	151
29	152
29	153
29	160
29	164
29	166
29	167
29	172
29	174
29	175
29	177
29	178
29	179
29	181
29	182
30	83
30	84
30	85
30	87
30	88
30	89
30	90
30	91
30	92
30	93
30	94
30	95
30	96
30	97
30	98
30	102
30	103
30	116
30	117
30	118
30	119
30	120
30	121
30	122
30	123
30	126
30	138
30	140
30	141
30	142
30	143
30	144
30	145
30	146
30	147
30	148
30	149
30	150
30	151
30	152
30	153
30	160
30	164
30	166
30	167
30	172
30	174
30	175
30	177
30	178
30	179
30	181
30	182
31	83
31	84
31	85
31	86
31	87
31	88
31	89
31	90
31	91
31	92
31	93
31	94
31	95
31	96
31	97
31	98
31	101
31	102
31	103
31	106
31	107
31	108
31	109
31	110
31	113
31	114
31	115
31	116
31	117
31	118
31	119
31	120
31	121
31	122
31	123
31	126
31	127
31	128
31	129
31	130
31	131
31	132
31	134
31	135
31	137
31	138
31	139
31	140
31	141
31	142
31	143
31	144
31	145
31	146
31	147
31	148
31	149
31	150
31	151
31	152
31	153
31	154
31	155
31	156
31	157
31	158
31	159
31	160
31	161
31	162
31	163
31	164
31	165
31	166
31	167
31	168
31	169
31	170
31	171
31	172
31	173
31	174
31	175
31	177
31	178
31	179
31	180
31	181
31	182
31	183
32	83
32	84
32	85
32	86
32	87
32	88
32	89
32	90
32	91
32	92
32	93
32	94
32	95
32	96
32	97
32	98
32	99
32	101
32	102
32	103
32	104
32	105
32	106
32	107
32	108
32	109
32	110
32	111
32	112
32	113
32	114
32	115
32	116
32	117
32	118
32	119
32	120
32	121
32	122
32	123
32	124
32	125
32	126
32	127
32	128
32	129
32	130
32	131
32	132
32	133
32	134
32	135
32	136
32	137
32	138
32	139
32	140
32	141
32	142
32	143
32	144
32	145
32	146
32	147
32	148
32	149
32	150
32	151
32	152
32	153
32	154
32	155
32	156
32	157
32	158
32	159
32	160
32	161
32	162
32	163
32	164
32	165
32	166
32	167
32	168
32	169
32	170
32	171
32	172
32	173
32	174
32	175
32	176
32	177
32	178
32	179
32	180
32	181
32	182
32	183
33	83
33	84
33	85
33	86
33	87
33	88
33	89
33	90
33	91
33	92
33	93
33	94
33	95
33	96
33	97
33	98
33	101
33	102
33	103
33	104
33	106
33	107
33	108
33	109
33	110
33	111
33	112
33	113
33	114
33	115
33	116
33	117
33	118
33	119
33	120
33	121
33	122
33	123
33	125
33	126
33	127
33	128
33	129
33	130
33	131
33	132
33	133
33	134
33	135
33	136
33	137
33	138
33	139
33	140
33	141
33	142
33	143
33	144
33	145
33	146
33	147
33	148
33	149
33	150
33	151
33	152
33	153
33	154
33	155
33	156
33	157
33	158
33	159
33	160
33	161
33	162
33	163
33	164
33	165
33	166
33	167
33	168
33	169
33	170
33	171
33	172
33	173
33	174
33	175
33	176
33	177
33	178
33	179
33	180
33	181
33	182
33	183
34	83
34	84
34	85
34	86
34	87
34	88
34	89
34	90
34	91
34	92
34	93
34	94
34	95
34	96
34	97
34	98
34	99
34	101
34	102
34	103
34	104
34	105
34	106
34	107
34	108
34	109
34	110
34	111
34	112
34	113
34	114
34	115
34	116
34	117
34	118
34	119
34	120
34	121
34	122
34	123
34	124
34	125
34	126
34	127
34	128
34	129
34	130
34	131
34	132
34	133
34	134
34	135
34	136
34	137
34	138
34	139
34	140
34	141
34	142
34	143
34	144
34	145
34	146
34	147
34	148
34	149
34	150
34	151
34	152
34	153
34	154
34	155
34	156
34	157
34	158
34	159
34	160
34	161
34	162
34	163
34	164
34	165
34	166
34	167
34	168
34	169
34	170
34	171
34	172
34	173
34	174
34	175
34	176
34	177
34	178
34	179
34	180
34	181
34	182
34	183
35	83
35	84
35	85
35	87
35	88
35	89
35	90
35	91
35	92
35	93
35	94
35	95
35	96
35	97
35	98
35	102
35	103
35	116
35	117
35	118
35	119
35	120
35	121
35	122
35	123
35	126
35	138
35	140
35	141
35	142
35	143
35	144
35	145
35	146
35	147
35	148
35	149
35	150
35	151
35	152
35	153
35	160
35	164
35	166
35	167
35	172
35	174
35	175
35	177
35	178
35	179
35	181
35	182
36	83
36	84
36	85
36	86
36	87
36	88
36	89
36	90
36	91
36	92
36	93
36	94
36	95
36	96
36	97
36	98
36	101
36	102
36	103
36	106
36	107
36	108
36	109
36	110
36	113
36	114
36	115
36	116
36	117
36	118
36	119
36	120
36	121
36	122
36	123
36	126
36	127
36	128
36	129
36	130
36	131
36	132
36	134
36	135
36	137
36	138
36	139
36	140
36	141
36	142
36	143
36	144
36	145
36	146
36	147
36	148
36	149
36	150
36	151
36	152
36	153
36	154
36	155
36	156
36	157
36	158
36	159
36	160
36	161
36	162
36	163
36	164
36	165
36	166
36	167
36	168
36	169
36	170
36	171
36	172
36	173
36	174
36	175
36	177
36	178
36	179
36	180
36	181
36	182
36	183
37	83
37	84
37	85
37	86
37	87
37	88
37	89
37	90
37	91
37	92
37	93
37	94
37	95
37	96
37	97
37	98
37	101
37	102
37	103
37	106
37	107
37	108
37	109
37	110
37	113
37	114
37	115
37	116
37	117
37	118
37	119
37	120
37	121
37	122
37	123
37	126
37	127
37	128
37	129
37	130
37	131
37	132
37	134
37	135
37	137
37	138
37	139
37	140
37	141
37	142
37	143
37	144
37	145
37	146
37	147
37	148
37	149
37	150
37	151
37	152
37	153
37	154
37	155
37	156
37	157
37	158
37	159
37	160
37	161
37	162
37	163
37	164
37	165
37	166
37	167
37	168
37	169
37	170
37	171
37	172
37	173
37	174
37	175
37	177
37	178
37	179
37	180
37	181
37	182
37	183
38	83
38	84
38	85
38	86
38	87
38	88
38	89
38	90
38	91
38	92
38	93
38	94
38	95
38	96
38	97
38	98
38	101
38	102
38	103
38	106
38	107
38	108
38	109
38	110
38	113
38	114
38	115
38	116
38	117
38	118
38	119
38	120
38	121
38	122
38	123
38	126
38	127
38	128
38	129
38	130
38	131
38	132
38	134
38	135
38	137
38	138
38	139
38	140
38	141
38	142
38	143
38	144
38	145
38	146
38	147
38	148
38	149
38	150
38	151
38	152
38	153
38	154
38	155
38	156
38	157
38	158
38	159
38	160
38	161
38	162
38	163
38	164
38	165
38	166
38	167
38	168
38	169
38	170
38	171
38	172
38	173
38	174
38	175
38	177
38	178
38	179
38	180
38	181
38	182
38	183
39	83
39	84
39	85
39	86
39	87
39	88
39	89
39	90
39	91
39	92
39	93
39	94
39	95
39	96
39	97
39	98
39	101
39	102
39	103
39	106
39	107
39	108
39	109
39	110
39	113
39	114
39	115
39	116
39	117
39	118
39	119
39	120
39	121
39	122
39	123
39	126
39	127
39	128
39	129
39	130
39	131
39	132
39	134
39	135
39	137
39	138
39	139
39	140
39	141
39	142
39	143
39	144
39	145
39	146
39	147
39	148
39	149
39	150
39	151
39	152
39	153
39	154
39	155
39	156
39	157
39	158
39	159
39	160
39	161
39	162
39	163
39	164
39	165
39	166
39	167
39	168
39	169
39	170
39	171
39	172
39	173
39	174
39	175
39	177
39	178
39	179
39	180
39	181
39	182
39	183
40	83
40	84
40	85
40	86
40	87
40	88
40	89
40	90
40	91
40	92
40	93
40	94
40	95
40	96
40	97
40	98
40	101
40	102
40	103
40	106
40	107
40	108
40	109
40	110
40	113
40	114
40	115
40	116
40	117
40	118
40	119
40	120
40	121
40	122
40	123
40	126
40	127
40	128
40	129
40	130
40	131
40	132
40	134
40	135
40	137
40	138
40	139
40	140
40	141
40	142
40	143
40	144
40	145
40	146
40	147
40	148
40	149
40	150
40	151
40	152
40	153
40	154
40	155
40	156
40	157
40	158
40	159
40	160
40	161
40	162
40	163
40	164
40	165
40	166
40	167
40	168
40	169
40	170
40	171
40	172
40	173
40	174
40	175
40	177
40	178
40	179
40	180
40	181
40	182
40	183
41	83
41	84
41	85
41	86
41	87
41	88
41	89
41	90
41	91
41	92
41	93
41	94
41	95
41	96
41	97
41	98
41	101
41	102
41	103
41	104
41	106
41	107
41	108
41	109
41	110
41	111
41	112
41	113
41	114
41	115
41	116
41	117
41	118
41	119
41	120
41	121
41	122
41	123
41	125
41	126
41	127
41	128
41	129
41	130
41	131
41	132
41	133
41	134
41	135
41	136
41	137
41	138
41	139
41	140
41	141
41	142
41	143
41	144
41	145
41	146
41	147
41	148
41	149
41	150
41	151
41	152
41	153
41	154
41	155
41	156
41	157
41	158
41	159
41	160
41	161
41	162
41	163
41	164
41	165
41	166
41	167
41	168
41	169
41	170
41	171
41	172
41	173
41	174
41	175
41	176
41	177
41	178
41	179
41	180
41	181
41	182
41	183
42	83
42	84
42	85
42	86
42	87
42	88
42	89
42	90
42	91
42	92
42	93
42	94
42	95
42	96
42	97
42	98
42	101
42	102
42	103
42	104
42	106
42	107
42	108
42	109
42	110
42	111
42	112
42	113
42	114
42	115
42	116
42	117
42	118
42	119
42	120
42	121
42	122
42	123
42	125
42	126
42	127
42	128
42	129
42	130
42	131
42	132
42	133
42	134
42	135
42	136
42	137
42	138
42	139
42	140
42	141
42	142
42	143
42	144
42	145
42	146
42	147
42	148
42	149
42	150
42	151
42	152
42	153
42	154
42	155
42	156
42	157
42	158
42	159
42	160
42	161
42	162
42	163
42	164
42	165
42	166
42	167
42	168
42	169
42	170
42	171
42	172
42	173
42	174
42	175
42	176
42	177
42	178
42	179
42	180
42	181
42	182
42	183
43	83
43	84
43	85
43	86
43	87
43	88
43	89
43	90
43	91
43	92
43	93
43	94
43	95
43	96
43	97
43	98
43	101
43	102
43	103
43	104
43	106
43	107
43	108
43	109
43	110
43	111
43	112
43	113
43	114
43	115
43	116
43	117
43	118
43	119
43	120
43	121
43	122
43	123
43	125
43	126
43	127
43	128
43	129
43	130
43	131
43	132
43	133
43	134
43	135
43	136
43	137
43	138
43	139
43	140
43	141
43	142
43	143
43	144
43	145
43	146
43	147
43	148
43	149
43	150
43	151
43	152
43	153
43	154
43	155
43	156
43	157
43	158
43	159
43	160
43	161
43	162
43	163
43	164
43	165
43	166
43	167
43	168
43	169
43	170
43	171
43	172
43	173
43	174
43	175
43	176
43	177
43	178
43	179
43	180
43	181
43	182
43	183
44	83
44	84
44	85
44	86
44	87
44	88
44	89
44	90
44	91
44	92
44	93
44	94
44	95
44	96
44	97
44	98
44	101
44	102
44	103
44	104
44	106
44	107
44	108
44	109
44	110
44	111
44	112
44	113
44	114
44	115
44	116
44	117
44	118
44	119
44	120
44	121
44	122
44	123
44	125
44	126
44	127
44	128
44	129
44	130
44	131
44	132
44	133
44	134
44	135
44	136
44	137
44	138
44	139
44	140
44	141
44	142
44	143
44	144
44	145
44	146
44	147
44	148
44	149
44	150
44	151
44	152
44	153
44	154
44	155
44	156
44	157
44	158
44	159
44	160
44	161
44	162
44	163
44	164
44	165
44	166
44	167
44	168
44	169
44	170
44	171
44	172
44	173
44	174
44	175
44	176
44	177
44	178
44	179
44	180
44	181
44	182
44	183
45	83
45	84
45	85
45	86
45	87
45	88
45	89
45	90
45	91
45	92
45	93
45	94
45	95
45	96
45	97
45	98
45	101
45	102
45	103
45	104
45	106
45	107
45	108
45	109
45	110
45	111
45	112
45	113
45	114
45	115
45	116
45	117
45	118
45	119
45	120
45	121
45	122
45	123
45	125
45	126
45	127
45	128
45	129
45	130
45	131
45	132
45	133
45	134
45	135
45	136
45	137
45	138
45	139
45	140
45	141
45	142
45	143
45	144
45	145
45	146
45	147
45	148
45	149
45	150
45	151
45	152
45	153
45	154
45	155
45	156
45	157
45	158
45	159
45	160
45	161
45	162
45	163
45	164
45	165
45	166
45	167
45	168
45	169
45	170
45	171
45	172
45	173
45	174
45	175
45	176
45	177
45	178
45	179
45	180
45	181
45	182
45	183
46	83
46	84
46	85
46	86
46	87
46	88
46	89
46	90
46	91
46	92
46	93
46	94
46	95
46	96
46	97
46	98
46	101
46	102
46	103
46	104
46	106
46	107
46	108
46	109
46	110
46	111
46	112
46	113
46	114
46	115
46	116
46	117
46	118
46	119
46	120
46	121
46	122
46	123
46	125
46	126
46	127
46	128
46	129
46	130
46	131
46	132
46	133
46	134
46	135
46	136
46	137
46	138
46	139
46	140
46	141
46	142
46	143
46	144
46	145
46	146
46	147
46	148
46	149
46	150
46	151
46	152
46	153
46	154
46	155
46	156
46	157
46	158
46	159
46	160
46	161
46	162
46	163
46	164
46	165
46	166
46	167
46	168
46	169
46	170
46	171
46	172
46	173
46	174
46	175
46	176
46	177
46	178
46	179
46	180
46	181
46	182
46	183
47	83
47	84
47	85
47	86
47	87
47	88
47	89
47	90
47	91
47	92
47	93
47	94
47	95
47	96
47	97
47	98
47	101
47	102
47	103
47	104
47	106
47	107
47	108
47	109
47	110
47	111
47	112
47	113
47	114
47	115
47	116
47	117
47	118
47	119
47	120
47	121
47	122
47	123
47	125
47	126
47	127
47	128
47	129
47	130
47	131
47	132
47	133
47	134
47	135
47	136
47	137
47	138
47	139
47	140
47	141
47	142
47	143
47	144
47	145
47	146
47	147
47	148
47	149
47	150
47	151
47	152
47	153
47	154
47	155
47	156
47	157
47	158
47	159
47	160
47	161
47	162
47	163
47	164
47	165
47	166
47	167
47	168
47	169
47	170
47	171
47	172
47	173
47	174
47	175
47	176
47	177
47	178
47	179
47	180
47	181
47	182
47	183
48	83
48	84
48	85
48	86
48	87
48	88
48	89
48	90
48	91
48	92
48	93
48	94
48	95
48	96
48	97
48	98
48	101
48	102
48	103
48	104
48	106
48	107
48	108
48	109
48	110
48	111
48	112
48	113
48	114
48	115
48	116
48	117
48	118
48	119
48	120
48	121
48	122
48	123
48	125
48	126
48	127
48	128
48	129
48	130
48	131
48	132
48	133
48	134
48	135
48	136
48	137
48	138
48	139
48	140
48	141
48	142
48	143
48	144
48	145
48	146
48	147
48	148
48	149
48	150
48	151
48	152
48	153
48	154
48	155
48	156
48	157
48	158
48	159
48	160
48	161
48	162
48	163
48	164
48	165
48	166
48	167
48	168
48	169
48	170
48	171
48	172
48	173
48	174
48	175
48	176
48	177
48	178
48	179
48	180
48	181
48	182
48	183
49	83
49	84
49	85
49	86
49	87
49	88
49	89
49	90
49	91
49	92
49	93
49	94
49	95
49	96
49	97
49	98
49	101
49	102
49	103
49	104
49	106
49	107
49	108
49	109
49	110
49	111
49	112
49	113
49	114
49	115
49	116
49	117
49	118
49	119
49	120
49	121
49	122
49	123
49	125
49	126
49	127
49	128
49	129
49	130
49	131
49	132
49	133
49	134
49	135
49	136
49	137
49	138
49	139
49	140
49	141
49	142
49	143
49	144
49	145
49	146
49	147
49	148
49	149
49	150
49	151
49	152
49	153
49	154
49	155
49	156
49	157
49	158
49	159
49	160
49	161
49	162
49	163
49	164
49	165
49	166
49	167
49	168
49	169
49	170
49	171
49	172
49	173
49	174
49	175
49	176
49	177
49	178
49	179
49	180
49	181
49	182
49	183
50	83
50	84
50	85
50	86
50	87
50	88
50	89
50	90
50	91
50	92
50	93
50	94
50	95
50	96
50	97
50	98
50	101
50	102
50	103
50	104
50	106
50	107
50	108
50	109
50	110
50	111
50	112
50	113
50	114
50	115
50	116
50	117
50	118
50	119
50	120
50	121
50	122
50	123
50	125
50	126
50	127
50	128
50	129
50	130
50	131
50	132
50	133
50	134
50	135
50	136
50	137
50	138
50	139
50	140
50	141
50	142
50	143
50	144
50	145
50	146
50	147
50	148
50	149
50	150
50	151
50	152
50	153
50	154
50	155
50	156
50	157
50	158
50	159
50	160
50	161
50	162
50	163
50	164
50	165
50	166
50	167
50	168
50	169
50	170
50	171
50	172
50	173
50	174
50	175
50	176
50	177
50	178
50	179
50	180
50	181
50	182
50	183
51	83
51	84
51	85
51	86
51	87
51	88
51	89
51	90
51	91
51	92
51	93
51	94
51	95
51	96
51	97
51	98
51	101
51	102
51	103
51	104
51	106
51	107
51	108
51	109
51	110
51	111
51	112
51	113
51	114
51	115
51	116
51	117
51	118
51	119
51	120
51	121
51	122
51	123
51	125
51	126
51	127
51	128
51	129
51	130
51	131
51	132
51	133
51	134
51	135
51	136
51	137
51	138
51	139
51	140
51	141
51	142
51	143
51	144
51	145
51	146
51	147
51	148
51	149
51	150
51	151
51	152
51	153
51	154
51	155
51	156
51	157
51	158
51	159
51	160
51	161
51	162
51	163
51	164
51	165
51	166
51	167
51	168
51	169
51	170
51	171
51	172
51	173
51	174
51	175
51	176
51	177
51	178
51	179
51	180
51	181
51	182
51	183
52	83
52	84
52	85
52	86
52	87
52	88
52	89
52	90
52	91
52	92
52	93
52	94
52	95
52	96
52	97
52	98
52	101
52	102
52	103
52	106
52	107
52	108
52	109
52	110
52	113
52	114
52	115
52	116
52	117
52	118
52	119
52	120
52	121
52	122
52	123
52	126
52	127
52	128
52	129
52	130
52	131
52	132
52	134
52	135
52	137
52	138
52	139
52	140
52	141
52	142
52	143
52	144
52	145
52	146
52	147
52	148
52	149
52	150
52	151
52	152
52	153
52	154
52	155
52	156
52	157
52	158
52	159
52	160
52	161
52	162
52	163
52	164
52	165
52	166
52	167
52	168
52	169
52	170
52	171
52	172
52	173
52	174
52	175
52	177
52	178
52	179
52	180
52	181
52	182
52	183
53	83
53	84
53	85
53	86
53	87
53	88
53	89
53	90
53	91
53	92
53	93
53	94
53	95
53	96
53	97
53	98
53	101
53	102
53	103
53	104
53	106
53	107
53	108
53	109
53	110
53	111
53	112
53	113
53	114
53	115
53	116
53	117
53	118
53	119
53	120
53	121
53	122
53	123
53	125
53	126
53	127
53	128
53	129
53	130
53	131
53	132
53	133
53	134
53	135
53	136
53	137
53	138
53	139
53	140
53	141
53	142
53	143
53	144
53	145
53	146
53	147
53	148
53	149
53	150
53	151
53	152
53	153
53	154
53	155
53	156
53	157
53	158
53	159
53	160
53	161
53	162
53	163
53	164
53	165
53	166
53	167
53	168
53	169
53	170
53	171
53	172
53	173
53	174
53	175
53	176
53	177
53	178
53	179
53	180
53	181
53	182
53	183
54	83
54	84
54	85
54	86
54	87
54	88
54	89
54	90
54	91
54	92
54	93
54	94
54	95
54	96
54	97
54	98
54	101
54	102
54	103
54	106
54	107
54	108
54	109
54	110
54	113
54	114
54	115
54	116
54	117
54	118
54	119
54	120
54	121
54	122
54	123
54	126
54	127
54	128
54	129
54	130
54	131
54	132
54	134
54	135
54	137
54	138
54	139
54	140
54	141
54	142
54	143
54	144
54	145
54	146
54	147
54	148
54	149
54	150
54	151
54	152
54	153
54	154
54	155
54	156
54	157
54	158
54	159
54	160
54	161
54	162
54	163
54	164
54	165
54	166
54	167
54	168
54	169
54	170
54	171
54	172
54	173
54	174
54	175
54	177
54	178
54	179
54	180
54	181
54	182
54	183
55	83
55	84
55	85
55	86
55	87
55	88
55	89
55	90
55	91
55	92
55	93
55	94
55	95
55	96
55	97
55	98
55	101
55	102
55	103
55	104
55	106
55	107
55	108
55	109
55	110
55	111
55	112
55	113
55	114
55	115
55	116
55	117
55	118
55	119
55	120
55	121
55	122
55	123
55	125
55	126
55	127
55	128
55	129
55	130
55	131
55	132
55	133
55	134
55	135
55	136
55	137
55	138
55	139
55	140
55	141
55	142
55	143
55	144
55	145
55	146
55	147
55	148
55	149
55	150
55	151
55	152
55	153
55	154
55	155
55	156
55	157
55	158
55	159
55	160
55	161
55	162
55	163
55	164
55	165
55	166
55	167
55	168
55	169
55	170
55	171
55	172
55	173
55	174
55	175
55	176
55	177
55	178
55	179
55	180
55	181
55	182
55	183
56	83
56	84
56	85
56	86
56	87
56	88
56	89
56	90
56	91
56	92
56	93
56	94
56	95
56	96
56	97
56	98
56	101
56	102
56	103
56	104
56	106
56	107
56	108
56	109
56	110
56	111
56	112
56	113
56	114
56	115
56	116
56	117
56	118
56	119
56	120
56	121
56	122
56	123
56	125
56	126
56	127
56	128
56	129
56	130
56	131
56	132
56	133
56	134
56	135
56	136
56	137
56	138
56	139
56	140
56	141
56	142
56	143
56	144
56	145
56	146
56	147
56	148
56	149
56	150
56	151
56	152
56	153
56	154
56	155
56	156
56	157
56	158
56	159
56	160
56	161
56	162
56	163
56	164
56	165
56	166
56	167
56	168
56	169
56	170
56	171
56	172
56	173
56	174
56	175
56	176
56	177
56	178
56	179
56	180
56	181
56	182
56	183
57	83
57	84
57	85
57	86
57	87
57	88
57	89
57	90
57	91
57	92
57	93
57	94
57	95
57	96
57	97
57	98
57	101
57	102
57	103
57	104
57	106
57	107
57	108
57	109
57	110
57	111
57	112
57	113
57	114
57	115
57	116
57	117
57	118
57	119
57	120
57	121
57	122
57	123
57	125
57	126
57	127
57	128
57	129
57	130
57	131
57	132
57	133
57	134
57	135
57	136
57	137
57	138
57	139
57	140
57	141
57	142
57	143
57	144
57	145
57	146
57	147
57	148
57	149
57	150
57	151
57	152
57	153
57	154
57	155
57	156
57	157
57	158
57	159
57	160
57	161
57	162
57	163
57	164
57	165
57	166
57	167
57	168
57	169
57	170
57	171
57	172
57	173
57	174
57	175
57	176
57	177
57	178
57	179
57	180
57	181
57	182
57	183
58	83
58	84
58	85
58	86
58	87
58	88
58	89
58	90
58	91
58	92
58	93
58	94
58	95
58	96
58	97
58	98
58	101
58	102
58	103
58	104
58	106
58	107
58	108
58	109
58	110
58	111
58	112
58	113
58	114
58	115
58	116
58	117
58	118
58	119
58	120
58	121
58	122
58	123
58	125
58	126
58	127
58	128
58	129
58	130
58	131
58	132
58	133
58	134
58	135
58	136
58	137
58	138
58	139
58	140
58	141
58	142
58	143
58	144
58	145
58	146
58	147
58	148
58	149
58	150
58	151
58	152
58	153
58	154
58	155
58	156
58	157
58	158
58	159
58	160
58	161
58	162
58	163
58	164
58	165
58	166
58	167
58	168
58	169
58	170
58	171
58	172
58	173
58	174
58	175
58	176
58	177
58	178
58	179
58	180
58	181
58	182
58	183
59	83
59	84
59	85
59	86
59	87
59	88
59	89
59	90
59	91
59	92
59	93
59	94
59	95
59	96
59	97
59	98
59	101
59	102
59	103
59	104
59	106
59	107
59	108
59	109
59	110
59	111
59	112
59	113
59	114
59	115
59	116
59	117
59	118
59	119
59	120
59	121
59	122
59	123
59	125
59	126
59	127
59	128
59	129
59	130
59	131
59	132
59	133
59	134
59	135
59	136
59	137
59	138
59	139
59	140
59	141
59	142
59	143
59	144
59	145
59	146
59	147
59	148
59	149
59	150
59	151
59	152
59	153
59	154
59	155
59	156
59	157
59	158
59	159
59	160
59	161
59	162
59	163
59	164
59	165
59	166
59	167
59	168
59	169
59	170
59	171
59	172
59	173
59	174
59	175
59	176
59	177
59	178
59	179
59	180
59	181
59	182
59	183
60	83
60	84
60	85
60	86
60	87
60	88
60	89
60	90
60	91
60	92
60	93
60	94
60	95
60	96
60	97
60	98
60	101
60	102
60	103
60	106
60	107
60	108
60	109
60	110
60	113
60	114
60	115
60	116
60	117
60	118
60	119
60	120
60	121
60	122
60	123
60	126
60	127
60	128
60	129
60	130
60	131
60	132
60	134
60	135
60	137
60	138
60	139
60	140
60	141
60	142
60	143
60	144
60	145
60	146
60	147
60	148
60	149
60	150
60	151
60	152
60	153
60	154
60	155
60	156
60	157
60	158
60	159
60	160
60	161
60	162
60	163
60	164
60	165
60	166
60	167
60	168
60	169
60	170
60	171
60	172
60	173
60	174
60	175
60	177
60	178
60	179
60	180
60	181
60	182
60	183
61	83
61	84
61	85
61	86
61	87
61	88
61	89
61	90
61	91
61	92
61	93
61	94
61	95
61	96
61	97
61	98
61	101
61	102
61	103
61	104
61	106
61	107
61	108
61	109
61	110
61	111
61	112
61	113
61	114
61	115
61	116
61	117
61	118
61	119
61	120
61	121
61	122
61	123
61	125
61	126
61	127
61	128
61	129
61	130
61	131
61	132
61	133
61	134
61	135
61	136
61	137
61	138
61	139
61	140
61	141
61	142
61	143
61	144
61	145
61	146
61	147
61	148
61	149
61	150
61	151
61	152
61	153
61	154
61	155
61	156
61	157
61	158
61	159
61	160
61	161
61	162
61	163
61	164
61	165
61	166
61	167
61	168
61	169
61	170
61	171
61	172
61	173
61	174
61	175
61	176
61	177
61	178
61	179
61	180
61	181
61	182
61	183
62	83
62	84
62	85
62	86
62	87
62	88
62	89
62	90
62	91
62	92
62	93
62	94
62	95
62	96
62	97
62	98
62	101
62	102
62	103
62	106
62	107
62	108
62	109
62	110
62	113
62	114
62	115
62	116
62	117
62	118
62	119
62	120
62	121
62	122
62	123
62	126
62	127
62	128
62	129
62	130
62	131
62	132
62	134
62	135
62	137
62	138
62	139
62	140
62	141
62	142
62	143
62	144
62	145
62	146
62	147
62	148
62	149
62	150
62	151
62	152
62	153
62	154
62	155
62	156
62	157
62	158
62	159
62	160
62	161
62	162
62	163
62	164
62	165
62	166
62	167
62	168
62	169
62	170
62	171
62	172
62	173
62	174
62	175
62	177
62	178
62	179
62	180
62	181
62	182
62	183
63	83
63	84
63	85
63	86
63	87
63	88
63	89
63	90
63	91
63	92
63	93
63	94
63	95
63	96
63	97
63	98
63	101
63	102
63	103
63	106
63	107
63	108
63	109
63	110
63	113
63	114
63	115
63	116
63	117
63	118
63	119
63	120
63	121
63	122
63	123
63	126
63	127
63	128
63	129
63	130
63	131
63	132
63	134
63	135
63	137
63	138
63	139
63	140
63	141
63	142
63	143
63	144
63	145
63	146
63	147
63	148
63	149
63	150
63	151
63	152
63	153
63	154
63	155
63	156
63	157
63	158
63	159
63	160
63	161
63	162
63	163
63	164
63	165
63	166
63	167
63	168
63	169
63	170
63	171
63	172
63	173
63	174
63	175
63	177
63	178
63	179
63	180
63	181
63	182
63	183
64	83
64	84
64	85
64	86
64	87
64	88
64	89
64	90
64	91
64	92
64	93
64	94
64	95
64	96
64	97
64	98
64	101
64	102
64	103
64	106
64	107
64	108
64	109
64	110
64	113
64	114
64	115
64	116
64	117
64	118
64	119
64	120
64	121
64	122
64	123
64	126
64	127
64	128
64	129
64	130
64	131
64	132
64	134
64	135
64	137
64	138
64	139
64	140
64	141
64	142
64	143
64	144
64	145
64	146
64	147
64	148
64	149
64	150
64	151
64	152
64	153
64	154
64	155
64	156
64	157
64	158
64	159
64	160
64	161
64	162
64	163
64	164
64	165
64	166
64	167
64	168
64	169
64	170
64	171
64	172
64	173
64	174
64	175
64	177
64	178
64	179
64	180
64	181
64	182
64	183
65	83
65	84
65	85
65	86
65	87
65	88
65	89
65	90
65	91
65	92
65	93
65	94
65	95
65	96
65	97
65	98
65	101
65	102
65	103
65	104
65	106
65	107
65	108
65	109
65	110
65	111
65	112
65	113
65	114
65	115
65	116
65	117
65	118
65	119
65	120
65	121
65	122
65	123
65	125
65	126
65	127
65	128
65	129
65	130
65	131
65	132
65	133
65	134
65	135
65	136
65	137
65	138
65	139
65	140
65	141
65	142
65	143
65	144
65	145
65	146
65	147
65	148
65	149
65	150
65	151
65	152
65	153
65	154
65	155
65	156
65	157
65	158
65	159
65	160
65	161
65	162
65	163
65	164
65	165
65	166
65	167
65	168
65	169
65	170
65	171
65	172
65	173
65	174
65	175
65	176
65	177
65	178
65	179
65	180
65	181
65	182
65	183
66	83
66	84
66	85
66	86
66	87
66	88
66	89
66	90
66	91
66	92
66	93
66	94
66	95
66	96
66	97
66	98
66	101
66	102
66	103
66	106
66	107
66	108
66	109
66	110
66	113
66	114
66	115
66	116
66	117
66	118
66	119
66	120
66	121
66	122
66	123
66	126
66	127
66	128
66	129
66	130
66	131
66	132
66	134
66	135
66	137
66	138
66	139
66	140
66	141
66	142
66	143
66	144
66	145
66	146
66	147
66	148
66	149
66	150
66	151
66	152
66	153
66	154
66	155
66	156
66	157
66	158
66	159
66	160
66	161
66	162
66	163
66	164
66	165
66	166
66	167
66	168
66	169
66	170
66	171
66	172
66	173
66	174
66	175
66	177
66	178
66	179
66	180
66	181
66	182
66	183
67	83
67	84
67	85
67	86
67	87
67	88
67	89
67	90
67	91
67	92
67	93
67	94
67	95
67	96
67	97
67	98
67	101
67	102
67	103
67	106
67	107
67	108
67	109
67	110
67	113
67	114
67	115
67	116
67	117
67	118
67	119
67	120
67	121
67	122
67	123
67	126
67	127
67	128
67	129
67	130
67	131
67	132
67	134
67	135
67	137
67	138
67	139
67	140
67	141
67	142
67	143
67	144
67	145
67	146
67	147
67	148
67	149
67	150
67	151
67	152
67	153
67	154
67	155
67	156
67	157
67	158
67	159
67	160
67	161
67	162
67	163
67	164
67	165
67	166
67	167
67	168
67	169
67	170
67	171
67	172
67	173
67	174
67	175
67	177
67	178
67	179
67	180
67	181
67	182
67	183
68	83
68	84
68	85
68	86
68	87
68	88
68	89
68	90
68	91
68	92
68	93
68	94
68	95
68	96
68	97
68	98
68	101
68	102
68	103
68	104
68	106
68	107
68	108
68	109
68	110
68	111
68	112
68	113
68	114
68	115
68	116
68	117
68	118
68	119
68	120
68	121
68	122
68	123
68	125
68	126
68	127
68	128
68	129
68	130
68	131
68	132
68	133
68	134
68	135
68	136
68	137
68	138
68	139
68	140
68	141
68	142
68	143
68	144
68	145
68	146
68	147
68	148
68	149
68	150
68	151
68	152
68	153
68	154
68	155
68	156
68	157
68	158
68	159
68	160
68	161
68	162
68	163
68	164
68	165
68	166
68	167
68	168
68	169
68	170
68	171
68	172
68	173
68	174
68	175
68	176
68	177
68	178
68	179
68	180
68	181
68	182
68	183
69	83
69	84
69	85
69	86
69	87
69	88
69	89
69	90
69	91
69	92
69	93
69	94
69	95
69	96
69	97
69	98
69	101
69	102
69	103
69	104
69	106
69	107
69	108
69	109
69	110
69	111
69	112
69	113
69	114
69	115
69	116
69	117
69	118
69	119
69	120
69	121
69	122
69	123
69	125
69	126
69	127
69	128
69	129
69	130
69	131
69	132
69	133
69	134
69	135
69	136
69	137
69	138
69	139
69	140
69	141
69	142
69	143
69	144
69	145
69	146
69	147
69	148
69	149
69	150
69	151
69	152
69	153
69	154
69	155
69	156
69	157
69	158
69	159
69	160
69	161
69	162
69	163
69	164
69	165
69	166
69	167
69	168
69	169
69	170
69	171
69	172
69	173
69	174
69	175
69	176
69	177
69	178
69	179
69	180
69	181
69	182
69	183
70	83
70	84
70	85
70	86
70	87
70	88
70	89
70	90
70	91
70	92
70	93
70	94
70	95
70	96
70	97
70	98
70	101
70	102
70	103
70	106
70	107
70	108
70	109
70	110
70	113
70	114
70	115
70	116
70	117
70	118
70	119
70	120
70	121
70	122
70	123
70	126
70	127
70	128
70	129
70	130
70	131
70	132
70	134
70	135
70	137
70	138
70	139
70	140
70	141
70	142
70	143
70	144
70	145
70	146
70	147
70	148
70	149
70	150
70	151
70	152
70	153
70	154
70	155
70	156
70	157
70	158
70	159
70	160
70	161
70	162
70	163
70	164
70	165
70	166
70	167
70	168
70	169
70	170
70	171
70	172
70	173
70	174
70	175
70	177
70	178
70	179
70	180
70	181
70	182
70	183
71	83
71	84
71	85
71	86
71	87
71	88
71	89
71	90
71	91
71	92
71	93
71	94
71	95
71	96
71	97
71	98
71	101
71	102
71	103
71	104
71	106
71	107
71	108
71	109
71	110
71	111
71	112
71	113
71	114
71	115
71	116
71	117
71	118
71	119
71	120
71	121
71	122
71	123
71	125
71	126
71	127
71	128
71	129
71	130
71	131
71	132
71	133
71	134
71	135
71	136
71	137
71	138
71	139
71	140
71	141
71	142
71	143
71	144
71	145
71	146
71	147
71	148
71	149
71	150
71	151
71	152
71	153
71	154
71	155
71	156
71	157
71	158
71	159
71	160
71	161
71	162
71	163
71	164
71	165
71	166
71	167
71	168
71	169
71	170
71	171
71	172
71	173
71	174
71	175
71	176
71	177
71	178
71	179
71	180
71	181
71	182
71	183
72	83
72	84
72	85
72	86
72	87
72	88
72	89
72	90
72	91
72	92
72	93
72	94
72	95
72	96
72	97
72	98
72	99
72	101
72	102
72	103
72	104
72	105
72	106
72	107
72	108
72	109
72	110
72	111
72	112
72	113
72	114
72	115
72	116
72	117
72	118
72	119
72	120
72	121
72	122
72	123
72	124
72	125
72	126
72	127
72	128
72	129
72	130
72	131
72	132
72	133
72	134
72	135
72	136
72	137
72	138
72	139
72	140
72	141
72	142
72	143
72	144
72	145
72	146
72	147
72	148
72	149
72	150
72	151
72	152
72	153
72	154
72	155
72	156
72	157
72	158
72	159
72	160
72	161
72	162
72	163
72	164
72	165
72	166
72	167
72	168
72	169
72	170
72	171
72	172
72	173
72	174
72	175
72	176
72	177
72	178
72	179
72	180
72	181
72	182
72	183
73	75
73	76
73	83
73	84
73	85
73	86
73	87
73	88
73	89
73	90
73	91
73	92
73	93
73	94
73	95
73	96
73	97
73	98
73	99
73	100
73	101
73	102
73	103
73	104
73	105
73	106
73	107
73	108
73	109
73	110
73	111
73	112
73	113
73	114
73	115
73	116
73	117
73	118
73	119
73	120
73	121
73	122
73	123
73	124
73	125
73	126
73	127
73	128
73	129
73	130
73	131
73	132
73	133
73	134
73	135
73	136
73	137
73	138
73	139
73	140
73	141
73	142
73	143
73	144
73	145
73	146
73	147
73	148
73	149
73	150
73	151
73	152
73	153
73	154
73	155
73	156
73	157
73	158
73	159
73	160
73	161
73	162
73	163
73	164
73	165
73	166
73	167
73	168
73	169
73	170
73	171
73	172
73	173
73	174
73	175
73	176
73	177
73	178
73	179
73	180
73	181
73	182
73	183
74	83
74	84
74	85
74	86
74	87
74	88
74	89
74	90
74	91
74	92
74	93
74	94
74	95
74	96
74	97
74	98
74	101
74	102
74	103
74	106
74	107
74	108
74	109
74	110
74	113
74	114
74	115
74	116
74	117
74	118
74	119
74	120
74	121
74	122
74	123
74	126
74	127
74	128
74	129
74	130
74	131
74	132
74	134
74	135
74	137
74	138
74	139
74	140
74	141
74	142
74	143
74	144
74	145
74	146
74	147
74	148
74	149
74	150
74	151
74	152
74	153
74	154
74	155
74	156
74	157
74	158
74	159
74	160
74	161
74	162
74	163
74	164
74	165
74	166
74	167
74	168
74	169
74	170
74	171
74	172
74	173
74	174
74	175
74	177
74	178
74	179
74	180
74	181
74	182
74	183
75	83
75	84
75	91
75	92
75	93
75	94
75	95
75	96
75	97
75	98
75	102
75	120
75	121
75	143
75	144
75	145
75	146
75	147
75	151
75	152
76	83
76	84
76	91
76	92
76	93
76	94
76	95
76	96
76	97
76	98
76	102
76	120
76	121
76	143
76	144
76	145
76	146
76	147
76	151
76	152
77	83
77	84
77	91
77	93
77	94
77	95
77	96
77	97
77	98
77	144
77	145
77	147
77	152
78	83
78	84
78	91
78	93
78	94
78	95
78	96
78	97
78	98
78	144
78	145
78	147
78	152
79	83
79	84
79	91
79	93
79	94
79	95
79	96
79	97
79	98
79	144
79	145
79	152
80	83
80	84
80	91
80	93
80	94
80	95
80	96
80	97
80	98
80	144
80	145
80	147
80	152
81	83
81	84
81	91
81	93
81	94
81	95
81	96
81	97
81	98
81	144
81	145
81	147
81	152
82	83
82	84
82	91
82	93
82	94
82	95
82	96
82	97
82	98
82	144
82	145
82	152
83	85
83	86
83	87
83	88
83	89
83	90
83	91
83	92
83	93
83	94
83	95
83	96
83	99
83	100
83	101
83	102
83	103
83	104
83	105
83	106
83	107
83	108
83	109
83	110
83	111
83	112
83	113
83	114
83	115
83	116
83	117
83	118
83	119
83	120
83	121
83	122
83	123
83	124
83	125
83	126
83	127
83	128
83	129
83	130
83	131
83	132
83	133
83	134
83	135
83	136
83	137
83	138
83	139
83	140
83	141
83	142
83	143
83	144
83	145
83	146
83	147
83	148
83	149
83	150
83	151
83	152
83	153
83	154
83	155
83	156
83	157
83	158
83	159
83	160
83	161
83	162
83	163
83	164
83	165
83	166
83	167
83	168
83	169
83	170
83	171
83	172
83	173
83	174
83	175
83	176
83	177
83	178
83	179
83	180
83	181
83	182
83	183
84	85
84	86
84	87
84	88
84	89
84	90
84	91
84	92
84	93
84	94
84	95
84	96
84	99
84	100
84	101
84	102
84	103
84	104
84	105
84	106
84	107
84	108
84	109
84	110
84	111
84	112
84	113
84	114
84	115
84	116
84	117
84	118
84	119
84	120
84	121
84	122
84	123
84	124
84	125
84	126
84	127
84	128
84	129
84	130
84	131
84	132
84	133
84	134
84	135
84	136
84	137
84	138
84	139
84	140
84	141
84	142
84	143
84	144
84	145
84	146
84	147
84	148
84	149
84	150
84	151
84	152
84	153
84	154
84	155
84	156
84	157
84	158
84	159
84	160
84	161
84	162
84	163
84	164
84	165
84	166
84	167
84	168
84	169
84	170
84	171
84	172
84	173
84	174
84	175
84	176
84	177
84	178
84	179
84	180
84	181
84	182
84	183
85	91
85	93
85	94
85	95
85	96
85	97
85	98
85	120
85	121
85	143
85	144
85	145
85	146
85	147
85	151
85	152
86	91
86	93
86	94
86	95
86	96
86	97
86	98
86	144
86	145
86	147
86	152
87	91
87	93
87	94
87	95
87	96
87	97
87	98
87	120
87	121
87	143
87	144
87	145
87	146
87	147
87	151
87	152
88	91
88	93
88	94
88	95
88	96
88	97
88	98
88	120
88	121
88	143
88	144
88	145
88	146
88	147
88	151
88	152
89	91
89	93
89	94
89	95
89	96
89	97
89	98
89	120
89	121
89	143
89	144
89	145
89	146
89	147
89	151
89	152
90	91
90	93
90	94
90	95
90	96
90	97
90	98
90	120
90	121
90	143
90	144
90	145
90	146
90	147
90	151
90	152
91	92
91	93
91	94
91	95
91	96
91	97
91	98
91	99
91	100
91	101
91	102
91	103
91	104
91	105
91	106
91	107
91	108
91	109
91	110
91	111
91	112
91	113
91	114
91	115
91	116
91	117
91	118
91	119
91	120
91	121
91	122
91	123
91	124
91	125
91	126
91	127
91	128
91	129
91	130
91	131
91	132
91	133
91	134
91	135
91	136
91	137
91	138
91	139
91	140
91	141
91	142
91	143
91	144
91	145
91	146
91	147
91	148
91	149
91	150
91	151
91	152
91	153
91	154
91	155
91	156
91	157
91	158
91	159
91	160
91	161
91	162
91	163
91	164
91	165
91	166
91	167
91	168
91	169
91	170
91	171
91	172
91	173
91	174
91	175
91	176
91	177
91	178
91	179
91	180
91	181
91	182
91	183
92	93
92	94
92	95
92	96
92	97
92	98
92	116
92	117
92	118
92	119
92	120
92	121
92	122
92	123
92	126
92	138
92	140
92	141
92	142
92	143
92	144
92	145
92	146
92	147
92	148
92	149
92	150
92	151
92	152
92	153
92	160
92	164
92	166
92	167
92	172
92	174
92	175
92	177
92	178
92	179
92	181
92	182
93	96
93	97
93	98
93	99
93	100
93	101
93	102
93	103
93	104
93	105
93	106
93	107
93	108
93	109
93	110
93	111
93	112
93	113
93	114
93	115
93	116
93	117
93	118
93	119
93	120
93	121
93	122
93	123
93	124
93	125
93	126
93	127
93	128
93	129
93	130
93	131
93	132
93	133
93	134
93	135
93	136
93	137
93	138
93	139
93	140
93	141
93	142
93	143
93	144
93	145
93	146
93	147
93	148
93	149
93	150
93	151
93	152
93	153
93	154
93	155
93	156
93	157
93	158
93	159
93	160
93	161
93	162
93	163
93	164
93	165
93	166
93	167
93	168
93	169
93	170
93	171
93	172
93	173
93	174
93	175
93	176
93	177
93	178
93	179
93	180
93	181
93	182
93	183
94	96
94	97
94	98
94	99
94	100
94	101
94	102
94	103
94	104
94	105
94	106
94	107
94	108
94	109
94	110
94	111
94	112
94	113
94	114
94	115
94	116
94	117
94	118
94	119
94	120
94	121
94	122
94	123
94	124
94	125
94	126
94	127
94	128
94	129
94	130
94	131
94	132
94	133
94	134
94	135
94	136
94	137
94	138
94	139
94	140
94	141
94	142
94	143
94	144
94	145
94	146
94	147
94	148
94	149
94	150
94	151
94	152
94	153
94	154
94	155
94	156
94	157
94	158
94	159
94	160
94	161
94	162
94	163
94	164
94	165
94	166
94	167
94	168
94	169
94	170
94	171
94	172
94	173
94	174
94	175
94	176
94	177
94	178
94	179
94	180
94	181
94	182
94	183
95	96
95	97
95	98
95	99
95	100
95	101
95	102
95	103
95	104
95	105
95	106
95	107
95	108
95	109
95	110
95	111
95	112
95	113
95	114
95	115
95	116
95	117
95	118
95	119
95	120
95	121
95	122
95	123
95	124
95	125
95	126
95	127
95	128
95	129
95	130
95	131
95	132
95	133
95	134
95	135
95	136
95	137
95	138
95	139
95	140
95	141
95	142
95	143
95	144
95	145
95	146
95	147
95	148
95	149
95	150
95	151
95	152
95	153
95	154
95	155
95	156
95	157
95	158
95	159
95	160
95	161
95	162
95	163
95	164
95	165
95	166
95	167
95	168
95	169
95	170
95	171
95	172
95	173
95	174
95	175
95	176
95	177
95	178
95	179
95	180
95	181
95	182
95	183
96	97
96	98
96	99
96	100
96	101
96	102
96	103
96	104
96	105
96	106
96	107
96	108
96	109
96	110
96	111
96	112
96	113
96	114
96	115
96	116
96	117
96	118
96	119
96	120
96	121
96	122
96	123
96	124
96	125
96	126
96	127
96	128
96	129
96	130
96	131
96	132
96	133
96	134
96	135
96	136
96	137
96	138
96	139
96	140
96	141
96	142
96	143
96	144
96	145
96	146
96	147
96	148
96	149
96	150
96	151
96	152
96	153
96	154
96	155
96	156
96	157
96	158
96	159
96	160
96	161
96	162
96	163
96	164
96	165
96	166
96	167
96	168
96	169
96	170
96	171
96	172
96	173
96	174
96	175
96	176
96	177
96	178
96	179
96	180
96	181
96	182
96	183
97	99
97	100
97	101
97	102
97	103
97	104
97	105
97	106
97	107
97	108
97	109
97	110
97	111
97	112
97	113
97	114
97	115
97	116
97	117
97	118
97	119
97	120
97	121
97	122
97	123
97	124
97	125
97	126
97	127
97	128
97	129
97	130
97	131
97	132
97	133
97	134
97	135
97	136
97	137
97	138
97	139
97	140
97	141
97	142
97	143
97	144
97	145
97	146
97	147
97	148
97	149
97	150
97	151
97	152
97	153
97	154
97	155
97	156
97	157
97	158
97	159
97	160
97	161
97	162
97	163
97	164
97	165
97	166
97	167
97	168
97	169
97	170
97	171
97	172
97	173
97	174
97	175
97	176
97	177
97	178
97	179
97	180
97	181
97	182
97	183
98	99
98	100
98	101
98	102
98	103
98	104
98	105
98	106
98	107
98	108
98	109
98	110
98	111
98	112
98	113
98	114
98	115
98	116
98	117
98	118
98	119
98	120
98	121
98	122
98	123
98	124
98	125
98	126
98	127
98	128
98	129
98	130
98	131
98	132
98	133
98	134
98	135
98	136
98	137
98	138
98	139
98	140
98	141
98	142
98	143
98	144
98	145
98	146
98	147
98	148
98	149
98	150
98	151
98	152
98	153
98	154
98	155
98	156
98	157
98	158
98	159
98	160
98	161
98	162
98	163
98	164
98	165
98	166
98	167
98	168
98	169
98	170
98	171
98	172
98	173
98	174
98	175
98	176
98	177
98	178
98	179
98	180
98	181
98	182
98	183
99	144
99	145
99	152
100	144
100	145
100	152
101	144
101	145
101	147
101	152
102	116
102	117
102	118
102	119
102	120
102	121
102	122
102	123
102	126
102	138
102	140
102	141
102	142
102	143
102	144
102	145
102	146
102	147
102	148
102	149
102	150
102	151
102	152
102	153
102	160
102	164
102	166
102	167
102	172
102	174
102	175
102	177
102	178
102	179
102	181
102	182
103	120
103	121
103	143
103	144
103	145
103	146
103	147
103	151
103	152
104	144
104	145
104	152
105	144
105	145
105	152
106	144
106	145
106	152
107	144
107	145
107	152
108	144
108	145
108	152
109	144
109	145
109	152
110	144
110	145
110	152
111	144
111	145
111	152
112	144
112	145
112	152
113	144
113	145
113	152
114	144
114	145
114	152
115	144
115	145
115	152
116	144
116	145
116	152
117	144
117	145
117	152
118	144
118	145
118	152
119	144
119	145
119	152
120	144
120	145
120	152
121	144
121	145
121	152
122	144
122	145
122	152
123	144
123	145
123	152
124	144
124	145
124	152
125	144
125	145
125	152
126	144
126	145
126	152
127	144
127	145
127	152
128	144
128	145
128	152
129	144
129	145
129	152
130	144
130	145
130	152
131	144
131	145
131	152
132	144
132	145
132	152
133	144
133	145
133	152
134	144
134	145
134	152
135	144
135	145
135	152
136	144
136	145
136	152
137	144
137	145
137	152
138	144
138	145
138	152
139	144
139	145
139	152
140	144
140	145
140	152
141	144
141	145
141	152
142	144
142	145
142	152
143	144
143	145
143	152
144	146
144	147
144	148
144	149
144	150
144	151
144	152
144	153
144	154
144	155
144	156
144	157
144	158
144	159
144	160
144	161
144	162
144	163
144	164
144	165
144	166
144	167
144	168
144	169
144	170
144	171
144	172
144	173
144	174
144	175
144	176
144	177
144	178
144	179
144	180
144	181
144	182
144	183
145	146
145	147
145	148
145	149
145	150
145	151
145	152
145	153
145	154
145	155
145	156
145	157
145	158
145	159
145	160
145	161
145	162
145	163
145	164
145	165
145	166
145	167
145	168
145	169
145	170
145	171
145	172
145	173
145	174
145	175
145	176
145	177
145	178
145	179
145	180
145	181
145	182
145	183
146	152
147	152
148	152
149	152
150	152
151	152
152	153
152	154
152	155
152	156
152	157
152	158
152	159
152	160
152	161
152	162
152	163
152	164
152	165
152	166
152	167
152	168
152	169
152	170
152	171
152	172
152	173
152	174
152	175
152	176
152	177
152	178
152	179
152	180
152	181
152	182
152	183