144	3988
1	16
1	18
1	20
1	29
1	35
1	36
1	37
1	38
1	39
1	40
1	41
1	42
1	43
1	44
1	45
1	46
1	47
1	48
1	49
1	50
1	51
1	52
1	53
1	54
1	55
1	56
1	57
1	58
1	59
1	60
1	61
1	62
1	63
1	64
1	65
1	66
1	67
1	68
1	69
1	70
1	71
1	72
1	73
1	74
1	75
1	76
1	77
1	78
1	79
1	80
1	81
1	82
1	83
1	84
1	85
1	86
1	87
1	88
1	89
1	90
1	91
1	92
1	93
1	94
1	95
1	96
1	97
1	98
1	99
1	100
1	101
1	102
1	103
1	104
1	105
1	106
1	107
1	108
1	109
1	110
1	111
1	112
1	113
1	114
1	115
1	116
1	117
1	118
1	119
1	120
1	121
1	122
1	123
1	124
1	125
1	126
1	127
1	128
1	129
1	130
1	131
1	132
1	133
1	134
1	135
1	136
1	137
1	138
1	139
1	140
1	141
1	142
1	143
1	144
2	16
2	18
2	20
2	27
2	28
2	29
2	30
2	31
2	34
2	35
2	36
2	37
2	38
2	39
2	40
2	41
2	42
2	43
2	44
2	45
2	46
2	47
2	48
2	49
2	50
2	51
2	52
2	53
2	54
2	55
2	56
2	57
2	58
2	59
2	60
2	61
2	62
2	63
2	64
2	65
2	66
2	67
2	68
2	69
2	70
2	71
2	72
2	73
2	74
2	75
2	76
2	77
2	78
2	79
2	80
2	81
2	82
2	83
2	84
2	85
2	86
2	87
2	88
2	89
2	90
2	91
2	92
2	93
2	94
2	95
2	96
2	97
2	98
2	99
2	100
2	101
2	102
2	103
2	104
2	105
2	106
2	107
2	108
2	109
2	110
2	111
2	112
2	113
2	114
2	115
2	116
2	117
2	118
2	119
2	120
2	121
2	122
2	123
2	124
2	125
2	126
2	127
2	128
2	129
2	130
2	131
2	132
2	133
2	134
2	135
2	136
2	137
2	138
2	139
2	140
2	141
2	142
2	143
2	144
3	16
3	18
3	20
3	27
3	28
3	29
3	30
3	31
3	34
3	35
3	36
3	37
3	38
3	39
3	40
3	41
3	42
3	43
3	44
3	45
3	46
3	47
3	48
3	49
3	50
3	51
3	52
3	53
3	54
3	55
3	56
3	57
3	58
3	59
3	60
3	61
3	62
3	63
3	64
3	65
3	66
3	67
3	68
3	69
3	70
3	71
3	72
3	73
3	74
3	75
3	76
3	77
3	78
3	79
3	80
3	81
3	82
3	83
3	84
3	85
3	86
3	87
3	88
3	89
3	90
3	91
3	92
3	93
3	94
3	95
3	96
3	97
3	98
3	99
3	100
3	101
3	102
3	103
3	104
3	105
3	106
3	107
3	108
3	109
3	110
3	111
3	112
3	113
3	114
3	115
3	116
3	117
3	118
3	119
3	120
3	121
3	122
3	123
3	124
3	125
3	126
3	127
3	128
3	129
3	130
3	131
3	132
3	133
3	134
3	135
3	136
3	137
3	138
3	139
3	140
3	141
3	142
3	143
3	144
4	16
4	18
4	20
4	29
4	35
4	36
4	37
4	38
4	39
4	40
4	41
4	42
4	43
4	44
4	45
4	46
4	47
4	48
4	49
4	50
4	51
4	52
4	53
4	54
4	55
4	56
4	57
4	58
4	59
4	60
4	61
4	62
4	63
4	64
4	65
4	66
4	67
4	68
4	69
4	70
4	71
4	72
4	73
4	74
4	75
4	76
4	77
4	78
4	79
4	80
4	81
4	82
4	83
4	84
4	85
4	86
4	87
4	88
4	89
4	90
4	91
4	92
4	93
4	94
4	95
4	96
4	97
4	98
4	99
4	100
4	101
4	102
4	103
4	104
4	105
4	106
4	107
4	108
4	109
4	110
4	111
4	112
4	113
4	114
4	115
4	116
4	117
4	118
4	119
4	120
4	121
4	122
4	123
4	124
4	125
4	126
4	127
4	128
4	129
4	130
4	131
4	132
4	133
4	134
4	135
4	136
4	137
4	138
4	139
4	140
4	141
4	142
4	143
4	144
5	16
5	18
5	20
5	27
5	28
5	29
5	30
5	31
5	34
5	35
5	36
5	37
5	38
5	39
5	40
5	41
5	42
5	43
5	44
5	45
5	46
5	47
5	48
5	49
5	50
5	51
5	52
5	53
5	54
5	55
5	56
5	57
5	58
5	59
5	60
5	61
5	62
5	63
5	64
5	65
5	66
5	67
5	68
5	69
5	70
5	71
5	72
5	73
5	74
5	75
5	76
5	77
5	78
5	79
5	80
5	81
5	82
5	83
5	84
5	85
5	86
5	87
5	88
5	89
5	90
5	91
5	92
5	93
5	94
5	95
5	96
5	97
5	98
5	99
5	100
5	101
5	102
5	103
5	104
5	105
5	106
5	107
5	108
5	109
5	110
5	111
5	112
5	113
5	114
5	115
5	116
5	117
5	118
5	119
5	120
5	121
5	122
5	123
5	124
5	125
5	126
5	127
5	128
5	129
5	130
5	131
5	132
5	133
5	134
5	135
5	136
5	137
5	138
5	139
5	140
5	141
5	142
5	143
5	144
6	16
6	18
6	20
6	27
6	28
6	29
6	30
6	31
6	34
6	35
6	36
6	37
6	38
6	39
6	40
6	41
6	42
6	43
6	44
6	45
6	46
6	47
6	48
6	49
6	50
6	51
6	52
6	53
6	54
6	55
6	56
6	57
6	58
6	59
6	60
6	61
6	62
6	63
6	64
6	65
6	66
6	67
6	68
6	69
6	70
6	71
6	72
6	73
6	74
6	75
6	76
6	77
6	78
6	79
6	80
6	81
6	82
6	83
6	84
6	85
6	86
6	87
6	88
6	89
6	90
6	91
6	92
6	93
6	94
6	95
6	96
6	97
6	98
6	99
6	100
6	101
6	102
6	103
6	104
6	105
6	106
6	107
6	108
6	109
6	110
6	111
6	112
6	113
6	114
6	115
6	116
6	117
6	118
6	119
6	120
6	121
6	122
6	123
6	124
6	125
6	126
6	127
6	128
6	129
6	130
6	131
6	132
6	133
6	134
6	135
6	136
6	137
6	138
6	139
6	140
6	141
6	142
6	143
6	144
7	16
7	18
7	20
7	27
7	28
7	29
7	30
7	31
7	34
7	35
7	36
7	37
7	38
7	39
7	40
7	41
7	42
7	43
7	44
7	45
7	46
7	47
7	48
7	49
7	50
7	51
7	52
7	53
7	54
7	55
7	56
7	57
7	58
7	59
7	60
7	61
7	62
7	63
7	64
7	65
7	66
7	67
7	68
7	69
7	70
7	71
7	72
7	73
7	74
7	75
7	76
7	77
7	78
7	79
7	80
7	81
7	82
7	83
7	84
7	85
7	86
7	87
7	88
7	89
7	90
7	91
7	92
7	93
7	94
7	95
7	96
7	97
7	98
7	99
7	100
7	101
7	102
7	103
7	104
7	105
7	106
7	107
7	108
7	109
7	110
7	111
7	112
7	113
7	114
7	115
7	116
7	117
7	118
7	119
7	120
7	121
7	122
7	123
7	124
7	125
7	126
7	127
7	128
7	129
7	130
7	131
7	132
7	133
7	134
7	135
7	136
7	137
7	138
7	139
7	140
7	141
7	142
7	143
7	144
8	16
8	18
8	20
8	29
8	35
8	36
8	37
8	38
8	39
8	40
8	41
8	42
8	43
8	44
8	45
8	46
8	47
8	48
8	49
8	50
8	51
8	52
8	53
8	54
8	55
8	56
8	57
8	58
8	59
8	60
8	61
8	62
8	63
8	64
8	65
8	66
8	67
8	68
8	69
8	70
8	71
8	72
8	73
8	74
8	75
8	76
8	77
8	78
8	79
8	80
8	81
8	82
8	83
8	84
8	85
8	86
8	87
8	88
8	89
8	90
8	91
8	92
8	93
8	94
8	95
8	96
8	97
8	98
8	99
8	100
8	101
8	102
8	103
8	104
8	105
8	106
8	107
8	108
8	109
8	110
8	111
8	112
8	113
8	114
8	115
8	116
8	117
8	118
8	119
8	120
8	121
8	122
8	123
8	124
8	125
8	126
8	127
8	128
8	129
8	130
8	131
8	132
8	133
8	134
8	135
8	136
8	137
8	138
8	139
8	140
8	141
8	142
8	143
8	144
9	16
9	18
9	20
9	29
9	35
9	36
9	37
9	38
9	39
9	40
9	41
9	42
9	43
9	44
9	45
9	46
9	47
9	48
9	49
9	50
9	51
9	52
9	53
9	54
9	55
9	56
9	57
9	58
9	59
9	60
9	61
9	62
9	63
9	64
9	65
9	66
9	67
9	68
9	69
9	70
9	71
9	72
9	73
9	74
9	75
9	76
9	77
9	78
9	79
9	80
9	81
9	82
9	83
9	84
9	85
9	86
9	87
9	88
9	89
9	90
9	91
9	92
9	93
9	94
9	95
9	96
9	97
9	98
9	99
9	100
9	101
9	102
9	103
9	104
9	105
9	106
9	107
9	108
9	109
9	110
9	111
9	112
9	113
9	114
9	115
9	116
9	117
9	118
9	119
9	120
9	121
9	122
9	123
9	124
9	125
9	126
9	127
9	128
9	129
9	130
9	131
9	132
9	133
9	134
9	135
9	136
9	137
9	138
9	139
9	140
9	141
9	142
9	143
9	144
10	16
10	18
10	20
10	36
10	38
10	40
10	41
10	42
10	43
10	44
10	45
10	46
10	47
10	48
10	49
10	50
10	51
10	52
10	53
10	54
10	55
10	56
10	57
10	58
10	59
10	60
10	61
10	62
10	63
10	64
10	65
10	66
10	67
10	68
10	69
10	70
10	71
10	72
10	73
10	74
10	75
10	76
10	77
10	78
10	79
10	80
10	81
10	82
10	83
10	84
10	85
10	86
10	87
10	88
10	89
10	90
10	91
10	92
10	93
10	94
10	95
10	96
10	97
10	98
10	99
10	100
10	101
10	102
10	103
10	104
10	105
10	106
10	107
10	108
10	109
10	110
10	111
10	112
10	113
10	114
10	115
10	116
10	117
10	118
10	119
10	120
10	121
10	122
10	123
10	124
10	125
10	126
10	127
10	128
10	129
10	130
10	131
10	132
10	133
10	134
10	135
10	136
10	137
10	138
10	139
10	140
10	141
10	142
10	143
10	144
11	20
11	41
11	47
11	50
11	57
11	59
11	61
11	62
11	63
11	64
11	65
11	66
11	67
11	68
11	69
11	73
11	74
11	75
11	76
11	77
11	78
11	79
11	80
11	81
11	82
11	83
11	84
11	85
11	86
11	87
11	88
11	89
11	90
11	91
11	92
11	93
11	94
11	96
11	97
11	98
11	99
11	100
11	101
11	102
11	103
11	104
11	105
11	106
11	107
11	108
11	109
11	110
11	111
11	112
11	113
11	114
11	115
11	116
11	117
11	118
11	119
11	120
11	121
11	122
11	123
11	124
11	125
11	126
11	127
11	128
11	129
11	130
11	131
11	132
11	133
11	134
11	135
11	136
11	137
11	138
11	139
11	140
11	141
11	142
11	143
11	144
12	16
12	18
12	20
12	36
12	38
12	40
12	41
12	42
12	43
12	44
12	45
12	46
12	47
12	48
12	49
12	50
12	51
12	52
12	53
12	54
12	55
12	56
12	57
12	58
12	59
12	60
12	61
12	62
12	63
12	64
12	65
12	66
12	67
12	68
12	69
12	70
12	71
12	72
12	73
12	74
12	75
12	76
12	77
12	78
12	79
12	80
12	81
12	82
12	83
12	84
12	85
12	86
12	87
12	88
12	89
12	90
12	91
12	92
12	93
12	94
12	95
12	96
12	97
12	98
12	99
12	100
12	101
12	102
12	103
12	104
12	105
12	106
12	107
12	108
12	109
12	110
12	111
12	112
12	113
12	114
12	115
12	116
12	117
12	118
12	119
12	120
12	121
12	122
12	123
12	124
12	125
12	126
12	127
12	128
12	129
12	130
12	131
12	132
12	133
12	134
12	135
12	136
12	137
12	138
12	139
12	140
12	141
12	142
12	143
12	144
13	16
13	18
13	20
13	36
13	38
13	40
13	41
13	42
13	43
13	44
13	45
13	46
13	47
13	48
13	49
13	50
13	51
13	52
13	53
13	54
13	55
13	56
13	57
13	58
13	59
13	60
13	61
13	62
13	63
13	64
13	65
13	66
13	67
13	68
13	69
13	70
13	71
13	72
13	73
13	74
13	75
13	76
13	77
13	78
13	79
13	80
13	81
13	82
13	83
13	84
13	85
13	86
13	87
13	88
13	89
13	90
13	91
13	92
13	93
13	94
13	95
13	96
13	97
13	98
13	99
13	100
13	101
13	102
13	103
13	104
13	105
13	106
13	107
13	108
13	109
13	110
13	111
13	112
13	113
13	114
13	115
13	116
13	117
13	118
13	119
13	120
13	121
13	122
13	123
13	124
13	125
13	126
13	127
13	128
13	129
13	130
13	131
13	132
13	133
13	134
13	135
13	136
13	137
13	138
13	139
13	140
13	141
13	142
13	143
13	144
14	20
14	22
14	23
14	24
14	65
14	106
14	107
14	111
14	112
14	114
14	115
14	117
14	119
14	120
14	121
14	122
14	123
14	124
14	125
14	126
14	127
14	128
14	129
14	130
14	131
14	132
14	133
14	134
14	135
14	136
14	137
14	138
14	139
14	140
14	141
14	142
14	143
14	144
15	19
15	20
15	22
15	23
15	24
15	65
15	106
15	107
15	111
15	112
15	114
15	115
15	117
15	119
15	120
15	121
15	122
15	123
15	124
15	125
15	126
15	127
15	128
15	129
15	130
15	131
15	132
15	133
15	134
15	135
15	136
15	137
15	138
15	139
15	140
15	141
15	142
15	143
15	144
16	19
16	20
16	22
16	23
16	24
16	65
16	106
16	107
16	121
16	122
16	123
16	129
16	134
16	135
16	136
16	137
16	138
16	139
16	140
16	141
16	142
16	143
16	144
17	20
17	65
17	67
17	68
17	73
17	74
17	75
17	76
17	80
17	81
17	82
17	83
17	84
17	85
17	86
17	87
17	88
17	90
17	91
17	92
17	94
17	96
17	97
17	98
17	99
17	100
17	101
17	102
17	103
17	104
17	105
17	106
17	107
17	108
17	109
17	110
17	111
17	112
17	113
17	114
17	115
17	116
17	117
17	118
17	119
17	120
17	121
17	122
17	123
17	124
17	125
17	126
17	127
17	128
17	129
17	130
17	131
17	132
17	133
17	134
17	135
17	136
17	137
17	138
17	139
17	140
17	141
17	142
17	143
17	144
18	19
18	20
18	22
18	23
18	24
18	65
18	106
18	107
18	121
18	122
18	123
18	129
18	134
18	135
18	136
18	137
18	138
18	139
18	140
18	141
18	142
18	143
18	144
19	20
19	27
19	28
19	29
19	30
19	31
19	32
19	33
19	34
19	35
19	36
19	37
19	38
19	39
19	40
19	41
19	42
19	43
19	44
19	45
19	46
19	47
19	48
19	49
19	50
19	51
19	52
19	53
19	54
19	55
19	56
19	57
19	58
19	59
19	60
19	61
19	62
19	63
19	64
19	65
19	66
19	67
19	68
19	69
19	70
19	71
19	72
19	73
19	74
19	75
19	76
19	77
19	78
19	79
19	80
19	81
19	82
19	83
19	84
19	85
19	86
19	87
19	88
19	89
19	90
19	91
19	92
19	93
19	94
19	95
19	96
19	97
19	98
19	99
19	100
19	101
19	102
19	103
19	104
19	105
19	106
19	107
19	108
19	109
19	110
19	111
19	112
19	113
19	114
19	115
19	116
19	117
19	118
19	119
19	120
19	121
19	122
19	123
19	124
19	125
19	126
19	127
19	128
19	129
19	130
19	131
19	132
19	133
19	134
19	135
19	136
19	137
19	138
19	139
19	140
19	141
19	142
19	143
19	144
20	21
20	22
20	23
20	24
20	25
20	26
20	27
20	28
20	29
20	30
20	31
20	32
20	33
20	34
20	35
20	36
20	37
20	38
20	39
20	40
20	41
20	42
20	43
20	44
20	45
20	46
20	47
20	48
20	49
20	50
20	51
20	52
20	53
20	54
20	55
20	56
20	57
20	58
20	59
20	60
20	61
20	62
20	63
20	64
20	65
20	66
20	67
20	68
20	69
20	70
20	71
20	72
20	73
20	74
20	75
20	76
20	77
20	78
20	79
20	80
20	81
20	82
20	83
20	84
20	85
20	86
20	87
20	88
20	89
20	90
20	91
20	92
20	93
20	94
20	95
20	96
20	97
20	98
20	99
20	100
20	101
20	102
20	103
20	104
20	105
20	106
20	107
20	108
20	109
20	110
20	111
20	112
20	113
20	114
20	115
20	116
20	117
20	118
20	119
20	120
20	121
20	122
20	123
20	124
20	125
20	126
20	127
20	128
20	129
20	130
20	131
20	132
20	133
20	134
20	135
20	136
20	137
20	138
20	139
20	140
20	141
20	142
20	143
20	144
21	22
21	24
21	65
21	68
21	97
21	99
21	101
21	102
21	104
21	106
21	107
21	108
21	109
21	110
21	111
21	112
21	113
21	114
21	115
21	116
21	117
21	118
21	119
21	120
21	121
21	122
21	123
21	124
21	125
21	126
21	127
21	128
21	129
21	130
21	131
21	132
21	133
21	134
21	135
21	136
21	137
21	138
21	139
21	140
21	141
21	142
21	143
21	144
22	25
22	26
22	27
22	28
22	29
22	30
22	31
22	32
22	33
22	34
22	35
22	36
22	37
22	38
22	39
22	40
22	41
22	42
22	43
22	44
22	45
22	46
22	47
22	48
22	49
22	50
22	51
22	52
22	53
22	54
22	55
22	56
22	57
22	58
22	59
22	60
22	61
22	62
22	63
22	64
22	65
22	66
22	67
22	68
22	69
22	70
22	71
22	72
22	73
22	74
22	75
22	76
22	77
22	78
22	79
22	80
22	81
22	82
22	83
22	84
22	85
22	86
22	87
22	88
22	89
22	90
22	91
22	92
22	93
22	94
22	95
22	96
22	97
22	98
22	99
22	100
22	101
22	102
22	103
22	104
22	105
22	106
22	107
22	108
22	109
22	110
22	111
22	112
22	113
22	114
22	115
22	116
22	117
22	118
22	119
22	120
22	121
22	122
22	123
22	124
22	125
22	126
22	127
22	128
22	129
22	130
22	131
22	132
22	133
22	134
22	135
22	136
22	137
22	138
22	139
22	140
22	141
22	142
22	143
22	144
23	25
23	26
23	27
23	28
23	29
23	30
23	31
23	32
23	33
23	34
23	35
23	36
23	37
23	38
23	39
23	40
23	41
23	42
23	43
23	44
23	45
23	46
23	47
23	48
23	49
23	50
23	51
23	52
23	53
23	54
23	55
23	56
23	57
23	58
23	59
23	60
23	61
23	62
23	63
23	64
23	65
23	66
23	67
23	68
23	69
23	70
23	71
23	72
23	73
23	74
23	75
23	76
23	77
23	78
23	79
23	80
23	81
23	82
23	83
23	84
23	85
23	86
23	87
23	88
23	89
23	90
23	91
23	92
23	93
23	94
23	95
23	96
23	97
23	98
23	99
23	100
23	101
23	102
23	103
23	104
23	105
23	106
23	107
23	108
23	109
23	110
23	111
23	112
23	113
23	114
23	115
23	116
23	117
23	118
23	119
23	120
23	121
23	122
23	123
23	124
23	125
23	126
23	127
23	128
23	129
23	130
23	131
23	132
23	133
23	134
23	135
23	136
23	137
23	138
23	139
23	140
23	141
23	142
23	143
23	144
24	25
24	26
24	27
24	28
24	29
24	30
24	31
24	32
24	33
24	34
24	35
24	36
24	37
24	38
24	39
24	40
24	41
24	42
24	43
24	44
24	45
24	46
24	47
24	48
24	49
24	50
24	51
24	52
24	53
24	54
24	55
24	56
24	57
24	58
24	59
24	60
24	61
24	62
24	63
24	64
24	65
24	66
24	67
24	68
24	69
24	70
24	71
24	72
24	73
24	74
24	75
24	76
24	77
24	78
24	79
24	80
24	81
24	82
24	83
24	84
24	85
24	86
24	87
24	88
24	89
24	90
24	91
24	92
24	93
24	94
24	95
24	96
24	97
24	98
24	99
24	100
24	101
24	102
24	103
24	104
24	105
24	106
24	107
24	108
24	109
24	110
24	111
24	112
24	113
24	114
24	115
24	116
24	117
24	118
24	119
24	120
24	121
24	122
24	123
24	124
24	125
24	126
24	127
24	128
24	129
24	130
24	131
24	132
24	133
24	134
24	135
24	136
24	137
24	138
24	139
24	140
24	141
24	142
24	143
24	144
25	65
25	68
25	97
25	99
25	101
25	102
25	104
25	106
25	107
25	108
25	109
25	110
25	111
25	112
25	113
25	114
25	115
25	116
25	117
25	118
25	119
25	120
25	121
25	122
25	123
25	124
25	125
25	126
25	127
25	128
25	129
25	130
25	131
25	132
25	133
25	134
25	135
25	136
25	137
25	138
25	139
25	140
25	141
25	142
25	143
25	144
26	65
26	106
26	107
26	111
26	112
26	114
26	115
26	117
26	119
26	120
26	121
26	122
26	123
26	124
26	125
26	126
26	127
26	128
26	129
26	130
26	131
26	132
26	133
26	134
26	135
26	136
26	137
26	138
26	139
26	140
26	141
26	142
26	143
26	144
27	65
27	106
27	107
27	121
27	122
27	123
27	129
27	134
27	135
27	136
27	137
27	138
27	139
27	140
27	141
27	142
27	143
27	144
28	65
28	106
28	107
28	121
28	122
28	123
28	129
28	134
28	135
28	136
28	137
28	138
28	139
28	140
28	141
28	142
28	143
28	144
29	65
29	106
29	107
29	122
29	123
29	129
29	135
29	136
29	137
29	138
29	139
29	140
29	141
29	143
30	65
30	106
30	107
30	111
30	112
30	114
30	115
30	117
30	119
30	120
30	121
30	122
30	123
30	124
30	125
30	126
30	127
30	128
30	129
30	130
30	131
30	132
30	133
30	134
30	135
30	136
30	137
30	138
30	139
30	140
30	141
30	142
30	143
30	144
31	65
31	106
31	107
31	119
31	120
31	121
31	122
31	123
31	124
31	125
31	129
31	131
31	132
31	134
31	135
31	136
31	137
31	138
31	139
31	140
31	141
31	142
31	143
31	144
32	65
32	106
32	107
32	119
32	120
32	121
32	122
32	123
32	124
32	125
32	129
32	131
32	132
32	134
32	135
32	136
32	137
32	138
32	139
32	140
32	141
32	142
32	143
32	144
33	65
33	106
33	107
33	119
33	120
33	121
33	122
33	123
33	124
33	125
33	129
33	131
33	132
33	134
33	135
33	136
33	137
33	138
33	139
33	140
33	141
33	142
33	143
33	144
34	65
34	106
34	107
34	119
34	120
34	121
34	122
34	123
34	124
34	125
34	129
34	131
34	132
34	134
34	135
34	136
34	137
34	138
34	139
34	140
34	141
34	142
34	143
34	144
35	65
35	106
35	107
35	119
35	120
35	121
35	122
35	123
35	124
35	125
35	129
35	131
35	132
35	134
35	135
35	136
35	137
35	138
35	139
35	140
35	141
35	142
35	143
35	144
36	65
36	106
36	107
36	121
36	122
36	123
36	129
36	134
36	135
36	136
36	137
36	138
36	139
36	140
36	141
36	142
36	143
36	144
37	65
37	106
37	107
37	121
37	122
37	123
37	129
37	134
37	135
37	136
37	137
37	138
37	139
37	140
37	141
37	142
37	143
37	144
38	65
38	106
38	107
38	121
38	122
38	123
38	129
38	134
38	135
38	136
38	137
38	138
38	139
38	140
38	141
38	142
38	143
38	144
39	65
39	106
39	107
39	122
39	123
39	129
39	135
39	136
39	137
39	138
39	139
39	140
39	141
39	143
40	65
40	106
40	107
40	121
40	122
40	123
40	129
40	134
40	135
40	136
40	137
40	138
40	139
40	140
40	141
40	142
40	143
40	144
41	65
41	106
41	107
41	111
41	112
41	114
41	115
41	117
41	119
41	120
41	121
41	122
41	123
41	124
41	125
41	126
41	127
41	128
41	129
41	130
41	131
41	132
41	133
41	134
41	135
41	136
41	137
41	138
41	139
41	140
41	141
41	142
41	143
41	144
42	65
42	106
42	107
42	119
42	120
42	121
42	122
42	123
42	124
42	125
42	129
42	131
42	132
42	134
42	135
42	136
42	137
42	138
42	139
42	140
42	141
42	142
42	143
42	144
43	65
43	106
43	107
43	121
43	122
43	123
43	129
43	134
43	135
43	136
43	137
43	138
43	139
43	140
43	141
43	142
43	143
43	144
44	65
44	106
44	107
44	122
44	123
44	129
44	135
44	136
44	137
44	138
44	139
44	140
44	141
44	143
45	65
45	106
45	107
45	121
45	122
45	123
45	129
45	134
45	135
45	136
45	137
45	138
45	139
45	140
45	141
45	142
45	143
45	144
46	65
46	106
46	107
46	122
46	123
46	129
46	135
46	136
46	137
46	138
46	139
46	140
46	141
46	143
47	65
47	106
47	107
47	121
47	122
47	123
47	129
47	134
47	135
47	136
47	137
47	138
47	139
47	140
47	141
47	142
47	143
47	144
48	65
48	106
48	107
48	121
48	122
48	123
48	129
48	134
48	135
48	136
48	137
48	138
48	139
48	140
48	141
48	142
48	143
48	144
49	65
49	106
49	107
49	121
49	122
49	123
49	129
49	134
49	135
49	136
49	137
49	138
49	139
49	140
49	141
49	142
49	143
49	144
50	65
50	106
50	107
50	111
50	112
50	114
50	115
50	117
50	119
50	120
50	121
50	122
50	123
50	124
50	125
50	126
50	127
50	128
50	129
50	130
50	131
50	132
50	133
50	134
50	135
50	136
50	137
50	138
50	139
50	140
50	141
50	142
50	143
50	144
51	65
51	106
51	107
51	119
51	120
51	121
51	122
51	123
51	124
51	125
51	129
51	131
51	132
51	134
51	135
51	136
51	137
51	138
51	139
51	140
51	141
51	142
51	143
51	144
52	65
52	106
52	107
52	121
52	122
52	123
52	129
52	134
52	135
52	136
52	137
52	138
52	139
52	140
52	141
52	142
52	143
52	144
53	65
53	106
53	107
53	121
53	122
53	123
53	129
53	134
53	135
53	136
53	137
53	138
53	139
53	140
53	141
53	142
53	143
53	144
54	65
54	106
54	107
54	122
54	123
54	129
54	135
54	136
54	137
54	139
54	140
54	141
55	65
55	106
55	107
55	122
55	123
55	129
55	135
55	136
55	137
55	138
55	139
55	140
55	141
55	143
56	65
56	106
56	107
56	121
56	122
56	123
56	129
56	134
56	135
56	136
56	137
56	138
56	139
56	140
56	141
56	142
56	143
56	144
57	65
57	106
57	107
57	122
57	123
57	129
57	135
57	136
57	137
57	138
57	139
57	140
57	141
57	143
58	65
58	106
58	107
58	122
58	123
58	129
58	135
58	136
58	137
58	139
58	140
58	141
59	65
59	106
59	107
59	122
59	123
59	129
59	135
59	136
59	137
59	138
59	139
59	140
59	141
59	143
60	65
60	106
60	107
60	122
60	123
60	129
60	135
60	136
60	137
60	139
60	140
60	141
61	65
61	106
61	107
61	122
61	123
61	129
61	135
61	136
61	137
61	139
61	140
61	141
62	65
62	106
62	107
62	122
62	123
62	129
62	135
62	136
62	137
62	139
62	140
62	141
63	65
63	106
63	107
63	122
63	123
63	129
63	135
63	136
63	137
63	139
63	140
63	141
64	65
64	106
64	107
64	122
64	123
64	129
64	135
64	136
64	137
64	139
64	140
64	141
65	66
65	67
65	68
65	69
65	70
65	71
65	72
65	73
65	74
65	75
65	76
65	77
65	78
65	79
65	80
65	81
65	82
65	83
65	84
65	85
65	86
65	87
65	88
65	89
65	90
65	91
65	92
65	93
65	94
65	95
65	96
65	97
65	98
65	99
65	100
65	101
65	102
65	103
65	104
65	105
65	106
65	107
65	108
65	109
65	110
65	111
65	112
65	113
65	114
65	115
65	116
65	117
65	118
65	119
65	120
65	121
65	122
65	123
65	124
65	125
65	126
65	127
65	128
65	129
65	130
65	131
65	132
65	133
65	134
65	135
65	136
65	137
65	138
65	139
65	140
65	141
65	142
65	143
65	144
66	106
66	107
66	122
66	123
66	129
66	135
66	136
66	137
66	138
66	139
66	140
66	141
66	143
67	106
67	107
67	122
67	123
67	129
67	135
67	136
67	137
67	139
67	140
67	141
68	106
68	107
68	122
68	123
68	129
68	135
68	136
68	137
68	138
68	139
68	140
68	141
68	143
69	106
69	107
69	122
69	123
69	129
69	134
69	135
69	136
69	137
69	138
69	139
69	140
69	141
69	142
69	143
69	144
70	106
70	107
70	122
70	123
70	129
70	135
70	136
70	137
70	138
70	139
70	140
70	141
70	143
71	106
71	107
71	122
71	123
71	129
71	135
71	136
71	137
71	138
71	139
71	140
71	141
71	143
72	106
72	107
72	122
72	123
72	129
72	135
72	136
72	137
72	138
72	139
72	140
72	141
72	143
73	106
73	107
73	122
73	123
73	129
73	135
73	136
73	137
73	139
73	140
73	141
74	106
74	107
74	122
74	123
74	129
74	135
74	136
74	137
74	139
74	140
74	141
75	106
75	107
75	122
75	123
75	129
75	135
75	136
75	137
75	139
75	140
75	141
76	106
76	107
76	122
76	123
76	129
76	135
76	136
76	137
76	139
76	140
76	141
77	106
77	107
77	122
77	123
77	129
77	135
77	136
77	137
77	139
77	140
77	141
78	106
78	107
78	122
78	123
78	129
78	135
78	136
78	137
78	139
78	140
78	141
79	106
79	107
79	122
79	123
79	129
79	135
79	136
79	137
79	138
79	139
79	140
79	141
79	143
80	106
80	107
80	122
80	123
80	129
80	135
80	136
80	137
80	139
80	140
80	141
81	106
81	107
81	122
81	123
81	129
81	135
81	136
81	137
81	139
81	140
81	141
82	106
82	107
82	122
82	123
82	129
82	135
82	136
82	137
82	139
82	140
82	141
83	106
83	107
83	122
83	123
83	129
83	135
83	136
83	137
83	139
83	140
83	141
84	106
84	107
84	122
84	123
84	129
84	135
84	136
84	137
84	139
84	140
84	141
85	106
85	107
85	122
85	123
85	129
85	135
85	136
85	137
85	139
85	140
85	141
86	106
86	107
86	122
86	123
86	129
86	135
86	136
86	137
86	139
86	140
86	141
87	106
87	107
87	122
87	123
87	129
87	135
87	136
87	137
87	139
87	140
87	141
88	106
88	107
88	122
88	123
88	129
88	135
88	136
88	137
88	139
88	140
88	141
89	106
89	107
89	122
89	123
89	129
89	135
89	136
89	137
89	139
89	140
89	141
90	106
90	107
90	122
90	123
90	129
90	135
90	136
90	137
90	139
90	140
90	141
91	106
91	107
91	122
91	123
91	129
91	135
91	136
91	137
91	139
91	140
91	141
92	106
92	107
92	122
92	123
92	129
92	135
92	136
92	137
92	139
92	140
92	141
93	106
93	107
93	122
93	123
93	129
93	135
93	136
93	137
93	139
93	140
93	141
94	106
94	107
94	122
94	123
94	129
94	135
94	136
94	137
94	139
94	140
94	141
95	106
95	107
95	122
95	123
95	129
95	135
95	136
95	137
95	139
95	140
95	141
96	106
96	107
96	122
96	123
96	129
96	135
96	136
96	137
96	139
96	140
96	141
97	106
97	107
97	122
97	123
97	129
97	135
97	136
97	137
97	139
97	140
97	141
98	106
98	107
98	122
98	123
98	129
98	135
98	136
98	137
98	139
98	140
98	141
99	106
99	107
99	122
99	123
99	129
99	135
99	136
99	137
99	139
99	140
99	141
100	106
100	107
100	122
100	123
100	129
100	135
100	136
100	137
100	139
100	140
100	141
101	106
101	107
101	122
101	123
101	129
101	135
101	136
101	137
101	139
101	140
101	141
102	106
102	107
102	122
102	123
102	129
102	135
102	136
102	137
102	139
102	140
102	141
103	106
103	107
103	122
103	123
103	129
103	135
103	136
103	137
103	139
103	140
103	141
104	106
104	107
104	122
104	123
104	129
104	135
104	136
104	137
104	139
104	140
104	141
105	106
105	107
105	122
105	123
105	129
105	135
105	136
105	137
105	139
105	140
105	141
106	108
106	109
106	110
106	111
106	112
106	113
106	114
106	115
106	116
106	117
106	118
106	119
106	120
106	121
106	122
106	123
106	124
106	125
106	126
106	127
106	128
106	129
106	130
106	131
106	132
106	133
106	134
106	135
106	136
106	137
106	138
106	139
106	140
106	141
106	142
106	143
106	144
107	108
107	109
107	110
107	111
107	112
107	113
107	114
107	115
107	116
107	117
107	118
107	119
107	120
107	121
107	122
107	123
107	124
107	125
107	126
107	127
107	128
107	129
107	130
107	131
107	132
107	133
107	134
107	135
107	136
107	137
107	138
107	139
107	140
107	141
107	142
107	143
107	144
108	122
108	123
108	129
108	135
108	136
108	137
108	139
108	140
108	141
109	122
109	123
109	129
109	135
109	136
109	137
109	139
109	140
109	141
110	122
110	123
110	129
110	135
110	136
110	137
110	139
110	140
110	141
111	122
111	123
111	129
111	135
111	136
111	137
111	139
111	140
111	141
112	122
112	123
112	129
112	135
112	136
112	137
112	139
112	140
112	141
113	122
113	123
113	129
113	135
113	136
113	137
113	139
113	140
113	141
114	122
114	123
114	129
114	135
114	136
114	137
114	139
114	140
114	141
115	122
115	123
115	129
115	135
115	136
115	137
115	139
115	140
115	141
116	122
116	123
116	129
116	135
116	136
116	137
116	139
116	140
116	141
117	122
117	123
117	129
117	135
117	136
117	137
117	139
117	140
117	141
118	122
118	123
118	129
118	135
118	136
118	137
118	139
118	140
118	141
119	122
119	123
119	129
119	135
119	136
119	137
119	139
119	140
119	141
120	122
120	123
120	129
120	135
120	136
120	137
120	139
120	140
120	141
121	122
121	123
121	129
121	135
121	136
121	137
121	139
121	140
121	141
122	124
122	125
122	126
122	127
122	128
122	129
122	130
122	131
122	132
122	133
122	134
122	135
122	136
122	137
122	138
122	139
122	140
122	141
122	142
122	143
122	144
123	124
123	125
123	126
123	127
123	128
123	129
123	130
123	131
123	132
123	133
123	134
123	135
123	136
123	137
123	138
123	139
123	140
123	141
123	142
123	143
123	144
124	129
124	135
124	136
124	137
124	139
124	140
124	141
125	129
125	135
125	136
125	137
125	139
125	140
125	141
126	129
126	135
126	136
126	137
126	139
126	140
126	141
127	129
127	135
127	136
127	137
127	139
127	140
127	141
128	129
128	135
128	136
128	137
128	139
128	140
128	141
129	130
129	131
129	132
129	133
129	134
129	135
129	136
129	137
129	138
129	139
129	140
129	141
129	142
129	143
129	144
130	135
130	136
130	137
130	139
130	140
130	141
131	135
131	136
131	137
131	139
131	140
131	141
132	135
132	136
132	137
132	139
132	140
132	141
133	135
133	136
133	137
133	139
133	140
133	141
134	135
134	136
134	137
134	139
134	140
134	141
135	136
135	137
135	138
135	139
135	140
135	141
135	142
135	143
135	144
136	138
136	140
136	141
136	142
136	143
136	144
137	138
137	140
137	141
137	142
137	143
137	144
138	139
138	140
138	141
139	140
139	141
139	142
139	143
139	144
140	142
140	143
140	144
141	142
141	143
141	144