144	1789
1	20
1	65
1	106
1	107
1	122
1	123
1	129
1	135
1	136
1	137
1	139
1	140
1	141
2	20
2	65
2	106
2	107
2	122
2	123
2	129
2	135
2	136
2	137
2	139
2	140
2	141
3	20
3	65
3	106
3	107
3	122
3	123
3	129
3	135
3	136
3	137
3	139
3	140
3	141
4	20
4	65
4	106
4	107
4	122
4	123
4	129
4	135
4	136
4	137
4	139
4	140
4	141
5	20
5	65
5	106
5	107
5	122
5	123
5	129
5	135
5	136
5	137
5	139
5	140
5	141
6	20
6	65
6	106
6	107
6	122
6	123
6	129
6	135
6	136
6	137
6	139
6	140
6	141
7	20
7	65
7	106
7	107
7	122
7	123
7	129
7	135
7	136
7	137
7	139
7	140
7	141
8	20
8	65
8	106
8	107
8	122
8	123
8	129
8	135
8	136
8	137
8	139
8	140
8	141
9	20
9	65
9	106
9	107
9	122
9	123
9	129
9	135
9	136
9	137
9	139
9	140
9	141
10	20
10	65
10	106
10	107
10	122
10	123
10	129
10	135
10	136
10	137
10	139
10	140
10	141
11	20
11	65
11	106
11	107
11	122
11	123
11	129
11	135
11	136
11	137
11	139
11	140
11	141
12	20
12	65
12	106
12	107
12	122
12	123
12	129
12	135
12	136
12	137
12	139
12	140
12	141
13	20
13	65
13	106
13	107
13	122
13	123
13	129
13	135
13	136
13	137
13	139
13	140
13	141
14	20
14	65
14	106
14	107
14	122
14	123
14	129
14	135
14	136
14	137
14	139
14	140
14	141
15	20
15	65
15	106
15	107
15	122
15	123
15	129
15	135
15	136
15	137
15	139
15	140
15	141
16	20
16	65
16	106
16	107
16	122
16	123
16	129
16	135
16	136
16	137
16	139
16	140
16	141
17	20
17	65
17	106
17	107
17	122
17	123
17	129
17	135
17	136
17	137
17	139
17	140
17	141
18	20
18	65
18	106
18	107
18	122
18	123
18	129
18	135
18	136
18	137
18	139
18	140
18	141
19	20
19	65
19	106
19	107
19	122
19	123
19	129
19	135
19	136
19	137
19	139
19	140
19	141
20	21
20	22
20	23
20	24
20	25
20	26
20	27
20	28
20	29
20	30
20	31
20	32
20	33
20	34
20	35
20	36
20	37
20	38
20	39
20	40
20	41
20	42
20	43
20	44
20	45
20	46
20	47
20	48
20	49
20	50
20	51
20	52
20	53
20	54
20	55
20	56
20	57
20	58
20	59
20	60
20	61
20	62
20	63
20	64
20	65
20	66
20	67
20	68
20	69
20	70
20	71
20	72
20	73
20	74
20	75
20	76
20	77
20	78
20	79
20	80
20	81
20	82
20	83
20	84
20	85
20	86
20	87
20	88
20	89
20	90
20	91
20	92
20	93
20	94
20	95
20	96
20	97
20	98
20	99
20	100
20	101
20	102
20	103
20	104
20	105
20	106
20	107
20	108
20	109
20	110
20	111
20	112
20	113
20	114
20	115
20	116
20	117
20	118
20	119
20	120
20	121
20	122
20	123
20	124
20	125
20	126
20	127
20	128
20	129
20	130
20	131
20	132
20	133
20	134
20	135
20	136
20	137
20	138
20	139
20	140
20	141
20	142
20	143
20	144
21	65
21	106
21	107
21	122
21	123
21	129
21	135
21	136
21	137
21	139
21	140
21	141
22	65
22	106
22	107
22	121
22	122
22	123
22	129
22	134
22	135
22	136
22	137
22	138
22	139
22	140
22	141
22	142
22	143
22	144
23	65
23	106
23	107
23	122
23	123
23	129
23	135
23	136
23	137
23	138
23	139
23	140
23	141
23	143
24	65
24	106
24	107
24	121
24	122
24	123
24	129
24	134
24	135
24	136
24	137
24	138
24	139
24	140
24	141
24	142
24	143
24	144
25	65
25	106
25	107
25	122
25	123
25	129
25	135
25	136
25	137
25	139
25	140
25	141
26	65
26	106
26	107
26	122
26	123
26	129
26	135
26	136
26	137
26	139
26	140
26	141
27	65
27	106
27	107
27	122
27	123
27	129
27	135
27	136
27	137
27	139
27	140
27	141
28	65
28	106
28	107
28	122
28	123
28	129
28	135
28	136
28	137
28	139
28	140
28	141
29	65
29	106
29	107
29	122
29	123
29	129
29	135
29	136
29	137
29	139
29	140
29	141
30	65
30	106
30	107
30	122
30	123
30	129
30	135
30	136
30	137
30	139
30	140
30	141
31	65
31	106
31	107
31	122
31	123
31	129
31	135
31	136
31	137
31	139
31	140
31	141
32	65
32	106
32	107
32	122
32	123
32	129
32	135
32	136
32	137
32	139
32	140
32	141
33	65
33	106
33	107
33	122
33	123
33	129
33	135
33	136
33	137
33	139
33	140
33	141
34	65
34	106
34	107
34	122
34	123
34	129
34	135
34	136
34	137
34	139
34	140
34	141
35	65
35	106
35	107
35	122
35	123
35	129
35	135
35	136
35	137
35	139
35	140
35	141
36	65
36	106
36	107
36	122
36	123
36	129
36	135
36	136
36	137
36	139
36	140
36	141
37	65
37	106
37	107
37	122
37	123
37	129
37	135
37	136
37	137
37	139
37	140
37	141
38	65
38	106
38	107
38	122
38	123
38	129
38	135
38	136
38	137
38	139
38	140
38	141
39	65
39	106
39	107
39	122
39	123
39	129
39	135
39	136
39	137
39	139
39	140
39	141
40	65
40	106
40	107
40	122
40	123
40	129
40	135
40	136
40	137
40	139
40	140
40	141
41	65
41	106
41	107
41	122
41	123
41	129
41	135
41	136
41	137
41	139
41	140
41	141
42	65
42	106
42	107
42	122
42	123
42	129
42	135
42	136
42	137
42	139
42	140
42	141
43	65
43	106
43	107
43	122
43	123
43	129
43	135
43	136
43	137
43	139
43	140
43	141
44	65
44	106
44	107
44	122
44	123
44	129
44	135
44	136
44	137
44	139
44	140
44	141
45	65
45	106
45	107
45	122
45	123
45	129
45	135
45	136
45	137
45	139
45	140
45	141
46	65
46	106
46	107
46	122
46	123
46	129
46	135
46	136
46	137
46	139
46	140
46	141
47	65
47	106
47	107
47	122
47	123
47	129
47	135
47	136
47	137
47	139
47	140
47	141
48	65
48	106
48	107
48	122
48	123
48	129
48	135
48	136
48	137
48	139
48	140
48	141
49	65
49	106
49	107
49	122
49	123
49	129
49	135
49	136
49	137
49	139
49	140
49	141
50	65
50	106
50	107
50	122
50	123
50	129
50	135
50	136
50	137
50	139
50	140
50	141
51	65
51	106
51	107
51	122
51	123
51	129
51	135
51	136
51	137
51	139
51	140
51	141
52	65
52	106
52	107
52	122
52	123
52	129
52	135
52	136
52	137
52	139
52	140
52	141
53	65
53	106
53	107
53	122
53	123
53	129
53	135
53	136
53	137
53	139
53	140
53	141
54	65
54	106
54	107
54	122
54	123
54	129
54	135
54	136
54	137
54	139
54	140
54	141
55	65
55	106
55	107
55	122
55	123
55	129
55	135
55	136
55	137
55	139
55	140
55	141
56	65
56	106
56	107
56	122
56	123
56	129
56	135
56	136
56	137
56	139
56	140
56	141
57	65
57	106
57	107
57	122
57	123
57	129
57	135
57	136
57	137
57	139
57	140
57	141
58	65
58	106
58	107
58	122
58	123
58	129
58	135
58	136
58	137
58	139
58	140
58	141
59	65
59	106
59	107
59	122
59	123
59	129
59	135
59	136
59	137
59	139
59	140
59	141
60	65
60	106
60	107
60	122
60	123
60	129
60	135
60	136
60	137
60	139
60	140
60	141
61	65
61	106
61	107
61	122
61	123
61	129
61	135
61	136
61	137
61	139
61	140
61	141
62	65
62	106
62	107
62	122
62	123
62	129
62	135
62	136
62	137
62	139
62	140
62	141
63	65
63	106
63	107
63	122
63	123
63	129
63	135
63	136
63	137
63	139
63	140
63	141
64	65
64	106
64	107
64	122
64	123
64	129
64	135
64	136
64	137
64	139
64	140
64	141
65	66
65	67
65	68
65	69
65	70
65	71
65	72
65	73
65	74
65	75
65	76
65	77
65	78
65	79
65	80
65	81
65	82
65	83
65	84
65	85
65	86
65	87
65	88
65	89
65	90
65	91
65	92
65	93
65	94
65	95
65	96
65	97
65	98
65	99
65	100
65	101
65	102
65	103
65	104
65	105
65	106
65	107
65	108
65	109
65	110
65	111
65	112
65	113
65	114
65	115
65	116
65	117
65	118
65	119
65	120
65	121
65	122
65	123
65	124
65	125
65	126
65	127
65	128
65	129
65	130
65	131
65	132
65	133
65	134
65	135
65	136
65	137
65	138
65	139
65	140
65	141
65	142
65	143
65	144
66	106
66	107
66	122
66	123
66	129
66	135
66	136
66	137
66	139
66	140
66	141
67	106
67	107
67	122
67	123
67	129
67	135
67	136
67	137
67	139
67	140
67	141
68	106
68	107
68	122
68	123
68	129
68	135
68	136
68	137
68	139
68	140
68	141
69	106
69	107
69	122
69	123
69	129
69	135
69	136
69	137
69	139
69	140
69	141
70	106
70	107
70	122
70	123
70	129
70	135
70	136
70	137
70	139
70	140
70	141
71	106
71	107
71	122
71	123
71	129
71	135
71	136
71	137
71	139
71	140
71	141
72	106
72	107
72	122
72	123
72	129
72	135
72	136
72	137
72	139
72	140
72	141
73	106
73	107
73	122
73	123
73	129
73	135
73	136
73	137
73	139
73	140
73	141
74	106
74	107
74	122
74	123
74	129
74	135
74	136
74	137
74	139
74	140
74	141
75	106
75	107
75	122
75	123
75	129
75	135
75	136
75	137
75	139
75	140
75	141
76	106
76	107
76	122
76	123
76	129
76	135
76	136
76	137
76	139
76	140
76	141
77	106
77	107
77	122
77	123
77	129
77	135
77	136
77	137
77	139
77	140
77	141
78	106
78	107
78	122
78	123
78	129
78	135
78	136
78	137
78	139
78	140
78	141
79	106
79	107
79	122
79	123
79	129
79	135
79	136
79	137
79	139
79	140
79	141
80	106
80	107
80	122
80	123
80	129
80	135
80	136
80	137
80	139
80	140
80	141
81	106
81	107
81	122
81	123
81	129
81	135
81	136
81	137
81	139
81	140
81	141
82	106
82	107
82	122
82	123
82	129
82	135
82	136
82	137
82	139
82	140
82	141
83	106
83	107
83	122
83	123
83	129
83	135
83	136
83	137
83	139
83	140
83	141
84	106
84	107
84	122
84	123
84	129
84	135
84	136
84	137
84	139
84	140
84	141
85	106
85	107
85	122
85	123
85	129
85	135
85	136
85	137
85	139
85	140
85	141
86	106
86	107
86	122
86	123
86	129
86	135
86	136
86	137
86	139
86	140
86	141
87	106
87	107
87	122
87	123
87	129
87	135
87	136
87	137
87	139
87	140
87	141
88	106
88	107
88	122
88	123
88	129
88	135
88	136
88	137
88	139
88	140
88	141
89	106
89	107
89	122
89	123
89	129
89	135
89	136
89	137
89	139
89	140
89	141
90	106
90	107
90	122
90	123
90	129
90	135
90	136
90	137
90	139
90	140
90	141
91	106
91	107
91	122
91	123
91	129
91	135
91	136
91	137
91	139
91	140
91	141
92	106
92	107
92	122
92	123
92	129
92	135
92	136
92	137
92	139
92	140
92	141
93	106
93	107
93	122
93	123
93	129
93	135
93	136
93	137
93	139
93	140
93	141
94	106
94	107
94	122
94	123
94	129
94	135
94	136
94	137
94	139
94	140
94	141
95	106
95	107
95	122
95	123
95	129
95	135
95	136
95	137
95	139
95	140
95	141
96	106
96	107
96	122
96	123
96	129
96	135
96	136
96	137
96	139
96	140
96	141
97	106
97	107
97	122
97	123
97	129
97	135
97	136
97	137
97	139
97	140
97	141
98	106
98	107
98	122
98	123
98	129
98	135
98	136
98	137
98	139
98	140
98	141
99	106
99	107
99	122
99	123
99	129
99	135
99	136
99	137
99	139
99	140
99	141
100	106
100	107
100	122
100	123
100	129
100	135
100	136
100	137
100	139
100	140
100	141
101	106
101	107
101	122
101	123
101	129
101	135
101	136
101	137
101	139
101	140
101	141
102	106
102	107
102	122
102	123
102	129
102	135
102	136
102	137
102	139
102	140
102	141
103	106
103	107
103	122
103	123
103	129
103	135
103	136
103	137
103	139
103	140
103	141
104	106
104	107
104	122
104	123
104	129
104	135
104	136
104	137
104	139
104	140
104	141
105	106
105	107
105	122
105	123
105	129
105	135
105	136
105	137
105	139
105	140
105	141
106	108
106	109
106	110
106	111
106	112
106	113
106	114
106	115
106	116
106	117
106	118
106	119
106	120
106	121
106	122
106	123
106	124
106	125
106	126
106	127
106	128
106	129
106	130
106	131
106	132
106	133
106	134
106	135
106	136
106	137
106	138
106	139
106	140
106	141
106	142
106	143
106	144
107	108
107	109
107	110
107	111
107	112
107	113
107	114
107	115
107	116
107	117
107	118
107	119
107	120
107	121
107	122
107	123
107	124
107	125
107	126
107	127
107	128
107	129
107	130
107	131
107	132
107	133
107	134
107	135
107	136
107	137
107	138
107	139
107	140
107	141
107	142
107	143
107	144
108	122
108	123
108	129
108	135
108	136
108	137
108	139
108	140
108	141
109	122
109	123
109	129
109	135
109	136
109	137
109	139
109	140
109	141
110	122
110	123
110	129
110	135
110	136
110	137
110	139
110	140
110	141
111	122
111	123
111	129
111	135
111	136
111	137
111	139
111	140
111	141
112	122
112	123
112	129
112	135
112	136
112	137
112	139
112	140
112	141
113	122
113	123
113	129
113	135
113	136
113	137
113	139
113	140
113	141
114	122
114	123
114	129
114	135
114	136
114	137
114	139
114	140
114	141
115	122
115	123
115	129
115	135
115	136
115	137
115	139
115	140
115	141
116	122
116	123
116	129
116	135
116	136
116	137
116	139
116	140
116	141
117	122
117	123
117	129
117	135
117	136
117	137
117	139
117	140
117	141
118	122
118	123
118	129
118	135
118	136
118	137
118	139
118	140
118	141
119	122
119	123
119	129
119	135
119	136
119	137
119	139
119	140
119	141
120	122
120	123
120	129
120	135
120	136
120	137
120	139
120	140
120	141
121	122
121	123
121	129
121	135
121	136
121	137
121	139
121	140
121	141
122	124
122	125
122	126
122	127
122	128
122	129
122	130
122	131
122	132
122	133
122	134
122	135
122	136
122	137
122	138
122	139
122	140
122	141
122	142
122	143
122	144
123	124
123	125
123	126
123	127
123	128
123	129
123	130
123	131
123	132
123	133
123	134
123	135
123	136
123	137
123	138
123	139
123	140
123	141
123	142
123	143
123	144
124	129
124	135
124	136
124	137
124	139
124	140
124	141
125	129
125	135
125	136
125	137
125	139
125	140
125	141
126	129
126	135
126	136
126	137
126	139
126	140
126	141
127	129
127	135
127	136
127	137
127	139
127	140
127	141
128	129
128	135
128	136
128	137
128	139
128	140
128	141
129	130
129	131
129	132
129	133
129	134
129	135
129	136
129	137
129	138
129	139
129	140
129	141
129	142
129	143
129	144
130	135
130	136
130	137
130	139
130	140
130	141
131	135
131	136
131	137
131	139
131	140
131	141
132	135
132	136
132	137
132	139
132	140
132	141
133	135
133	136
133	137
133	139
133	140
133	141
134	135
134	136
134	137
134	139
134	140
134	141
135	136
135	137
135	138
135	139
135	140
135	141
135	142
135	143
135	144
136	138
136	140
136	141
136	142
136	143
136	144
137	138
137	140
137	141
137	142
137	143
137	144
138	139
138	140
138	141
139	140
139	141
139	142
139	143
139	144
140	142
140	143
140	144
141	142
141	143
141	144