422	3635
1	90
1	255
1	325
1	356
1	404
1	411
2	90
2	255
2	325
2	356
2	404
2	411
3	90
3	255
3	325
3	356
3	380
3	403
3	404
3	405
3	409
3	410
3	411
3	413
3	417
3	418
3	420
3	421
3	422
4	90
4	255
4	325
4	356
4	380
4	403
4	404
4	405
4	409
4	410
4	411
4	413
4	417
4	418
4	420
4	421
4	422
5	90
5	255
5	325
5	356
5	380
5	403
5	404
5	405
5	409
5	410
5	411
5	413
5	417
5	418
5	420
5	421
5	422
6	90
6	255
6	325
6	356
6	380
6	403
6	404
6	405
6	409
6	410
6	411
6	413
6	417
6	418
6	420
6	421
6	422
7	90
7	255
7	325
7	356
7	404
7	411
8	90
8	255
8	258
8	285
8	307
8	309
8	312
8	322
8	325
8	329
8	330
8	331
8	333
8	337
8	339
8	340
8	347
8	351
8	352
8	353
8	355
8	356
8	357
8	371
8	372
8	373
8	377
8	379
8	380
8	381
8	383
8	385
8	386
8	388
8	390
8	391
8	392
8	393
8	394
8	395
8	397
8	399
8	400
8	401
8	402
8	403
8	404
8	405
8	406
8	407
8	408
8	409
8	410
8	411
8	412
8	413
8	414
8	415
8	416
8	417
8	418
8	419
8	420
8	421
8	422
9	90
9	255
9	325
9	356
9	380
9	403
9	404
9	405
9	409
9	410
9	411
9	413
9	417
9	418
9	420
9	421
9	422
10	90
10	255
10	325
10	356
10	380
10	403
10	404
10	405
10	409
10	410
10	411
10	413
10	417
10	418
10	420
10	421
10	422
11	90
11	255
11	258
11	285
11	307
11	309
11	312
11	322
11	325
11	329
11	330
11	331
11	333
11	337
11	339
11	340
11	347
11	351
11	352
11	353
11	355
11	356
11	357
11	371
11	372
11	373
11	377
11	379
11	380
11	381
11	383
11	385
11	386
11	388
11	390
11	391
11	392
11	393
11	394
11	395
11	397
11	399
11	400
11	401
11	402
11	403
11	404
11	405
11	406
11	407
11	408
11	409
11	410
11	411
11	412
11	413
11	414
11	415
11	416
11	417
11	418
11	419
11	420
11	421
11	422
12	90
12	255
12	258
12	285
12	307
12	309
12	312
12	322
12	325
12	329
12	330
12	331
12	333
12	337
12	339
12	340
12	347
12	351
12	352
12	353
12	355
12	356
12	357
12	371
12	372
12	373
12	377
12	379
12	380
12	381
12	383
12	385
12	386
12	388
12	390
12	391
12	392
12	393
12	394
12	395
12	397
12	399
12	400
12	401
12	402
12	403
12	404
12	405
12	406
12	407
12	408
12	409
12	410
12	411
12	412
12	413
12	414
12	415
12	416
12	417
12	418
12	419
12	420
12	421
12	422
13	90
13	255
13	258
13	285
13	307
13	309
13	312
13	322
13	325
13	329
13	330
13	331
13	333
13	337
13	339
13	340
13	347
13	351
13	352
13	353
13	355
13	356
13	357
13	371
13	372
13	373
13	377
13	379
13	380
13	381
13	383
13	385
13	386
13	388
13	390
13	391
13	392
13	393
13	394
13	395
13	397
13	399
13	400
13	401
13	402
13	403
13	404
13	405
13	406
13	407
13	408
13	409
13	410
13	411
13	412
13	413
13	414
13	415
13	416
13	417
13	418
13	419
13	420
13	421
13	422
14	90
14	255
14	258
14	285
14	307
14	312
14	322
14	325
14	331
14	337
14	353
14	355
14	356
14	371
14	373
14	380
14	383
14	388
14	390
14	391
14	392
14	393
14	394
14	395
14	397
14	399
14	403
14	404
14	405
14	406
14	409
14	410
14	411
14	413
14	414
14	415
14	417
14	418
14	419
14	420
14	421
14	422
15	90
15	255
15	325
15	356
15	380
15	403
15	404
15	405
15	409
15	410
15	411
15	413
15	417
15	418
15	420
15	421
15	422
16	90
16	255
16	325
16	356
16	380
16	403
16	404
16	405
16	409
16	410
16	411
16	413
16	417
16	418
16	420
16	421
16	422
17	90
17	255
17	325
17	356
17	380
17	403
17	404
17	405
17	409
17	410
17	411
17	413
17	417
17	418
17	420
17	421
17	422
18	90
18	255
18	325
18	356
18	380
18	403
18	404
18	405
18	409
18	410
18	411
18	413
18	417
18	418
18	420
18	421
18	422
19	90
19	255
19	258
19	285
19	307
19	309
19	312
19	322
19	325
19	329
19	330
19	331
19	333
19	337
19	339
19	340
19	347
19	351
19	352
19	353
19	355
19	356
19	357
19	371
19	372
19	373
19	377
19	379
19	380
19	381
19	383
19	385
19	386
19	388
19	390
19	391
19	392
19	393
19	394
19	395
19	397
19	399
19	400
19	401
19	402
19	403
19	404
19	405
19	406
19	407
19	408
19	409
19	410
19	411
19	412
19	413
19	414
19	415
19	416
19	417
19	418
19	419
19	420
19	421
19	422
20	90
20	255
20	258
20	285
20	307
20	309
20	312
20	322
20	325
20	329
20	330
20	331
20	333
20	337
20	339
20	340
20	347
20	351
20	352
20	353
20	355
20	356
20	357
20	371
20	372
20	373
20	377
20	379
20	380
20	381
20	383
20	385
20	386
20	388
20	390
20	391
20	392
20	393
20	394
20	395
20	397
20	399
20	400
20	401
20	402
20	403
20	404
20	405
20	406
20	407
20	408
20	409
20	410
20	411
20	412
20	413
20	414
20	415
20	416
20	417
20	418
20	419
20	420
20	421
20	422
21	90
21	255
21	258
21	285
21	307
21	309
21	312
21	322
21	325
21	329
21	330
21	331
21	333
21	337
21	339
21	340
21	347
21	351
21	352
21	353
21	355
21	356
21	357
21	371
21	372
21	373
21	377
21	379
21	380
21	381
21	383
21	385
21	386
21	388
21	390
21	391
21	392
21	393
21	394
21	395
21	397
21	399
21	400
21	401
21	402
21	403
21	404
21	405
21	406
21	407
21	408
21	409
21	410
21	411
21	412
21	413
21	414
21	415
21	416
21	417
21	418
21	419
21	420
21	421
21	422
22	90
22	255
22	258
22	285
22	307
22	309
22	312
22	322
22	325
22	329
22	330
22	331
22	333
22	337
22	339
22	340
22	347
22	351
22	352
22	353
22	355
22	356
22	357
22	371
22	372
22	373
22	377
22	379
22	380
22	381
22	383
22	385
22	386
22	388
22	390
22	391
22	392
22	393
22	394
22	395
22	397
22	399
22	400
22	401
22	402
22	403
22	404
22	405
22	406
22	407
22	408
22	409
22	410
22	411
22	412
22	413
22	414
22	415
22	416
22	417
22	418
22	419
22	420
22	421
22	422
23	90
23	255
23	325
23	356
23	380
23	403
23	404
23	405
23	409
23	410
23	411
23	413
23	417
23	418
23	420
23	421
23	422
24	90
24	255
24	325
24	356
24	380
24	403
24	404
24	405
24	409
24	410
24	411
24	413
24	417
24	418
24	420
24	421
24	422
25	90
25	255
25	325
25	356
25	380
25	403
25	404
25	405
25	409
25	410
25	411
25	413
25	417
25	418
25	420
25	421
25	422
26	90
26	255
26	325
26	356
26	380
26	403
26	404
26	405
26	409
26	410
26	411
26	413
26	417
26	418
26	420
26	421
26	422
27	90
27	255
27	258
27	285
27	307
27	309
27	312
27	322
27	325
27	329
27	330
27	331
27	333
27	337
27	339
27	340
27	347
27	351
27	352
27	353
27	355
27	356
27	357
27	371
27	372
27	373
27	377
27	379
27	380
27	381
27	383
27	385
27	386
27	388
27	390
27	391
27	392
27	393
27	394
27	395
27	397
27	399
27	400
27	401
27	402
27	403
27	404
27	405
27	406
27	407
27	408
27	409
27	410
27	411
27	412
27	413
27	414
27	415
27	416
27	417
27	418
27	419
27	420
27	421
27	422
28	90
28	255
28	325
28	356
28	380
28	403
28	404
28	405
28	409
28	410
28	411
28	413
28	417
28	418
28	420
28	421
28	422
29	90
29	255
29	325
29	356
29	380
29	403
29	404
29	405
29	409
29	410
29	411
29	413
29	417
29	418
29	420
29	421
29	422
30	90
30	255
30	325
30	356
30	380
30	403
30	404
30	405
30	409
30	410
30	411
30	413
30	417
30	418
30	420
30	421
30	422
31	90
31	255
31	325
31	356
31	404
31	411
32	90
32	255
32	325
32	356
32	404
32	411
33	90
33	255
33	325
33	356
33	380
33	403
33	404
33	405
33	409
33	410
33	411
33	413
33	417
33	418
33	420
33	421
33	422
34	90
34	255
34	325
34	356
34	380
34	403
34	404
34	405
34	409
34	410
34	411
34	413
34	417
34	418
34	420
34	421
34	422
35	90
35	255
35	325
35	356
35	404
35	411
36	90
36	255
36	325
36	356
36	404
36	411
37	90
37	255
37	325
37	356
37	404
37	411
38	90
38	255
38	325
38	356
38	404
38	411
39	90
39	255
39	325
39	356
39	404
39	411
40	90
40	255
40	325
40	356
40	404
40	411
41	90
41	255
41	325
41	356
41	403
41	404
41	405
41	409
41	410
41	411
41	413
41	417
41	418
41	420
41	421
41	422
42	90
42	255
42	325
42	356
42	404
42	411
43	90
43	255
43	325
43	356
43	404
43	411
44	90
44	255
44	325
44	356
44	404
44	411
45	90
45	255
45	325
45	356
45	404
45	411
46	90
46	255
46	325
46	356
46	380
46	403
46	404
46	405
46	409
46	410
46	411
46	413
46	417
46	418
46	420
46	421
46	422
47	90
47	255
47	325
47	356
47	404
47	411
48	90
48	255
48	325
48	356
48	404
48	411
49	90
49	255
49	325
49	356
49	404
49	411
50	90
50	255
50	325
50	356
50	404
51	90
51	255
51	325
51	356
51	404
51	411
52	90
52	255
52	325
52	356
52	404
53	90
53	255
53	258
53	285
53	307
53	309
53	312
53	322
53	325
53	329
53	330
53	331
53	333
53	337
53	339
53	340
53	347
53	351
53	352
53	353
53	355
53	356
53	357
53	371
53	372
53	373
53	377
53	379
53	380
53	381
53	383
53	385
53	386
53	388
53	390
53	391
53	392
53	393
53	394
53	395
53	397
53	399
53	400
53	401
53	402
53	403
53	404
53	405
53	406
53	407
53	408
53	409
53	410
53	411
53	412
53	413
53	414
53	415
53	416
53	417
53	418
53	419
53	420
53	421
53	422
54	90
54	255
54	325
54	356
54	380
54	403
54	404
54	405
54	409
54	410
54	411
54	413
54	417
54	418
54	420
54	421
54	422
55	90
55	255
55	325
55	356
55	380
55	403
55	404
55	405
55	409
55	410
55	411
55	413
55	417
55	418
55	420
55	421
55	422
56	90
56	255
56	325
56	356
56	404
56	411
57	90
57	255
57	325
57	356
57	404
57	411
58	90
58	255
58	325
58	356
58	404
59	90
59	255
59	258
59	285
59	307
59	309
59	312
59	322
59	325
59	329
59	330
59	331
59	333
59	337
59	339
59	340
59	347
59	351
59	352
59	353
59	355
59	356
59	357
59	371
59	372
59	373
59	377
59	379
59	380
59	381
59	383
59	385
59	386
59	388
59	390
59	391
59	392
59	393
59	394
59	395
59	397
59	399
59	400
59	401
59	402
59	403
59	404
59	405
59	406
59	407
59	408
59	409
59	410
59	411
59	412
59	413
59	414
59	415
59	416
59	417
59	418
59	419
59	420
59	421
59	422
60	90
60	255
60	285
60	307
60	312
60	322
60	325
60	329
60	330
60	333
60	337
60	353
60	355
60	356
60	357
60	371
60	373
60	380
60	383
60	388
60	390
60	391
60	392
60	393
60	394
60	395
60	397
60	399
60	403
60	404
60	405
60	406
60	409
60	410
60	411
60	413
60	414
60	415
60	417
60	418
60	419
60	420
60	421
60	422
61	90
61	255
61	325
61	356
61	380
61	403
61	404
61	405
61	409
61	410
61	411
61	413
61	417
61	418
61	420
61	421
61	422
62	90
62	255
62	325
62	356
62	380
62	403
62	404
62	405
62	409
62	410
62	411
62	413
62	417
62	418
62	420
62	421
62	422
63	90
63	255
63	325
63	331
63	356
63	380
63	403
63	404
63	405
63	409
63	410
63	411
63	413
63	417
63	418
63	420
63	421
63	422
64	90
64	255
64	325
64	356
64	380
64	403
64	404
64	405
64	409
64	410
64	411
64	413
64	417
64	418
64	420
64	421
64	422
65	90
65	255
65	325
65	356
65	404
65	411
66	90
66	255
66	325
66	356
66	404
66	411
67	90
67	255
67	325
67	356
67	404
67	411
68	90
68	255
68	325
68	356
68	404
68	411
69	90
69	255
69	325
69	356
69	404
70	90
70	255
70	325
70	356
70	380
70	403
70	404
70	405
70	409
70	410
70	411
70	413
70	417
70	418
70	420
70	421
70	422
71	90
71	255
71	325
71	356
71	404
71	411
72	90
72	255
72	325
72	356
72	404
72	411
73	90
73	255
73	325
73	356
73	404
73	411
74	90
74	255
74	325
74	356
74	404
74	411
75	90
75	255
75	325
75	356
75	404
75	411
76	90
76	255
76	325
76	356
76	404
76	411
77	90
77	255
77	325
77	356
77	404
77	411
78	90
78	255
78	325
78	356
78	404
78	411
79	90
79	255
79	258
79	285
79	307
79	309
79	312
79	322
79	325
79	329
79	330
79	331
79	333
79	337
79	339
79	340
79	347
79	351
79	352
79	353
79	355
79	356
79	357
79	371
79	372
79	373
79	377
79	379
79	380
79	381
79	383
79	385
79	386
79	388
79	390
79	391
79	392
79	393
79	394
79	395
79	397
79	399
79	400
79	401
79	402
79	403
79	404
79	405
79	406
79	407
79	408
79	409
79	410
79	411
79	412
79	413
79	414
79	415
79	416
79	417
79	418
79	419
79	420
79	421
79	422
80	90
80	255
80	325
80	356
80	380
80	403
80	404
80	405
80	409
80	410
80	411
80	413
80	417
80	418
80	420
80	421
80	422
81	90
81	255
81	325
81	356
81	380
81	403
81	404
81	405
81	409
81	410
81	411
81	413
81	417
81	418
81	420
81	421
81	422
82	90
82	255
82	325
82	356
82	380
82	403
82	404
82	405
82	409
82	410
82	411
82	413
82	417
82	418
82	420
82	421
82	422
83	90
83	255
83	258
83	285
83	307
83	309
83	312
83	322
83	325
83	329
83	330
83	331
83	333
83	337
83	339
83	340
83	347
83	351
83	352
83	353
83	355
83	356
83	357
83	371
83	372
83	373
83	377
83	379
83	380
83	381
83	383
83	385
83	386
83	388
83	390
83	391
83	392
83	393
83	394
83	395
83	397
83	399
83	400
83	401
83	402
83	403
83	404
83	405
83	406
83	407
83	408
83	409
83	410
83	411
83	412
83	413
83	414
83	415
83	416
83	417
83	418
83	419
83	420
83	421
83	422
84	90
84	255
84	258
84	285
84	307
84	309
84	312
84	322
84	325
84	329
84	330
84	331
84	333
84	337
84	339
84	340
84	347
84	351
84	352
84	353
84	355
84	356
84	357
84	371
84	372
84	373
84	377
84	379
84	380
84	381
84	383
84	385
84	386
84	388
84	390
84	391
84	392
84	393
84	394
84	395
84	397
84	399
84	400
84	401
84	402
84	403
84	404
84	405
84	406
84	407
84	408
84	409
84	410
84	411
84	412
84	413
84	414
84	415
84	416
84	417
84	418
84	419
84	420
84	421
84	422
85	90
85	255
85	325
85	356
85	404
85	411
86	90
86	255
86	325
86	356
86	404
86	411
87	90
87	255
87	325
87	356
87	380
87	403
87	404
87	405
87	409
87	410
87	411
87	413
87	417
87	418
87	420
87	421
87	422
88	90
88	255
88	325
88	356
88	380
88	403
88	404
88	405
88	409
88	410
88	411
88	413
88	417
88	418
88	420
88	421
88	422
89	90
89	255
89	325
89	356
89	404
89	411
90	91
90	92
90	93
90	94
90	95
90	96
90	97
90	98
90	99
90	100
90	101
90	102
90	103
90	104
90	105
90	106
90	107
90	108
90	109
90	110
90	111
90	112
90	113
90	114
90	115
90	116
90	117
90	118
90	119
90	120
90	121
90	122
90	123
90	124
90	125
90	126
90	127
90	128
90	129
90	130
90	131
90	132
90	133
90	134
90	135
90	136
90	137
90	138
90	139
90	140
90	141
90	142
90	143
90	144
90	145
90	146
90	147
90	148
90	149
90	150
90	151
90	152
90	153
90	154
90	155
90	156
90	157
90	158
90	159
90	160
90	161
90	162
90	163
90	164
90	165
90	166
90	167
90	168
90	169
90	170
90	171
90	172
90	173
90	174
90	175
90	176
90	177
90	178
90	179
90	180
90	181
90	182
90	183
90	184
90	185
90	186
90	187
90	188
90	189
90	190
90	191
90	192
90	193
90	194
90	195
90	196
90	197
90	198
90	199
90	200
90	201
90	202
90	203
90	204
90	205
90	206
90	207
90	208
90	209
90	210
90	211
90	212
90	213
90	214
90	215
90	216
90	217
90	218
90	219
90	220
90	221
90	222
90	223
90	224
90	225
90	226
90	227
90	228
90	229
90	230
90	231
90	232
90	233
90	234
90	235
90	236
90	237
90	238
90	239
90	240
90	241
90	242
90	243
90	244
90	245
90	246
90	247
90	248
90	249
90	250
90	251
90	252
90	253
90	254
90	255
90	256
90	257
90	258
90	259
90	260
90	261
90	262
90	263
90	264
90	265
90	266
90	267
90	268
90	269
90	270
90	271
90	272
90	273
90	274
90	275
90	276
90	277
90	278
90	279
90	280
90	281
90	282
90	283
90	284
90	285
90	286
90	287
90	288
90	289
90	290
90	291
90	292
90	293
90	294
90	295
90	296
90	297
90	298
90	299
90	300
90	301
90	302
90	303
90	304
90	305
90	306
90	307
90	308
90	309
90	310
90	311
90	312
90	313
90	314
90	315
90	316
90	317
90	318
90	319
90	320
90	321
90	322
90	323
90	324
90	325
90	326
90	327
90	328
90	329
90	330
90	331
90	332
90	333
90	334
90	335
90	336
90	337
90	338
90	339
90	340
90	341
90	342
90	343
90	344
90	345
90	346
90	347
90	348
90	349
90	350
90	351
90	352
90	353
90	354
90	355
90	356
90	357
90	358
90	359
90	360
90	361
90	362
90	363
90	364
90	365
90	366
90	367
90	368
90	369
90	370
90	371
90	372
90	373
90	374
90	375
90	376
90	377
90	378
90	379
90	380
90	381
90	382
90	383
90	384
90	385
90	386
90	387
90	388
90	389
90	390
90	391
90	392
90	393
90	394
90	395
90	396
90	397
90	398
90	399
90	400
90	401
90	402
90	403
90	404
90	405
90	406
90	407
90	408
90	409
90	410
90	411
90	412
90	413
90	414
90	415
90	416
90	417
90	418
90	419
90	420
90	421
90	422
91	255
91	325
91	356
91	404
91	411
92	255
92	325
92	356
92	404
92	411
93	255
93	325
93	356
93	404
93	411
94	255
94	325
94	356
94	404
94	411
95	255
95	325
95	356
95	404
95	411
96	255
96	325
96	356
96	404
96	411
97	255
97	325
97	356
97	404
97	411
98	255
98	325
98	356
98	380
98	403
98	404
98	405
98	409
98	410
98	411
98	413
98	417
98	418
98	420
98	421
98	422
99	255
99	325
99	356
99	380
99	403
99	404
99	405
99	409
99	410
99	411
99	413
99	417
99	418
99	420
99	421
99	422
100	255
100	325
100	356
100	403
100	404
100	405
100	409
100	410
100	411
100	413
100	417
100	418
100	420
100	421
100	422
101	255
101	325
101	356
101	380
101	403
101	404
101	405
101	409
101	410
101	411
101	413
101	417
101	418
101	420
101	421
101	422
102	255
102	325
102	356
102	403
102	404
102	405
102	409
102	410
102	411
102	413
102	417
102	418
102	420
102	421
102	422
103	255
103	325
103	356
103	404
103	411
104	255
104	325
104	356
104	404
104	411
105	255
105	285
105	307
105	322
105	325
105	337
105	353
105	355
105	356
105	371
105	373
105	380
105	383
105	388
105	390
105	391
105	392
105	393
105	394
105	395
105	397
105	399
105	403
105	404
105	405
105	406
105	409
105	410
105	411
105	413
105	414
105	415
105	417
105	418
105	419
105	420
105	421
105	422
106	255
106	325
106	356
106	403
106	404
106	405
106	409
106	410
106	411
106	413
106	417
106	418
106	420
106	421
106	422
107	255
107	325
107	356
107	404
107	411
108	255
108	325
108	356
108	404
108	411
109	255
109	325
109	356
109	404
109	411
110	255
110	325
110	356
110	404
110	411
111	255
111	325
111	356
111	404
111	411
112	255
112	325
112	356
112	404
112	411
113	255
113	325
113	356
113	404
113	411
114	255
114	325
114	356
114	404
114	411
115	255
115	325
115	356
115	404
116	255
116	325
116	356
116	404
116	411
117	255
117	325
117	356
117	404
118	255
118	325
118	356
118	404
119	255
119	325
119	356
119	404
120	255
120	325
120	356
120	404
120	411
121	255
121	325
121	356
121	404
121	411
122	255
122	325
122	356
122	404
123	255
123	325
123	356
123	404
124	255
124	325
124	356
124	404
124	411
125	255
125	325
125	356
125	404
126	255
126	325
126	356
126	404
127	255
127	325
127	356
127	404
128	255
128	325
128	356
128	404
128	411
129	255
129	325
129	356
129	404
130	255
130	325
130	356
130	404
130	411
131	255
131	325
131	356
131	404
132	255
132	325
132	356
132	404
133	255
133	325
133	356
133	404
134	255
134	325
134	356
134	404
134	411
135	255
135	325
135	356
135	404
136	255
136	325
136	356
136	404
137	255
137	325
137	356
137	404
138	255
138	325
138	356
138	403
138	404
138	405
138	409
138	410
138	411
138	413
138	417
138	418
138	420
138	421
138	422
139	255
139	325
139	356
139	404
139	411
140	255
140	325
140	356
140	404
140	411
141	255
141	325
141	356
141	404
141	411
142	255
142	325
142	356
142	404
142	411
143	255
143	325
143	356
143	404
144	255
144	325
144	356
144	404
144	411
145	255
145	325
145	356
145	404
145	411
146	255
146	325
146	356
146	404
146	411
147	255
147	325
147	356
147	404
148	255
148	325
148	356
148	404
149	255
149	325
149	356
149	404
149	411
150	255
150	325
150	356
150	404
150	411
151	255
151	325
151	356
151	404
151	411
152	255
152	325
152	356
152	404
153	255
153	325
153	356
153	404
153	411
154	255
154	325
154	356
154	404
155	255
155	325
155	356
155	404
155	411
156	255
156	325
156	356
156	404
156	411
157	255
157	325
157	356
157	404
157	411
158	255
158	325
158	356
158	404
158	411
159	255
159	325
159	356
159	404
159	411
160	255
160	325
160	356
160	404
160	411
161	255
161	325
161	356
161	404
162	255
162	325
162	356
162	404
162	411
163	255
163	325
163	356
163	404
163	411
164	255
164	325
164	356
164	404
164	411
165	255
165	325
165	356
165	404
166	255
166	325
166	356
166	404
166	411
167	255
167	325
167	356
167	404
168	255
168	325
168	356
168	403
168	404
168	405
168	409
168	410
168	411
168	413
168	417
168	418
168	420
168	421
168	422
169	255
169	325
169	356
169	404
169	411
170	255
170	325
170	356
170	404
171	255
171	325
171	356
171	404
172	255
172	325
172	356
172	404
172	411
173	255
173	325
173	356
173	404
173	411
174	255
174	325
174	356
174	404
174	411
175	255
175	325
175	356
175	404
176	255
176	325
176	356
176	404
176	411
177	255
177	325
177	356
177	404
177	411
178	255
178	325
178	356
178	404
179	255
179	325
179	356
179	404
179	411
180	255
180	325
180	356
180	404
180	411
181	255
181	325
181	356
181	404
181	411
182	255
182	325
182	356
182	404
182	411
183	255
183	325
183	356
183	404
183	411
184	255
184	325
184	356
184	404
184	411
185	255
185	325
185	356
185	404
186	255
186	325
186	356
186	404
187	255
187	325
187	356
187	404
188	255
188	325
188	356
188	404
188	411
189	255
189	325
189	356
189	404
189	411
190	255
190	325
190	356
190	404
191	255
191	325
191	356
191	404
192	255
192	325
192	356
192	404
193	255
193	325
193	356
193	404
193	411
194	255
194	325
194	356
194	404
195	255
195	325
195	356
195	404
196	255
196	325
196	356
196	404
197	255
197	325
197	356
197	404
198	255
198	325
198	356
198	404
199	255
199	325
199	356
199	404
200	255
200	325
200	356
200	404
201	255
201	325
201	356
201	404
202	255
202	325
202	356
202	404
203	255
203	325
203	356
203	404
204	255
204	325
204	356
204	404
205	255
205	325
205	356
205	404
206	255
206	325
206	356
206	404
207	255
207	325
207	356
207	404
208	255
208	325
208	356
208	404
209	255
209	325
209	356
209	404
210	255
210	325
210	356
210	404
211	255
211	325
211	356
211	404
212	255
212	325
212	356
212	404
213	255
213	325
213	356
213	404
214	255
214	325
214	356
214	404
215	255
215	325
215	356
215	404
216	255
216	325
216	356
216	404
217	255
217	325
217	356
217	404
218	255
218	325
218	356
218	404
219	255
219	325
219	356
219	404
220	255
220	325
220	356
220	404
221	255
221	325
221	356
221	404
222	255
222	325
222	356
222	404
223	255
223	325
223	356
223	404
224	255
224	325
224	356
224	404
225	255
225	325
225	356
225	404
226	255
226	325
226	356
226	404
227	255
227	325
227	356
227	404
228	255
228	325
228	356
228	404
229	255
229	325
229	356
229	404
230	255
230	325
230	356
230	404
231	255
231	325
231	356
231	404
232	255
232	325
232	356
232	404
233	255
233	325
233	356
233	404
234	255
234	325
234	356
234	404
235	255
235	325
235	356
235	404
236	255
236	325
236	356
236	404
237	255
237	325
237	356
237	404
238	255
238	325
238	356
238	404
239	255
239	325
239	356
239	404
240	255
240	325
240	356
240	404
241	255
241	325
241	356
241	404
242	255
242	325
242	356
242	404
243	255
243	325
243	356
243	404
244	255
244	325
244	356
244	404
245	255
245	325
245	356
245	404
246	255
246	325
246	356
246	404
247	255
247	325
247	356
247	404
248	255
248	325
248	356
248	404
249	255
249	325
249	356
249	404
250	255
250	325
250	356
250	404
250	411
251	255
251	325
251	356
251	404
252	255
252	325
252	356
252	404
253	255
253	325
253	356
253	404
254	255
254	325
254	356
254	404
255	256
255	257
255	258
255	259
255	260
255	261
255	262
255	263
255	264
255	265
255	266
255	267
255	268
255	269
255	270
255	271
255	272
255	273
255	274
255	275
255	276
255	277
255	278
255	279
255	280
255	281
255	282
255	283
255	284
255	285
255	286
255	287
255	288
255	289
255	290
255	291
255	292
255	293
255	294
255	295
255	296
255	297
255	298
255	299
255	300
255	301
255	302
255	303
255	304
255	305
255	306
255	307
255	308
255	309
255	310
255	311
255	312
255	313
255	314
255	315
255	316
255	317
255	318
255	319
255	320
255	321
255	322
255	323
255	324
255	325
255	326
255	327
255	328
255	329
255	330
255	331
255	332
255	333
255	334
255	335
255	336
255	337
255	338
255	339
255	340
255	341
255	342
255	343
255	344
255	345
255	346
255	347
255	348
255	349
255	350
255	351
255	352
255	353
255	354
255	355
255	356
255	357
255	358
255	359
255	360
255	361
255	362
255	363
255	364
255	365
255	366
255	367
255	368
255	369
255	370
255	371
255	372
255	373
255	374
255	375
255	376
255	377
255	378
255	379
255	380
255	381
255	382
255	383
255	384
255	385
255	386
255	387
255	388
255	389
255	390
255	391
255	392
255	393
255	394
255	395
255	396
255	397
255	398
255	399
255	400
255	401
255	402
255	403
255	404
255	405
255	406
255	407
255	408
255	409
255	410
255	411
255	412
255	413
255	414
255	415
255	416
255	417
255	418
255	419
255	420
255	421
255	422
256	325
256	356
256	404
256	411
257	325
257	356
257	404
257	411
258	325
258	356
258	404
258	411
259	325
259	356
259	404
260	325
260	356
260	404
261	325
261	356
261	404
262	325
262	356
262	404
263	325
263	356
263	404
264	325
264	356
264	404
265	325
265	356
265	404
266	325
266	356
266	404
267	325
267	356
267	404
268	325
268	356
268	404
269	325
269	356
269	404
270	325
270	356
270	404
271	325
271	356
271	404
272	325
272	356
272	404
272	411
273	325
273	356
273	404
274	325
274	356
274	404
275	325
275	356
275	404
276	325
276	356
276	404
277	325
277	356
277	404
278	325
278	356
278	404
279	325
279	356
279	404
280	325
280	356
280	404
280	411
281	325
281	356
281	404
282	325
282	356
282	404
283	325
283	356
283	404
284	325
284	356
284	404
285	325
285	356
285	404
286	325
286	356
286	404
287	325
287	356
287	404
288	325
288	356
288	404
289	325
289	356
289	404
290	325
290	356
290	404
291	325
291	356
291	404
292	325
292	356
292	404
293	325
293	356
293	404
294	325
294	356
294	404
295	325
295	356
295	404
296	325
296	356
296	404
297	325
297	356
297	404
298	325
298	356
298	404
299	325
299	356
299	404
300	325
300	356
300	404
301	325
301	356
301	404
302	325
302	356
302	404
303	325
303	356
303	404
304	325
304	356
304	404
305	325
305	356
305	404
306	325
306	356
306	404
307	325
307	356
307	404
308	325
308	356
308	404
309	325
309	356
309	404
310	325
310	356
310	404
311	325
311	356
311	404
312	325
312	356
312	404
313	325
313	356
313	404
314	325
314	356
314	404
315	325
315	356
315	404
316	325
316	356
316	404
317	325
317	356
317	404
318	325
318	356
318	404
319	325
319	356
319	404
320	325
320	356
320	404
321	325
321	356
321	404
322	325
322	356
322	404
323	325
323	356
323	404
324	325
324	356
324	404
325	326
325	327
325	328
325	329
325	330
325	331
325	332
325	333
325	334
325	335
325	336
325	337
325	338
325	339
325	340
325	341
325	342
325	343
325	344
325	345
325	346
325	347
325	348
325	349
325	350
325	351
325	352
325	353
325	354
325	355
325	356
325	357
325	358
325	359
325	360
325	361
325	362
325	363
325	364
325	365
325	366
325	367
325	368
325	369
325	370
325	371
325	372
325	373
325	374
325	375
325	376
325	377
325	378
325	379
325	380
325	381
325	382
325	383
325	384
325	385
325	386
325	387
325	388
325	389
325	390
325	391
325	392
325	393
325	394
325	395
325	396
325	397
325	398
325	399
325	400
325	401
325	402
325	403
325	404
325	405
325	406
325	407
325	408
325	409
325	410
325	411
325	412
325	413
325	414
325	415
325	416
325	417
325	418
325	419
325	420
325	421
325	422
326	356
326	404
327	356
327	404
328	356
328	404
329	356
329	404
330	356
330	404
331	356
331	404
331	411
332	356
332	404
333	356
333	404
334	356
334	404
335	356
335	404
336	356
336	404
337	356
337	404
338	356
338	404
339	356
339	404
340	356
340	404
341	356
341	404
342	356
342	404
343	356
343	404
344	356
344	404
345	356
345	404
346	356
346	404
347	356
347	404
348	356
348	404
349	356
349	404
350	356
350	404
351	356
351	404
352	356
352	404
353	356
353	404
354	356
354	404
355	356
355	404
356	357
356	358
356	359
356	360
356	361
356	362
356	363
356	364
356	365
356	366
356	367
356	368
356	369
356	370
356	371
356	372
356	373
356	374
356	375
356	376
356	377
356	378
356	379
356	380
356	381
356	382
356	383
356	384
356	385
356	386
356	387
356	388
356	389
356	390
356	391
356	392
356	393
356	394
356	395
356	396
356	397
356	398
356	399
356	400
356	401
356	402
356	403
356	404
356	405
356	406
356	407
356	408
356	409
356	410
356	411
356	412
356	413
356	414
356	415
356	416
356	417
356	418
356	419
356	420
356	421
356	422
357	404
358	404
359	404
360	404
361	404
362	404
363	404
364	404
365	404
366	404
367	404
368	404
369	404
370	404
371	404
372	404
373	404
374	404
375	404
376	404
377	404
378	404
379	404
380	404
381	404
382	404
383	404
384	404
385	404
386	404
387	404
388	404
389	404
390	404
391	404
392	404
393	404
394	404
395	404
396	404
397	404
398	404
399	404
400	404
401	404
402	404
403	404
404	405
404	406
404	407
404	408
404	409
404	410
404	411
404	412
404	413
404	414
404	415
404	416
404	417
404	418
404	419
404	420
404	421
404	422