422	2095
1	90
1	255
1	325
1	356
1	404
2	90
2	255
2	325
2	356
2	404
3	90
3	255
3	325
3	356
3	404
4	90
4	255
4	325
4	356
4	404
5	90
5	255
5	325
5	356
5	404
6	90
6	255
6	325
6	356
6	404
7	90
7	255
7	325
7	356
7	404
8	90
8	255
8	325
8	356
8	404
9	90
9	255
9	325
9	356
9	404
10	90
10	255
10	325
10	356
10	404
11	90
11	255
11	325
11	356
11	404
12	90
12	255
12	325
12	356
12	404
13	90
13	255
13	325
13	356
13	404
14	90
14	255
14	325
14	356
14	404
15	90
15	255
15	325
15	356
15	404
16	90
16	255
16	325
16	356
16	404
17	90
17	255
17	325
17	356
17	404
18	90
18	255
18	325
18	356
18	404
19	90
19	255
19	325
19	356
19	404
20	90
20	255
20	325
20	356
20	404
21	90
21	255
21	325
21	356
21	404
22	90
22	255
22	325
22	356
22	404
23	90
23	255
23	325
23	356
23	404
24	90
24	255
24	325
24	356
24	404
25	90
25	255
25	325
25	356
25	404
26	90
26	255
26	325
26	356
26	404
27	90
27	255
27	325
27	356
27	404
28	90
28	255
28	325
28	356
28	404
29	90
29	255
29	325
29	356
29	404
30	90
30	255
30	325
30	356
30	404
31	90
31	255
31	325
31	356
31	404
32	90
32	255
32	325
32	356
32	404
33	90
33	255
33	325
33	356
33	404
34	90
34	255
34	325
34	356
34	404
35	90
35	255
35	325
35	356
35	404
36	90
36	255
36	325
36	356
36	404
37	90
37	255
37	325
37	356
37	404
38	90
38	255
38	325
38	356
38	404
39	90
39	255
39	325
39	356
39	404
40	90
40	255
40	325
40	356
40	404
41	90
41	255
41	325
41	356
41	404
42	90
42	255
42	325
42	356
42	404
43	90
43	255
43	325
43	356
43	404
44	90
44	255
44	325
44	356
44	404
45	90
45	255
45	325
45	356
45	404
46	90
46	255
46	325
46	356
46	404
47	90
47	255
47	325
47	356
47	404
48	90
48	255
48	325
48	356
48	404
49	90
49	255
49	325
49	356
49	404
50	90
50	255
50	325
50	356
50	404
51	90
51	255
51	325
51	356
51	404
52	90
52	255
52	325
52	356
52	404
53	90
53	255
53	325
53	356
53	404
54	90
54	255
54	325
54	356
54	404
55	90
55	255
55	325
55	356
55	404
56	90
56	255
56	325
56	356
56	404
57	90
57	255
57	325
57	356
57	404
58	90
58	255
58	325
58	356
58	404
59	90
59	255
59	325
59	356
59	404
60	90
60	255
60	325
60	356
60	404
61	90
61	255
61	325
61	356
61	404
62	90
62	255
62	325
62	356
62	404
63	90
63	255
63	325
63	356
63	404
64	90
64	255
64	325
64	356
64	404
65	90
65	255
65	325
65	356
65	404
66	90
66	255
66	325
66	356
66	404
67	90
67	255
67	325
67	356
67	404
68	90
68	255
68	325
68	356
68	404
69	90
69	255
69	325
69	356
69	404
70	90
70	255
70	325
70	356
70	404
71	90
71	255
71	325
71	356
71	404
72	90
72	255
72	325
72	356
72	404
73	90
73	255
73	325
73	356
73	404
74	90
74	255
74	325
74	356
74	404
75	90
75	255
75	325
75	356
75	404
76	90
76	255
76	325
76	356
76	404
77	90
77	255
77	325
77	356
77	404
78	90
78	255
78	325
78	356
78	404
79	90
79	255
79	325
79	356
79	404
80	90
80	255
80	325
80	356
80	404
81	90
81	255
81	325
81	356
81	404
82	90
82	255
82	325
82	356
82	404
83	90
83	255
83	325
83	356
83	404
84	90
84	255
84	325
84	356
84	404
85	90
85	255
85	325
85	356
85	404
86	90
86	255
86	325
86	356
86	404
87	90
87	255
87	325
87	356
87	404
88	90
88	255
88	325
88	356
88	404
89	90
89	255
89	325
89	356
89	404
90	91
90	92
90	93
90	94
90	95
90	96
90	97
90	98
90	99
90	100
90	101
90	102
90	103
90	104
90	105
90	106
90	107
90	108
90	109
90	110
90	111
90	112
90	113
90	114
90	115
90	116
90	117
90	118
90	119
90	120
90	121
90	122
90	123
90	124
90	125
90	126
90	127
90	128
90	129
90	130
90	131
90	132
90	133
90	134
90	135
90	136
90	137
90	138
90	139
90	140
90	141
90	142
90	143
90	144
90	145
90	146
90	147
90	148
90	149
90	150
90	151
90	152
90	153
90	154
90	155
90	156
90	157
90	158
90	159
90	160
90	161
90	162
90	163
90	164
90	165
90	166
90	167
90	168
90	169
90	170
90	171
90	172
90	173
90	174
90	175
90	176
90	177
90	178
90	179
90	180
90	181
90	182
90	183
90	184
90	185
90	186
90	187
90	188
90	189
90	190
90	191
90	192
90	193
90	194
90	195
90	196
90	197
90	198
90	199
90	200
90	201
90	202
90	203
90	204
90	205
90	206
90	207
90	208
90	209
90	210
90	211
90	212
90	213
90	214
90	215
90	216
90	217
90	218
90	219
90	220
90	221
90	222
90	223
90	224
90	225
90	226
90	227
90	228
90	229
90	230
90	231
90	232
90	233
90	234
90	235
90	236
90	237
90	238
90	239
90	240
90	241
90	242
90	243
90	244
90	245
90	246
90	247
90	248
90	249
90	250
90	251
90	252
90	253
90	254
90	255
90	256
90	257
90	258
90	259
90	260
90	261
90	262
90	263
90	264
90	265
90	266
90	267
90	268
90	269
90	270
90	271
90	272
90	273
90	274
90	275
90	276
90	277
90	278
90	279
90	280
90	281
90	282
90	283
90	284
90	285
90	286
90	287
90	288
90	289
90	290
90	291
90	292
90	293
90	294
90	295
90	296
90	297
90	298
90	299
90	300
90	301
90	302
90	303
90	304
90	305
90	306
90	307
90	308
90	309
90	310
90	311
90	312
90	313
90	314
90	315
90	316
90	317
90	318
90	319
90	320
90	321
90	322
90	323
90	324
90	325
90	326
90	327
90	328
90	329
90	330
90	331
90	332
90	333
90	334
90	335
90	336
90	337
90	338
90	339
90	340
90	341
90	342
90	343
90	344
90	345
90	346
90	347
90	348
90	349
90	350
90	351
90	352
90	353
90	354
90	355
90	356
90	357
90	358
90	359
90	360
90	361
90	362
90	363
90	364
90	365
90	366
90	367
90	368
90	369
90	370
90	371
90	372
90	373
90	374
90	375
90	376
90	377
90	378
90	379
90	380
90	381
90	382
90	383
90	384
90	385
90	386
90	387
90	388
90	389
90	390
90	391
90	392
90	393
90	394
90	395
90	396
90	397
90	398
90	399
90	400
90	401
90	402
90	403
90	404
90	405
90	406
90	407
90	408
90	409
90	410
90	411
90	412
90	413
90	414
90	415
90	416
90	417
90	418
90	419
90	420
90	421
90	422
91	255
91	325
91	356
91	404
92	255
92	325
92	356
92	404
93	255
93	325
93	356
93	404
94	255
94	325
94	356
94	404
95	255
95	325
95	356
95	404
96	255
96	325
96	356
96	404
97	255
97	325
97	356
97	404
98	255
98	325
98	356
98	404
99	255
99	325
99	356
99	404
100	255
100	325
100	356
100	404
101	255
101	325
101	356
101	404
102	255
102	325
102	356
102	404
103	255
103	325
103	356
103	404
104	255
104	325
104	356
104	404
105	255
105	325
105	356
105	404
106	255
106	325
106	356
106	404
107	255
107	325
107	356
107	404
108	255
108	325
108	356
108	404
109	255
109	325
109	356
109	404
110	255
110	325
110	356
110	404
111	255
111	325
111	356
111	404
112	255
112	325
112	356
112	404
113	255
113	325
113	356
113	404
114	255
114	325
114	356
114	404
115	255
115	325
115	356
115	404
116	255
116	325
116	356
116	404
117	255
117	325
117	356
117	404
118	255
118	325
118	356
118	404
119	255
119	325
119	356
119	404
120	255
120	325
120	356
120	404
121	255
121	325
121	356
121	404
122	255
122	325
122	356
122	404
123	255
123	325
123	356
123	404
124	255
124	325
124	356
124	404
125	255
125	325
125	356
125	404
126	255
126	325
126	356
126	404
127	255
127	325
127	356
127	404
128	255
128	325
128	356
128	404
129	255
129	325
129	356
129	404
130	255
130	325
130	356
130	404
131	255
131	325
131	356
131	404
132	255
132	325
132	356
132	404
133	255
133	325
133	356
133	404
134	255
134	325
134	356
134	404
135	255
135	325
135	356
135	404
136	255
136	325
136	356
136	404
137	255
137	325
137	356
137	404
138	255
138	325
138	356
138	404
139	255
139	325
139	356
139	404
140	255
140	325
140	356
140	404
141	255
141	325
141	356
141	404
142	255
142	325
142	356
142	404
143	255
143	325
143	356
143	404
144	255
144	325
144	356
144	404
145	255
145	325
145	356
145	404
146	255
146	325
146	356
146	404
147	255
147	325
147	356
147	404
148	255
148	325
148	356
148	404
149	255
149	325
149	356
149	404
150	255
150	325
150	356
150	404
151	255
151	325
151	356
151	404
152	255
152	325
152	356
152	404
153	255
153	325
153	356
153	404
154	255
154	325
154	356
154	404
155	255
155	325
155	356
155	404
156	255
156	325
156	356
156	404
157	255
157	325
157	356
157	404
158	255
158	325
158	356
158	404
159	255
159	325
159	356
159	404
160	255
160	325
160	356
160	404
161	255
161	325
161	356
161	404
162	255
162	325
162	356
162	404
163	255
163	325
163	356
163	404
164	255
164	325
164	356
164	404
165	255
165	325
165	356
165	404
166	255
166	325
166	356
166	404
167	255
167	325
167	356
167	404
168	255
168	325
168	356
168	404
169	255
169	325
169	356
169	404
170	255
170	325
170	356
170	404
171	255
171	325
171	356
171	404
172	255
172	325
172	356
172	404
173	255
173	325
173	356
173	404
174	255
174	325
174	356
174	404
175	255
175	325
175	356
175	404
176	255
176	325
176	356
176	404
177	255
177	325
177	356
177	404
178	255
178	325
178	356
178	404
179	255
179	325
179	356
179	404
180	255
180	325
180	356
180	404
181	255
181	325
181	356
181	404
182	255
182	325
182	356
182	404
183	255
183	325
183	356
183	404
184	255
184	325
184	356
184	404
185	255
185	325
185	356
185	404
186	255
186	325
186	356
186	404
187	255
187	325
187	356
187	404
188	255
188	325
188	356
188	404
189	255
189	325
189	356
189	404
190	255
190	325
190	356
190	404
191	255
191	325
191	356
191	404
192	255
192	325
192	356
192	404
193	255
193	325
193	356
193	404
194	255
194	325
194	356
194	404
195	255
195	325
195	356
195	404
196	255
196	325
196	356
196	404
197	255
197	325
197	356
197	404
198	255
198	325
198	356
198	404
199	255
199	325
199	356
199	404
200	255
200	325
200	356
200	404
201	255
201	325
201	356
201	404
202	255
202	325
202	356
202	404
203	255
203	325
203	356
203	404
204	255
204	325
204	356
204	404
205	255
205	325
205	356
205	404
206	255
206	325
206	356
206	404
207	255
207	325
207	356
207	404
208	255
208	325
208	356
208	404
209	255
209	325
209	356
209	404
210	255
210	325
210	356
210	404
211	255
211	325
211	356
211	404
212	255
212	325
212	356
212	404
213	255
213	325
213	356
213	404
214	255
214	325
214	356
214	404
215	255
215	325
215	356
215	404
216	255
216	325
216	356
216	404
217	255
217	325
217	356
217	404
218	255
218	325
218	356
218	404
219	255
219	325
219	356
219	404
220	255
220	325
220	356
220	404
221	255
221	325
221	356
221	404
222	255
222	325
222	356
222	404
223	255
223	325
223	356
223	404
224	255
224	325
224	356
224	404
225	255
225	325
225	356
225	404
226	255
226	325
226	356
226	404
227	255
227	325
227	356
227	404
228	255
228	325
228	356
228	404
229	255
229	325
229	356
229	404
230	255
230	325
230	356
230	404
231	255
231	325
231	356
231	404
232	255
232	325
232	356
232	404
233	255
233	325
233	356
233	404
234	255
234	325
234	356
234	404
235	255
235	325
235	356
235	404
236	255
236	325
236	356
236	404
237	255
237	325
237	356
237	404
238	255
238	325
238	356
238	404
239	255
239	325
239	356
239	404
240	255
240	325
240	356
240	404
241	255
241	325
241	356
241	404
242	255
242	325
242	356
242	404
243	255
243	325
243	356
243	404
244	255
244	325
244	356
244	404
245	255
245	325
245	356
245	404
246	255
246	325
246	356
246	404
247	255
247	325
247	356
247	404
248	255
248	325
248	356
248	404
249	255
249	325
249	356
249	404
250	255
250	325
250	356
250	404
251	255
251	325
251	356
251	404
252	255
252	325
252	356
252	404
253	255
253	325
253	356
253	404
254	255
254	325
254	356
254	404
255	256
255	257
255	258
255	259
255	260
255	261
255	262
255	263
255	264
255	265
255	266
255	267
255	268
255	269
255	270
255	271
255	272
255	273
255	274
255	275
255	276
255	277
255	278
255	279
255	280
255	281
255	282
255	283
255	284
255	285
255	286
255	287
255	288
255	289
255	290
255	291
255	292
255	293
255	294
255	295
255	296
255	297
255	298
255	299
255	300
255	301
255	302
255	303
255	304
255	305
255	306
255	307
255	308
255	309
255	310
255	311
255	312
255	313
255	314
255	315
255	316
255	317
255	318
255	319
255	320
255	321
255	322
255	323
255	324
255	325
255	326
255	327
255	328
255	329
255	330
255	331
255	332
255	333
255	334
255	335
255	336
255	337
255	338
255	339
255	340
255	341
255	342
255	343
255	344
255	345
255	346
255	347
255	348
255	349
255	350
255	351
255	352
255	353
255	354
255	355
255	356
255	357
255	358
255	359
255	360
255	361
255	362
255	363
255	364
255	365
255	366
255	367
255	368
255	369
255	370
255	371
255	372
255	373
255	374
255	375
255	376
255	377
255	378
255	379
255	380
255	381
255	382
255	383
255	384
255	385
255	386
255	387
255	388
255	389
255	390
255	391
255	392
255	393
255	394
255	395
255	396
255	397
255	398
255	399
255	400
255	401
255	402
255	403
255	404
255	405
255	406
255	407
255	408
255	409
255	410
255	411
255	412
255	413
255	414
255	415
255	416
255	417
255	418
255	419
255	420
255	421
255	422
256	325
256	356
256	404
257	325
257	356
257	404
258	325
258	356
258	404
259	325
259	356
259	404
260	325
260	356
260	404
261	325
261	356
261	404
262	325
262	356
262	404
263	325
263	356
263	404
264	325
264	356
264	404
265	325
265	356
265	404
266	325
266	356
266	404
267	325
267	356
267	404
268	325
268	356
268	404
269	325
269	356
269	404
270	325
270	356
270	404
271	325
271	356
271	404
272	325
272	356
272	404
273	325
273	356
273	404
274	325
274	356
274	404
275	325
275	356
275	404
276	325
276	356
276	404
277	325
277	356
277	404
278	325
278	356
278	404
279	325
279	356
279	404
280	325
280	356
280	404
281	325
281	356
281	404
282	325
282	356
282	404
283	325
283	356
283	404
284	325
284	356
284	404
285	325
285	356
285	404
286	325
286	356
286	404
287	325
287	356
287	404
288	325
288	356
288	404
289	325
289	356
289	404
290	325
290	356
290	404
291	325
291	356
291	404
292	325
292	356
292	404
293	325
293	356
293	404
294	325
294	356
294	404
295	325
295	356
295	404
296	325
296	356
296	404
297	325
297	356
297	404
298	325
298	356
298	404
299	325
299	356
299	404
300	325
300	356
300	404
301	325
301	356
301	404
302	325
302	356
302	404
303	325
303	356
303	404
304	325
304	356
304	404
305	325
305	356
305	404
306	325
306	356
306	404
307	325
307	356
307	404
308	325
308	356
308	404
309	325
309	356
309	404
310	325
310	356
310	404
311	325
311	356
311	404
312	325
312	356
312	404
313	325
313	356
313	404
314	325
314	356
314	404
315	325
315	356
315	404
316	325
316	356
316	404
317	325
317	356
317	404
318	325
318	356
318	404
319	325
319	356
319	404
320	325
320	356
320	404
321	325
321	356
321	404
322	325
322	356
322	404
323	325
323	356
323	404
324	325
324	356
324	404
325	326
325	327
325	328
325	329
325	330
325	331
325	332
325	333
325	334
325	335
325	336
325	337
325	338
325	339
325	340
325	341
325	342
325	343
325	344
325	345
325	346
325	347
325	348
325	349
325	350
325	351
325	352
325	353
325	354
325	355
325	356
325	357
325	358
325	359
325	360
325	361
325	362
325	363
325	364
325	365
325	366
325	367
325	368
325	369
325	370
325	371
325	372
325	373
325	374
325	375
325	376
325	377
325	378
325	379
325	380
325	381
325	382
325	383
325	384
325	385
325	386
325	387
325	388
325	389
325	390
325	391
325	392
325	393
325	394
325	395
325	396
325	397
325	398
325	399
325	400
325	401
325	402
325	403
325	404
325	405
325	406
325	407
325	408
325	409
325	410
325	411
325	412
325	413
325	414
325	415
325	416
325	417
325	418
325	419
325	420
325	421
325	422
326	356
326	404
327	356
327	404
328	356
328	404
329	356
329	404
330	356
330	404
331	356
331	404
332	356
332	404
333	356
333	404
334	356
334	404
335	356
335	404
336	356
336	404
337	356
337	404
338	356
338	404
339	356
339	404
340	356
340	404
341	356
341	404
342	356
342	404
343	356
343	404
344	356
344	404
345	356
345	404
346	356
346	404
347	356
347	404
348	356
348	404
349	356
349	404
350	356
350	404
351	356
351	404
352	356
352	404
353	356
353	404
354	356
354	404
355	356
355	404
356	357
356	358
356	359
356	360
356	361
356	362
356	363
356	364
356	365
356	366
356	367
356	368
356	369
356	370
356	371
356	372
356	373
356	374
356	375
356	376
356	377
356	378
356	379
356	380
356	381
356	382
356	383
356	384
356	385
356	386
356	387
356	388
356	389
356	390
356	391
356	392
356	393
356	394
356	395
356	396
356	397
356	398
356	399
356	400
356	401
356	402
356	403
356	404
356	405
356	406
356	407
356	408
356	409
356	410
356	411
356	412
356	413
356	414
356	415
356	416
356	417
356	418
356	419
356	420
356	421
356	422
357	404
358	404
359	404
360	404
361	404
362	404
363	404
364	404
365	404
366	404
367	404
368	404
369	404
370	404
371	404
372	404
373	404
374	404
375	404
376	404
377	404
378	404
379	404
380	404
381	404
382	404
383	404
384	404
385	404
386	404
387	404
388	404
389	404
390	404
391	404
392	404
393	404
394	404
395	404
396	404
397	404
398	404
399	404
400	404
401	404
402	404
403	404
404	405
404	406
404	407
404	408
404	409
404	410
404	411
404	412
404	413
404	414
404	415
404	416
404	417
404	418
404	419
404	420
404	421
404	422