194	182
1	147
1	151
1	152
1	153
1	160
1	163
1	169
1	170
1	171
1	172
1	180
1	181
1	183
1	184
1	190
1	191
1	192
1	193
1	194
2	191
2	192
2	194
3	147
3	151
3	152
3	153
3	160
3	163
3	169
3	170
3	171
3	172
3	180
3	181
3	183
3	184
3	190
3	191
3	192
3	193
3	194
4	191
4	192
4	194
5	191
5	192
5	194
6	191
6	192
6	194
7	132
7	135
7	147
7	151
7	152
7	153
7	160
7	163
7	164
7	169
7	170
7	171
7	172
7	180
7	181
7	183
7	184
7	190
7	191
7	192
7	193
7	194
8	191
8	192
8	194
9	191
9	192
9	194
10	191
10	192
11	191
11	192
12	191
12	192
12	194
13	191
13	192
13	194
14	191
14	192
15	191
15	192
16	191
16	192
16	194
17	191
17	192
17	194
18	191
18	192
19	191
19	192
20	191
20	192
21	192
22	192
23	191
23	192
24	192
25	192
26	192
27	192
28	192
29	192
30	191
30	192
31	191
31	192
31	194
32	191
32	192
32	194
33	192
34	192
35	192
36	192
37	192
38	191
38	192
39	192
42	192
44	192
45	192
46	192
47	192
48	192
49	192
50	192
51	192
52	192
56	192
57	192
58	192
60	192
61	192
62	192
63	192
65	192
66	192
69	192
78	192
80	192
81	192
83	192
84	192
86	192
87	192
89	192
90	192
91	192
92	192
94	192
95	192
96	192
98	192
99	192
100	192
103	192
106	192
108	192
109	192
113	192
114	191
114	192
116	192
118	192
122	192
127	192
138	192
147	192
148	192
149	192