194	4672
1	4
1	5
1	6
1	7
1	8
1	10
1	21
1	24
1	25
1	26
1	27
1	29
1	30
1	31
1	32
1	33
1	34
1	35
1	36
1	37
1	38
1	39
1	40
1	41
1	42
1	43
1	44
1	45
1	46
1	47
1	48
1	49
1	50
1	51
1	52
1	53
1	54
1	55
1	56
1	57
1	58
1	59
1	60
1	61
1	62
1	63
1	64
1	65
1	66
1	67
1	68
1	69
1	70
1	71
1	72
1	73
1	74
1	75
1	76
1	77
1	78
1	79
1	80
1	81
1	82
1	83
1	84
1	85
1	86
1	87
1	88
1	89
1	90
1	91
1	92
1	93
1	94
1	95
1	96
1	97
1	98
1	99
1	100
1	101
1	102
1	103
1	104
1	105
1	106
1	107
1	108
1	109
1	110
1	111
1	112
1	113
1	114
1	115
1	116
1	117
1	118
1	119
1	120
1	121
1	122
1	123
1	124
1	125
1	126
1	127
1	128
1	129
1	130
1	131
1	132
1	133
1	134
1	135
1	136
1	137
1	138
1	139
1	140
1	141
1	142
1	143
1	144
1	145
1	146
1	147
1	148
1	149
1	150
1	151
1	152
1	153
1	154
1	155
1	156
1	157
1	158
1	159
1	160
1	161
1	162
1	163
1	164
1	165
1	166
1	167
1	168
1	169
1	170
1	171
1	172
1	173
1	174
1	175
1	176
1	177
1	178
1	179
1	180
1	181
1	182
1	183
1	184
1	185
1	186
1	187
1	188
1	189
1	190
1	191
1	192
1	193
1	194
2	4
2	7
2	31
2	32
2	35
2	36
2	37
2	38
2	39
2	40
2	42
2	43
2	44
2	50
2	51
2	52
2	55
2	56
2	57
2	58
2	59
2	61
2	62
2	63
2	64
2	65
2	66
2	68
2	70
2	72
2	73
2	75
2	76
2	77
2	78
2	79
2	80
2	81
2	82
2	83
2	84
2	85
2	88
2	89
2	90
2	91
2	92
2	94
2	95
2	98
2	99
2	100
2	102
2	103
2	104
2	105
2	106
2	107
2	108
2	109
2	110
2	111
2	112
2	113
2	114
2	115
2	116
2	117
2	118
2	119
2	120
2	121
2	122
2	123
2	124
2	125
2	126
2	127
2	128
2	129
2	130
2	131
2	132
2	133
2	134
2	135
2	136
2	137
2	138
2	139
2	140
2	141
2	142
2	143
2	144
2	145
2	146
2	147
2	148
2	149
2	150
2	151
2	152
2	153
2	154
2	155
2	156
2	157
2	158
2	159
2	160
2	161
2	162
2	163
2	164
2	165
2	166
2	167
2	168
2	169
2	170
2	171
2	172
2	173
2	174
2	175
2	176
2	177
2	178
2	179
2	180
2	181
2	182
2	183
2	184
2	185
2	186
2	187
2	188
2	189
2	190
2	191
2	192
2	193
2	194
3	4
3	5
3	6
3	7
3	8
3	10
3	21
3	24
3	25
3	26
3	27
3	29
3	30
3	31
3	32
3	33
3	34
3	35
3	36
3	37
3	38
3	39
3	40
3	41
3	42
3	43
3	44
3	45
3	46
3	47
3	48
3	49
3	50
3	51
3	52
3	53
3	54
3	55
3	56
3	57
3	58
3	59
3	60
3	61
3	62
3	63
3	64
3	65
3	66
3	67
3	68
3	69
3	70
3	71
3	72
3	73
3	74
3	75
3	76
3	77
3	78
3	79
3	80
3	81
3	82
3	83
3	84
3	85
3	86
3	87
3	88
3	89
3	90
3	91
3	92
3	93
3	94
3	95
3	96
3	97
3	98
3	99
3	100
3	101
3	102
3	103
3	104
3	105
3	106
3	107
3	108
3	109
3	110
3	111
3	112
3	113
3	114
3	115
3	116
3	117
3	118
3	119
3	120
3	121
3	122
3	123
3	124
3	125
3	126
3	127
3	128
3	129
3	130
3	131
3	132
3	133
3	134
3	135
3	136
3	137
3	138
3	139
3	140
3	141
3	142
3	143
3	144
3	145
3	146
3	147
3	148
3	149
3	150
3	151
3	152
3	153
3	154
3	155
3	156
3	157
3	158
3	159
3	160
3	161
3	162
3	163
3	164
3	165
3	166
3	167
3	168
3	169
3	170
3	171
3	172
3	173
3	174
3	175
3	176
3	177
3	178
3	179
3	180
3	181
3	182
3	183
3	184
3	185
3	186
3	187
3	188
3	189
3	190
3	191
3	192
3	193
3	194
4	23
4	31
4	32
4	37
4	38
4	40
4	42
4	44
4	46
4	50
4	51
4	55
4	56
4	60
4	61
4	62
4	63
4	64
4	65
4	66
4	67
4	72
4	73
4	76
4	77
4	78
4	79
4	80
4	81
4	82
4	83
4	84
4	89
4	90
4	92
4	94
4	95
4	96
4	97
4	98
4	99
4	100
4	102
4	103
4	104
4	105
4	106
4	107
4	108
4	109
4	110
4	111
4	112
4	113
4	114
4	115
4	116
4	117
4	118
4	119
4	120
4	121
4	122
4	123
4	124
4	125
4	126
4	127
4	128
4	129
4	130
4	131
4	132
4	133
4	134
4	135
4	136
4	137
4	138
4	139
4	140
4	141
4	142
4	143
4	144
4	145
4	146
4	147
4	148
4	149
4	150
4	151
4	152
4	153
4	154
4	155
4	156
4	157
4	158
4	159
4	160
4	161
4	162
4	163
4	164
4	165
4	166
4	167
4	168
4	169
4	170
4	171
4	172
4	173
4	174
4	175
4	176
4	177
4	178
4	179
4	180
4	181
4	182
4	183
4	184
4	185
4	186
4	187
4	188
4	189
4	190
4	191
4	192
4	193
4	194
5	31
5	32
5	37
5	38
5	40
5	42
5	44
5	46
5	50
5	51
5	55
5	56
5	60
5	61
5	62
5	63
5	64
5	65
5	66
5	67
5	72
5	73
5	76
5	77
5	78
5	79
5	80
5	81
5	82
5	83
5	84
5	89
5	90
5	92
5	94
5	95
5	96
5	97
5	98
5	99
5	100
5	102
5	103
5	104
5	105
5	106
5	107
5	108
5	109
5	110
5	111
5	112
5	113
5	114
5	115
5	116
5	117
5	118
5	119
5	120
5	121
5	122
5	123
5	124
5	125
5	126
5	127
5	128
5	129
5	130
5	131
5	132
5	133
5	134
5	135
5	136
5	137
5	138
5	139
5	140
5	141
5	142
5	143
5	144
5	145
5	146
5	147
5	148
5	149
5	150
5	151
5	152
5	153
5	154
5	155
5	156
5	157
5	158
5	159
5	160
5	161
5	162
5	163
5	164
5	165
5	166
5	167
5	168
5	169
5	170
5	171
5	172
5	173
5	174
5	175
5	176
5	177
5	178
5	179
5	180
5	181
5	182
5	183
5	184
5	185
5	186
5	187
5	188
5	189
5	190
5	191
5	192
5	193
5	194
6	31
6	32
6	37
6	38
6	40
6	42
6	44
6	46
6	50
6	51
6	55
6	56
6	60
6	61
6	62
6	63
6	64
6	65
6	66
6	67
6	72
6	73
6	76
6	77
6	78
6	79
6	80
6	81
6	82
6	83
6	84
6	89
6	90
6	92
6	94
6	95
6	96
6	97
6	98
6	99
6	100
6	102
6	103
6	104
6	105
6	106
6	107
6	108
6	109
6	110
6	111
6	112
6	113
6	114
6	115
6	116
6	117
6	118
6	119
6	120
6	121
6	122
6	123
6	124
6	125
6	126
6	127
6	128
6	129
6	130
6	131
6	132
6	133
6	134
6	135
6	136
6	137
6	138
6	139
6	140
6	141
6	142
6	143
6	144
6	145
6	146
6	147
6	148
6	149
6	150
6	151
6	152
6	153
6	154
6	155
6	156
6	157
6	158
6	159
6	160
6	161
6	162
6	163
6	164
6	165
6	166
6	167
6	168
6	169
6	170
6	171
6	172
6	173
6	174
6	175
6	176
6	177
6	178
6	179
6	180
6	181
6	182
6	183
6	184
6	185
6	186
6	187
6	188
6	189
6	190
6	191
6	192
6	193
6	194
7	21
7	22
7	23
7	24
7	25
7	26
7	27
7	29
7	30
7	31
7	32
7	33
7	35
7	36
7	37
7	38
7	39
7	40
7	41
7	42
7	43
7	44
7	45
7	46
7	47
7	48
7	49
7	50
7	51
7	52
7	53
7	54
7	55
7	56
7	57
7	58
7	59
7	60
7	61
7	62
7	63
7	64
7	65
7	66
7	67
7	68
7	69
7	70
7	71
7	72
7	73
7	74
7	75
7	76
7	77
7	78
7	79
7	80
7	81
7	82
7	83
7	84
7	85
7	86
7	87
7	88
7	89
7	90
7	91
7	92
7	93
7	94
7	95
7	96
7	97
7	98
7	99
7	100
7	101
7	102
7	103
7	104
7	105
7	106
7	107
7	108
7	109
7	110
7	111
7	112
7	113
7	114
7	115
7	116
7	117
7	118
7	119
7	120
7	121
7	122
7	123
7	124
7	125
7	126
7	127
7	128
7	129
7	130
7	131
7	132
7	133
7	134
7	135
7	136
7	137
7	138
7	139
7	140
7	141
7	142
7	143
7	144
7	145
7	146
7	147
7	148
7	149
7	150
7	151
7	152
7	153
7	154
7	155
7	156
7	157
7	158
7	159
7	160
7	161
7	162
7	163
7	164
7	165
7	166
7	167
7	168
7	169
7	170
7	171
7	172
7	173
7	174
7	175
7	176
7	177
7	178
7	179
7	180
7	181
7	182
7	183
7	184
7	185
7	186
7	187
7	188
7	189
7	190
7	191
7	192
7	193
7	194
8	31
8	32
8	37
8	38
8	40
8	42
8	44
8	46
8	50
8	51
8	55
8	56
8	60
8	61
8	62
8	63
8	64
8	65
8	66
8	67
8	72
8	73
8	76
8	77
8	78
8	79
8	80
8	81
8	82
8	83
8	84
8	89
8	90
8	92
8	94
8	95
8	96
8	97
8	98
8	99
8	100
8	102
8	103
8	104
8	105
8	106
8	107
8	108
8	109
8	110
8	111
8	112
8	113
8	114
8	115
8	116
8	117
8	118
8	119
8	120
8	121
8	122
8	123
8	124
8	125
8	126
8	127
8	128
8	129
8	130
8	131
8	132
8	133
8	134
8	135
8	136
8	137
8	138
8	139
8	140
8	141
8	142
8	143
8	144
8	145
8	146
8	147
8	148
8	149
8	150
8	151
8	152
8	153
8	154
8	155
8	156
8	157
8	158
8	159
8	160
8	161
8	162
8	163
8	164
8	165
8	166
8	167
8	168
8	169
8	170
8	171
8	172
8	173
8	174
8	175
8	176
8	177
8	178
8	179
8	180
8	181
8	182
8	183
8	184
8	185
8	186
8	187
8	188
8	189
8	190
8	191
8	192
8	193
8	194
9	35
9	37
9	38
9	43
9	44
9	51
9	55
9	56
9	59
9	61
9	62
9	63
9	64
9	65
9	66
9	68
9	70
9	72
9	73
9	75
9	76
9	77
9	78
9	80
9	81
9	82
9	83
9	84
9	85
9	88
9	89
9	90
9	91
9	92
9	94
9	95
9	98
9	99
9	100
9	104
9	105
9	106
9	107
9	108
9	109
9	110
9	111
9	112
9	113
9	114
9	115
9	116
9	117
9	118
9	119
9	120
9	121
9	122
9	123
9	124
9	125
9	126
9	127
9	128
9	129
9	130
9	131
9	132
9	133
9	134
9	135
9	136
9	137
9	138
9	139
9	140
9	141
9	142
9	143
9	144
9	145
9	146
9	147
9	148
9	149
9	150
9	151
9	152
9	153
9	154
9	155
9	156
9	157
9	158
9	159
9	160
9	161
9	162
9	163
9	164
9	165
9	166
9	167
9	168
9	169
9	170
9	171
9	172
9	173
9	174
9	175
9	176
9	177
9	178
9	179
9	180
9	181
9	182
9	183
9	184
9	185
9	186
9	187
9	188
9	189
9	190
9	191
9	192
9	193
9	194
10	114
10	118
10	122
10	123
10	124
10	130
10	131
10	132
10	133
10	134
10	135
10	136
10	137
10	138
10	139
10	140
10	141
10	142
10	143
10	144
10	145
10	146
10	147
10	150
10	151
10	152
10	153
10	154
10	155
10	156
10	157
10	158
10	159
10	160
10	161
10	162
10	163
10	164
10	165
10	166
10	167
10	168
10	169
10	170
10	171
10	172
10	173
10	174
10	175
10	176
10	177
10	178
10	179
10	180
10	181
10	182
10	183
10	184
10	185
10	186
10	187
10	188
10	189
10	190
10	191
10	192
10	193
10	194
11	38
11	81
11	92
11	114
11	115
11	118
11	119
11	120
11	121
11	122
11	123
11	124
11	127
11	130
11	131
11	132
11	133
11	134
11	135
11	136
11	137
11	138
11	139
11	140
11	141
11	142
11	143
11	144
11	145
11	146
11	147
11	148
11	149
11	150
11	151
11	152
11	153
11	154
11	155
11	156
11	157
11	158
11	159
11	160
11	161
11	162
11	163
11	164
11	165
11	166
11	167
11	168
11	169
11	170
11	171
11	172
11	173
11	174
11	175
11	176
11	177
11	178
11	179
11	180
11	181
11	182
11	183
11	184
11	185
11	186
11	187
11	188
11	189
11	190
11	191
11	192
11	193
11	194
12	31
12	32
12	37
12	38
12	42
12	44
12	51
12	55
12	56
12	61
12	62
12	63
12	65
12	66
12	72
12	73
12	76
12	77
12	78
12	79
12	81
12	82
12	83
12	84
12	89
12	90
12	92
12	94
12	95
12	98
12	99
12	100
12	102
12	103
12	104
12	105
12	106
12	107
12	108
12	109
12	110
12	111
12	112
12	113
12	114
12	115
12	116
12	117
12	118
12	119
12	120
12	121
12	122
12	123
12	124
12	125
12	126
12	127
12	128
12	129
12	130
12	131
12	132
12	133
12	134
12	135
12	136
12	137
12	138
12	139
12	140
12	141
12	142
12	143
12	144
12	145
12	146
12	147
12	148
12	149
12	150
12	151
12	152
12	153
12	154
12	155
12	156
12	157
12	158
12	159
12	160
12	161
12	162
12	163
12	164
12	165
12	166
12	167
12	168
12	169
12	170
12	171
12	172
12	173
12	174
12	175
12	176
12	177
12	178
12	179
12	180
12	181
12	182
12	183
12	184
12	185
12	186
12	187
12	188
12	189
12	190
12	191
12	192
12	193
12	194
13	37
13	38
13	44
13	51
13	55
13	56
13	61
13	62
13	63
13	65
13	66
13	72
13	73
13	76
13	77
13	78
13	81
13	82
13	83
13	84
13	89
13	90
13	92
13	94
13	95
13	98
13	99
13	100
13	104
13	105
13	106
13	107
13	108
13	109
13	110
13	111
13	112
13	113
13	114
13	115
13	116
13	117
13	118
13	119
13	120
13	121
13	122
13	123
13	124
13	125
13	126
13	127
13	128
13	129
13	130
13	131
13	132
13	133
13	134
13	135
13	136
13	137
13	138
13	139
13	140
13	141
13	142
13	143
13	144
13	145
13	146
13	147
13	148
13	149
13	150
13	151
13	152
13	153
13	154
13	155
13	156
13	157
13	158
13	159
13	160
13	161
13	162
13	163
13	164
13	165
13	166
13	167
13	168
13	169
13	170
13	171
13	172
13	173
13	174
13	175
13	176
13	177
13	178
13	179
13	180
13	181
13	182
13	183
13	184
13	185
13	186
13	187
13	188
13	189
13	190
13	191
13	192
13	193
13	194
14	38
14	92
14	114
14	118
14	119
14	122
14	127
14	130
14	131
14	132
14	133
14	134
14	135
14	136
14	140
14	141
14	142
14	143
14	144
14	145
14	146
14	147
14	148
14	149
14	150
14	151
14	152
14	153
14	154
14	155
14	156
14	157
14	158
14	159
14	160
14	161
14	162
14	163
14	164
14	165
14	166
14	167
14	168
14	169
14	170
14	171
14	172
14	173
14	174
14	175
14	176
14	177
14	178
14	179
14	180
14	181
14	182
14	183
14	184
14	185
14	186
14	187
14	188
14	189
14	190
14	191
14	192
14	193
14	194
15	114
15	115
15	118
15	121
15	122
15	123
15	124
15	130
15	131
15	132
15	133
15	134
15	135
15	136
15	137
15	138
15	139
15	140
15	141
15	142
15	143
15	144
15	145
15	146
15	147
15	150
15	151
15	152
15	153
15	154
15	155
15	156
15	157
15	158
15	159
15	160
15	161
15	162
15	163
15	164
15	165
15	166
15	167
15	168
15	169
15	170
15	171
15	172
15	173
15	174
15	175
15	176
15	177
15	178
15	179
15	180
15	181
15	182
15	183
15	184
15	185
15	186
15	187
15	188
15	189
15	190
15	191
15	192
15	193
15	194
16	31
16	32
16	35
16	37
16	38
16	39
16	42
16	43
16	44
16	51
16	55
16	56
16	58
16	61
16	62
16	63
16	65
16	66
16	68
16	70
16	72
16	73
16	75
16	76
16	77
16	78
16	79
16	81
16	82
16	83
16	84
16	85
16	89
16	90
16	91
16	92
16	94
16	95
16	98
16	99
16	100
16	102
16	103
16	104
16	105
16	106
16	107
16	108
16	109
16	110
16	111
16	112
16	113
16	114
16	115
16	116
16	117
16	118
16	119
16	120
16	121
16	122
16	123
16	124
16	125
16	126
16	127
16	128
16	129
16	130
16	131
16	132
16	133
16	134
16	135
16	136
16	137
16	138
16	139
16	140
16	141
16	142
16	143
16	144
16	145
16	146
16	147
16	148
16	149
16	150
16	151
16	152
16	153
16	154
16	155
16	156
16	157
16	158
16	159
16	160
16	161
16	162
16	163
16	164
16	165
16	166
16	167
16	168
16	169
16	170
16	171
16	172
16	173
16	174
16	175
16	176
16	177
16	178
16	179
16	180
16	181
16	182
16	183
16	184
16	185
16	186
16	187
16	188
16	189
16	190
16	191
16	192
16	193
16	194
17	35
17	37
17	38
17	43
17	44
17	51
17	55
17	56
17	59
17	61
17	62
17	63
17	64
17	65
17	66
17	68
17	70
17	72
17	73
17	75
17	76
17	77
17	78
17	80
17	81
17	82
17	83
17	84
17	85
17	88
17	89
17	90
17	91
17	92
17	94
17	95
17	98
17	99
17	100
17	104
17	105
17	106
17	107
17	108
17	109
17	110
17	111
17	112
17	113
17	114
17	115
17	116
17	117
17	118
17	119
17	120
17	121
17	122
17	123
17	124
17	125
17	126
17	127
17	128
17	129
17	130
17	131
17	132
17	133
17	134
17	135
17	136
17	137
17	138
17	139
17	140
17	141
17	142
17	143
17	144
17	145
17	146
17	147
17	148
17	149
17	150
17	151
17	152
17	153
17	154
17	155
17	156
17	157
17	158
17	159
17	160
17	161
17	162
17	163
17	164
17	165
17	166
17	167
17	168
17	169
17	170
17	171
17	172
17	173
17	174
17	175
17	176
17	177
17	178
17	179
17	180
17	181
17	182
17	183
17	184
17	185
17	186
17	187
17	188
17	189
17	190
17	191
17	192
17	193
17	194
18	38
18	81
18	92
18	114
18	115
18	118
18	119
18	120
18	121
18	122
18	123
18	124
18	127
18	130
18	131
18	132
18	133
18	134
18	135
18	136
18	137
18	138
18	139
18	140
18	141
18	142
18	143
18	144
18	145
18	146
18	147
18	148
18	149
18	150
18	151
18	152
18	153
18	154
18	155
18	156
18	157
18	158
18	159
18	160
18	161
18	162
18	163
18	164
18	165
18	166
18	167
18	168
18	169
18	170
18	171
18	172
18	173
18	174
18	175
18	176
18	177
18	178
18	179
18	180
18	181
18	182
18	183
18	184
18	185
18	186
18	187
18	188
18	189
18	190
18	191
18	192
18	193
18	194
19	38
19	81
19	92
19	114
19	115
19	118
19	119
19	120
19	121
19	122
19	123
19	124
19	127
19	130
19	131
19	132
19	133
19	134
19	135
19	136
19	137
19	138
19	139
19	140
19	141
19	142
19	143
19	144
19	145
19	146
19	147
19	148
19	149
19	150
19	151
19	152
19	153
19	154
19	155
19	156
19	157
19	158
19	159
19	160
19	161
19	162
19	163
19	164
19	165
19	166
19	167
19	168
19	169
19	170
19	171
19	172
19	173
19	174
19	175
19	176
19	177
19	178
19	179
19	180
19	181
19	182
19	183
19	184
19	185
19	186
19	187
19	188
19	189
19	190
19	191
19	192
19	193
19	194
20	81
20	92
20	114
20	118
20	120
20	121
20	122
20	123
20	127
20	130
20	131
20	132
20	133
20	134
20	135
20	136
20	137
20	138
20	139
20	140
20	141
20	142
20	143
20	144
20	145
20	146
20	147
20	150
20	151
20	152
20	153
20	154
20	155
20	156
20	157
20	158
20	159
20	160
20	161
20	162
20	163
20	164
20	165
20	166
20	167
20	168
20	169
20	170
20	171
20	172
20	173
20	174
20	175
20	176
20	177
20	178
20	179
20	180
20	181
20	182
20	183
20	184
20	185
20	186
20	187
20	188
20	189
20	190
20	191
20	192
20	193
20	194
21	114
21	132
21	135
21	140
21	141
21	142
21	143
21	147
21	150
21	151
21	152
21	153
21	155
21	156
21	157
21	160
21	163
21	164
21	169
21	170
21	171
21	172
21	180
21	181
21	183
21	184
21	190
21	191
21	192
21	193
21	194
22	147
22	151
22	152
22	153
22	156
22	160
22	163
22	169
22	170
22	171
22	172
22	180
22	181
22	183
22	184
22	190
22	191
22	192
22	193
22	194
23	94
23	114
23	118
23	127
23	130
23	131
23	132
23	133
23	134
23	135
23	136
23	140
23	141
23	142
23	143
23	144
23	145
23	146
23	147
23	150
23	151
23	152
23	153
23	154
23	155
23	156
23	157
23	158
23	159
23	160
23	161
23	162
23	163
23	164
23	165
23	166
23	167
23	168
23	169
23	170
23	171
23	172
23	173
23	174
23	175
23	176
23	177
23	178
23	179
23	180
23	181
23	182
23	183
23	184
23	185
23	186
23	187
23	188
23	189
23	190
23	191
23	192
23	193
23	194
24	132
24	135
24	142
24	147
24	150
24	151
24	152
24	153
24	155
24	160
24	163
24	164
24	169
24	170
24	171
24	172
24	180
24	181
24	183
24	184
24	190
24	191
24	192
24	193
24	194
25	132
25	135
25	141
25	147
25	151
25	152
25	153
25	156
25	160
25	163
25	164
25	169
25	170
25	171
25	172
25	180
25	181
25	183
25	184
25	190
25	191
25	192
25	193
25	194
26	132
26	135
26	141
26	142
26	147
26	150
26	151
26	152
26	153
26	155
26	156
26	160
26	163
26	164
26	169
26	170
26	172
26	180
26	181
26	183
26	184
26	190
26	191
26	192
26	193
26	194
27	31
27	32
27	132
27	135
27	142
27	147
27	150
27	151
27	152
27	153
27	155
27	160
27	163
27	164
27	169
27	170
27	171
27	172
27	180
27	181
27	183
27	184
27	190
27	191
27	192
27	193
27	194
28	132
28	135
28	142
28	147
28	150
28	151
28	152
28	153
28	155
28	160
28	163
28	164
28	169
28	170
28	171
28	172
28	180
28	181
28	183
28	184
28	190
28	191
28	192
28	193
28	194
29	132
29	135
29	142
29	147
29	150
29	151
29	152
29	153
29	155
29	160
29	163
29	164
29	169
29	170
29	171
29	172
29	180
29	181
29	183
29	184
29	190
29	191
29	192
29	193
29	194
30	56
30	81
30	110
30	111
30	114
30	115
30	118
30	119
30	120
30	121
30	122
30	123
30	127
30	128
30	129
30	130
30	131
30	132
30	133
30	134
30	135
30	136
30	137
30	138
30	139
30	140
30	141
30	142
30	143
30	144
30	145
30	146
30	147
30	150
30	151
30	152
30	153
30	154
30	155
30	156
30	157
30	158
30	159
30	160
30	161
30	162
30	163
30	164
30	165
30	166
30	167
30	168
30	169
30	170
30	171
30	172
30	173
30	174
30	175
30	176
30	177
30	178
30	179
30	180
30	181
30	182
30	183
30	184
30	185
30	186
30	187
30	188
30	189
30	190
30	191
30	192
30	193
30	194
31	33
31	35
31	36
31	38
31	40
31	42
31	47
31	49
31	50
31	51
31	53
31	56
31	57
31	58
31	60
31	62
31	63
31	64
31	65
31	66
31	67
31	68
31	70
31	72
31	74
31	75
31	76
31	77
31	78
31	80
31	81
31	82
31	83
31	84
31	85
31	86
31	88
31	89
31	90
31	92
31	94
31	95
31	96
31	97
31	98
31	99
31	100
31	101
31	102
31	103
31	104
31	105
31	106
31	107
31	108
31	109
31	110
31	111
31	112
31	113
31	114
31	115
31	116
31	117
31	118
31	119
31	120
31	121
31	122
31	123
31	124
31	125
31	126
31	127
31	128
31	129
31	130
31	131
31	132
31	133
31	134
31	135
31	136
31	137
31	138
31	139
31	140
31	141
31	142
31	143
31	144
31	145
31	146
31	147
31	148
31	149
31	150
31	151
31	152
31	153
31	154
31	155
31	156
31	157
31	158
31	159
31	160
31	161
31	162
31	163
31	164
31	165
31	166
31	167
31	168
31	169
31	170
31	171
31	172
31	173
31	174
31	175
31	176
31	177
31	178
31	179
31	180
31	181
31	182
31	183
31	184
31	185
31	186
31	187
31	188
31	189
31	190
31	191
31	192
31	193
31	194
32	33
32	35
32	36
32	38
32	40
32	42
32	47
32	49
32	50
32	51
32	53
32	56
32	57
32	58
32	60
32	62
32	63
32	64
32	65
32	66
32	67
32	68
32	70
32	72
32	74
32	75
32	76
32	77
32	78
32	80
32	81
32	82
32	83
32	84
32	85
32	86
32	88
32	89
32	90
32	92
32	94
32	95
32	96
32	97
32	98
32	99
32	100
32	101
32	102
32	103
32	104
32	105
32	106
32	107
32	108
32	109
32	110
32	111
32	112
32	113
32	114
32	115
32	116
32	117
32	118
32	119
32	120
32	121
32	122
32	123
32	124
32	125
32	126
32	127
32	128
32	129
32	130
32	131
32	132
32	133
32	134
32	135
32	136
32	137
32	138
32	139
32	140
32	141
32	142
32	143
32	144
32	145
32	146
32	147
32	148
32	149
32	150
32	151
32	152
32	153
32	154
32	155
32	156
32	157
32	158
32	159
32	160
32	161
32	162
32	163
32	164
32	165
32	166
32	167
32	168
32	169
32	170
32	171
32	172
32	173
32	174
32	175
32	176
32	177
32	178
32	179
32	180
32	181
32	182
32	183
32	184
32	185
32	186
32	187
32	188
32	189
32	190
32	191
32	192
32	193
32	194
33	114
33	132
33	134
33	135
33	140
33	141
33	142
33	143
33	147
33	150
33	151
33	152
33	153
33	155
33	156
33	160
33	163
33	164
33	169
33	170
33	171
33	172
33	180
33	181
33	183
33	184
33	190
33	191
33	192
33	193
33	194
34	132
34	135
34	140
34	141
34	147
34	151
34	152
34	153
34	156
34	160
34	163
34	164
34	169
34	170
34	171
34	172
34	180
34	181
34	183
34	184
34	190
34	191
34	192
34	193
34	194
35	141
35	147
35	160
35	169
35	170
35	172
35	180
35	184
35	190
35	191
35	192
35	193
35	194
36	114
36	122
36	123
36	128
36	132
36	135
36	138
36	140
36	141
36	142
36	143
36	147
36	150
36	151
36	152
36	153
36	155
36	156
36	157
36	160
36	163
36	164
36	169
36	170
36	171
36	172
36	180
36	181
36	183
36	184
36	190
36	191
36	192
36	193
36	194
37	114
37	122
37	123
37	128
37	132
37	135
37	138
37	140
37	141
37	142
37	143
37	147
37	150
37	151
37	152
37	153
37	155
37	156
37	157
37	160
37	163
37	164
37	169
37	170
37	171
37	172
37	180
37	181
37	183
37	184
37	190
37	191
37	192
37	193
37	194
38	66
38	81
38	107
38	114
38	115
38	116
38	118
38	121
38	122
38	128
38	129
38	130
38	131
38	132
38	133
38	134
38	135
38	136
38	140
38	141
38	142
38	143
38	144
38	145
38	146
38	147
38	148
38	149
38	150
38	151
38	152
38	153
38	154
38	155
38	156
38	157
38	158
38	159
38	160
38	161
38	162
38	163
38	164
38	165
38	166
38	167
38	168
38	169
38	170
38	171
38	172
38	173
38	174
38	175
38	176
38	177
38	178
38	179
38	180
38	181
38	182
38	183
38	184
38	185
38	186
38	187
38	188
38	189
38	190
38	191
38	192
38	193
38	194
39	132
39	135
39	141
39	142
39	147
39	150
39	151
39	152
39	153
39	155
39	156
39	160
39	163
39	164
39	169
39	170
39	171
39	172
39	180
39	181
39	183
39	184
39	190
39	191
39	192
39	193
39	194
40	141
40	191
40	192
40	194
41	141
41	191
41	192
41	194
42	151
42	172
42	184
42	190
42	191
42	192
42	193
42	194
43	141
43	191
43	192
43	194
44	151
44	172
44	184
44	190
44	191
44	192
44	193
44	194
45	114
45	132
45	135
45	140
45	141
45	142
45	143
45	147
45	150
45	151
45	152
45	153
45	155
45	156
45	160
45	163
45	164
45	169
45	170
45	171
45	172
45	180
45	181
45	183
45	184
45	190
45	191
45	192
45	193
45	194
46	132
46	135
46	141
46	142
46	147
46	150
46	151
46	152
46	153
46	155
46	156
46	160
46	163
46	164
46	169
46	170
46	171
46	172
46	180
46	181
46	183
46	184
46	190
46	191
46	192
46	193
46	194
47	132
47	135
47	141
47	142
47	147
47	150
47	151
47	152
47	153
47	155
47	156
47	160
47	163
47	164
47	169
47	170
47	172
47	180
47	181
47	183
47	184
47	190
47	191
47	192
47	193
47	194
48	132
48	135
48	141
48	142
48	147
48	150
48	151
48	152
48	153
48	155
48	156
48	160
48	163
48	164
48	169
48	170
48	171
48	172
48	180
48	181
48	183
48	184
48	190
48	191
48	192
48	193
48	194
49	132
49	135
49	141
49	142
49	147
49	150
49	151
49	152
49	153
49	155
49	156
49	160
49	163
49	164
49	169
49	170
49	171
49	172
49	180
49	181
49	183
49	184
49	190
49	191
49	192
49	193
49	194
50	114
50	118
50	122
50	123
50	132
50	134
50	135
50	138
50	140
50	141
50	142
50	143
50	147
50	150
50	151
50	152
50	153
50	155
50	156
50	157
50	160
50	163
50	164
50	169
50	170
50	171
50	172
50	180
50	181
50	183
50	184
50	190
50	191
50	192
50	193
50	194
51	114
51	132
51	135
51	140
51	141
51	142
51	143
51	147
51	150
51	151
51	152
51	153
51	155
51	156
51	157
51	160
51	163
51	164
51	169
51	170
51	171
51	172
51	180
51	181
51	183
51	184
51	190
51	191
51	192
51	193
51	194
52	132
52	135
52	141
52	142
52	147
52	150
52	151
52	152
52	153
52	155
52	156
52	157
52	160
52	163
52	164
52	169
52	170
52	171
52	172
52	180
52	181
52	183
52	184
52	190
52	191
52	192
52	193
52	194
53	191
53	192
53	194
54	141
54	191
54	192
54	194
55	114
55	141
55	191
55	192
55	194
56	92
56	114
56	122
56	132
56	135
56	140
56	141
56	142
56	143
56	147
56	150
56	151
56	152
56	153
56	155
56	156
56	160
56	163
56	164
56	169
56	170
56	171
56	172
56	180
56	181
56	183
56	184
56	190
56	191
56	192
56	193
56	194
57	147
57	150
57	151
57	152
57	153
57	155
57	156
57	160
57	163
57	169
57	170
57	171
57	172
57	180
57	181
57	183
57	184
57	190
57	191
57	192
57	193
57	194
58	132
58	135
58	140
58	141
58	142
58	143
58	147
58	150
58	151
58	152
58	153
58	155
58	156
58	160
58	163
58	164
58	169
58	170
58	171
58	172
58	180
58	181
58	183
58	184
58	190
58	191
58	192
58	193
58	194
59	141
59	191
59	192
59	194
60	114
60	132
60	135
60	140
60	141
60	142
60	143
60	147
60	150
60	151
60	152
60	153
60	155
60	156
60	160
60	163
60	164
60	169
60	170
60	171
60	172
60	180
60	181
60	183
60	184
60	190
60	191
60	192
60	193
60	194
61	114
61	122
61	123
61	128
61	132
61	135
61	138
61	140
61	141
61	142
61	143
61	147
61	150
61	151
61	152
61	153
61	155
61	156
61	157
61	160
61	163
61	164
61	169
61	170
61	171
61	172
61	180
61	181
61	183
61	184
61	190
61	191
61	192
61	193
61	194
62	132
62	135
62	140
62	141
62	147
62	151
62	152
62	153
62	156
62	160
62	163
62	164
62	169
62	170
62	171
62	172
62	180
62	181
62	183
62	184
62	190
62	191
62	192
62	193
62	194
63	132
63	135
63	141
63	147
63	151
63	152
63	153
63	156
63	160
63	163
63	164
63	169
63	170
63	171
63	172
63	180
63	181
63	183
63	184
63	190
63	191
63	192
63	193
63	194
64	191
64	192
64	194
65	172
65	180
65	190
65	191
65	192
65	193
65	194
66	140
66	141
66	142
66	147
66	160
66	169
66	170
66	172
66	180
66	184
66	190
66	191
66	192
66	193
66	194
67	191
67	192
67	194
68	191
68	192
68	194
69	132
69	135
69	141
69	142
69	147
69	150
69	151
69	152
69	153
69	155
69	156
69	160
69	163
69	164
69	169
69	170
69	172
69	180
69	181
69	183
69	184
69	190
69	191
69	192
69	193
69	194
70	191
70	192
70	194
71	191
71	192
71	194
72	191
72	192
72	194
73	141
73	191
73	192
73	194
74	191
74	192
74	194
75	191
75	192
75	194
76	191
76	192
76	194
77	191
77	192
78	114
78	132
78	135
78	140
78	141
78	147
78	151
78	152
78	153
78	156
78	160
78	163
78	164
78	169
78	170
78	171
78	172
78	180
78	181
78	183
78	184
78	190
78	191
78	192
78	193
78	194
79	191
79	192
79	194
80	114
80	122
80	132
80	135
80	140
80	141
80	142
80	143
80	147
80	150
80	151
80	152
80	153
80	155
80	156
80	160
80	163
80	164
80	169
80	170
80	171
80	172
80	180
80	181
80	183
80	184
80	190
80	191
80	192
80	193
80	194
81	114
81	132
81	135
81	140
81	141
81	147
81	151
81	152
81	153
81	156
81	160
81	163
81	164
81	169
81	170
81	171
81	172
81	180
81	181
81	183
81	184
81	190
81	191
81	192
81	193
81	194
82	191
82	192
82	194
83	147
83	151
83	152
83	153
83	160
83	163
83	169
83	170
83	171
83	172
83	180
83	181
83	183
83	184
83	190
83	191
83	192
83	193
83	194
84	147
84	151
84	152
84	153
84	160
84	163
84	169
84	170
84	172
84	180
84	181
84	183
84	184
84	190
84	191
84	192
84	193
84	194
85	191
85	192
85	194
86	142
86	147
86	160
86	169
86	170
86	172
86	180
86	184
86	190
86	191
86	192
86	193
86	194
87	132
87	135
87	141
87	142
87	143
87	147
87	150
87	151
87	152
87	153
87	155
87	156
87	160
87	163
87	164
87	169
87	170
87	171
87	172
87	180
87	181
87	183
87	184
87	190
87	191
87	192
87	193
87	194
88	191
88	192
88	194
89	132
89	135
89	142
89	147
89	150
89	151
89	152
89	153
89	155
89	160
89	163
89	164
89	169
89	170
89	171
89	172
89	180
89	181
89	183
89	184
89	190
89	191
89	192
89	193
89	194
90	147
90	151
90	152
90	153
90	160
90	163
90	169
90	170
90	172
90	180
90	181
90	183
90	184
90	190
90	191
90	192
90	193
90	194
91	132
91	135
91	147
91	151
91	152
91	153
91	160
91	163
91	164
91	169
91	170
91	171
91	172
91	180
91	181
91	183
91	184
91	190
91	191
91	192
91	193
91	194
92	114
92	122
92	132
92	135
92	140
92	141
92	142
92	143
92	147
92	150
92	151
92	152
92	153
92	155
92	156
92	160
92	163
92	164
92	169
92	170
92	171
92	172
92	180
92	181
92	183
92	184
92	190
92	191
92	192
92	193
92	194
93	191
93	192
93	194
94	132
94	135
94	142
94	147
94	150
94	151
94	152
94	153
94	155
94	160
94	163
94	164
94	169
94	170
94	171
94	172
94	180
94	181
94	183
94	184
94	190
94	191
94	192
94	193
94	194
95	147
95	160
95	169
95	170
95	172
95	180
95	181
95	183
95	184
95	190
95	191
95	192
95	193
95	194
96	147
96	151
96	152
96	153
96	156
96	160
96	163
96	169
96	170
96	172
96	180
96	181
96	183
96	184
96	190
96	191
96	192
96	193
96	194
97	190
97	191
97	192
97	194
98	147
98	160
98	169
98	170
98	172
98	180
98	184
98	190
98	191
98	192
98	193
98	194
99	132
99	135
99	147
99	151
99	152
99	153
99	160
99	163
99	164
99	169
99	170
99	171
99	172
99	180
99	181
99	183
99	184
99	190
99	191
99	192
99	193
99	194
100	132
100	135
100	142
100	147
100	150
100	151
100	152
100	153
100	155
100	160
100	163
100	164
100	169
100	170
100	171
100	172
100	180
100	181
100	183
100	184
100	190
100	191
100	192
100	193
100	194
101	147
101	169
101	170
101	180
101	181
101	183
101	190
101	191
101	192
101	194
102	190
102	191
102	192
102	194
103	142
103	147
103	160
103	169
103	170
103	172
103	180
103	184
103	190
103	191
103	192
103	193
103	194
104	191
104	192
104	194
105	191
105	192
105	194
106	132
106	135
106	142
106	147
106	150
106	151
106	152
106	153
106	155
106	160
106	163
106	164
106	169
106	170
106	171
106	172
106	180
106	181
106	183
106	184
106	190
106	191
106	192
106	193
106	194
107	191
107	192
107	194
108	147
108	150
108	151
108	152
108	153
108	155
108	160
108	163
108	169
108	170
108	171
108	172
108	180
108	181
108	183
108	184
108	190
108	191
108	192
108	193
108	194
109	147
109	160
109	169
109	170
109	172
109	180
109	184
109	190
109	191
109	192
109	193
109	194
110	190
110	191
110	192
110	194
111	191
111	192
111	194
112	191
112	192
112	194
113	172
113	180
113	190
113	191
113	192
113	193
113	194
114	131
114	132
114	135
114	137
114	138
114	139
114	140
114	141
114	142
114	144
114	146
114	147
114	148
114	149
114	150
114	151
114	152
114	153
114	154
114	155
114	156
114	157
114	158
114	159
114	160
114	161
114	162
114	163
114	164
114	165
114	166
114	167
114	169
114	170
114	172
114	173
114	174
114	175
114	176
114	177
114	178
114	179
114	180
114	181
114	182
114	183
114	184
114	185
114	186
114	187
114	188
114	189
114	190
114	191
114	192
114	193
114	194
115	191
115	192
115	194
116	132
116	135
116	140
116	141
116	142
116	143
116	147
116	150
116	151
116	152
116	153
116	155
116	156
116	160
116	163
116	164
116	169
116	170
116	171
116	172
116	180
116	181
116	183
116	184
116	190
116	191
116	192
116	193
116	194
117	191
117	192
117	194
118	147
118	160
118	169
118	170
118	172
118	180
118	184
118	190
118	191
118	192
118	193
118	194
119	191
119	192
119	194
120	191
120	192
120	194
121	191
121	192
121	194
122	148
122	149
122	191
122	192
122	193
122	194
123	190
123	191
123	192
123	194
124	191
124	192
124	194
125	191
125	192
125	194
126	148
126	149
126	190
126	191
126	192
126	194
127	140
127	141
127	142
127	147
127	160
127	169
127	170
127	172
127	180
127	184
127	190
127	191
127	192
127	193
127	194
128	148
128	149
128	191
128	192
129	148
129	149
129	190
129	191
129	192
129	194
130	191
130	192
130	194
131	191
131	192
131	194
132	148
132	149
132	190
132	191
132	192
132	194
133	191
133	192
133	194
134	191
134	192
134	194
135	148
135	149
135	191
135	192
136	191
136	192
137	191
137	192
138	172
138	184
138	190
138	191
138	192
138	193
138	194
139	191
139	192
139	194
140	169
140	190
140	191
140	192
140	194
141	148
141	149
141	169
141	190
141	191
141	192
141	194
142	147
142	148
142	149
142	190
142	191
142	192
142	194
143	190
143	191
143	192
143	194
144	191
144	192
144	194
145	191
145	192
145	194
146	191
146	192
146	194
147	148
147	149
147	172
147	190
147	191
147	192
147	193
147	194
148	150
148	151
148	152
148	153
148	155
148	156
148	157
148	160
148	163
148	164
148	169
148	170
148	171
148	172
148	180
148	181
148	183
148	184
148	190
148	191
148	192
148	193
148	194
149	150
149	151
149	152
149	153
149	155
149	156
149	157
149	160
149	163
149	164
149	169
149	170
149	171
149	172
149	180
149	181
149	183
149	184
149	190
149	191
149	192
149	193
149	194
150	190
150	191
150	192
150	194
151	190
151	191
151	192
151	194
152	191
152	192
153	190
153	191
153	192
153	194
154	191
154	192
154	194
155	191
155	192
156	191
156	192
157	191
157	192
157	194
158	191
158	192
158	194
159	191
159	192
160	191
160	192
161	191
161	192
162	191
162	192
163	191
163	192
164	191
164	192
164	194
165	191
165	192
165	194
166	191
166	192
166	194
167	191
167	192
168	191
168	192
168	194
169	191
169	192
169	194
170	191
170	192
170	194
171	191
171	192
171	194
172	192
173	191
173	192
173	194
174	191
174	192
175	192
176	191
176	192
176	194
177	191
177	192
177	194
178	191
178	192
178	194
179	191
179	192
179	194
180	191
180	192
180	194
181	191
181	192
181	194
182	191
182	192
183	191
183	192
183	194
184	191
184	192
185	191
185	192
186	191
186	192
187	191
187	192
188	191
188	192
188	194
189	191
189	192
189	194
190	191
190	192
190	194