170	1475
1	11
1	48
1	49
1	54
1	61
1	118
1	143
1	144
1	147
1	149
1	153
1	154
1	155
1	157
1	158
1	159
1	160
1	161
1	164
1	165
1	167
1	169
1	170
2	11
2	48
2	49
2	54
2	61
2	158
2	160
2	164
3	11
3	48
3	49
3	54
3	61
4	11
4	48
4	49
4	54
4	61
4	158
4	160
4	164
5	11
5	48
5	49
5	53
5	54
5	57
5	60
5	61
5	79
5	82
5	83
5	88
5	89
5	108
5	109
5	111
5	113
5	114
5	116
5	118
5	119
5	120
5	122
5	123
5	124
5	125
5	127
5	129
5	130
5	131
5	132
5	134
5	135
5	136
5	137
5	138
5	140
5	141
5	142
5	143
5	144
5	145
5	146
5	147
5	148
5	149
5	150
5	151
5	152
5	153
5	154
5	155
5	156
5	157
5	158
5	159
5	160
5	161
5	162
5	163
5	164
5	165
5	166
5	167
5	168
5	169
5	170
6	11
6	48
6	49
6	53
6	54
6	57
6	60
6	61
6	79
6	82
6	83
6	88
6	89
6	108
6	109
6	111
6	113
6	114
6	116
6	118
6	119
6	120
6	122
6	123
6	124
6	125
6	127
6	129
6	130
6	131
6	132
6	134
6	135
6	136
6	137
6	138
6	140
6	141
6	142
6	143
6	144
6	145
6	146
6	147
6	148
6	149
6	150
6	151
6	152
6	153
6	154
6	155
6	156
6	157
6	158
6	159
6	160
6	161
6	162
6	163
6	164
6	165
6	166
6	167
6	168
6	169
6	170
7	11
7	48
7	49
7	54
7	61
7	118
7	143
7	144
7	147
7	149
7	153
7	154
7	155
7	157
7	158
7	159
7	160
7	161
7	164
7	165
7	167
7	169
7	170
8	11
8	48
8	49
8	53
8	54
8	57
8	60
8	61
8	79
8	82
8	83
8	88
8	89
8	108
8	109
8	111
8	113
8	114
8	116
8	118
8	119
8	120
8	122
8	123
8	124
8	125
8	127
8	129
8	130
8	131
8	132
8	134
8	135
8	136
8	137
8	138
8	140
8	141
8	142
8	143
8	144
8	145
8	146
8	147
8	148
8	149
8	150
8	151
8	152
8	153
8	154
8	155
8	156
8	157
8	158
8	159
8	160
8	161
8	162
8	163
8	164
8	165
8	166
8	167
8	168
8	169
8	170
9	11
9	48
9	49
9	54
9	61
9	118
9	143
9	144
9	147
9	149
9	153
9	154
9	155
9	157
9	158
9	159
9	160
9	161
9	164
9	165
9	167
9	169
9	170
10	11
10	48
10	49
10	53
10	54
10	57
10	60
10	61
10	79
10	82
10	83
10	88
10	89
10	108
10	109
10	111
10	113
10	114
10	116
10	118
10	119
10	120
10	122
10	123
10	124
10	125
10	127
10	129
10	130
10	131
10	132
10	134
10	135
10	136
10	137
10	138
10	140
10	141
10	142
10	143
10	144
10	145
10	146
10	147
10	148
10	149
10	150
10	151
10	152
10	153
10	154
10	155
10	156
10	157
10	158
10	159
10	160
10	161
10	162
10	163
10	164
10	165
10	166
10	167
10	168
10	169
10	170
11	12
11	13
11	14
11	15
11	16
11	17
11	18
11	19
11	20
11	21
11	22
11	23
11	24
11	25
11	26
11	27
11	28
11	29
11	30
11	31
11	32
11	33
11	34
11	35
11	36
11	37
11	38
11	39
11	40
11	41
11	42
11	43
11	44
11	45
11	46
11	47
11	48
11	49
11	50
11	51
11	52
11	53
11	54
11	55
11	56
11	57
11	58
11	59
11	60
11	61
11	62
11	63
11	64
11	65
11	66
11	67
11	68
11	69
11	70
11	71
11	72
11	73
11	74
11	75
11	76
11	77
11	78
11	79
11	80
11	81
11	82
11	83
11	84
11	85
11	86
11	87
11	88
11	89
11	90
11	91
11	92
11	93
11	94
11	95
11	96
11	97
11	98
11	99
11	100
11	101
11	102
11	103
11	104
11	105
11	106
11	107
11	108
11	109
11	110
11	111
11	112
11	113
11	114
11	115
11	116
11	117
11	118
11	119
11	120
11	121
11	122
11	123
11	124
11	125
11	126
11	127
11	128
11	129
11	130
11	131
11	132
11	133
11	134
11	135
11	136
11	137
11	138
11	139
11	140
11	141
11	142
11	143
11	144
11	145
11	146
11	147
11	148
11	149
11	150
11	151
11	152
11	153
11	154
11	155
11	156
11	157
11	158
11	159
11	160
11	161
11	162
11	163
11	164
11	165
11	166
11	167
11	168
11	169
11	170
12	48
12	49
12	53
12	54
12	57
12	60
12	61
12	79
12	82
12	83
12	88
12	89
12	108
12	109
12	111
12	113
12	114
12	116
12	118
12	119
12	120
12	122
12	123
12	124
12	125
12	127
12	129
12	130
12	131
12	132
12	134
12	135
12	136
12	137
12	138
12	140
12	141
12	142
12	143
12	144
12	145
12	146
12	147
12	148
12	149
12	150
12	151
12	152
12	153
12	154
12	155
12	156
12	157
12	158
12	159
12	160
12	161
12	162
12	163
12	164
12	165
12	166
12	167
12	168
12	169
12	170
13	48
13	49
13	54
13	61
13	118
13	143
13	144
13	147
13	149
13	153
13	154
13	155
13	157
13	158
13	159
13	160
13	161
13	164
13	165
13	167
13	169
13	170
14	48
14	49
14	54
14	61
14	118
14	143
14	144
14	147
14	149
14	153
14	154
14	155
14	157
14	158
14	159
14	160
14	161
14	164
14	165
14	167
14	169
14	170
15	48
15	49
15	54
15	61
15	158
15	160
15	164
16	48
16	49
16	54
16	61
16	118
16	143
16	144
16	147
16	149
16	153
16	154
16	155
16	157
16	158
16	159
16	160
16	161
16	164
16	165
16	167
16	169
16	170
17	48
17	49
17	54
17	61
17	143
17	158
17	159
17	160
17	161
17	164
17	170
18	48
18	49
18	54
18	61
18	158
18	160
18	164
19	48
19	49
19	54
19	61
19	118
19	143
19	144
19	147
19	149
19	153
19	154
19	155
19	157
19	158
19	159
19	160
19	161
19	164
19	165
19	167
19	169
19	170
20	48
20	49
20	54
20	61
20	158
20	160
20	164
21	48
21	49
21	54
21	61
21	158
21	160
21	164
22	48
22	49
22	54
22	61
22	118
22	143
22	144
22	147
22	149
22	153
22	154
22	155
22	157
22	158
22	159
22	160
22	161
22	164
22	165
22	167
22	169
22	170
23	48
23	49
23	54
23	61
23	158
23	160
23	164
24	48
24	49
24	54
24	61
24	158
24	160
24	164
25	48
25	49
25	53
25	54
25	57
25	60
25	61
25	79
25	82
25	83
25	88
25	89
25	108
25	109
25	111
25	113
25	114
25	116
25	118
25	119
25	120
25	122
25	123
25	124
25	125
25	127
25	129
25	130
25	131
25	132
25	134
25	135
25	136
25	137
25	138
25	140
25	141
25	142
25	143
25	144
25	145
25	146
25	147
25	148
25	149
25	150
25	151
25	152
25	153
25	154
25	155
25	156
25	157
25	158
25	159
25	160
25	161
25	162
25	163
25	164
25	165
25	166
25	167
25	168
25	169
25	170
26	48
26	49
26	54
26	61
26	118
26	143
26	144
26	147
26	149
26	153
26	154
26	155
26	157
26	158
26	159
26	160
26	161
26	164
26	165
26	167
26	169
26	170
27	48
27	49
27	54
27	61
27	118
27	143
27	144
27	147
27	149
27	153
27	154
27	155
27	157
27	158
27	159
27	160
27	161
27	164
27	165
27	167
27	169
27	170
28	48
28	49
28	54
28	61
28	143
28	158
28	159
28	160
28	161
28	164
28	170
29	48
29	49
29	54
29	61
29	143
29	158
29	159
29	160
29	161
29	164
29	170
30	48
30	49
30	54
30	61
30	143
30	158
30	159
30	160
30	161
30	164
30	170
31	48
31	49
31	54
31	61
31	164
32	48
32	49
32	54
32	61
32	118
32	143
32	144
32	147
32	149
32	153
32	154
32	155
32	157
32	158
32	159
32	160
32	161
32	164
32	165
32	167
32	169
32	170
33	48
33	49
33	54
33	61
33	164
34	48
34	49
34	54
34	61
34	158
34	160
34	164
35	48
35	49
35	54
35	61
35	158
35	160
35	164
36	48
36	49
36	54
36	61
36	143
36	158
36	159
36	160
36	161
36	164
36	170
37	48
37	49
37	54
37	61
38	48
38	49
38	54
38	61
39	48
39	49
39	54
39	61
40	48
40	49
40	54
40	61
40	164
41	48
41	49
41	54
41	61
42	48
42	49
42	54
42	61
42	164
43	48
43	49
43	54
43	61
43	164
44	48
44	49
44	54
44	61
45	48
45	49
45	54
45	61
46	48
46	49
46	54
46	61
47	48
47	49
47	54
47	61
48	50
48	51
48	52
48	53
48	54
48	55
48	56
48	57
48	58
48	59
48	60
48	61
48	62
48	63
48	64
48	65
48	66
48	67
48	68
48	69
48	70
48	71
48	72
48	73
48	74
48	75
48	76
48	77
48	78
48	79
48	80
48	81
48	82
48	83
48	84
48	85
48	86
48	87
48	88
48	89
48	90
48	91
48	92
48	93
48	94
48	95
48	96
48	97
48	98
48	99
48	100
48	101
48	102
48	103
48	104
48	105
48	106
48	107
48	108
48	109
48	110
48	111
48	112
48	113
48	114
48	115
48	116
48	117
48	118
48	119
48	120
48	121
48	122
48	123
48	124
48	125
48	126
48	127
48	128
48	129
48	130
48	131
48	132
48	133
48	134
48	135
48	136
48	137
48	138
48	139
48	140
48	141
48	142
48	143
48	144
48	145
48	146
48	147
48	148
48	149
48	150
48	151
48	152
48	153
48	154
48	155
48	156
48	157
48	158
48	159
48	160
48	161
48	162
48	163
48	164
48	165
48	166
48	167
48	168
48	169
48	170
49	50
49	51
49	52
49	53
49	54
49	55
49	56
49	57
49	58
49	59
49	60
49	61
49	62
49	63
49	64
49	65
49	66
49	67
49	68
49	69
49	70
49	71
49	72
49	73
49	74
49	75
49	76
49	77
49	78
49	79
49	80
49	81
49	82
49	83
49	84
49	85
49	86
49	87
49	88
49	89
49	90
49	91
49	92
49	93
49	94
49	95
49	96
49	97
49	98
49	99
49	100
49	101
49	102
49	103
49	104
49	105
49	106
49	107
49	108
49	109
49	110
49	111
49	112
49	113
49	114
49	115
49	116
49	117
49	118
49	119
49	120
49	121
49	122
49	123
49	124
49	125
49	126
49	127
49	128
49	129
49	130
49	131
49	132
49	133
49	134
49	135
49	136
49	137
49	138
49	139
49	140
49	141
49	142
49	143
49	144
49	145
49	146
49	147
49	148
49	149
49	150
49	151
49	152
49	153
49	154
49	155
49	156
49	157
49	158
49	159
49	160
49	161
49	162
49	163
49	164
49	165
49	166
49	167
49	168
49	169
49	170
50	54
50	61
51	54
51	61
52	54
52	61
53	54
53	61
54	55
54	56
54	57
54	58
54	59
54	60
54	61
54	62
54	63
54	64
54	65
54	66
54	67
54	68
54	69
54	70
54	71
54	72
54	73
54	74
54	75
54	76
54	77
54	78
54	79
54	80
54	81
54	82
54	83
54	84
54	85
54	86
54	87
54	88
54	89
54	90
54	91
54	92
54	93
54	94
54	95
54	96
54	97
54	98
54	99
54	100
54	101
54	102
54	103
54	104
54	105
54	106
54	107
54	108
54	109
54	110
54	111
54	112
54	113
54	114
54	115
54	116
54	117
54	118
54	119
54	120
54	121
54	122
54	123
54	124
54	125
54	126
54	127
54	128
54	129
54	130
54	131
54	132
54	133
54	134
54	135
54	136
54	137
54	138
54	139
54	140
54	141
54	142
54	143
54	144
54	145
54	146
54	147
54	148
54	149
54	150
54	151
54	152
54	153
54	154
54	155
54	156
54	157
54	158
54	159
54	160
54	161
54	162
54	163
54	164
54	165
54	166
54	167
54	168
54	169
54	170
55	61
56	61
57	61
57	164
58	61
59	61
60	61
61	62
61	63
61	64
61	65
61	66
61	67
61	68
61	69
61	70
61	71
61	72
61	73
61	74
61	75
61	76
61	77
61	78
61	79
61	80
61	81
61	82
61	83
61	84
61	85
61	86
61	87
61	88
61	89
61	90
61	91
61	92
61	93
61	94
61	95
61	96
61	97
61	98
61	99
61	100
61	101
61	102
61	103
61	104
61	105
61	106
61	107
61	108
61	109
61	110
61	111
61	112
61	113
61	114
61	115
61	116
61	117
61	118
61	119
61	120
61	121
61	122
61	123
61	124
61	125
61	126
61	127
61	128
61	129
61	130
61	131
61	132
61	133
61	134
61	135
61	136
61	137
61	138
61	139
61	140
61	141
61	142
61	143
61	144
61	145
61	146
61	147
61	148
61	149
61	150
61	151
61	152
61	153
61	154
61	155
61	156
61	157
61	158
61	159
61	160
61	161
61	162
61	163
61	164
61	165
61	166
61	167
61	168
61	169
61	170