170	4507
1	11
1	12
1	38
1	39
1	46
1	48
1	49
1	51
1	52
1	53
1	54
1	56
1	57
1	58
1	59
1	60
1	61
1	65
1	66
1	67
1	69
1	70
1	71
1	72
1	73
1	74
1	75
1	76
1	77
1	79
1	80
1	81
1	82
1	83
1	84
1	85
1	86
1	87
1	88
1	89
1	90
1	91
1	92
1	96
1	97
1	98
1	99
1	100
1	101
1	102
1	103
1	104
1	106
1	107
1	108
1	109
1	110
1	111
1	112
1	113
1	114
1	115
1	116
1	117
1	118
1	119
1	120
1	121
1	122
1	123
1	124
1	125
1	126
1	127
1	128
1	129
1	130
1	131
1	132
1	133
1	134
1	135
1	136
1	137
1	138
1	139
1	140
1	141
1	142
1	143
1	144
1	145
1	146
1	147
1	148
1	149
1	150
1	151
1	152
1	153
1	154
1	155
1	156
1	157
1	158
1	159
1	160
1	161
1	162
1	163
1	164
1	165
1	166
1	167
1	168
1	169
1	170
2	11
2	48
2	49
2	53
2	54
2	57
2	60
2	61
2	79
2	82
2	83
2	88
2	89
2	108
2	109
2	111
2	113
2	114
2	116
2	118
2	119
2	120
2	122
2	123
2	124
2	125
2	127
2	129
2	130
2	131
2	132
2	134
2	135
2	136
2	137
2	138
2	140
2	141
2	142
2	143
2	144
2	145
2	146
2	147
2	148
2	149
2	150
2	151
2	152
2	153
2	154
2	155
2	156
2	157
2	158
2	159
2	160
2	161
2	162
2	163
2	164
2	165
2	166
2	167
2	168
2	169
2	170
3	11
3	48
3	49
3	54
3	61
3	118
3	143
3	144
3	147
3	149
3	153
3	154
3	155
3	157
3	158
3	159
3	160
3	161
3	164
3	165
3	167
3	169
3	170
4	11
4	48
4	49
4	53
4	54
4	57
4	60
4	61
4	79
4	82
4	83
4	88
4	89
4	108
4	109
4	111
4	113
4	114
4	116
4	118
4	119
4	120
4	122
4	123
4	124
4	125
4	127
4	129
4	130
4	131
4	132
4	134
4	135
4	136
4	137
4	138
4	140
4	141
4	142
4	143
4	144
4	145
4	146
4	147
4	148
4	149
4	150
4	151
4	152
4	153
4	154
4	155
4	156
4	157
4	158
4	159
4	160
4	161
4	162
4	163
4	164
4	165
4	166
4	167
4	168
4	169
4	170
5	9
5	10
5	11
5	12
5	13
5	37
5	38
5	39
5	46
5	47
5	48
5	49
5	50
5	51
5	52
5	53
5	54
5	56
5	57
5	58
5	59
5	60
5	61
5	62
5	63
5	64
5	65
5	66
5	67
5	68
5	69
5	70
5	71
5	72
5	73
5	74
5	75
5	76
5	77
5	78
5	79
5	80
5	81
5	82
5	83
5	84
5	85
5	86
5	87
5	88
5	89
5	90
5	91
5	92
5	93
5	94
5	95
5	96
5	97
5	98
5	99
5	100
5	101
5	102
5	103
5	104
5	105
5	106
5	107
5	108
5	109
5	110
5	111
5	112
5	113
5	114
5	115
5	116
5	117
5	118
5	119
5	120
5	121
5	122
5	123
5	124
5	125
5	126
5	127
5	128
5	129
5	130
5	131
5	132
5	133
5	134
5	135
5	136
5	137
5	138
5	139
5	140
5	141
5	142
5	143
5	144
5	145
5	146
5	147
5	148
5	149
5	150
5	151
5	152
5	153
5	154
5	155
5	156
5	157
5	158
5	159
5	160
5	161
5	162
5	163
5	164
5	165
5	166
5	167
5	168
5	169
5	170
6	9
6	10
6	11
6	12
6	37
6	38
6	39
6	46
6	47
6	48
6	49
6	50
6	51
6	52
6	53
6	54
6	56
6	57
6	58
6	59
6	60
6	61
6	62
6	63
6	64
6	65
6	66
6	67
6	68
6	69
6	70
6	71
6	72
6	73
6	74
6	75
6	76
6	77
6	78
6	79
6	80
6	81
6	82
6	83
6	84
6	85
6	86
6	87
6	88
6	89
6	90
6	91
6	92
6	93
6	94
6	95
6	96
6	97
6	98
6	99
6	100
6	101
6	102
6	103
6	104
6	105
6	106
6	107
6	108
6	109
6	110
6	111
6	112
6	113
6	114
6	115
6	116
6	117
6	118
6	119
6	120
6	121
6	122
6	123
6	124
6	125
6	126
6	127
6	128
6	129
6	130
6	131
6	132
6	133
6	134
6	135
6	136
6	137
6	138
6	139
6	140
6	141
6	142
6	143
6	144
6	145
6	146
6	147
6	148
6	149
6	150
6	151
6	152
6	153
6	154
6	155
6	156
6	157
6	158
6	159
6	160
6	161
6	162
6	163
6	164
6	165
6	166
6	167
6	168
6	169
6	170
7	10
7	11
7	12
7	39
7	46
7	48
7	49
7	51
7	52
7	53
7	54
7	56
7	57
7	58
7	59
7	60
7	61
7	65
7	66
7	67
7	69
7	70
7	71
7	72
7	73
7	74
7	75
7	76
7	77
7	79
7	80
7	81
7	82
7	83
7	84
7	85
7	86
7	87
7	88
7	89
7	90
7	91
7	92
7	96
7	97
7	98
7	99
7	100
7	101
7	102
7	103
7	104
7	106
7	107
7	108
7	109
7	110
7	111
7	112
7	113
7	114
7	115
7	116
7	117
7	118
7	119
7	120
7	121
7	122
7	123
7	124
7	125
7	126
7	127
7	128
7	129
7	130
7	131
7	132
7	133
7	134
7	135
7	136
7	137
7	138
7	139
7	140
7	141
7	142
7	143
7	144
7	145
7	146
7	147
7	148
7	149
7	150
7	151
7	152
7	153
7	154
7	155
7	156
7	157
7	158
7	159
7	160
7	161
7	162
7	163
7	164
7	165
7	166
7	167
7	168
7	169
7	170
8	9
8	10
8	11
8	12
8	13
8	37
8	38
8	39
8	46
8	47
8	48
8	49
8	50
8	51
8	52
8	53
8	54
8	56
8	57
8	58
8	59
8	60
8	61
8	62
8	63
8	64
8	65
8	66
8	67
8	68
8	69
8	70
8	71
8	72
8	73
8	74
8	75
8	76
8	77
8	78
8	79
8	80
8	81
8	82
8	83
8	84
8	85
8	86
8	87
8	88
8	89
8	90
8	91
8	92
8	93
8	94
8	95
8	96
8	97
8	98
8	99
8	100
8	101
8	102
8	103
8	104
8	105
8	106
8	107
8	108
8	109
8	110
8	111
8	112
8	113
8	114
8	115
8	116
8	117
8	118
8	119
8	120
8	121
8	122
8	123
8	124
8	125
8	126
8	127
8	128
8	129
8	130
8	131
8	132
8	133
8	134
8	135
8	136
8	137
8	138
8	139
8	140
8	141
8	142
8	143
8	144
8	145
8	146
8	147
8	148
8	149
8	150
8	151
8	152
8	153
8	154
8	155
8	156
8	157
8	158
8	159
8	160
8	161
8	162
8	163
8	164
8	165
8	166
8	167
8	168
8	169
8	170
9	11
9	12
9	28
9	29
9	30
9	39
9	46
9	48
9	49
9	51
9	52
9	53
9	54
9	56
9	57
9	58
9	59
9	60
9	61
9	65
9	66
9	67
9	69
9	70
9	71
9	72
9	73
9	74
9	75
9	76
9	77
9	79
9	80
9	81
9	82
9	83
9	84
9	85
9	86
9	87
9	88
9	89
9	90
9	91
9	92
9	96
9	97
9	98
9	99
9	100
9	101
9	102
9	103
9	104
9	106
9	107
9	108
9	109
9	110
9	111
9	112
9	113
9	114
9	115
9	116
9	117
9	118
9	119
9	120
9	121
9	122
9	123
9	124
9	125
9	126
9	127
9	128
9	129
9	130
9	131
9	132
9	133
9	134
9	135
9	136
9	137
9	138
9	139
9	140
9	141
9	142
9	143
9	144
9	145
9	146
9	147
9	148
9	149
9	150
9	151
9	152
9	153
9	154
9	155
9	156
9	157
9	158
9	159
9	160
9	161
9	162
9	163
9	164
9	165
9	166
9	167
9	168
9	169
9	170
10	11
10	12
10	13
10	14
10	16
10	17
10	22
10	27
10	28
10	29
10	30
10	31
10	33
10	37
10	38
10	39
10	46
10	47
10	48
10	49
10	50
10	51
10	52
10	53
10	54
10	56
10	57
10	58
10	59
10	60
10	61
10	62
10	63
10	64
10	65
10	66
10	67
10	68
10	69
10	70
10	71
10	72
10	73
10	74
10	75
10	76
10	77
10	78
10	79
10	80
10	81
10	82
10	83
10	84
10	85
10	86
10	87
10	88
10	89
10	90
10	91
10	92
10	93
10	94
10	95
10	96
10	97
10	98
10	99
10	100
10	101
10	102
10	103
10	104
10	105
10	106
10	107
10	108
10	109
10	110
10	111
10	112
10	113
10	114
10	115
10	116
10	117
10	118
10	119
10	120
10	121
10	122
10	123
10	124
10	125
10	126
10	127
10	128
10	129
10	130
10	131
10	132
10	133
10	134
10	135
10	136
10	137
10	138
10	139
10	140
10	141
10	142
10	143
10	144
10	145
10	146
10	147
10	148
10	149
10	150
10	151
10	152
10	153
10	154
10	155
10	156
10	157
10	158
10	159
10	160
10	161
10	162
10	163
10	164
10	165
10	166
10	167
10	168
10	169
10	170
11	12
11	13
11	14
11	15
11	16
11	17
11	18
11	19
11	20
11	21
11	22
11	23
11	24
11	25
11	26
11	27
11	28
11	29
11	30
11	31
11	32
11	33
11	34
11	35
11	36
11	37
11	38
11	39
11	40
11	41
11	42
11	43
11	44
11	45
11	46
11	47
11	48
11	49
11	50
11	51
11	52
11	53
11	54
11	55
11	56
11	57
11	58
11	59
11	60
11	61
11	62
11	63
11	64
11	65
11	66
11	67
11	68
11	69
11	70
11	71
11	72
11	73
11	74
11	75
11	76
11	77
11	78
11	79
11	80
11	81
11	82
11	83
11	84
11	85
11	86
11	87
11	88
11	89
11	90
11	91
11	92
11	93
11	94
11	95
11	96
11	97
11	98
11	99
11	100
11	101
11	102
11	103
11	104
11	105
11	106
11	107
11	108
11	109
11	110
11	111
11	112
11	113
11	114
11	115
11	116
11	117
11	118
11	119
11	120
11	121
11	122
11	123
11	124
11	125
11	126
11	127
11	128
11	129
11	130
11	131
11	132
11	133
11	134
11	135
11	136
11	137
11	138
11	139
11	140
11	141
11	142
11	143
11	144
11	145
11	146
11	147
11	148
11	149
11	150
11	151
11	152
11	153
11	154
11	155
11	156
11	157
11	158
11	159
11	160
11	161
11	162
11	163
11	164
11	165
11	166
11	167
11	168
11	169
11	170
12	16
12	28
12	29
12	31
12	37
12	38
12	39
12	40
12	41
12	42
12	43
12	44
12	45
12	46
12	47
12	48
12	49
12	50
12	51
12	52
12	53
12	54
12	56
12	57
12	58
12	59
12	60
12	61
12	62
12	63
12	64
12	65
12	66
12	67
12	68
12	69
12	70
12	71
12	72
12	73
12	74
12	75
12	76
12	77
12	78
12	79
12	80
12	81
12	82
12	83
12	84
12	85
12	86
12	87
12	88
12	89
12	90
12	91
12	92
12	93
12	94
12	95
12	96
12	97
12	98
12	99
12	100
12	101
12	102
12	103
12	104
12	105
12	106
12	107
12	108
12	109
12	110
12	111
12	112
12	113
12	114
12	115
12	116
12	117
12	118
12	119
12	120
12	121
12	122
12	123
12	124
12	125
12	126
12	127
12	128
12	129
12	130
12	131
12	132
12	133
12	134
12	135
12	136
12	137
12	138
12	139
12	140
12	141
12	142
12	143
12	144
12	145
12	146
12	147
12	148
12	149
12	150
12	151
12	152
12	153
12	154
12	155
12	156
12	157
12	158
12	159
12	160
12	161
12	162
12	163
12	164
12	165
12	166
12	167
12	168
12	169
12	170
13	38
13	39
13	43
13	44
13	46
13	48
13	49
13	51
13	52
13	53
13	54
13	56
13	57
13	58
13	59
13	60
13	61
13	65
13	66
13	67
13	69
13	70
13	71
13	72
13	73
13	74
13	75
13	76
13	77
13	79
13	80
13	81
13	82
13	83
13	84
13	85
13	86
13	87
13	88
13	89
13	90
13	91
13	92
13	96
13	97
13	98
13	99
13	100
13	101
13	102
13	103
13	104
13	106
13	107
13	108
13	109
13	110
13	111
13	112
13	113
13	114
13	115
13	116
13	117
13	118
13	119
13	120
13	121
13	122
13	123
13	124
13	125
13	126
13	127
13	128
13	129
13	130
13	131
13	132
13	133
13	134
13	135
13	136
13	137
13	138
13	139
13	140
13	141
13	142
13	143
13	144
13	145
13	146
13	147
13	148
13	149
13	150
13	151
13	152
13	153
13	154
13	155
13	156
13	157
13	158
13	159
13	160
13	161
13	162
13	163
13	164
13	165
13	166
13	167
13	168
13	169
13	170
14	39
14	46
14	48
14	49
14	51
14	52
14	53
14	54
14	56
14	57
14	58
14	59
14	60
14	61
14	65
14	66
14	67
14	69
14	70
14	71
14	72
14	73
14	74
14	75
14	76
14	77
14	79
14	80
14	81
14	82
14	83
14	84
14	85
14	86
14	87
14	88
14	89
14	90
14	91
14	92
14	96
14	97
14	98
14	99
14	100
14	101
14	102
14	103
14	104
14	106
14	107
14	108
14	109
14	110
14	111
14	112
14	113
14	114
14	115
14	116
14	117
14	118
14	119
14	120
14	121
14	122
14	123
14	124
14	125
14	126
14	127
14	128
14	129
14	130
14	131
14	132
14	133
14	134
14	135
14	136
14	137
14	138
14	139
14	140
14	141
14	142
14	143
14	144
14	145
14	146
14	147
14	148
14	149
14	150
14	151
14	152
14	153
14	154
14	155
14	156
14	157
14	158
14	159
14	160
14	161
14	162
14	163
14	164
14	165
14	166
14	167
14	168
14	169
14	170
15	48
15	49
15	53
15	54
15	57
15	60
15	61
15	79
15	82
15	83
15	88
15	89
15	108
15	109
15	111
15	113
15	114
15	116
15	118
15	119
15	120
15	122
15	123
15	124
15	125
15	127
15	129
15	130
15	131
15	132
15	134
15	135
15	136
15	137
15	138
15	140
15	141
15	142
15	143
15	144
15	145
15	146
15	147
15	148
15	149
15	150
15	151
15	152
15	153
15	154
15	155
15	156
15	157
15	158
15	159
15	160
15	161
15	162
15	163
15	164
15	165
15	166
15	167
15	168
15	169
15	170
16	39
16	46
16	48
16	49
16	51
16	52
16	53
16	54
16	56
16	57
16	58
16	59
16	60
16	61
16	65
16	66
16	67
16	69
16	70
16	71
16	72
16	73
16	74
16	75
16	76
16	77
16	79
16	80
16	81
16	82
16	83
16	84
16	85
16	86
16	87
16	88
16	89
16	90
16	91
16	92
16	96
16	97
16	98
16	99
16	100
16	101
16	102
16	103
16	104
16	106
16	107
16	108
16	109
16	110
16	111
16	112
16	113
16	114
16	115
16	116
16	117
16	118
16	119
16	120
16	121
16	122
16	123
16	124
16	125
16	126
16	127
16	128
16	129
16	130
16	131
16	132
16	133
16	134
16	135
16	136
16	137
16	138
16	139
16	140
16	141
16	142
16	143
16	144
16	145
16	146
16	147
16	148
16	149
16	150
16	151
16	152
16	153
16	154
16	155
16	156
16	157
16	158
16	159
16	160
16	161
16	162
16	163
16	164
16	165
16	166
16	167
16	168
16	169
16	170
17	48
17	49
17	51
17	52
17	53
17	54
17	57
17	58
17	60
17	61
17	66
17	69
17	70
17	71
17	72
17	74
17	75
17	76
17	77
17	79
17	80
17	82
17	83
17	84
17	85
17	86
17	87
17	88
17	89
17	90
17	91
17	92
17	96
17	98
17	100
17	101
17	104
17	106
17	107
17	108
17	109
17	110
17	111
17	112
17	113
17	114
17	115
17	116
17	117
17	118
17	119
17	120
17	122
17	123
17	124
17	125
17	127
17	128
17	129
17	130
17	131
17	132
17	133
17	134
17	135
17	136
17	137
17	138
17	139
17	140
17	141
17	142
17	143
17	144
17	145
17	146
17	147
17	148
17	149
17	150
17	151
17	152
17	153
17	154
17	155
17	156
17	157
17	158
17	159
17	160
17	161
17	162
17	163
17	164
17	165
17	166
17	167
17	168
17	169
17	170
18	48
18	49
18	53
18	54
18	57
18	60
18	61
18	79
18	82
18	83
18	88
18	89
18	108
18	109
18	111
18	113
18	114
18	116
18	118
18	119
18	120
18	122
18	123
18	124
18	125
18	127
18	129
18	130
18	131
18	132
18	134
18	135
18	136
18	137
18	138
18	140
18	141
18	142
18	143
18	144
18	145
18	146
18	147
18	148
18	149
18	150
18	151
18	152
18	153
18	154
18	155
18	156
18	157
18	158
18	159
18	160
18	161
18	162
18	163
18	164
18	165
18	166
18	167
18	168
18	169
18	170
19	39
19	46
19	48
19	49
19	51
19	52
19	53
19	54
19	56
19	57
19	58
19	59
19	60
19	61
19	65
19	66
19	67
19	69
19	70
19	71
19	72
19	73
19	74
19	75
19	76
19	77
19	79
19	80
19	81
19	82
19	83
19	84
19	85
19	86
19	87
19	88
19	89
19	90
19	91
19	92
19	96
19	97
19	98
19	99
19	100
19	101
19	102
19	103
19	104
19	106
19	107
19	108
19	109
19	110
19	111
19	112
19	113
19	114
19	115
19	116
19	117
19	118
19	119
19	120
19	121
19	122
19	123
19	124
19	125
19	126
19	127
19	128
19	129
19	130
19	131
19	132
19	133
19	134
19	135
19	136
19	137
19	138
19	139
19	140
19	141
19	142
19	143
19	144
19	145
19	146
19	147
19	148
19	149
19	150
19	151
19	152
19	153
19	154
19	155
19	156
19	157
19	158
19	159
19	160
19	161
19	162
19	163
19	164
19	165
19	166
19	167
19	168
19	169
19	170
20	48
20	49
20	53
20	54
20	57
20	60
20	61
20	79
20	82
20	83
20	88
20	89
20	108
20	109
20	111
20	113
20	114
20	116
20	118
20	119
20	120
20	122
20	123
20	124
20	125
20	127
20	129
20	130
20	131
20	132
20	134
20	135
20	136
20	137
20	138
20	140
20	141
20	142
20	143
20	144
20	145
20	146
20	147
20	148
20	149
20	150
20	151
20	152
20	153
20	154
20	155
20	156
20	157
20	158
20	159
20	160
20	161
20	162
20	163
20	164
20	165
20	166
20	167
20	168
20	169
20	170
21	48
21	49
21	53
21	54
21	57
21	60
21	61
21	79
21	82
21	83
21	88
21	89
21	108
21	109
21	111
21	113
21	114
21	116
21	118
21	119
21	120
21	122
21	123
21	124
21	125
21	127
21	129
21	130
21	131
21	132
21	134
21	135
21	136
21	137
21	138
21	140
21	141
21	142
21	143
21	144
21	145
21	146
21	147
21	148
21	149
21	150
21	151
21	152
21	153
21	154
21	155
21	156
21	157
21	158
21	159
21	160
21	161
21	162
21	163
21	164
21	165
21	166
21	167
21	168
21	169
21	170
22	39
22	46
22	48
22	49
22	51
22	52
22	53
22	54
22	56
22	57
22	58
22	59
22	60
22	61
22	65
22	66
22	67
22	69
22	70
22	71
22	72
22	73
22	74
22	75
22	76
22	77
22	79
22	80
22	81
22	82
22	83
22	84
22	85
22	86
22	87
22	88
22	89
22	90
22	91
22	92
22	96
22	97
22	98
22	99
22	100
22	101
22	102
22	103
22	104
22	106
22	107
22	108
22	109
22	110
22	111
22	112
22	113
22	114
22	115
22	116
22	117
22	118
22	119
22	120
22	121
22	122
22	123
22	124
22	125
22	126
22	127
22	128
22	129
22	130
22	131
22	132
22	133
22	134
22	135
22	136
22	137
22	138
22	139
22	140
22	141
22	142
22	143
22	144
22	145
22	146
22	147
22	148
22	149
22	150
22	151
22	152
22	153
22	154
22	155
22	156
22	157
22	158
22	159
22	160
22	161
22	162
22	163
22	164
22	165
22	166
22	167
22	168
22	169
22	170
23	48
23	49
23	53
23	54
23	57
23	60
23	61
23	79
23	82
23	83
23	88
23	89
23	108
23	109
23	111
23	113
23	114
23	116
23	118
23	119
23	120
23	122
23	123
23	124
23	125
23	127
23	129
23	130
23	131
23	132
23	134
23	135
23	136
23	137
23	138
23	140
23	141
23	142
23	143
23	144
23	145
23	146
23	147
23	148
23	149
23	150
23	151
23	152
23	153
23	154
23	155
23	156
23	157
23	158
23	159
23	160
23	161
23	162
23	163
23	164
23	165
23	166
23	167
23	168
23	169
23	170
24	48
24	49
24	53
24	54
24	57
24	60
24	61
24	79
24	82
24	83
24	88
24	89
24	108
24	109
24	111
24	113
24	114
24	116
24	118
24	119
24	120
24	122
24	123
24	124
24	125
24	127
24	129
24	130
24	131
24	132
24	134
24	135
24	136
24	137
24	138
24	140
24	141
24	142
24	143
24	144
24	145
24	146
24	147
24	148
24	149
24	150
24	151
24	152
24	153
24	154
24	155
24	156
24	157
24	158
24	159
24	160
24	161
24	162
24	163
24	164
24	165
24	166
24	167
24	168
24	169
24	170
25	37
25	38
25	39
25	46
25	47
25	48
25	49
25	50
25	51
25	52
25	53
25	54
25	56
25	57
25	58
25	59
25	60
25	61
25	62
25	63
25	64
25	65
25	66
25	67
25	68
25	69
25	70
25	71
25	72
25	73
25	74
25	75
25	76
25	77
25	78
25	79
25	80
25	81
25	82
25	83
25	84
25	85
25	86
25	87
25	88
25	89
25	90
25	91
25	92
25	93
25	94
25	95
25	96
25	97
25	98
25	99
25	100
25	101
25	102
25	103
25	104
25	105
25	106
25	107
25	108
25	109
25	110
25	111
25	112
25	113
25	114
25	115
25	116
25	117
25	118
25	119
25	120
25	121
25	122
25	123
25	124
25	125
25	126
25	127
25	128
25	129
25	130
25	131
25	132
25	133
25	134
25	135
25	136
25	137
25	138
25	139
25	140
25	141
25	142
25	143
25	144
25	145
25	146
25	147
25	148
25	149
25	150
25	151
25	152
25	153
25	154
25	155
25	156
25	157
25	158
25	159
25	160
25	161
25	162
25	163
25	164
25	165
25	166
25	167
25	168
25	169
25	170
26	38
26	39
26	46
26	48
26	49
26	51
26	52
26	53
26	54
26	56
26	57
26	58
26	59
26	60
26	61
26	65
26	66
26	67
26	69
26	70
26	71
26	72
26	73
26	74
26	75
26	76
26	77
26	79
26	80
26	81
26	82
26	83
26	84
26	85
26	86
26	87
26	88
26	89
26	90
26	91
26	92
26	96
26	97
26	98
26	99
26	100
26	101
26	102
26	103
26	104
26	106
26	107
26	108
26	109
26	110
26	111
26	112
26	113
26	114
26	115
26	116
26	117
26	118
26	119
26	120
26	121
26	122
26	123
26	124
26	125
26	126
26	127
26	128
26	129
26	130
26	131
26	132
26	133
26	134
26	135
26	136
26	137
26	138
26	139
26	140
26	141
26	142
26	143
26	144
26	145
26	146
26	147
26	148
26	149
26	150
26	151
26	152
26	153
26	154
26	155
26	156
26	157
26	158
26	159
26	160
26	161
26	162
26	163
26	164
26	165
26	166
26	167
26	168
26	169
26	170
27	39
27	46
27	48
27	49
27	51
27	52
27	53
27	54
27	56
27	57
27	58
27	59
27	60
27	61
27	65
27	66
27	67
27	69
27	70
27	71
27	72
27	73
27	74
27	75
27	76
27	77
27	79
27	80
27	81
27	82
27	83
27	84
27	85
27	86
27	87
27	88
27	89
27	90
27	91
27	92
27	96
27	97
27	98
27	99
27	100
27	101
27	102
27	103
27	104
27	106
27	107
27	108
27	109
27	110
27	111
27	112
27	113
27	114
27	115
27	116
27	117
27	118
27	119
27	120
27	121
27	122
27	123
27	124
27	125
27	126
27	127
27	128
27	129
27	130
27	131
27	132
27	133
27	134
27	135
27	136
27	137
27	138
27	139
27	140
27	141
27	142
27	143
27	144
27	145
27	146
27	147
27	148
27	149
27	150
27	151
27	152
27	153
27	154
27	155
27	156
27	157
27	158
27	159
27	160
27	161
27	162
27	163
27	164
27	165
27	166
27	167
27	168
27	169
27	170
28	48
28	49
28	50
28	51
28	52
28	53
28	54
28	57
28	58
28	60
28	61
28	66
28	69
28	70
28	71
28	72
28	74
28	75
28	76
28	77
28	79
28	80
28	82
28	83
28	84
28	85
28	86
28	87
28	88
28	89
28	90
28	91
28	92
28	95
28	96
28	98
28	100
28	101
28	104
28	106
28	107
28	108
28	109
28	110
28	111
28	112
28	113
28	114
28	115
28	116
28	117
28	118
28	119
28	120
28	122
28	123
28	124
28	125
28	127
28	128
28	129
28	130
28	131
28	132
28	133
28	134
28	135
28	136
28	137
28	138
28	139
28	140
28	141
28	142
28	143
28	144
28	145
28	146
28	147
28	148
28	149
28	150
28	151
28	152
28	153
28	154
28	155
28	156
28	157
28	158
28	159
28	160
28	161
28	162
28	163
28	164
28	165
28	166
28	167
28	168
28	169
28	170
29	48
29	49
29	50
29	51
29	52
29	53
29	54
29	57
29	58
29	60
29	61
29	66
29	69
29	70
29	71
29	72
29	74
29	75
29	76
29	77
29	79
29	80
29	82
29	83
29	84
29	85
29	86
29	87
29	88
29	89
29	90
29	91
29	92
29	95
29	96
29	98
29	100
29	101
29	104
29	106
29	107
29	108
29	109
29	110
29	111
29	112
29	113
29	114
29	115
29	116
29	117
29	118
29	119
29	120
29	122
29	123
29	124
29	125
29	127
29	128
29	129
29	130
29	131
29	132
29	133
29	134
29	135
29	136
29	137
29	138
29	139
29	140
29	141
29	142
29	143
29	144
29	145
29	146
29	147
29	148
29	149
29	150
29	151
29	152
29	153
29	154
29	155
29	156
29	157
29	158
29	159
29	160
29	161
29	162
29	163
29	164
29	165
29	166
29	167
29	168
29	169
29	170
30	48
30	49
30	50
30	51
30	52
30	53
30	54
30	57
30	58
30	60
30	61
30	66
30	69
30	70
30	71
30	72
30	74
30	75
30	76
30	77
30	79
30	80
30	82
30	83
30	84
30	85
30	86
30	87
30	88
30	89
30	90
30	91
30	92
30	95
30	96
30	98
30	100
30	101
30	104
30	106
30	107
30	108
30	109
30	110
30	111
30	112
30	113
30	114
30	115
30	116
30	117
30	118
30	119
30	120
30	122
30	123
30	124
30	125
30	127
30	128
30	129
30	130
30	131
30	132
30	133
30	134
30	135
30	136
30	137
30	138
30	139
30	140
30	141
30	142
30	143
30	144
30	145
30	146
30	147
30	148
30	149
30	150
30	151
30	152
30	153
30	154
30	155
30	156
30	157
30	158
30	159
30	160
30	161
30	162
30	163
30	164
30	165
30	166
30	167
30	168
30	169
30	170
31	48
31	49
31	53
31	54
31	61
31	79
31	83
31	112
31	113
31	114
31	116
31	118
31	120
31	122
31	123
31	127
31	129
31	132
31	141
31	142
31	143
31	144
31	145
31	146
31	147
31	149
31	151
31	152
31	153
31	154
31	155
31	156
31	157
31	158
31	159
31	160
31	161
31	162
31	163
31	164
31	165
31	167
31	169
31	170
32	39
32	46
32	48
32	49
32	51
32	52
32	53
32	54
32	56
32	57
32	58
32	59
32	60
32	61
32	65
32	66
32	67
32	69
32	70
32	71
32	72
32	73
32	74
32	75
32	76
32	77
32	79
32	80
32	81
32	82
32	83
32	84
32	85
32	86
32	87
32	88
32	89
32	90
32	91
32	92
32	96
32	97
32	98
32	99
32	100
32	101
32	102
32	103
32	104
32	106
32	107
32	108
32	109
32	110
32	111
32	112
32	113
32	114
32	115
32	116
32	117
32	118
32	119
32	120
32	121
32	122
32	123
32	124
32	125
32	126
32	127
32	128
32	129
32	130
32	131
32	132
32	133
32	134
32	135
32	136
32	137
32	138
32	139
32	140
32	141
32	142
32	143
32	144
32	145
32	146
32	147
32	148
32	149
32	150
32	151
32	152
32	153
32	154
32	155
32	156
32	157
32	158
32	159
32	160
32	161
32	162
32	163
32	164
32	165
32	166
32	167
32	168
32	169
32	170
33	48
33	49
33	53
33	54
33	61
33	79
33	83
33	92
33	112
33	113
33	114
33	116
33	117
33	118
33	120
33	122
33	123
33	127
33	129
33	130
33	131
33	132
33	134
33	135
33	137
33	138
33	140
33	141
33	142
33	143
33	144
33	145
33	146
33	147
33	149
33	151
33	152
33	153
33	154
33	155
33	156
33	157
33	158
33	159
33	160
33	161
33	162
33	163
33	164
33	165
33	167
33	169
33	170
34	48
34	49
34	53
34	54
34	57
34	60
34	61
34	79
34	82
34	83
34	88
34	89
34	108
34	109
34	111
34	113
34	114
34	116
34	118
34	119
34	120
34	122
34	123
34	124
34	125
34	127
34	129
34	130
34	131
34	132
34	134
34	135
34	136
34	137
34	138
34	140
34	141
34	142
34	143
34	144
34	145
34	146
34	147
34	148
34	149
34	150
34	151
34	152
34	153
34	154
34	155
34	156
34	157
34	158
34	159
34	160
34	161
34	162
34	163
34	164
34	165
34	166
34	167
34	168
34	169
34	170
35	48
35	49
35	53
35	54
35	57
35	60
35	61
35	79
35	82
35	83
35	88
35	89
35	108
35	109
35	111
35	113
35	114
35	116
35	118
35	119
35	120
35	122
35	123
35	124
35	125
35	127
35	129
35	130
35	131
35	132
35	134
35	135
35	136
35	137
35	138
35	140
35	141
35	142
35	143
35	144
35	145
35	146
35	147
35	148
35	149
35	150
35	151
35	152
35	153
35	154
35	155
35	156
35	157
35	158
35	159
35	160
35	161
35	162
35	163
35	164
35	165
35	166
35	167
35	168
35	169
35	170
36	48
36	49
36	51
36	52
36	53
36	54
36	57
36	58
36	60
36	61
36	66
36	69
36	70
36	71
36	72
36	74
36	75
36	76
36	77
36	79
36	80
36	82
36	83
36	84
36	85
36	86
36	87
36	88
36	89
36	90
36	91
36	92
36	96
36	98
36	100
36	101
36	104
36	106
36	107
36	108
36	109
36	110
36	111
36	112
36	113
36	114
36	115
36	116
36	117
36	118
36	119
36	120
36	122
36	123
36	124
36	125
36	127
36	128
36	129
36	130
36	131
36	132
36	133
36	134
36	135
36	136
36	137
36	138
36	139
36	140
36	141
36	142
36	143
36	144
36	145
36	146
36	147
36	148
36	149
36	150
36	151
36	152
36	153
36	154
36	155
36	156
36	157
36	158
36	159
36	160
36	161
36	162
36	163
36	164
36	165
36	166
36	167
36	168
36	169
36	170
37	48
37	49
37	54
37	61
37	164
38	48
38	49
38	54
38	61
38	164
39	48
39	49
39	54
39	61
39	143
39	158
39	159
39	160
39	161
39	164
39	170
40	48
40	49
40	53
40	54
40	61
40	79
40	83
40	112
40	113
40	114
40	116
40	118
40	120
40	122
40	123
40	127
40	129
40	132
40	141
40	142
40	143
40	144
40	145
40	146
40	147
40	149
40	151
40	152
40	153
40	154
40	155
40	156
40	157
40	158
40	159
40	160
40	161
40	162
40	163
40	164
40	165
40	167
40	169
40	170
41	48
41	49
41	54
41	61
41	143
41	144
41	153
41	154
41	158
41	159
41	160
41	161
41	164
41	170
42	48
42	49
42	53
42	54
42	61
42	79
42	83
42	112
42	113
42	114
42	116
42	118
42	120
42	122
42	123
42	127
42	129
42	132
42	141
42	142
42	143
42	144
42	145
42	146
42	147
42	149
42	151
42	152
42	153
42	154
42	155
42	156
42	157
42	158
42	159
42	160
42	161
42	162
42	163
42	164
42	165
42	167
42	169
42	170
43	48
43	49
43	53
43	54
43	61
43	79
43	83
43	112
43	113
43	114
43	116
43	118
43	120
43	122
43	123
43	127
43	129
43	132
43	141
43	142
43	143
43	144
43	145
43	146
43	147
43	149
43	151
43	152
43	153
43	154
43	155
43	156
43	157
43	158
43	159
43	160
43	161
43	162
43	163
43	164
43	165
43	167
43	169
43	170
44	48
44	49
44	54
44	61
44	118
44	127
44	142
44	143
44	147
44	149
44	152
44	156
44	158
44	159
44	160
44	161
44	164
44	165
44	167
44	169
44	170
45	48
45	49
45	54
45	61
45	79
45	83
45	114
45	116
45	129
45	141
45	143
45	144
45	146
45	147
45	149
45	153
45	154
45	155
45	157
45	158
45	159
45	160
45	161
45	163
45	164
45	165
45	167
45	169
45	170
46	48
46	49
46	54
46	61
46	143
46	147
46	149
46	158
46	159
46	160
46	161
46	164
46	165
46	167
46	169
46	170
47	48
47	49
47	54
47	61
47	143
47	158
47	160
47	164
48	50
48	51
48	52
48	53
48	54
48	55
48	56
48	57
48	58
48	59
48	60
48	61
48	62
48	63
48	64
48	65
48	66
48	67
48	68
48	69
48	70
48	71
48	72
48	73
48	74
48	75
48	76
48	77
48	78
48	79
48	80
48	81
48	82
48	83
48	84
48	85
48	86
48	87
48	88
48	89
48	90
48	91
48	92
48	93
48	94
48	95
48	96
48	97
48	98
48	99
48	100
48	101
48	102
48	103
48	104
48	105
48	106
48	107
48	108
48	109
48	110
48	111
48	112
48	113
48	114
48	115
48	116
48	117
48	118
48	119
48	120
48	121
48	122
48	123
48	124
48	125
48	126
48	127
48	128
48	129
48	130
48	131
48	132
48	133
48	134
48	135
48	136
48	137
48	138
48	139
48	140
48	141
48	142
48	143
48	144
48	145
48	146
48	147
48	148
48	149
48	150
48	151
48	152
48	153
48	154
48	155
48	156
48	157
48	158
48	159
48	160
48	161
48	162
48	163
48	164
48	165
48	166
48	167
48	168
48	169
48	170
49	50
49	51
49	52
49	53
49	54
49	55
49	56
49	57
49	58
49	59
49	60
49	61
49	62
49	63
49	64
49	65
49	66
49	67
49	68
49	69
49	70
49	71
49	72
49	73
49	74
49	75
49	76
49	77
49	78
49	79
49	80
49	81
49	82
49	83
49	84
49	85
49	86
49	87
49	88
49	89
49	90
49	91
49	92
49	93
49	94
49	95
49	96
49	97
49	98
49	99
49	100
49	101
49	102
49	103
49	104
49	105
49	106
49	107
49	108
49	109
49	110
49	111
49	112
49	113
49	114
49	115
49	116
49	117
49	118
49	119
49	120
49	121
49	122
49	123
49	124
49	125
49	126
49	127
49	128
49	129
49	130
49	131
49	132
49	133
49	134
49	135
49	136
49	137
49	138
49	139
49	140
49	141
49	142
49	143
49	144
49	145
49	146
49	147
49	148
49	149
49	150
49	151
49	152
49	153
49	154
49	155
49	156
49	157
49	158
49	159
49	160
49	161
49	162
49	163
49	164
49	165
49	166
49	167
49	168
49	169
49	170
50	54
50	61
50	143
50	147
50	149
50	158
50	159
50	160
50	161
50	164
50	165
50	167
50	169
50	170
51	54
51	61
51	164
52	54
52	61
52	164
53	54
53	61
53	158
53	160
53	164
53	170
54	55
54	56
54	57
54	58
54	59
54	60
54	61
54	62
54	63
54	64
54	65
54	66
54	67
54	68
54	69
54	70
54	71
54	72
54	73
54	74
54	75
54	76
54	77
54	78
54	79
54	80
54	81
54	82
54	83
54	84
54	85
54	86
54	87
54	88
54	89
54	90
54	91
54	92
54	93
54	94
54	95
54	96
54	97
54	98
54	99
54	100
54	101
54	102
54	103
54	104
54	105
54	106
54	107
54	108
54	109
54	110
54	111
54	112
54	113
54	114
54	115
54	116
54	117
54	118
54	119
54	120
54	121
54	122
54	123
54	124
54	125
54	126
54	127
54	128
54	129
54	130
54	131
54	132
54	133
54	134
54	135
54	136
54	137
54	138
54	139
54	140
54	141
54	142
54	143
54	144
54	145
54	146
54	147
54	148
54	149
54	150
54	151
54	152
54	153
54	154
54	155
54	156
54	157
54	158
54	159
54	160
54	161
54	162
54	163
54	164
54	165
54	166
54	167
54	168
54	169
54	170
55	61
55	158
55	160
55	164
56	61
56	143
56	158
56	159
56	160
56	161
56	164
56	170
57	61
57	83
57	118
57	120
57	127
57	135
57	141
57	142
57	143
57	144
57	145
57	146
57	147
57	149
57	151
57	152
57	153
57	154
57	155
57	156
57	157
57	158
57	159
57	160
57	161
57	162
57	163
57	164
57	165
57	167
57	169
57	170
58	61
58	127
58	143
58	144
58	145
58	147
58	149
58	151
58	152
58	153
58	154
58	155
58	156
58	157
58	158
58	159
58	160
58	161
58	162
58	164
58	165
58	167
58	169
58	170
59	61
59	143
59	144
59	147
59	149
59	153
59	154
59	155
59	157
59	158
59	159
59	160
59	161
59	164
59	165
59	167
59	169
59	170
60	61
61	62
61	63
61	64
61	65
61	66
61	67
61	68
61	69
61	70
61	71
61	72
61	73
61	74
61	75
61	76
61	77
61	78
61	79
61	80
61	81
61	82
61	83
61	84
61	85
61	86
61	87
61	88
61	89
61	90
61	91
61	92
61	93
61	94
61	95
61	96
61	97
61	98
61	99
61	100
61	101
61	102
61	103
61	104
61	105
61	106
61	107
61	108
61	109
61	110
61	111
61	112
61	113
61	114
61	115
61	116
61	117
61	118
61	119
61	120
61	121
61	122
61	123
61	124
61	125
61	126
61	127
61	128
61	129
61	130
61	131
61	132
61	133
61	134
61	135
61	136
61	137
61	138
61	139
61	140
61	141
61	142
61	143
61	144
61	145
61	146
61	147
61	148
61	149
61	150
61	151
61	152
61	153
61	154
61	155
61	156
61	157
61	158
61	159
61	160
61	161
61	162
61	163
61	164
61	165
61	166
61	167
61	168
61	169
61	170
62	158
62	160
62	164
62	170
63	164
64	164
65	143
65	158
65	159
65	160
65	161
65	164
65	170
66	164
68	158
68	160
68	164
68	170
69	164
70	164
71	143
71	147
71	149
71	158
71	159
71	160
71	161
71	164
71	165
71	167
71	169
71	170
72	164
73	164
74	127
74	143
74	144
74	145
74	147
74	149
74	151
74	152
74	153
74	154
74	155
74	156
74	157
74	158
74	159
74	160
74	161
74	162
74	164
74	165
74	167
74	169
74	170
75	164
76	143
76	147
76	149
76	158
76	159
76	160
76	161
76	164
76	165
76	167
76	169
76	170
77	164
77	167
78	164
79	143
79	164
79	167
81	164
82	164
82	167
83	90
83	117
83	118
84	143
86	164
88	164
90	143
90	158
90	160
90	164
91	164
93	164
94	164
95	143
95	164
96	164
97	164
98	164
100	143
100	164
103	164
103	167
104	164
107	164
114	164
116	143
116	147
116	149
116	158
116	159
116	160
116	161
116	164
116	165
116	167
116	169
116	170
117	143
117	147
117	149
117	158
117	159
117	160
117	161
117	164
117	165
117	167
117	169
117	170
118	143
118	147
118	149
118	158
118	159
118	160
118	161
118	164
118	165
118	167
118	169
118	170
121	164
122	164
123	143
123	147
123	149
123	158
123	159
123	160
123	161
123	164
123	165
123	167
123	169
123	170
124	143
124	147
124	149
124	158
124	159
124	160
124	161
124	164
124	165
124	167
124	169
124	170
125	164
127	143
143	150
143	166
143	167