116	1307
1	3
1	4
1	5
1	6
1	7
1	8
1	9
1	10
1	11
1	12
1	13
1	14
1	15
1	16
1	17
1	18
1	19
1	20
1	21
1	22
1	23
1	24
1	25
1	26
1	27
1	28
1	29
1	30
1	31
1	32
1	33
1	34
1	35
1	36
1	37
1	38
1	39
1	40
1	41
1	42
1	43
1	44
1	45
1	46
1	47
1	48
1	49
1	50
1	51
1	52
1	53
1	54
1	55
1	56
1	57
1	58
1	59
1	60
1	61
1	62
1	63
1	64
1	65
1	66
1	67
1	68
1	69
1	70
1	71
1	72
1	73
1	74
1	75
1	76
1	77
1	78
1	79
1	80
1	81
1	82
1	83
1	84
1	85
1	86
1	87
1	88
1	89
1	90
1	91
1	92
1	93
1	94
1	95
1	96
1	97
1	98
1	99
1	100
1	101
1	102
1	103
1	104
1	105
1	106
1	107
1	108
1	109
1	110
1	111
1	112
1	113
1	114
1	115
1	116
2	3
2	4
2	5
2	6
2	7
2	8
2	9
2	10
2	11
2	12
2	13
2	14
2	15
2	16
2	17
2	18
2	19
2	20
2	21
2	22
2	23
2	24
2	25
2	26
2	27
2	28
2	29
2	30
2	31
2	32
2	33
2	34
2	35
2	36
2	37
2	38
2	39
2	40
2	41
2	42
2	43
2	44
2	45
2	46
2	47
2	48
2	49
2	50
2	51
2	52
2	53
2	54
2	55
2	56
2	57
2	58
2	59
2	60
2	61
2	62
2	63
2	64
2	65
2	66
2	67
2	68
2	69
2	70
2	71
2	72
2	73
2	74
2	75
2	76
2	77
2	78
2	79
2	80
2	81
2	82
2	83
2	84
2	85
2	86
2	87
2	88
2	89
2	90
2	91
2	92
2	93
2	94
2	95
2	96
2	97
2	98
2	99
2	100
2	101
2	102
2	103
2	104
2	105
2	106
2	107
2	108
2	109
2	110
2	111
2	112
2	113
2	114
2	115
2	116
3	13
3	14
3	15
3	52
3	58
3	59
3	61
3	62
3	63
3	64
3	65
3	66
3	67
3	68
3	69
3	70
3	71
3	72
3	73
3	74
3	75
3	76
3	77
3	78
3	79
3	80
3	81
3	82
3	83
3	84
3	85
3	86
3	87
3	88
3	89
3	90
3	91
3	92
3	93
3	94
3	95
3	96
3	97
3	98
3	99
3	100
3	101
3	102
3	103
3	104
3	105
3	106
3	107
3	108
3	109
3	110
3	111
3	112
3	113
3	114
3	115
3	116
4	13
4	14
4	15
4	16
4	21
4	24
4	25
4	27
4	28
4	30
4	36
4	45
4	46
4	47
4	48
4	52
4	53
4	54
4	57
4	58
4	59
4	60
4	61
4	62
4	63
4	64
4	65
4	66
4	67
4	68
4	69
4	70
4	71
4	72
4	73
4	74
4	75
4	76
4	77
4	78
4	79
4	80
4	81
4	82
4	83
4	84
4	85
4	86
4	87
4	88
4	89
4	90
4	91
4	92
4	93
4	94
4	95
4	96
4	97
4	98
4	99
4	100
4	101
4	102
4	103
4	104
4	105
4	106
4	107
4	108
4	109
4	110
4	111
4	112
4	113
4	114
4	115
4	116
5	13
5	14
5	15
5	16
5	21
5	24
5	25
5	27
5	28
5	30
5	36
5	45
5	46
5	47
5	48
5	52
5	53
5	54
5	57
5	58
5	59
5	60
5	61
5	62
5	63
5	64
5	65
5	66
5	67
5	68
5	69
5	70
5	71
5	72
5	73
5	74
5	75
5	76
5	77
5	78
5	79
5	80
5	81
5	82
5	83
5	84
5	85
5	86
5	87
5	88
5	89
5	90
5	91
5	92
5	93
5	94
5	95
5	96
5	97
5	98
5	99
5	100
5	101
5	102
5	103
5	104
5	105
5	106
5	107
5	108
5	109
5	110
5	111
5	112
5	113
5	114
5	115
5	116
6	15
6	63
6	64
6	65
6	66
6	67
6	70
6	71
6	72
6	73
6	74
6	75
6	76
6	78
6	80
6	81
6	82
6	83
6	84
6	85
6	86
6	87
6	88
6	89
6	90
6	91
6	92
6	93
6	94
6	95
6	96
6	97
6	98
6	99
6	100
6	101
6	102
6	103
6	104
6	105
6	106
6	107
6	108
6	109
6	110
6	111
6	112
6	113
6	114
6	115
6	116
7	15
7	63
7	64
7	65
7	66
7	67
7	70
7	71
7	72
7	73
7	74
7	75
7	76
7	78
7	80
7	81
7	82
7	83
7	84
7	85
7	86
7	87
7	88
7	89
7	90
7	91
7	92
7	93
7	94
7	95
7	96
7	97
7	98
7	99
7	100
7	101
7	102
7	103
7	104
7	105
7	106
7	107
7	108
7	109
7	110
7	111
7	112
7	113
7	114
7	115
7	116
8	15
8	63
8	64
8	66
8	83
8	84
8	85
8	86
8	87
8	89
8	90
8	91
8	92
8	93
8	94
8	96
8	97
8	98
8	99
8	100
8	101
8	102
8	103
8	104
8	105
8	106
8	107
8	108
8	109
8	110
8	111
8	112
8	113
8	114
8	115
8	116
9	15
9	63
9	64
9	66
9	83
9	84
9	85
9	86
9	87
9	89
9	90
9	91
9	92
9	93
9	94
9	96
9	97
9	98
9	99
9	100
9	101
9	102
9	103
9	104
9	105
9	106
9	107
9	108
9	109
9	110
9	111
9	112
9	113
9	114
9	115
9	116
10	15
10	63
10	64
10	86
10	91
10	92
10	97
10	100
10	101
10	105
10	106
10	107
10	108
10	109
10	110
10	111
10	112
10	113
10	114
10	115
10	116
11	15
11	63
11	64
11	86
11	91
11	92
11	97
11	100
11	101
11	105
11	106
11	107
11	108
11	109
11	110
11	111
11	112
11	113
11	114
11	115
11	116
12	15
12	63
12	64
12	105
12	106
12	107
12	109
12	112
12	113
12	114
12	115
12	116
13	15
13	63
13	64
13	86
13	91
13	92
13	97
13	100
13	101
13	105
13	106
13	107
13	108
13	109
13	110
13	111
13	112
13	113
13	114
13	115
13	116
14	15
14	63
14	64
14	86
14	91
14	92
14	97
14	100
14	101
14	105
14	106
14	107
14	108
14	109
14	110
14	111
14	112
14	113
14	114
14	115
14	116
15	16
15	17
15	18
15	19
15	20
15	21
15	22
15	23
15	24
15	25
15	26
15	27
15	28
15	29
15	30
15	31
15	32
15	33
15	34
15	35
15	36
15	37
15	38
15	39
15	40
15	41
15	42
15	43
15	44
15	45
15	46
15	47
15	48
15	49
15	50
15	51
15	52
15	53
15	54
15	55
15	56
15	57
15	58
15	59
15	60
15	61
15	62
15	63
15	64
15	65
15	66
15	67
15	68
15	69
15	70
15	71
15	72
15	73
15	74
15	75
15	76
15	77
15	78
15	79
15	80
15	81
15	82
15	83
15	84
15	85
15	86
15	87
15	88
15	89
15	90
15	91
15	92
15	93
15	94
15	95
15	96
15	97
15	98
15	99
15	100
15	101
15	102
15	103
15	104
15	105
15	106
15	107
15	108
15	109
15	110
15	111
15	112
15	113
15	114
15	115
15	116
16	63
16	64
16	106
16	114
16	116
17	63
17	64
17	106
17	114
17	116
18	63
18	64
18	106
18	114
18	116
19	63
19	64
19	106
19	114
19	116
20	63
20	64
20	106
20	114
20	116
21	63
21	64
21	105
21	106
21	107
21	109
21	112
21	113
21	114
21	115
21	116
22	63
22	64
22	105
22	106
22	107
22	109
22	112
22	113
22	114
22	115
22	116
23	63
23	64
23	105
23	106
23	107
23	109
23	112
23	113
23	114
23	115
23	116
24	63
24	64
24	105
24	106
24	107
24	109
24	112
24	113
24	114
24	115
24	116
25	63
25	64
25	86
25	91
25	92
25	97
25	100
25	101
25	105
25	106
25	107
25	108
25	109
25	110
25	111
25	112
25	113
25	114
25	115
25	116
26	63
26	64
26	105
26	106
26	107
26	109
26	112
26	113
26	114
26	115
26	116
27	63
27	64
27	105
27	106
27	107
27	109
27	112
27	113
27	114
27	115
27	116
28	63
28	64
28	105
28	106
28	107
28	109
28	112
28	113
28	114
28	115
28	116
29	63
29	64
29	105
29	106
29	107
29	109
29	112
29	113
29	114
29	115
29	116
30	63
30	64
30	105
30	106
30	107
30	109
30	112
30	113
30	114
30	115
30	116
31	63
31	64
31	105
31	106
31	107
31	109
31	112
31	113
31	114
31	115
31	116
32	63
32	64
32	105
32	106
32	107
32	109
32	112
32	113
32	114
32	115
32	116
33	63
33	64
33	106
33	114
33	116
34	63
34	64
34	105
34	106
34	107
34	109
34	112
34	113
34	114
34	115
34	116
35	63
35	64
35	105
35	106
35	107
35	109
35	112
35	113
35	114
35	115
35	116
36	63
36	64
36	106
36	114
36	116
37	63
37	64
37	106
37	114
37	116
38	63
38	64
38	106
38	114
38	116
39	63
39	64
39	106
39	114
39	116
40	63
40	64
40	105
40	106
40	107
40	109
40	112
40	113
40	114
40	115
40	116
41	63
41	64
41	106
41	114
41	116
42	63
42	64
42	116
43	63
43	64
43	106
43	114
43	116
44	63
44	64
44	106
44	114
44	116
45	63
45	64
45	105
45	106
45	107
45	109
45	112
45	113
45	114
45	115
45	116
46	63
46	64
46	105
46	106
46	107
46	109
46	112
46	113
46	114
46	115
46	116
47	63
47	64
47	86
47	91
47	92
47	97
47	100
47	101
47	105
47	106
47	107
47	108
47	109
47	110
47	111
47	112
47	113
47	114
47	115
47	116
48	63
48	64
48	105
48	106
48	107
48	109
48	112
48	113
48	114
48	115
48	116
49	63
49	64
49	105
49	106
49	107
49	109
49	112
49	113
49	114
49	115
49	116
50	63
50	64
50	106
50	114
50	116
51	63
51	64
51	105
51	106
51	107
51	109
51	112
51	113
51	114
51	115
51	116
52	63
52	64
52	86
52	91
52	92
52	97
52	100
52	101
52	105
52	106
52	107
52	108
52	109
52	110
52	111
52	112
52	113
52	114
52	115
52	116
53	63
53	64
53	105
53	106
53	107
53	109
53	112
53	113
53	114
53	115
53	116
54	63
54	64
54	116
55	63
55	64
55	106
55	114
55	116
56	63
56	64
56	106
56	114
56	116
57	63
57	64
58	63
58	64
58	116
59	63
59	64
59	116
60	63
60	64
60	116
61	63
61	64
61	116
62	63
62	64
63	65
63	66
63	67
63	68
63	69
63	70
63	71
63	72
63	73
63	74
63	75
63	76
63	77
63	78
63	79
63	80
63	81
63	82
63	83
63	84
63	85
63	86
63	87
63	88
63	89
63	90
63	91
63	92
63	93
63	94
63	95
63	96
63	97
63	98
63	99
63	100
63	101
63	102
63	103
63	104
63	105
63	106
63	107
63	108
63	109
63	110
63	111
63	112
63	113
63	114
63	115
63	116
64	65
64	66
64	67
64	68
64	69
64	70
64	71
64	72
64	73
64	74
64	75
64	76
64	77
64	78
64	79
64	80
64	81
64	82
64	83
64	84
64	85
64	86
64	87
64	88
64	89
64	90
64	91
64	92
64	93
64	94
64	95
64	96
64	97
64	98
64	99
64	100
64	101
64	102
64	103
64	104
64	105
64	106
64	107
64	108
64	109
64	110
64	111
64	112
64	113
64	114
64	115
64	116
67	106
67	114
67	116
68	116