116	2582
1	3
1	4
1	5
1	6
1	7
1	8
1	9
1	10
1	11
1	12
1	13
1	14
1	15
1	16
1	17
1	18
1	19
1	20
1	21
1	22
1	23
1	24
1	25
1	26
1	27
1	28
1	29
1	30
1	31
1	32
1	33
1	34
1	35
1	36
1	37
1	38
1	39
1	40
1	41
1	42
1	43
1	44
1	45
1	46
1	47
1	48
1	49
1	50
1	51
1	52
1	53
1	54
1	55
1	56
1	57
1	58
1	59
1	60
1	61
1	62
1	63
1	64
1	65
1	66
1	67
1	68
1	69
1	70
1	71
1	72
1	73
1	74
1	75
1	76
1	77
1	78
1	79
1	80
1	81
1	82
1	83
1	84
1	85
1	86
1	87
1	88
1	89
1	90
1	91
1	92
1	93
1	94
1	95
1	96
1	97
1	98
1	99
1	100
1	101
1	102
1	103
1	104
1	105
1	106
1	107
1	108
1	109
1	110
1	111
1	112
1	113
1	114
1	115
1	116
2	3
2	4
2	5
2	6
2	7
2	8
2	9
2	10
2	11
2	12
2	13
2	14
2	15
2	16
2	17
2	18
2	19
2	20
2	21
2	22
2	23
2	24
2	25
2	26
2	27
2	28
2	29
2	30
2	31
2	32
2	33
2	34
2	35
2	36
2	37
2	38
2	39
2	40
2	41
2	42
2	43
2	44
2	45
2	46
2	47
2	48
2	49
2	50
2	51
2	52
2	53
2	54
2	55
2	56
2	57
2	58
2	59
2	60
2	61
2	62
2	63
2	64
2	65
2	66
2	67
2	68
2	69
2	70
2	71
2	72
2	73
2	74
2	75
2	76
2	77
2	78
2	79
2	80
2	81
2	82
2	83
2	84
2	85
2	86
2	87
2	88
2	89
2	90
2	91
2	92
2	93
2	94
2	95
2	96
2	97
2	98
2	99
2	100
2	101
2	102
2	103
2	104
2	105
2	106
2	107
2	108
2	109
2	110
2	111
2	112
2	113
2	114
2	115
2	116
3	13
3	14
3	15
3	16
3	17
3	18
3	19
3	20
3	21
3	24
3	25
3	26
3	27
3	28
3	29
3	30
3	31
3	32
3	33
3	34
3	35
3	36
3	37
3	38
3	40
3	41
3	42
3	43
3	44
3	45
3	46
3	47
3	48
3	49
3	52
3	53
3	54
3	55
3	56
3	57
3	58
3	59
3	60
3	61
3	62
3	63
3	64
3	65
3	66
3	67
3	68
3	69
3	70
3	71
3	72
3	73
3	74
3	75
3	76
3	77
3	78
3	79
3	80
3	81
3	82
3	83
3	84
3	85
3	86
3	87
3	88
3	89
3	90
3	91
3	92
3	93
3	94
3	95
3	96
3	97
3	98
3	99
3	100
3	101
3	102
3	103
3	104
3	105
3	106
3	107
3	108
3	109
3	110
3	111
3	112
3	113
3	114
3	115
3	116
4	13
4	14
4	15
4	16
4	17
4	18
4	19
4	20
4	21
4	22
4	24
4	25
4	26
4	27
4	28
4	29
4	30
4	31
4	32
4	33
4	34
4	35
4	36
4	37
4	38
4	39
4	40
4	41
4	42
4	43
4	44
4	45
4	46
4	47
4	48
4	49
4	50
4	51
4	52
4	53
4	54
4	55
4	56
4	57
4	58
4	59
4	60
4	61
4	62
4	63
4	64
4	65
4	66
4	67
4	68
4	69
4	70
4	71
4	72
4	73
4	74
4	75
4	76
4	77
4	78
4	79
4	80
4	81
4	82
4	83
4	84
4	85
4	86
4	87
4	88
4	89
4	90
4	91
4	92
4	93
4	94
4	95
4	96
4	97
4	98
4	99
4	100
4	101
4	102
4	103
4	104
4	105
4	106
4	107
4	108
4	109
4	110
4	111
4	112
4	113
4	114
4	115
4	116
5	13
5	14
5	15
5	16
5	17
5	18
5	19
5	20
5	21
5	22
5	24
5	25
5	26
5	27
5	28
5	29
5	30
5	31
5	32
5	33
5	34
5	35
5	36
5	37
5	38
5	39
5	40
5	41
5	42
5	43
5	44
5	45
5	46
5	47
5	48
5	49
5	50
5	51
5	52
5	53
5	54
5	55
5	56
5	57
5	58
5	59
5	60
5	61
5	62
5	63
5	64
5	65
5	66
5	67
5	68
5	69
5	70
5	71
5	72
5	73
5	74
5	75
5	76
5	77
5	78
5	79
5	80
5	81
5	82
5	83
5	84
5	85
5	86
5	87
5	88
5	89
5	90
5	91
5	92
5	93
5	94
5	95
5	96
5	97
5	98
5	99
5	100
5	101
5	102
5	103
5	104
5	105
5	106
5	107
5	108
5	109
5	110
5	111
5	112
5	113
5	114
5	115
5	116
6	13
6	14
6	15
6	16
6	21
6	24
6	25
6	27
6	28
6	30
6	36
6	45
6	46
6	47
6	48
6	52
6	53
6	54
6	57
6	58
6	59
6	60
6	61
6	62
6	63
6	64
6	65
6	66
6	67
6	68
6	69
6	70
6	71
6	72
6	73
6	74
6	75
6	76
6	77
6	78
6	79
6	80
6	81
6	82
6	83
6	84
6	85
6	86
6	87
6	88
6	89
6	90
6	91
6	92
6	93
6	94
6	95
6	96
6	97
6	98
6	99
6	100
6	101
6	102
6	103
6	104
6	105
6	106
6	107
6	108
6	109
6	110
6	111
6	112
6	113
6	114
6	115
6	116
7	13
7	14
7	15
7	16
7	21
7	24
7	25
7	27
7	28
7	30
7	36
7	45
7	46
7	47
7	48
7	52
7	53
7	54
7	57
7	58
7	59
7	60
7	61
7	62
7	63
7	64
7	65
7	66
7	67
7	68
7	69
7	70
7	71
7	72
7	73
7	74
7	75
7	76
7	77
7	78
7	79
7	80
7	81
7	82
7	83
7	84
7	85
7	86
7	87
7	88
7	89
7	90
7	91
7	92
7	93
7	94
7	95
7	96
7	97
7	98
7	99
7	100
7	101
7	102
7	103
7	104
7	105
7	106
7	107
7	108
7	109
7	110
7	111
7	112
7	113
7	114
7	115
7	116
8	13
8	14
8	15
8	52
8	58
8	59
8	61
8	62
8	63
8	64
8	65
8	66
8	67
8	68
8	69
8	70
8	71
8	72
8	73
8	74
8	75
8	76
8	77
8	78
8	79
8	80
8	81
8	82
8	83
8	84
8	85
8	86
8	87
8	88
8	89
8	90
8	91
8	92
8	93
8	94
8	95
8	96
8	97
8	98
8	99
8	100
8	101
8	102
8	103
8	104
8	105
8	106
8	107
8	108
8	109
8	110
8	111
8	112
8	113
8	114
8	115
8	116
9	13
9	14
9	15
9	52
9	58
9	59
9	61
9	62
9	63
9	64
9	65
9	66
9	67
9	68
9	69
9	70
9	71
9	72
9	73
9	74
9	75
9	76
9	77
9	78
9	79
9	80
9	81
9	82
9	83
9	84
9	85
9	86
9	87
9	88
9	89
9	90
9	91
9	92
9	93
9	94
9	95
9	96
9	97
9	98
9	99
9	100
9	101
9	102
9	103
9	104
9	105
9	106
9	107
9	108
9	109
9	110
9	111
9	112
9	113
9	114
9	115
9	116
10	15
10	63
10	64
10	66
10	70
10	71
10	72
10	73
10	74
10	75
10	76
10	78
10	80
10	81
10	82
10	83
10	84
10	85
10	86
10	87
10	88
10	89
10	90
10	91
10	92
10	93
10	94
10	95
10	96
10	97
10	98
10	99
10	100
10	101
10	102
10	103
10	104
10	105
10	106
10	107
10	108
10	109
10	110
10	111
10	112
10	113
10	114
10	115
10	116
11	15
11	63
11	64
11	65
11	66
11	67
11	70
11	71
11	72
11	73
11	74
11	75
11	76
11	78
11	80
11	81
11	82
11	83
11	84
11	85
11	86
11	87
11	88
11	89
11	90
11	91
11	92
11	93
11	94
11	95
11	96
11	97
11	98
11	99
11	100
11	101
11	102
11	103
11	104
11	105
11	106
11	107
11	108
11	109
11	110
11	111
11	112
11	113
11	114
11	115
11	116
12	15
12	63
12	64
12	66
12	67
12	83
12	84
12	85
12	86
12	87
12	89
12	90
12	91
12	92
12	93
12	94
12	96
12	97
12	98
12	99
12	100
12	101
12	102
12	103
12	104
12	105
12	106
12	107
12	108
12	109
12	110
12	111
12	112
12	113
12	114
12	115
12	116
13	15
13	54
13	63
13	64
13	65
13	66
13	67
13	68
13	70
13	71
13	72
13	73
13	74
13	75
13	76
13	78
13	80
13	81
13	82
13	83
13	84
13	85
13	86
13	87
13	88
13	89
13	90
13	91
13	92
13	93
13	94
13	95
13	96
13	97
13	98
13	99
13	100
13	101
13	102
13	103
13	104
13	105
13	106
13	107
13	108
13	109
13	110
13	111
13	112
13	113
13	114
13	115
13	116
14	15
14	54
14	63
14	64
14	65
14	66
14	67
14	68
14	70
14	71
14	72
14	73
14	74
14	75
14	76
14	78
14	80
14	81
14	82
14	83
14	84
14	85
14	86
14	87
14	88
14	89
14	90
14	91
14	92
14	93
14	94
14	95
14	96
14	97
14	98
14	99
14	100
14	101
14	102
14	103
14	104
14	105
14	106
14	107
14	108
14	109
14	110
14	111
14	112
14	113
14	114
14	115
14	116
15	16
15	17
15	18
15	19
15	20
15	21
15	22
15	23
15	24
15	25
15	26
15	27
15	28
15	29
15	30
15	31
15	32
15	33
15	34
15	35
15	36
15	37
15	38
15	39
15	40
15	41
15	42
15	43
15	44
15	45
15	46
15	47
15	48
15	49
15	50
15	51
15	52
15	53
15	54
15	55
15	56
15	57
15	58
15	59
15	60
15	61
15	62
15	63
15	64
15	65
15	66
15	67
15	68
15	69
15	70
15	71
15	72
15	73
15	74
15	75
15	76
15	77
15	78
15	79
15	80
15	81
15	82
15	83
15	84
15	85
15	86
15	87
15	88
15	89
15	90
15	91
15	92
15	93
15	94
15	95
15	96
15	97
15	98
15	99
15	100
15	101
15	102
15	103
15	104
15	105
15	106
15	107
15	108
15	109
15	110
15	111
15	112
15	113
15	114
15	115
15	116
16	63
16	64
16	86
16	91
16	92
16	97
16	100
16	101
16	105
16	106
16	107
16	108
16	109
16	110
16	111
16	112
16	113
16	114
16	115
16	116
17	63
17	64
17	86
17	91
17	92
17	97
17	100
17	101
17	105
17	106
17	107
17	108
17	109
17	110
17	111
17	112
17	113
17	114
17	115
17	116
18	63
18	64
18	86
18	91
18	92
18	97
18	100
18	101
18	105
18	106
18	107
18	108
18	109
18	110
18	111
18	112
18	113
18	114
18	115
18	116
19	63
19	64
19	86
19	91
19	92
19	97
19	100
19	101
19	105
19	106
19	107
19	108
19	109
19	110
19	111
19	112
19	113
19	114
19	115
19	116
20	63
20	64
20	86
20	91
20	92
20	97
20	100
20	101
20	105
20	106
20	107
20	108
20	109
20	110
20	111
20	112
20	113
20	114
20	115
20	116
21	63
21	64
21	66
21	67
21	83
21	84
21	85
21	86
21	87
21	89
21	90
21	91
21	92
21	93
21	94
21	96
21	97
21	98
21	99
21	100
21	101
21	102
21	103
21	104
21	105
21	106
21	107
21	108
21	109
21	110
21	111
21	112
21	113
21	114
21	115
21	116
22	63
22	64
22	83
22	84
22	85
22	86
22	87
22	89
22	90
22	91
22	92
22	93
22	94
22	96
22	97
22	98
22	99
22	100
22	101
22	102
22	103
22	104
22	105
22	106
22	107
22	108
22	109
22	110
22	111
22	112
22	113
22	114
22	115
22	116
23	63
23	64
23	66
23	83
23	84
23	85
23	86
23	87
23	89
23	90
23	91
23	92
23	93
23	94
23	96
23	97
23	98
23	99
23	100
23	101
23	102
23	103
23	104
23	105
23	106
23	107
23	108
23	109
23	110
23	111
23	112
23	113
23	114
23	115
23	116
24	63
24	64
24	83
24	84
24	85
24	86
24	87
24	89
24	90
24	91
24	92
24	93
24	94
24	96
24	97
24	98
24	99
24	100
24	101
24	102
24	103
24	104
24	105
24	106
24	107
24	108
24	109
24	110
24	111
24	112
24	113
24	114
24	115
24	116
25	63
25	64
25	66
25	67
25	70
25	71
25	72
25	73
25	74
25	75
25	76
25	78
25	80
25	81
25	82
25	83
25	84
25	85
25	86
25	87
25	88
25	89
25	90
25	91
25	92
25	93
25	94
25	95
25	96
25	97
25	98
25	99
25	100
25	101
25	102
25	103
25	104
25	105
25	106
25	107
25	108
25	109
25	110
25	111
25	112
25	113
25	114
25	115
25	116
26	63
26	64
26	83
26	84
26	85
26	86
26	87
26	89
26	90
26	91
26	92
26	93
26	94
26	96
26	97
26	98
26	99
26	100
26	101
26	102
26	103
26	104
26	105
26	106
26	107
26	108
26	109
26	110
26	111
26	112
26	113
26	114
26	115
26	116
27	63
27	64
27	83
27	84
27	85
27	86
27	87
27	89
27	90
27	91
27	92
27	93
27	94
27	96
27	97
27	98
27	99
27	100
27	101
27	102
27	103
27	104
27	105
27	106
27	107
27	108
27	109
27	110
27	111
27	112
27	113
27	114
27	115
27	116
28	63
28	64
28	83
28	84
28	85
28	86
28	87
28	89
28	90
28	91
28	92
28	93
28	94
28	96
28	97
28	98
28	99
28	100
28	101
28	102
28	103
28	104
28	105
28	106
28	107
28	108
28	109
28	110
28	111
28	112
28	113
28	114
28	115
28	116
29	63
29	64
29	66
29	67
29	83
29	84
29	85
29	86
29	87
29	89
29	90
29	91
29	92
29	93
29	94
29	96
29	97
29	98
29	99
29	100
29	101
29	102
29	103
29	104
29	105
29	106
29	107
29	108
29	109
29	110
29	111
29	112
29	113
29	114
29	115
29	116
30	63
30	64
30	83
30	84
30	85
30	86
30	87
30	89
30	90
30	91
30	92
30	93
30	94
30	96
30	97
30	98
30	99
30	100
30	101
30	102
30	103
30	104
30	105
30	106
30	107
30	108
30	109
30	110
30	111
30	112
30	113
30	114
30	115
30	116
31	63
31	64
31	66
31	67
31	83
31	84
31	85
31	86
31	87
31	89
31	90
31	91
31	92
31	93
31	94
31	96
31	97
31	98
31	99
31	100
31	101
31	102
31	103
31	104
31	105
31	106
31	107
31	108
31	109
31	110
31	111
31	112
31	113
31	114
31	115
31	116
32	63
32	64
32	83
32	84
32	85
32	86
32	87
32	89
32	90
32	91
32	92
32	93
32	94
32	96
32	97
32	98
32	99
32	100
32	101
32	102
32	103
32	104
32	105
32	106
32	107
32	108
32	109
32	110
32	111
32	112
32	113
32	114
32	115
32	116
33	63
33	64
33	86
33	91
33	92
33	97
33	100
33	101
33	105
33	106
33	107
33	108
33	109
33	110
33	111
33	112
33	113
33	114
33	115
33	116
34	63
34	64
34	83
34	84
34	85
34	86
34	87
34	89
34	90
34	91
34	92
34	93
34	94
34	96
34	97
34	98
34	99
34	100
34	101
34	102
34	103
34	104
34	105
34	106
34	107
34	108
34	109
34	110
34	111
34	112
34	113
34	114
34	115
34	116
35	63
35	64
35	83
35	84
35	85
35	86
35	87
35	89
35	90
35	91
35	92
35	93
35	94
35	96
35	97
35	98
35	99
35	100
35	101
35	102
35	103
35	104
35	105
35	106
35	107
35	108
35	109
35	110
35	111
35	112
35	113
35	114
35	115
35	116
36	63
36	64
36	86
36	91
36	92
36	97
36	100
36	101
36	105
36	106
36	107
36	108
36	109
36	110
36	111
36	112
36	113
36	114
36	115
36	116
37	63
37	64
37	86
37	91
37	92
37	97
37	100
37	101
37	105
37	106
37	107
37	108
37	109
37	110
37	111
37	112
37	113
37	114
37	115
37	116
38	63
38	64
38	86
38	91
38	92
38	97
38	100
38	101
38	105
38	106
38	107
38	108
38	109
38	110
38	111
38	112
38	113
38	114
38	115
38	116
39	63
39	64
39	86
39	91
39	92
39	97
39	100
39	101
39	105
39	106
39	107
39	108
39	109
39	110
39	111
39	112
39	113
39	114
39	115
39	116
40	63
40	64
40	83
40	84
40	85
40	86
40	87
40	89
40	90
40	91
40	92
40	93
40	94
40	96
40	97
40	98
40	99
40	100
40	101
40	102
40	103
40	104
40	105
40	106
40	107
40	108
40	109
40	110
40	111
40	112
40	113
40	114
40	115
40	116
41	63
41	64
41	86
41	91
41	92
41	97
41	100
41	101
41	105
41	106
41	107
41	108
41	109
41	110
41	111
41	112
41	113
41	114
41	115
41	116
42	63
42	64
42	105
42	106
42	107
42	109
42	112
42	113
42	114
42	115
42	116
43	63
43	64
43	86
43	91
43	92
43	97
43	100
43	101
43	105
43	106
43	107
43	108
43	109
43	110
43	111
43	112
43	113
43	114
43	115
43	116
44	63
44	64
44	86
44	91
44	92
44	97
44	100
44	101
44	105
44	106
44	107
44	108
44	109
44	110
44	111
44	112
44	113
44	114
44	115
44	116
45	63
45	64
45	66
45	67
45	83
45	84
45	85
45	86
45	87
45	89
45	90
45	91
45	92
45	93
45	94
45	96
45	97
45	98
45	99
45	100
45	101
45	102
45	103
45	104
45	105
45	106
45	107
45	108
45	109
45	110
45	111
45	112
45	113
45	114
45	115
45	116
46	63
46	64
46	66
46	67
46	83
46	84
46	85
46	86
46	87
46	89
46	90
46	91
46	92
46	93
46	94
46	96
46	97
46	98
46	99
46	100
46	101
46	102
46	103
46	104
46	105
46	106
46	107
46	108
46	109
46	110
46	111
46	112
46	113
46	114
46	115
46	116
47	63
47	64
47	66
47	67
47	70
47	71
47	72
47	73
47	74
47	75
47	76
47	78
47	80
47	81
47	82
47	83
47	84
47	85
47	86
47	87
47	88
47	89
47	90
47	91
47	92
47	93
47	94
47	95
47	96
47	97
47	98
47	99
47	100
47	101
47	102
47	103
47	104
47	105
47	106
47	107
47	108
47	109
47	110
47	111
47	112
47	113
47	114
47	115
47	116
48	63
48	64
48	83
48	84
48	85
48	86
48	87
48	89
48	90
48	91
48	92
48	93
48	94
48	96
48	97
48	98
48	99
48	100
48	101
48	102
48	103
48	104
48	105
48	106
48	107
48	108
48	109
48	110
48	111
48	112
48	113
48	114
48	115
48	116
49	63
49	64
49	66
49	83
49	84
49	85
49	86
49	87
49	89
49	90
49	91
49	92
49	93
49	94
49	96
49	97
49	98
49	99
49	100
49	101
49	102
49	103
49	104
49	105
49	106
49	107
49	108
49	109
49	110
49	111
49	112
49	113
49	114
49	115
49	116
50	63
50	64
50	86
50	91
50	92
50	97
50	100
50	101
50	105
50	106
50	107
50	108
50	109
50	110
50	111
50	112
50	113
50	114
50	115
50	116
51	63
51	64
51	83
51	84
51	85
51	86
51	87
51	89
51	90
51	91
51	92
51	93
51	94
51	96
51	97
51	98
51	99
51	100
51	101
51	102
51	103
51	104
51	105
51	106
51	107
51	108
51	109
51	110
51	111
51	112
51	113
51	114
51	115
51	116
52	54
52	63
52	64
52	65
52	66
52	67
52	68
52	70
52	71
52	72
52	73
52	74
52	75
52	76
52	78
52	80
52	81
52	82
52	83
52	84
52	85
52	86
52	87
52	88
52	89
52	90
52	91
52	92
52	93
52	94
52	95
52	96
52	97
52	98
52	99
52	100
52	101
52	102
52	103
52	104
52	105
52	106
52	107
52	108
52	109
52	110
52	111
52	112
52	113
52	114
52	115
52	116
53	63
53	64
53	66
53	67
53	83
53	84
53	85
53	86
53	87
53	89
53	90
53	91
53	92
53	93
53	94
53	96
53	97
53	98
53	99
53	100
53	101
53	102
53	103
53	104
53	105
53	106
53	107
53	108
53	109
53	110
53	111
53	112
53	113
53	114
53	115
53	116
54	63
54	64
54	105
54	106
54	107
54	109
54	112
54	113
54	114
54	115
54	116
55	63
55	64
55	86
55	91
55	92
55	97
55	100
55	101
55	105
55	106
55	107
55	108
55	109
55	110
55	111
55	112
55	113
55	114
55	115
55	116
56	63
56	64
56	83
56	86
56	89
56	90
56	91
56	92
56	93
56	94
56	96
56	97
56	98
56	99
56	100
56	101
56	102
56	104
56	105
56	106
56	107
56	108
56	109
56	110
56	111
56	112
56	113
56	114
56	115
56	116
57	63
57	64
57	106
57	114
57	116
58	63
58	64
58	105
58	106
58	107
58	109
58	112
58	113
58	114
58	115
58	116
59	63
59	64
59	105
59	106
59	107
59	109
59	112
59	113
59	114
59	115
59	116
60	63
60	64
60	105
60	106
60	107
60	109
60	112
60	113
60	114
60	115
60	116
61	63
61	64
61	105
61	106
61	107
61	109
61	112
61	113
61	114
61	115
61	116
62	63
62	64
62	106
62	114
62	116
63	65
63	66
63	67
63	68
63	69
63	70
63	71
63	72
63	73
63	74
63	75
63	76
63	77
63	78
63	79
63	80
63	81
63	82
63	83
63	84
63	85
63	86
63	87
63	88
63	89
63	90
63	91
63	92
63	93
63	94
63	95
63	96
63	97
63	98
63	99
63	100
63	101
63	102
63	103
63	104
63	105
63	106
63	107
63	108
63	109
63	110
63	111
63	112
63	113
63	114
63	115
63	116
64	65
64	66
64	67
64	68
64	69
64	70
64	71
64	72
64	73
64	74
64	75
64	76
64	77
64	78
64	79
64	80
64	81
64	82
64	83
64	84
64	85
64	86
64	87
64	88
64	89
64	90
64	91
64	92
64	93
64	94
64	95
64	96
64	97
64	98
64	99
64	100
64	101
64	102
64	103
64	104
64	105
64	106
64	107
64	108
64	109
64	110
64	111
64	112
64	113
64	114
64	115
64	116
65	116
66	116
67	83
67	86
67	89
67	90
67	91
67	92
67	93
67	94
67	96
67	97
67	98
67	99
67	100
67	101
67	102
67	104
67	105
67	106
67	107
67	108
67	109
67	110
67	111
67	112
67	113
67	114
67	115
67	116
68	105
68	106
68	107
68	109
68	112
68	113
68	114
68	115
68	116
69	116
70	116
71	116
73	116
74	116
76	116
77	116
78	116
79	116
80	116
85	116
86	106
86	114
86	116
87	116
89	114
89	116
90	114
90	116
93	114
93	116
94	114
94	116
95	114
95	116
96	116
97	116
98	116
99	116
101	116
102	116
103	116