173	819
1	3
1	4
1	98
1	99
1	114
1	147
1	148
1	153
1	154
1	161
1	162
1	164
1	165
1	170
1	171
2	3
2	4
2	98
2	99
2	114
2	147
2	148
2	153
2	154
2	161
2	162
2	164
2	165
2	170
2	171
3	5
3	6
3	7
3	8
3	9
3	10
3	11
3	12
3	13
3	14
3	15
3	16
3	17
3	18
3	19
3	20
3	21
3	22
3	23
3	24
3	25
3	26
3	27
3	28
3	29
3	30
3	31
3	32
3	33
3	34
3	35
3	36
3	37
3	38
3	39
3	40
3	41
3	42
3	43
3	44
3	45
3	46
3	47
3	48
3	49
3	50
3	51
3	52
3	53
3	54
3	55
3	56
3	57
3	58
3	59
3	60
3	61
3	62
3	63
3	64
3	65
3	66
3	67
3	68
3	69
3	70
3	71
3	72
3	73
3	74
3	75
3	76
3	77
3	78
3	79
3	80
3	81
3	82
3	83
3	84
3	85
3	86
3	87
3	88
3	89
3	90
3	91
3	92
3	93
3	94
3	95
3	96
3	97
3	98
3	99
3	100
3	101
3	102
3	103
3	104
3	105
3	106
3	107
3	108
3	109
3	110
3	111
3	112
3	113
3	114
3	115
3	116
3	117
3	118
3	119
3	120
3	121
3	122
3	123
3	124
3	125
3	126
3	127
3	128
3	129
3	130
3	131
3	132
3	133
3	134
3	135
3	136
3	137
3	138
3	139
3	140
3	141
3	142
3	143
3	144
3	145
3	146
3	147
3	148
3	149
3	150
3	151
3	152
3	153
3	154
3	155
3	156
3	157
3	158
3	159
3	160
3	161
3	162
3	163
3	164
3	165
3	166
3	167
3	168
3	169
3	170
3	171
3	172
3	173
4	5
4	6
4	7
4	8
4	9
4	10
4	11
4	12
4	13
4	14
4	15
4	16
4	17
4	18
4	19
4	20
4	21
4	22
4	23
4	24
4	25
4	26
4	27
4	28
4	29
4	30
4	31
4	32
4	33
4	34
4	35
4	36
4	37
4	38
4	39
4	40
4	41
4	42
4	43
4	44
4	45
4	46
4	47
4	48
4	49
4	50
4	51
4	52
4	53
4	54
4	55
4	56
4	57
4	58
4	59
4	60
4	61
4	62
4	63
4	64
4	65
4	66
4	67
4	68
4	69
4	70
4	71
4	72
4	73
4	74
4	75
4	76
4	77
4	78
4	79
4	80
4	81
4	82
4	83
4	84
4	85
4	86
4	87
4	88
4	89
4	90
4	91
4	92
4	93
4	94
4	95
4	96
4	97
4	98
4	99
4	100
4	101
4	102
4	103
4	104
4	105
4	106
4	107
4	108
4	109
4	110
4	111
4	112
4	113
4	114
4	115
4	116
4	117
4	118
4	119
4	120
4	121
4	122
4	123
4	124
4	125
4	126
4	127
4	128
4	129
4	130
4	131
4	132
4	133
4	134
4	135
4	136
4	137
4	138
4	139
4	140
4	141
4	142
4	143
4	144
4	145
4	146
4	147
4	148
4	149
4	150
4	151
4	152
4	153
4	154
4	155
4	156
4	157
4	158
4	159
4	160
4	161
4	162
4	163
4	164
4	165
4	166
4	167
4	168
4	169
4	170
4	171
4	172
4	173
5	98
5	99
5	114
5	147
5	148
5	153
5	154
5	161
5	162
5	164
5	165
5	170
5	171
6	98
6	99
6	114
6	147
6	148
6	153
6	154
6	161
6	162
6	164
6	165
6	170
6	171
7	98
7	99
7	164
8	98
8	99
8	114
8	147
8	148
8	153
8	154
8	161
8	162
8	164
8	165
8	170
8	171
9	98
9	99
9	164
10	98
10	99
10	164
11	98
11	99
12	98
12	99
12	164
13	98
13	99
13	164
14	98
14	99
14	164
15	98
15	99
15	164
16	98
16	99
16	164
17	98
17	99
17	114
17	147
17	148
17	153
17	154
17	161
17	162
17	164
17	165
17	170
17	171
18	98
18	99
18	164
19	98
19	99
20	98
20	99
20	164
21	98
21	99
21	164
22	98
22	99
23	98
23	99
24	98
24	99
25	98
25	99
25	164
26	98
26	99
26	164
27	98
27	99
28	98
28	99
29	98
29	99
30	98
30	99
31	98
31	99
31	164
32	98
32	99
32	164
33	98
33	99
33	114
33	147
33	148
33	153
33	154
33	161
33	162
33	164
33	165
33	170
33	171
34	98
34	99
34	164
35	98
35	99
35	164
36	98
36	99
36	164
37	98
37	99
37	164
38	98
38	99
38	114
38	147
38	148
38	153
38	154
38	161
38	162
38	164
38	165
38	170
38	171
39	98
39	99
39	164
40	98
40	99
41	98
41	99
42	98
42	99
43	98
43	99
43	164
44	98
44	99
45	98
45	99
46	98
46	99
46	164
47	98
47	99
47	164
48	98
48	99
49	98
49	99
49	164
50	98
50	99
51	98
51	99
51	164
52	98
52	99
53	98
53	99
53	164
54	98
54	99
54	164
55	98
55	99
55	164
56	98
56	99
56	164
57	98
57	99
57	114
57	147
57	148
57	153
57	154
57	161
57	162
57	164
57	165
57	170
57	171
58	98
58	99
58	164
59	98
59	99
59	164
60	98
60	99
60	164
61	98
61	99
62	98
62	99
63	98
63	99
63	164
64	98
64	99
64	164
65	98
65	99
66	98
66	99
67	98
67	99
67	164
68	98
68	99
68	164
69	98
69	99
69	164
70	98
70	99
71	98
71	99
71	164
72	98
72	99
73	98
73	99
74	98
74	99
75	98
75	99
76	98
76	99
76	164
77	98
77	99
78	98
78	99
79	98
79	99
80	98
80	99
81	98
81	99
82	98
82	99
83	98
83	99
84	98
84	99
85	98
85	99
86	98
86	99
87	98
87	99
88	98
88	99
89	98
89	99
90	98
90	99
91	98
91	99
92	98
92	99
93	98
93	99
94	98
94	99
95	98
95	99
95	164
96	98
96	99
97	98
97	99
98	100
98	101
98	102
98	103
98	104
98	105
98	106
98	107
98	108
98	109
98	110
98	111
98	112
98	113
98	114
98	115
98	116
98	117
98	118
98	119
98	120
98	121
98	122
98	123
98	124
98	125
98	126
98	127
98	128
98	129
98	130
98	131
98	132
98	133
98	134
98	135
98	136
98	137
98	138
98	139
98	140
98	141
98	142
98	143
98	144
98	145
98	146
98	147
98	148
98	149
98	150
98	151
98	152
98	153
98	154
98	155
98	156
98	157
98	158
98	159
98	160
98	161
98	162
98	163
98	164
98	165
98	166
98	167
98	168
98	169
98	170
98	171
98	172
98	173
99	100
99	101
99	102
99	103
99	104
99	105
99	106
99	107
99	108
99	109
99	110
99	111
99	112
99	113
99	114
99	115
99	116
99	117
99	118
99	119
99	120
99	121
99	122
99	123
99	124
99	125
99	126
99	127
99	128
99	129
99	130
99	131
99	132
99	133
99	134
99	135
99	136
99	137
99	138
99	139
99	140
99	141
99	142
99	143
99	144
99	145
99	146
99	147
99	148
99	149
99	150
99	151
99	152
99	153
99	154
99	155
99	156
99	157
99	158
99	159
99	160
99	161
99	162
99	163
99	164
99	165
99	166
99	167
99	168
99	169
99	170
99	171
99	172
99	173