173	7504
1	3
1	4
1	28
1	29
1	33
1	34
1	36
1	37
1	38
1	39
1	41
1	43
1	44
1	45
1	46
1	48
1	51
1	53
1	54
1	55
1	56
1	57
1	58
1	59
1	61
1	62
1	67
1	68
1	69
1	70
1	71
1	72
1	73
1	75
1	76
1	77
1	78
1	79
1	81
1	82
1	83
1	84
1	85
1	86
1	87
1	88
1	89
1	90
1	91
1	92
1	93
1	94
1	95
1	96
1	97
1	98
1	99
1	100
1	101
1	102
1	103
1	104
1	105
1	106
1	107
1	108
1	109
1	110
1	111
1	112
1	113
1	114
1	115
1	116
1	117
1	118
1	119
1	120
1	121
1	122
1	123
1	124
1	125
1	126
1	127
1	128
1	129
1	130
1	131
1	132
1	133
1	134
1	135
1	136
1	137
1	138
1	139
1	140
1	141
1	142
1	143
1	144
1	145
1	146
1	147
1	148
1	149
1	150
1	151
1	152
1	153
1	154
1	155
1	156
1	157
1	158
1	159
1	160
1	161
1	162
1	163
1	164
1	165
1	166
1	167
1	168
1	169
1	170
1	171
1	172
1	173
2	3
2	4
2	22
2	23
2	28
2	33
2	34
2	36
2	37
2	38
2	39
2	40
2	41
2	43
2	44
2	45
2	46
2	47
2	48
2	49
2	50
2	51
2	52
2	53
2	54
2	55
2	56
2	57
2	58
2	59
2	60
2	61
2	62
2	63
2	64
2	65
2	66
2	67
2	68
2	69
2	70
2	71
2	72
2	73
2	74
2	75
2	76
2	77
2	78
2	79
2	80
2	81
2	82
2	83
2	84
2	85
2	86
2	87
2	88
2	89
2	90
2	91
2	92
2	93
2	94
2	95
2	96
2	97
2	98
2	99
2	100
2	101
2	102
2	103
2	104
2	105
2	106
2	107
2	108
2	109
2	110
2	111
2	112
2	113
2	114
2	115
2	116
2	117
2	118
2	119
2	120
2	121
2	122
2	123
2	124
2	125
2	126
2	127
2	128
2	129
2	130
2	131
2	132
2	133
2	134
2	135
2	136
2	137
2	138
2	139
2	140
2	141
2	142
2	143
2	144
2	145
2	146
2	147
2	148
2	149
2	150
2	151
2	152
2	153
2	154
2	155
2	156
2	157
2	158
2	159
2	160
2	161
2	162
2	163
2	164
2	165
2	166
2	167
2	168
2	169
2	170
2	171
2	172
2	173
3	5
3	6
3	7
3	8
3	9
3	10
3	11
3	12
3	13
3	14
3	15
3	16
3	17
3	18
3	19
3	20
3	21
3	22
3	23
3	24
3	25
3	26
3	27
3	28
3	29
3	30
3	31
3	32
3	33
3	34
3	35
3	36
3	37
3	38
3	39
3	40
3	41
3	42
3	43
3	44
3	45
3	46
3	47
3	48
3	49
3	50
3	51
3	52
3	53
3	54
3	55
3	56
3	57
3	58
3	59
3	60
3	61
3	62
3	63
3	64
3	65
3	66
3	67
3	68
3	69
3	70
3	71
3	72
3	73
3	74
3	75
3	76
3	77
3	78
3	79
3	80
3	81
3	82
3	83
3	84
3	85
3	86
3	87
3	88
3	89
3	90
3	91
3	92
3	93
3	94
3	95
3	96
3	97
3	98
3	99
3	100
3	101
3	102
3	103
3	104
3	105
3	106
3	107
3	108
3	109
3	110
3	111
3	112
3	113
3	114
3	115
3	116
3	117
3	118
3	119
3	120
3	121
3	122
3	123
3	124
3	125
3	126
3	127
3	128
3	129
3	130
3	131
3	132
3	133
3	134
3	135
3	136
3	137
3	138
3	139
3	140
3	141
3	142
3	143
3	144
3	145
3	146
3	147
3	148
3	149
3	150
3	151
3	152
3	153
3	154
3	155
3	156
3	157
3	158
3	159
3	160
3	161
3	162
3	163
3	164
3	165
3	166
3	167
3	168
3	169
3	170
3	171
3	172
3	173
4	5
4	6
4	7
4	8
4	9
4	10
4	11
4	12
4	13
4	14
4	15
4	16
4	17
4	18
4	19
4	20
4	21
4	22
4	23
4	24
4	25
4	26
4	27
4	28
4	29
4	30
4	31
4	32
4	33
4	34
4	35
4	36
4	37
4	38
4	39
4	40
4	41
4	42
4	43
4	44
4	45
4	46
4	47
4	48
4	49
4	50
4	51
4	52
4	53
4	54
4	55
4	56
4	57
4	58
4	59
4	60
4	61
4	62
4	63
4	64
4	65
4	66
4	67
4	68
4	69
4	70
4	71
4	72
4	73
4	74
4	75
4	76
4	77
4	78
4	79
4	80
4	81
4	82
4	83
4	84
4	85
4	86
4	87
4	88
4	89
4	90
4	91
4	92
4	93
4	94
4	95
4	96
4	97
4	98
4	99
4	100
4	101
4	102
4	103
4	104
4	105
4	106
4	107
4	108
4	109
4	110
4	111
4	112
4	113
4	114
4	115
4	116
4	117
4	118
4	119
4	120
4	121
4	122
4	123
4	124
4	125
4	126
4	127
4	128
4	129
4	130
4	131
4	132
4	133
4	134
4	135
4	136
4	137
4	138
4	139
4	140
4	141
4	142
4	143
4	144
4	145
4	146
4	147
4	148
4	149
4	150
4	151
4	152
4	153
4	154
4	155
4	156
4	157
4	158
4	159
4	160
4	161
4	162
4	163
4	164
4	165
4	166
4	167
4	168
4	169
4	170
4	171
4	172
4	173
5	23
5	28
5	29
5	33
5	34
5	36
5	37
5	38
5	39
5	41
5	43
5	44
5	45
5	46
5	47
5	48
5	49
5	50
5	51
5	52
5	53
5	54
5	55
5	56
5	57
5	58
5	59
5	60
5	61
5	62
5	63
5	64
5	65
5	66
5	67
5	68
5	69
5	70
5	71
5	72
5	73
5	74
5	75
5	76
5	77
5	78
5	79
5	80
5	81
5	82
5	83
5	84
5	85
5	86
5	87
5	88
5	89
5	90
5	91
5	92
5	93
5	94
5	95
5	96
5	97
5	98
5	99
5	100
5	101
5	102
5	103
5	104
5	105
5	106
5	107
5	108
5	109
5	110
5	111
5	112
5	113
5	114
5	115
5	116
5	117
5	118
5	119
5	120
5	121
5	122
5	123
5	124
5	125
5	126
5	127
5	128
5	129
5	130
5	131
5	132
5	133
5	134
5	135
5	136
5	137
5	138
5	139
5	140
5	141
5	142
5	143
5	144
5	145
5	146
5	147
5	148
5	149
5	150
5	151
5	152
5	153
5	154
5	155
5	156
5	157
5	158
5	159
5	160
5	161
5	162
5	163
5	164
5	165
5	166
5	167
5	168
5	169
5	170
5	171
5	172
5	173
6	22
6	23
6	28
6	29
6	33
6	34
6	35
6	36
6	37
6	38
6	39
6	40
6	41
6	42
6	43
6	44
6	45
6	46
6	47
6	48
6	49
6	50
6	51
6	52
6	53
6	54
6	55
6	56
6	57
6	58
6	59
6	60
6	61
6	62
6	63
6	64
6	65
6	66
6	67
6	68
6	69
6	70
6	71
6	72
6	73
6	74
6	75
6	76
6	77
6	78
6	79
6	80
6	81
6	82
6	83
6	84
6	85
6	86
6	87
6	88
6	89
6	90
6	91
6	92
6	93
6	94
6	95
6	96
6	97
6	98
6	99
6	100
6	101
6	102
6	103
6	104
6	105
6	106
6	107
6	108
6	109
6	110
6	111
6	112
6	113
6	114
6	115
6	116
6	117
6	118
6	119
6	120
6	121
6	122
6	123
6	124
6	125
6	126
6	127
6	128
6	129
6	130
6	131
6	132
6	133
6	134
6	135
6	136
6	137
6	138
6	139
6	140
6	141
6	142
6	143
6	144
6	145
6	146
6	147
6	148
6	149
6	150
6	151
6	152
6	153
6	154
6	155
6	156
6	157
6	158
6	159
6	160
6	161
6	162
6	163
6	164
6	165
6	166
6	167
6	168
6	169
6	170
6	171
6	172
6	173
7	33
7	34
7	38
7	39
7	43
7	44
7	46
7	47
7	49
7	50
7	51
7	54
7	55
7	56
7	57
7	58
7	59
7	60
7	62
7	63
7	64
7	66
7	67
7	68
7	69
7	71
7	72
7	73
7	74
7	75
7	76
7	77
7	78
7	81
7	82
7	84
7	85
7	86
7	87
7	88
7	89
7	90
7	91
7	92
7	93
7	94
7	95
7	98
7	99
7	100
7	102
7	103
7	104
7	105
7	107
7	108
7	110
7	111
7	112
7	113
7	114
7	116
7	117
7	118
7	119
7	120
7	121
7	122
7	123
7	125
7	126
7	127
7	128
7	129
7	130
7	131
7	132
7	133
7	134
7	135
7	136
7	137
7	138
7	139
7	140
7	141
7	142
7	143
7	144
7	145
7	146
7	147
7	148
7	149
7	150
7	151
7	152
7	153
7	154
7	155
7	156
7	157
7	158
7	159
7	160
7	161
7	162
7	163
7	164
7	165
7	166
7	167
7	168
7	169
7	170
7	171
7	172
7	173
8	23
8	28
8	29
8	31
8	33
8	34
8	36
8	37
8	38
8	39
8	41
8	43
8	44
8	45
8	46
8	47
8	48
8	49
8	50
8	51
8	52
8	53
8	54
8	55
8	56
8	57
8	58
8	59
8	60
8	61
8	62
8	63
8	64
8	65
8	66
8	67
8	68
8	69
8	70
8	71
8	72
8	73
8	74
8	75
8	76
8	77
8	78
8	79
8	80
8	81
8	82
8	83
8	84
8	85
8	86
8	87
8	88
8	89
8	90
8	91
8	92
8	93
8	94
8	95
8	96
8	97
8	98
8	99
8	100
8	101
8	102
8	103
8	104
8	105
8	106
8	107
8	108
8	109
8	110
8	111
8	112
8	113
8	114
8	115
8	116
8	117
8	118
8	119
8	120
8	121
8	122
8	123
8	124
8	125
8	126
8	127
8	128
8	129
8	130
8	131
8	132
8	133
8	134
8	135
8	136
8	137
8	138
8	139
8	140
8	141
8	142
8	143
8	144
8	145
8	146
8	147
8	148
8	149
8	150
8	151
8	152
8	153
8	154
8	155
8	156
8	157
8	158
8	159
8	160
8	161
8	162
8	163
8	164
8	165
8	166
8	167
8	168
8	169
8	170
8	171
8	172
8	173
9	33
9	34
9	38
9	39
9	46
9	47
9	49
9	50
9	51
9	54
9	55
9	56
9	57
9	58
9	59
9	60
9	62
9	63
9	64
9	66
9	67
9	68
9	69
9	71
9	72
9	73
9	75
9	76
9	77
9	78
9	81
9	82
9	84
9	85
9	87
9	88
9	89
9	90
9	94
9	95
9	98
9	99
9	100
9	102
9	103
9	104
9	105
9	107
9	108
9	110
9	111
9	112
9	113
9	114
9	116
9	117
9	118
9	119
9	120
9	121
9	122
9	123
9	125
9	126
9	127
9	128
9	129
9	130
9	131
9	132
9	133
9	134
9	135
9	136
9	137
9	138
9	139
9	140
9	141
9	142
9	143
9	144
9	145
9	146
9	147
9	148
9	149
9	150
9	151
9	152
9	153
9	154
9	155
9	156
9	157
9	158
9	159
9	160
9	161
9	162
9	163
9	164
9	165
9	166
9	167
9	168
9	169
9	170
9	171
9	172
9	173
10	33
10	34
10	38
10	43
10	44
10	46
10	49
10	51
10	54
10	55
10	56
10	57
10	58
10	59
10	60
10	62
10	63
10	66
10	67
10	68
10	69
10	71
10	72
10	73
10	74
10	75
10	76
10	77
10	78
10	81
10	82
10	84
10	85
10	87
10	89
10	90
10	91
10	92
10	93
10	94
10	95
10	98
10	99
10	100
10	102
10	103
10	104
10	105
10	107
10	108
10	110
10	111
10	112
10	113
10	114
10	116
10	117
10	118
10	119
10	120
10	121
10	122
10	123
10	125
10	126
10	127
10	128
10	129
10	130
10	131
10	132
10	133
10	134
10	135
10	136
10	137
10	138
10	139
10	140
10	141
10	142
10	143
10	144
10	145
10	146
10	147
10	148
10	149
10	150
10	151
10	152
10	153
10	154
10	155
10	156
10	157
10	158
10	159
10	160
10	161
10	162
10	163
10	164
10	165
10	166
10	167
10	168
10	169
10	170
10	171
10	172
10	173
11	33
11	38
11	46
11	57
11	58
11	95
11	98
11	99
11	111
11	113
11	114
11	125
11	126
11	127
11	129
11	133
11	134
11	141
11	142
11	143
11	144
11	146
11	147
11	148
11	149
11	150
11	151
11	152
11	153
11	154
11	155
11	156
11	157
11	158
11	159
11	160
11	161
11	162
11	163
11	164
11	165
11	166
11	167
11	168
11	169
11	170
11	171
11	172
11	173
12	33
12	34
12	36
12	37
12	38
12	39
12	43
12	44
12	46
12	47
12	49
12	50
12	51
12	53
12	54
12	55
12	56
12	57
12	58
12	59
12	60
12	62
12	63
12	64
12	66
12	67
12	68
12	69
12	71
12	72
12	73
12	74
12	75
12	76
12	77
12	78
12	81
12	82
12	84
12	85
12	86
12	87
12	88
12	89
12	90
12	91
12	92
12	93
12	94
12	95
12	98
12	99
12	100
12	102
12	103
12	104
12	105
12	107
12	108
12	110
12	111
12	112
12	113
12	114
12	116
12	117
12	118
12	119
12	120
12	121
12	122
12	123
12	125
12	126
12	127
12	128
12	129
12	130
12	131
12	132
12	133
12	134
12	135
12	136
12	137
12	138
12	139
12	140
12	141
12	142
12	143
12	144
12	145
12	146
12	147
12	148
12	149
12	150
12	151
12	152
12	153
12	154
12	155
12	156
12	157
12	158
12	159
12	160
12	161
12	162
12	163
12	164
12	165
12	166
12	167
12	168
12	169
12	170
12	171
12	172
12	173
13	33
13	34
13	35
13	36
13	37
13	38
13	39
13	41
13	43
13	44
13	46
13	47
13	49
13	50
13	51
13	53
13	54
13	55
13	56
13	57
13	58
13	59
13	60
13	62
13	63
13	64
13	66
13	67
13	68
13	69
13	71
13	72
13	73
13	74
13	75
13	76
13	77
13	78
13	81
13	82
13	84
13	85
13	86
13	87
13	88
13	89
13	90
13	91
13	92
13	93
13	94
13	95
13	98
13	99
13	100
13	102
13	103
13	104
13	105
13	107
13	108
13	110
13	111
13	112
13	113
13	114
13	116
13	117
13	118
13	119
13	120
13	121
13	122
13	123
13	125
13	126
13	127
13	128
13	129
13	130
13	131
13	132
13	133
13	134
13	135
13	136
13	137
13	138
13	139
13	140
13	141
13	142
13	143
13	144
13	145
13	146
13	147
13	148
13	149
13	150
13	151
13	152
13	153
13	154
13	155
13	156
13	157
13	158
13	159
13	160
13	161
13	162
13	163
13	164
13	165
13	166
13	167
13	168
13	169
13	170
13	171
13	172
13	173
14	33
14	34
14	38
14	43
14	44
14	46
14	49
14	51
14	54
14	55
14	56
14	57
14	58
14	59
14	60
14	62
14	63
14	66
14	67
14	68
14	69
14	71
14	72
14	73
14	74
14	75
14	76
14	77
14	78
14	81
14	82
14	84
14	85
14	87
14	89
14	90
14	91
14	92
14	93
14	94
14	95
14	98
14	99
14	100
14	102
14	103
14	104
14	105
14	107
14	108
14	110
14	111
14	112
14	113
14	114
14	116
14	117
14	118
14	119
14	120
14	121
14	122
14	123
14	125
14	126
14	127
14	128
14	129
14	130
14	131
14	132
14	133
14	134
14	135
14	136
14	137
14	138
14	139
14	140
14	141
14	142
14	143
14	144
14	145
14	146
14	147
14	148
14	149
14	150
14	151
14	152
14	153
14	154
14	155
14	156
14	157
14	158
14	159
14	160
14	161
14	162
14	163
14	164
14	165
14	166
14	167
14	168
14	169
14	170
14	171
14	172
14	173
15	33
15	34
15	38
15	41
15	43
15	44
15	46
15	49
15	51
15	54
15	55
15	56
15	57
15	58
15	59
15	60
15	62
15	63
15	66
15	67
15	68
15	69
15	71
15	72
15	73
15	74
15	75
15	76
15	77
15	78
15	81
15	82
15	84
15	85
15	87
15	89
15	90
15	91
15	92
15	93
15	94
15	95
15	98
15	99
15	100
15	102
15	103
15	104
15	105
15	107
15	108
15	110
15	111
15	112
15	113
15	114
15	116
15	117
15	118
15	119
15	120
15	121
15	122
15	123
15	125
15	126
15	127
15	128
15	129
15	130
15	131
15	132
15	133
15	134
15	135
15	136
15	137
15	138
15	139
15	140
15	141
15	142
15	143
15	144
15	145
15	146
15	147
15	148
15	149
15	150
15	151
15	152
15	153
15	154
15	155
15	156
15	157
15	158
15	159
15	160
15	161
15	162
15	163
15	164
15	165
15	166
15	167
15	168
15	169
15	170
15	171
15	172
15	173
16	33
16	34
16	38
16	41
16	43
16	44
16	46
16	49
16	51
16	54
16	55
16	56
16	57
16	58
16	59
16	60
16	62
16	63
16	66
16	67
16	68
16	69
16	71
16	72
16	73
16	74
16	75
16	76
16	77
16	78
16	81
16	82
16	84
16	85
16	87
16	89
16	90
16	91
16	92
16	93
16	94
16	95
16	98
16	99
16	100
16	102
16	103
16	104
16	105
16	107
16	108
16	110
16	111
16	112
16	113
16	114
16	116
16	117
16	118
16	119
16	120
16	121
16	122
16	123
16	125
16	126
16	127
16	128
16	129
16	130
16	131
16	132
16	133
16	134
16	135
16	136
16	137
16	138
16	139
16	140
16	141
16	142
16	143
16	144
16	145
16	146
16	147
16	148
16	149
16	150
16	151
16	152
16	153
16	154
16	155
16	156
16	157
16	158
16	159
16	160
16	161
16	162
16	163
16	164
16	165
16	166
16	167
16	168
16	169
16	170
16	171
16	172
16	173
17	28
17	29
17	33
17	34
17	36
17	37
17	38
17	39
17	43
17	44
17	45
17	46
17	48
17	51
17	53
17	54
17	55
17	56
17	57
17	58
17	59
17	61
17	62
17	67
17	68
17	69
17	70
17	71
17	72
17	73
17	75
17	76
17	77
17	78
17	79
17	81
17	82
17	83
17	84
17	85
17	86
17	87
17	88
17	89
17	90
17	91
17	92
17	93
17	94
17	95
17	96
17	97
17	98
17	99
17	100
17	101
17	102
17	103
17	104
17	105
17	106
17	107
17	108
17	109
17	110
17	111
17	112
17	113
17	114
17	115
17	116
17	117
17	118
17	119
17	120
17	121
17	122
17	123
17	124
17	125
17	126
17	127
17	128
17	129
17	130
17	131
17	132
17	133
17	134
17	135
17	136
17	137
17	138
17	139
17	140
17	141
17	142
17	143
17	144
17	145
17	146
17	147
17	148
17	149
17	150
17	151
17	152
17	153
17	154
17	155
17	156
17	157
17	158
17	159
17	160
17	161
17	162
17	163
17	164
17	165
17	166
17	167
17	168
17	169
17	170
17	171
17	172
17	173
18	33
18	34
18	38
18	43
18	44
18	46
18	51
18	54
18	55
18	56
18	57
18	58
18	59
18	62
18	67
18	68
18	69
18	71
18	72
18	73
18	75
18	76
18	77
18	78
18	81
18	82
18	84
18	85
18	87
18	89
18	90
18	91
18	92
18	93
18	94
18	95
18	98
18	99
18	100
18	102
18	103
18	104
18	105
18	107
18	108
18	110
18	111
18	112
18	113
18	114
18	116
18	117
18	118
18	119
18	120
18	121
18	122
18	123
18	125
18	126
18	127
18	128
18	129
18	130
18	131
18	132
18	133
18	134
18	135
18	136
18	137
18	138
18	139
18	140
18	141
18	142
18	143
18	144
18	145
18	146
18	147
18	148
18	149
18	150
18	151
18	152
18	153
18	154
18	155
18	156
18	157
18	158
18	159
18	160
18	161
18	162
18	163
18	164
18	165
18	166
18	167
18	168
18	169
18	170
18	171
18	172
18	173
19	33
19	95
19	98
19	99
19	111
19	113
19	114
19	125
19	126
19	127
19	129
19	133
19	134
19	141
19	142
19	143
19	144
19	146
19	147
19	148
19	149
19	150
19	151
19	152
19	153
19	154
19	155
19	156
19	157
19	158
19	159
19	160
19	161
19	162
19	163
19	164
19	165
19	166
19	167
19	168
19	169
19	170
19	171
19	172
19	173
20	33
20	38
20	43
20	44
20	56
20	57
20	59
20	78
20	89
20	90
20	91
20	92
20	93
20	94
20	95
20	98
20	99
20	100
20	102
20	103
20	104
20	107
20	110
20	111
20	112
20	113
20	114
20	117
20	118
20	119
20	120
20	122
20	123
20	125
20	126
20	127
20	128
20	129
20	130
20	131
20	132
20	133
20	134
20	135
20	136
20	137
20	138
20	139
20	140
20	141
20	142
20	143
20	144
20	145
20	146
20	147
20	148
20	149
20	150
20	151
20	152
20	153
20	154
20	155
20	156
20	157
20	158
20	159
20	160
20	161
20	162
20	163
20	164
20	165
20	166
20	167
20	168
20	169
20	170
20	171
20	172
20	173
21	33
21	34
21	38
21	39
21	46
21	47
21	49
21	51
21	54
21	55
21	56
21	57
21	58
21	59
21	60
21	62
21	63
21	64
21	67
21	68
21	69
21	76
21	90
21	94
21	95
21	98
21	99
21	100
21	102
21	103
21	110
21	111
21	112
21	113
21	114
21	118
21	119
21	120
21	122
21	123
21	125
21	126
21	127
21	128
21	129
21	130
21	131
21	132
21	133
21	134
21	135
21	136
21	137
21	138
21	139
21	140
21	141
21	142
21	143
21	144
21	145
21	146
21	147
21	148
21	149
21	150
21	151
21	152
21	153
21	154
21	155
21	156
21	157
21	158
21	159
21	160
21	161
21	162
21	163
21	164
21	165
21	166
21	167
21	168
21	169
21	170
21	171
21	172
21	173
22	33
22	38
22	57
22	58
22	95
22	98
22	99
22	111
22	113
22	114
22	125
22	126
22	127
22	129
22	133
22	134
22	141
22	142
22	143
22	144
22	146
22	147
22	148
22	149
22	150
22	151
22	152
22	153
22	154
22	155
22	156
22	157
22	158
22	159
22	160
22	161
22	162
22	163
22	164
22	165
22	166
22	167
22	168
22	169
22	170
22	171
22	172
22	173
23	95
23	98
23	99
23	111
23	113
23	114
23	126
23	127
23	129
23	133
23	134
23	141
23	142
23	143
23	144
23	146
23	147
23	148
23	149
23	150
23	151
23	152
23	153
23	154
23	155
23	156
23	157
23	158
23	159
23	160
23	161
23	162
23	163
23	164
23	165
23	166
23	167
23	168
23	169
23	170
23	171
23	172
23	173
24	98
24	99
24	114
24	147
24	148
24	153
24	154
24	161
24	162
24	164
24	165
24	170
24	171
25	33
25	34
25	38
25	39
25	43
25	44
25	46
25	47
25	49
25	50
25	51
25	54
25	55
25	56
25	57
25	58
25	59
25	60
25	62
25	63
25	64
25	66
25	67
25	68
25	69
25	71
25	72
25	73
25	74
25	75
25	76
25	77
25	78
25	81
25	82
25	84
25	85
25	86
25	87
25	88
25	89
25	90
25	91
25	92
25	93
25	94
25	95
25	98
25	99
25	100
25	102
25	103
25	104
25	105
25	107
25	108
25	110
25	111
25	112
25	113
25	114
25	116
25	117
25	118
25	119
25	120
25	121
25	122
25	123
25	125
25	126
25	127
25	128
25	129
25	130
25	131
25	132
25	133
25	134
25	135
25	136
25	137
25	138
25	139
25	140
25	141
25	142
25	143
25	144
25	145
25	146
25	147
25	148
25	149
25	150
25	151
25	152
25	153
25	154
25	155
25	156
25	157
25	158
25	159
25	160
25	161
25	162
25	163
25	164
25	165
25	166
25	167
25	168
25	169
25	170
25	171
25	172
25	173
26	33
26	34
26	38
26	43
26	44
26	46
26	51
26	54
26	55
26	57
26	58
26	59
26	62
26	67
26	68
26	69
26	71
26	72
26	73
26	75
26	76
26	77
26	78
26	81
26	82
26	84
26	85
26	86
26	87
26	88
26	89
26	90
26	91
26	92
26	93
26	94
26	95
26	98
26	99
26	100
26	102
26	103
26	104
26	105
26	107
26	108
26	110
26	111
26	112
26	113
26	114
26	116
26	117
26	118
26	119
26	120
26	121
26	122
26	123
26	125
26	126
26	127
26	128
26	129
26	130
26	131
26	132
26	133
26	134
26	135
26	136
26	137
26	138
26	139
26	140
26	141
26	142
26	143
26	144
26	145
26	146
26	147
26	148
26	149
26	150
26	151
26	152
26	153
26	154
26	155
26	156
26	157
26	158
26	159
26	160
26	161
26	162
26	163
26	164
26	165
26	166
26	167
26	168
26	169
26	170
26	171
26	172
26	173
27	95
27	98
27	99
27	111
27	113
27	114
27	125
27	126
27	127
27	129
27	133
27	134
27	141
27	142
27	143
27	144
27	146
27	147
27	148
27	149
27	150
27	151
27	152
27	153
27	154
27	155
27	156
27	157
27	158
27	159
27	160
27	161
27	162
27	163
27	164
27	165
27	166
27	167
27	168
27	169
27	170
27	171
27	172
27	173
28	33
28	95
28	98
28	99
28	111
28	113
28	114
28	125
28	126
28	127
28	129
28	133
28	134
28	141
28	142
28	143
28	144
28	146
28	147
28	148
28	149
28	150
28	151
28	152
28	153
28	154
28	155
28	156
28	157
28	158
28	159
28	160
28	161
28	162
28	163
28	164
28	165
28	166
28	167
28	168
28	169
28	170
28	171
28	172
28	173
29	33
29	95
29	98
29	99
29	111
29	113
29	114
29	125
29	126
29	127
29	129
29	133
29	134
29	141
29	142
29	143
29	144
29	146
29	147
29	148
29	149
29	150
29	151
29	152
29	153
29	154
29	155
29	156
29	157
29	158
29	159
29	160
29	161
29	162
29	163
29	164
29	165
29	166
29	167
29	168
29	169
29	170
29	171
29	172
29	173
30	33
30	38
30	46
30	57
30	58
30	95
30	98
30	99
30	111
30	113
30	114
30	125
30	126
30	127
30	129
30	133
30	134
30	141
30	142
30	143
30	144
30	146
30	147
30	148
30	149
30	150
30	151
30	152
30	153
30	154
30	155
30	156
30	157
30	158
30	159
30	160
30	161
30	162
30	163
30	164
30	165
30	166
30	167
30	168
30	169
30	170
30	171
30	172
30	173
31	33
31	43
31	44
31	78
31	81
31	82
31	85
31	88
31	89
31	90
31	91
31	92
31	93
31	94
31	95
31	98
31	99
31	100
31	102
31	103
31	104
31	105
31	107
31	108
31	110
31	111
31	112
31	113
31	114
31	116
31	117
31	118
31	119
31	120
31	121
31	122
31	123
31	125
31	126
31	127
31	128
31	129
31	130
31	131
31	132
31	133
31	134
31	135
31	136
31	137
31	138
31	139
31	140
31	141
31	142
31	143
31	144
31	145
31	146
31	147
31	148
31	149
31	150
31	151
31	152
31	153
31	154
31	155
31	156
31	157
31	158
31	159
31	160
31	161
31	162
31	163
31	164
31	165
31	166
31	167
31	168
31	169
31	170
31	171
31	172
31	173
32	33
32	38
32	43
32	44
32	46
32	57
32	58
32	71
32	72
32	73
32	75
32	77
32	78
32	81
32	82
32	84
32	85
32	86
32	87
32	88
32	89
32	90
32	91
32	92
32	93
32	94
32	95
32	98
32	99
32	100
32	102
32	103
32	104
32	105
32	107
32	108
32	110
32	111
32	112
32	113
32	114
32	116
32	117
32	118
32	119
32	120
32	121
32	122
32	123
32	125
32	126
32	127
32	128
32	129
32	130
32	131
32	132
32	133
32	134
32	135
32	136
32	137
32	138
32	139
32	140
32	141
32	142
32	143
32	144
32	145
32	146
32	147
32	148
32	149
32	150
32	151
32	152
32	153
32	154
32	155
32	156
32	157
32	158
32	159
32	160
32	161
32	162
32	163
32	164
32	165
32	166
32	167
32	168
32	169
32	170
32	171
32	172
32	173
33	36
33	37
33	38
33	40
33	41
33	42
33	43
33	44
33	45
33	46
33	48
33	53
33	54
33	55
33	56
33	59
33	63
33	65
33	71
33	72
33	73
33	74
33	75
33	77
33	78
33	79
33	80
33	81
33	82
33	83
33	84
33	85
33	86
33	87
33	88
33	89
33	90
33	91
33	92
33	93
33	94
33	95
33	96
33	97
33	98
33	99
33	100
33	101
33	102
33	103
33	104
33	105
33	106
33	107
33	108
33	109
33	110
33	111
33	112
33	113
33	114
33	115
33	116
33	117
33	118
33	119
33	120
33	121
33	122
33	123
33	124
33	125
33	126
33	127
33	128
33	129
33	130
33	131
33	132
33	133
33	134
33	135
33	136
33	137
33	138
33	139
33	140
33	141
33	142
33	143
33	144
33	145
33	146
33	147
33	148
33	149
33	150
33	151
33	152
33	153
33	154
33	155
33	156
33	157
33	158
33	159
33	160
33	161
33	162
33	163
33	164
33	165
33	166
33	167
33	168
33	169
33	170
33	171
33	172
33	173
34	41
34	43
34	44
34	56
34	59
34	77
34	78
34	85
34	89
34	90
34	91
34	95
34	98
34	99
34	100
34	102
34	103
34	104
34	105
34	107
34	108
34	110
34	111
34	112
34	113
34	114
34	116
34	117
34	118
34	119
34	120
34	121
34	122
34	123
34	125
34	126
34	127
34	128
34	129
34	130
34	131
34	132
34	133
34	134
34	135
34	136
34	137
34	138
34	139
34	140
34	141
34	142
34	143
34	144
34	145
34	146
34	147
34	148
34	149
34	150
34	151
34	152
34	153
34	154
34	155
34	156
34	157
34	158
34	159
34	160
34	161
34	162
34	163
34	164
34	165
34	166
34	167
34	168
34	169
34	170
34	171
34	172
34	173
35	90
35	95
35	98
35	99
35	100
35	102
35	103
35	110
35	111
35	112
35	113
35	114
35	118
35	119
35	120
35	122
35	125
35	126
35	127
35	128
35	129
35	130
35	131
35	132
35	133
35	134
35	135
35	136
35	137
35	138
35	139
35	140
35	141
35	142
35	143
35	144
35	145
35	146
35	147
35	148
35	149
35	150
35	151
35	152
35	153
35	154
35	155
35	156
35	157
35	158
35	159
35	160
35	161
35	162
35	163
35	164
35	165
35	166
35	167
35	168
35	169
35	170
35	171
35	172
35	173
36	43
36	44
36	73
36	77
36	81
36	85
36	89
36	90
36	93
36	94
36	95
36	98
36	99
36	100
36	102
36	103
36	104
36	107
36	108
36	110
36	111
36	112
36	113
36	114
36	116
36	117
36	118
36	119
36	120
36	121
36	122
36	123
36	125
36	126
36	127
36	128
36	129
36	130
36	131
36	132
36	133
36	134
36	135
36	136
36	137
36	138
36	139
36	140
36	141
36	142
36	143
36	144
36	145
36	146
36	147
36	148
36	149
36	150
36	151
36	152
36	153
36	154
36	155
36	156
36	157
36	158
36	159
36	160
36	161
36	162
36	163
36	164
36	165
36	166
36	167
36	168
36	169
36	170
36	171
36	172
36	173
37	43
37	44
37	73
37	77
37	81
37	85
37	89
37	90
37	93
37	94
37	95
37	98
37	99
37	100
37	102
37	103
37	104
37	107
37	108
37	110
37	111
37	112
37	113
37	114
37	116
37	117
37	118
37	119
37	120
37	121
37	122
37	123
37	125
37	126
37	127
37	128
37	129
37	130
37	131
37	132
37	133
37	134
37	135
37	136
37	137
37	138
37	139
37	140
37	141
37	142
37	143
37	144
37	145
37	146
37	147
37	148
37	149
37	150
37	151
37	152
37	153
37	154
37	155
37	156
37	157
37	158
37	159
37	160
37	161
37	162
37	163
37	164
37	165
37	166
37	167
37	168
37	169
37	170
37	171
37	172
37	173
38	41
38	43
38	44
38	45
38	46
38	48
38	63
38	71
38	72
38	73
38	74
38	75
38	77
38	78
38	79
38	80
38	81
38	82
38	83
38	84
38	85
38	87
38	89
38	90
38	91
38	92
38	93
38	94
38	95
38	96
38	97
38	98
38	99
38	100
38	101
38	102
38	103
38	104
38	105
38	106
38	107
38	108
38	109
38	110
38	111
38	112
38	113
38	114
38	115
38	116
38	117
38	118
38	119
38	120
38	121
38	122
38	123
38	124
38	125
38	126
38	127
38	128
38	129
38	130
38	131
38	132
38	133
38	134
38	135
38	136
38	137
38	138
38	139
38	140
38	141
38	142
38	143
38	144
38	145
38	146
38	147
38	148
38	149
38	150
38	151
38	152
38	153
38	154
38	155
38	156
38	157
38	158
38	159
38	160
38	161
38	162
38	163
38	164
38	165
38	166
38	167
38	168
38	169
38	170
38	171
38	172
38	173
39	43
39	44
39	77
39	85
39	89
39	90
39	95
39	98
39	99
39	100
39	102
39	103
39	104
39	107
39	108
39	110
39	111
39	112
39	113
39	114
39	116
39	117
39	118
39	119
39	120
39	121
39	122
39	123
39	125
39	126
39	127
39	128
39	129
39	130
39	131
39	132
39	133
39	134
39	135
39	136
39	137
39	138
39	139
39	140
39	141
39	142
39	143
39	144
39	145
39	146
39	147
39	148
39	149
39	150
39	151
39	152
39	153
39	154
39	155
39	156
39	157
39	158
39	159
39	160
39	161
39	162
39	163
39	164
39	165
39	166
39	167
39	168
39	169
39	170
39	171
39	172
39	173
40	95
40	98
40	99
40	111
40	113
40	114
40	125
40	126
40	127
40	129
40	133
40	134
40	141
40	142
40	143
40	144
40	146
40	147
40	148
40	149
40	150
40	151
40	152
40	153
40	154
40	155
40	156
40	157
40	158
40	159
40	160
40	161
40	162
40	163
40	164
40	165
40	166
40	167
40	168
40	169
40	170
40	171
40	172
40	173
41	51
41	54
41	55
41	56
41	57
41	59
41	95
41	98
41	99
41	111
41	113
41	114
41	125
41	128
41	129
41	132
41	133
41	134
41	139
41	140
41	141
41	142
41	143
41	144
41	145
41	146
41	147
41	148
41	149
41	151
41	152
41	153
41	154
41	155
41	157
41	158
41	159
41	160
41	161
41	162
41	163
41	164
41	165
41	166
41	167
41	168
41	169
41	170
41	171
41	172
41	173
42	95
42	98
42	99
42	111
42	113
42	114
42	125
42	129
42	133
42	134
42	141
42	142
42	143
42	144
42	146
42	147
42	148
42	149
42	150
42	151
42	152
42	153
42	154
42	155
42	156
42	157
42	158
42	159
42	160
42	161
42	162
42	163
42	164
42	165
42	166
42	167
42	168
42	169
42	170
42	171
42	172
42	173
43	46
43	47
43	49
43	51
43	53
43	54
43	55
43	56
43	57
43	58
43	59
43	60
43	63
43	64
43	67
43	76
43	90
43	94
43	95
43	98
43	99
43	100
43	103
43	111
43	113
43	114
43	119
43	120
43	125
43	126
43	127
43	128
43	129
43	130
43	131
43	132
43	133
43	134
43	135
43	136
43	137
43	138
43	139
43	140
43	141
43	142
43	143
43	144
43	145
43	146
43	147
43	148
43	149
43	150
43	151
43	152
43	153
43	154
43	155
43	156
43	157
43	158
43	159
43	160
43	161
43	162
43	163
43	164
43	165
43	166
43	167
43	168
43	169
43	170
43	171
43	172
43	173
44	51
44	54
44	55
44	56
44	57
44	59
44	60
44	67
44	95
44	98
44	99
44	114
44	128
44	129
44	130
44	132
44	133
44	135
44	136
44	137
44	139
44	140
44	141
44	142
44	143
44	144
44	147
44	148
44	150
44	153
44	154
44	155
44	156
44	158
44	160
44	161
44	162
44	164
44	165
44	166
44	167
44	170
44	171
44	172
44	173
45	57
45	95
45	98
45	99
45	111
45	113
45	114
45	126
45	127
45	129
45	133
45	134
45	141
45	142
45	143
45	144
45	146
45	147
45	148
45	149
45	151
45	152
45	153
45	154
45	155
45	157
45	158
45	159
45	160
45	161
45	162
45	163
45	164
45	165
45	166
45	167
45	168
45	169
45	170
45	171
45	172
45	173
46	75
46	78
46	89
46	90
46	91
46	94
46	95
46	98
46	99
46	100
46	102
46	103
46	104
46	107
46	109
46	110
46	111
46	112
46	113
46	114
46	118
46	119
46	120
46	122
46	124
46	125
46	126
46	127
46	128
46	129
46	130
46	131
46	132
46	133
46	134
46	135
46	136
46	137
46	138
46	139
46	140
46	141
46	142
46	143
46	144
46	145
46	146
46	147
46	148
46	149
46	150
46	151
46	152
46	153
46	154
46	155
46	156
46	157
46	158
46	159
46	160
46	161
46	162
46	163
46	164
46	165
46	166
46	167
46	168
46	169
46	170
46	171
46	172
46	173
47	89
47	90
47	95
47	98
47	99
47	100
47	102
47	103
47	110
47	111
47	112
47	113
47	114
47	118
47	119
47	120
47	122
47	125
47	126
47	127
47	128
47	129
47	130
47	131
47	132
47	133
47	134
47	135
47	136
47	137
47	138
47	139
47	140
47	141
47	142
47	143
47	144
47	145
47	146
47	147
47	148
47	149
47	150
47	151
47	152
47	153
47	154
47	155
47	156
47	157
47	158
47	159
47	160
47	161
47	162
47	163
47	164
47	165
47	166
47	167
47	168
47	169
47	170
47	171
47	172
47	173
48	57
48	95
48	98
48	99
48	111
48	113
48	114
48	125
48	129
48	133
48	134
48	141
48	142
48	143
48	144
48	146
48	147
48	148
48	149
48	150
48	151
48	152
48	153
48	154
48	155
48	156
48	157
48	158
48	159
48	160
48	161
48	162
48	163
48	164
48	165
48	166
48	167
48	168
48	169
48	170
48	171
48	172
48	173
49	78
49	89
49	90
49	91
49	95
49	98
49	99
49	100
49	102
49	103
49	104
49	107
49	110
49	111
49	112
49	113
49	114
49	118
49	119
49	120
49	122
49	125
49	126
49	127
49	128
49	129
49	130
49	131
49	132
49	133
49	134
49	135
49	136
49	137
49	138
49	139
49	140
49	141
49	142
49	143
49	144
49	145
49	146
49	147
49	148
49	149
49	150
49	151
49	152
49	153
49	154
49	155
49	156
49	157
49	158
49	159
49	160
49	161
49	162
49	163
49	164
49	165
49	166
49	167
49	168
49	169
49	170
49	171
49	172
49	173
50	95
50	98
50	99
50	111
50	113
50	114
50	129
50	132
50	133
50	134
50	141
50	142
50	143
50	144
50	146
50	147
50	148
50	149
50	150
50	151
50	152
50	153
50	154
50	155
50	156
50	157
50	158
50	159
50	160
50	161
50	162
50	163
50	164
50	165
50	166
50	167
50	168
50	169
50	170
50	171
50	172
50	173
51	77
51	78
51	85
51	89
51	90
51	91
51	95
51	98
51	99
51	100
51	102
51	103
51	104
51	105
51	107
51	108
51	110
51	111
51	112
51	113
51	114
51	116
51	117
51	118
51	119
51	120
51	121
51	122
51	123
51	125
51	126
51	127
51	128
51	129
51	130
51	131
51	132
51	133
51	134
51	135
51	136
51	137
51	138
51	139
51	140
51	141
51	142
51	143
51	144
51	145
51	146
51	147
51	148
51	149
51	150
51	151
51	152
51	153
51	154
51	155
51	156
51	157
51	158
51	159
51	160
51	161
51	162
51	163
51	164
51	165
51	166
51	167
51	168
51	169
51	170
51	171
51	172
51	173
52	98
52	99
52	113
52	114
52	125
52	126
52	127
52	129
52	133
52	134
52	141
52	142
52	143
52	144
52	146
52	147
52	148
52	149
52	150
52	151
52	152
52	153
52	154
52	155
52	156
52	157
52	158
52	159
52	160
52	161
52	162
52	163
52	164
52	165
52	166
52	167
52	168
52	169
52	170
52	171
52	172
52	173
53	71
53	75
53	78
53	89
53	90
53	91
53	92
53	94
53	95
53	98
53	99
53	100
53	102
53	103
53	104
53	107
53	110
53	111
53	112
53	113
53	114
53	118
53	119
53	120
53	122
53	125
53	126
53	127
53	128
53	129
53	130
53	131
53	132
53	133
53	134
53	135
53	136
53	137
53	138
53	139
53	140
53	141
53	142
53	143
53	144
53	145
53	146
53	147
53	148
53	149
53	150
53	151
53	152
53	153
53	154
53	155
53	156
53	157
53	158
53	159
53	160
53	161
53	162
53	163
53	164
53	165
53	166
53	167
53	168
53	169
53	170
53	171
53	172
53	173
54	71
54	75
54	77
54	78
54	81
54	85
54	89
54	90
54	91
54	92
54	94
54	95
54	98
54	99
54	100
54	102
54	103
54	104
54	105
54	107
54	108
54	110
54	111
54	112
54	113
54	114
54	116
54	117
54	118
54	119
54	120
54	121
54	122
54	123
54	125
54	126
54	127
54	128
54	129
54	130
54	131
54	132
54	133
54	134
54	135
54	136
54	137
54	138
54	139
54	140
54	141
54	142
54	143
54	144
54	145
54	146
54	147
54	148
54	149
54	150
54	151
54	152
54	153
54	154
54	155
54	156
54	157
54	158
54	159
54	160
54	161
54	162
54	163
54	164
54	165
54	166
54	167
54	168
54	169
54	170
54	171
54	172
54	173
55	71
55	75
55	77
55	78
55	81
55	85
55	89
55	90
55	91
55	92
55	94
55	95
55	98
55	99
55	100
55	102
55	103
55	104
55	105
55	107
55	108
55	110
55	111
55	112
55	113
55	114
55	116
55	117
55	118
55	119
55	120
55	121
55	122
55	123
55	125
55	126
55	127
55	128
55	129
55	130
55	131
55	132
55	133
55	134
55	135
55	136
55	137
55	138
55	139
55	140
55	141
55	142
55	143
55	144
55	145
55	146
55	147
55	148
55	149
55	150
55	151
55	152
55	153
55	154
55	155
55	156
55	157
55	158
55	159
55	160
55	161
55	162
55	163
55	164
55	165
55	166
55	167
55	168
55	169
55	170
55	171
55	172
55	173
56	62
56	71
56	72
56	73
56	74
56	75
56	77
56	78
56	81
56	82
56	85
56	86
56	87
56	88
56	89
56	90
56	91
56	92
56	93
56	94
56	95
56	98
56	99
56	100
56	102
56	103
56	104
56	105
56	107
56	108
56	110
56	111
56	112
56	113
56	114
56	116
56	117
56	118
56	119
56	120
56	121
56	122
56	123
56	125
56	126
56	127
56	128
56	129
56	130
56	131
56	132
56	133
56	134
56	135
56	136
56	137
56	138
56	139
56	140
56	141
56	142
56	143
56	144
56	145
56	146
56	147
56	148
56	149
56	150
56	151
56	152
56	153
56	154
56	155
56	156
56	157
56	158
56	159
56	160
56	161
56	162
56	163
56	164
56	165
56	166
56	167
56	168
56	169
56	170
56	171
56	172
56	173
57	71
57	72
57	73
57	74
57	75
57	77
57	78
57	79
57	81
57	82
57	85
57	87
57	89
57	90
57	91
57	92
57	93
57	94
57	95
57	96
57	97
57	98
57	99
57	100
57	101
57	102
57	103
57	104
57	105
57	106
57	107
57	108
57	109
57	110
57	111
57	112
57	113
57	114
57	115
57	116
57	117
57	118
57	119
57	120
57	121
57	122
57	123
57	124
57	125
57	126
57	127
57	128
57	129
57	130
57	131
57	132
57	133
57	134
57	135
57	136
57	137
57	138
57	139
57	140
57	141
57	142
57	143
57	144
57	145
57	146
57	147
57	148
57	149
57	150
57	151
57	152
57	153
57	154
57	155
57	156
57	157
57	158
57	159
57	160
57	161
57	162
57	163
57	164
57	165
57	166
57	167
57	168
57	169
57	170
57	171
57	172
57	173
58	71
58	75
58	78
58	89
58	90
58	91
58	92
58	94
58	95
58	98
58	99
58	100
58	102
58	103
58	104
58	107
58	109
58	110
58	111
58	112
58	113
58	114
58	118
58	119
58	120
58	122
58	124
58	125
58	126
58	127
58	128
58	129
58	130
58	131
58	132
58	133
58	134
58	135
58	136
58	137
58	138
58	139
58	140
58	141
58	142
58	143
58	144
58	145
58	146
58	147
58	148
58	149
58	150
58	151
58	152
58	153
58	154
58	155
58	156
58	157
58	158
58	159
58	160
58	161
58	162
58	163
58	164
58	165
58	166
58	167
58	168
58	169
58	170
58	171
58	172
58	173
59	62
59	71
59	72
59	73
59	74
59	75
59	77
59	78
59	81
59	82
59	85
59	86
59	87
59	89
59	90
59	91
59	92
59	93
59	94
59	95
59	98
59	99
59	100
59	102
59	103
59	104
59	105
59	107
59	108
59	110
59	111
59	112
59	113
59	114
59	116
59	117
59	118
59	119
59	120
59	121
59	122
59	123
59	125
59	126
59	127
59	128
59	129
59	130
59	131
59	132
59	133
59	134
59	135
59	136
59	137
59	138
59	139
59	140
59	141
59	142
59	143
59	144
59	145
59	146
59	147
59	148
59	149
59	150
59	151
59	152
59	153
59	154
59	155
59	156
59	157
59	158
59	159
59	160
59	161
59	162
59	163
59	164
59	165
59	166
59	167
59	168
59	169
59	170
59	171
59	172
59	173
60	90
60	95
60	98
60	99
60	100
60	102
60	103
60	104
60	107
60	110
60	111
60	112
60	113
60	114
60	118
60	119
60	120
60	122
60	125
60	126
60	127
60	128
60	129
60	130
60	131
60	132
60	133
60	134
60	135
60	136
60	137
60	138
60	139
60	140
60	141
60	142
60	143
60	144
60	145
60	146
60	147
60	148
60	149
60	150
60	151
60	152
60	153
60	154
60	155
60	156
60	157
60	158
60	159
60	160
60	161
60	162
60	163
60	164
60	165
60	166
60	167
60	168
60	169
60	170
60	171
60	172
60	173
61	98
61	99
61	113
61	114
61	126
61	127
61	129
61	133
61	134
61	141
61	142
61	143
61	144
61	146
61	147
61	148
61	149
61	150
61	151
61	152
61	153
61	154
61	155
61	156
61	157
61	158
61	159
61	160
61	161
61	162
61	163
61	164
61	165
61	166
61	167
61	168
61	169
61	170
61	171
61	172
61	173
62	95
62	98
62	99
62	100
62	111
62	113
62	114
62	126
62	127
62	129
62	130
62	131
62	132
62	133
62	134
62	135
62	136
62	137
62	138
62	141
62	142
62	143
62	144
62	146
62	147
62	148
62	149
62	150
62	151
62	152
62	153
62	154
62	155
62	156
62	157
62	158
62	159
62	160
62	161
62	162
62	163
62	164
62	165
62	166
62	167
62	168
62	169
62	170
62	171
62	172
62	173
63	78
63	89
63	90
63	91
63	92
63	94
63	95
63	98
63	99
63	100
63	102
63	103
63	104
63	107
63	110
63	111
63	112
63	113
63	114
63	118
63	119
63	120
63	122
63	125
63	126
63	127
63	128
63	129
63	130
63	131
63	132
63	133
63	134
63	135
63	136
63	137
63	138
63	139
63	140
63	141
63	142
63	143
63	144
63	145
63	146
63	147
63	148
63	149
63	150
63	151
63	152
63	153
63	154
63	155
63	156
63	157
63	158
63	159
63	160
63	161
63	162
63	163
63	164
63	165
63	166
63	167
63	168
63	169
63	170
63	171
63	172
63	173
64	90
64	95
64	98
64	99
64	100
64	102
64	103
64	110
64	111
64	112
64	113
64	114
64	118
64	119
64	120
64	122
64	125
64	126
64	127
64	128
64	129
64	130
64	131
64	132
64	133
64	134
64	135
64	136
64	137
64	138
64	139
64	140
64	141
64	142
64	143
64	144
64	145
64	146
64	147
64	148
64	149
64	150
64	151
64	152
64	153
64	154
64	155
64	156
64	157
64	158
64	159
64	160
64	161
64	162
64	163
64	164
64	165
64	166
64	167
64	168
64	169
64	170
64	171
64	172
64	173
65	95
65	98
65	99
65	111
65	113
65	114
65	125
65	126
65	127
65	129
65	133
65	134
65	141
65	142
65	143
65	144
65	146
65	147
65	148
65	149
65	150
65	151
65	152
65	153
65	154
65	155
65	156
65	157
65	158
65	159
65	160
65	161
65	162
65	163
65	164
65	165
65	166
65	167
65	168
65	169
65	170
65	171
65	172
65	173
66	90
66	95
66	98
66	99
66	111
66	113
66	114
66	120
66	122
66	125
66	126
66	127
66	128
66	129
66	132
66	133
66	134
66	139
66	140
66	141
66	142
66	143
66	144
66	145
66	146
66	147
66	148
66	149
66	151
66	152
66	153
66	154
66	155
66	157
66	158
66	159
66	160
66	161
66	162
66	163
66	164
66	165
66	166
66	167
66	168
66	169
66	170
66	171
66	172
66	173
67	89
67	90
67	95
67	98
67	99
67	100
67	102
67	103
67	110
67	111
67	112
67	113
67	114
67	118
67	119
67	120
67	121
67	122
67	123
67	125
67	126
67	127
67	128
67	129
67	130
67	131
67	132
67	133
67	134
67	135
67	136
67	137
67	138
67	139
67	140
67	141
67	142
67	143
67	144
67	145
67	146
67	147
67	148
67	149
67	150
67	151
67	152
67	153
67	154
67	155
67	156
67	157
67	158
67	159
67	160
67	161
67	162
67	163
67	164
67	165
67	166
67	167
67	168
67	169
67	170
67	171
67	172
67	173
68	90
68	95
68	98
68	99
68	100
68	102
68	103
68	104
68	110
68	111
68	112
68	113
68	114
68	118
68	119
68	120
68	122
68	125
68	126
68	127
68	128
68	129
68	130
68	131
68	132
68	133
68	134
68	135
68	136
68	137
68	138
68	139
68	140
68	141
68	142
68	143
68	144
68	145
68	146
68	147
68	148
68	149
68	150
68	151
68	152
68	153
68	154
68	155
68	156
68	157
68	158
68	159
68	160
68	161
68	162
68	163
68	164
68	165
68	166
68	167
68	168
68	169
68	170
68	171
68	172
68	173
69	90
69	95
69	98
69	99
69	100
69	102
69	103
69	104
69	110
69	111
69	112
69	113
69	114
69	118
69	119
69	120
69	122
69	125
69	126
69	127
69	128
69	129
69	130
69	131
69	132
69	133
69	134
69	135
69	136
69	137
69	138
69	139
69	140
69	141
69	142
69	143
69	144
69	145
69	146
69	147
69	148
69	149
69	150
69	151
69	152
69	153
69	154
69	155
69	156
69	157
69	158
69	159
69	160
69	161
69	162
69	163
69	164
69	165
69	166
69	167
69	168
69	169
69	170
69	171
69	172
69	173
70	98
70	99
70	113
70	114
70	126
70	127
70	129
70	133
70	134
70	141
70	142
70	143
70	144
70	146
70	147
70	148
70	150
70	153
70	154
70	155
70	156
70	157
70	158
70	159
70	160
70	161
70	162
70	163
70	164
70	165
70	166
70	167
70	170
70	171
70	172
70	173
71	98
71	99
71	100
71	102
71	103
71	110
71	112
71	113
71	114
71	119
71	120
71	122
71	125
71	126
71	127
71	128
71	129
71	130
71	131
71	132
71	133
71	134
71	135
71	136
71	137
71	138
71	139
71	140
71	141
71	142
71	143
71	144
71	145
71	146
71	147
71	148
71	149
71	150
71	151
71	152
71	153
71	154
71	155
71	156
71	157
71	158
71	159
71	160
71	161
71	162
71	163
71	164
71	165
71	166
71	167
71	168
71	169
71	170
71	171
71	172
71	173
72	95
72	98
72	99
72	111
72	113
72	114
72	126
72	127
72	129
72	132
72	133
72	134
72	141
72	142
72	143
72	144
72	146
72	147
72	148
72	149
72	150
72	151
72	152
72	153
72	154
72	155
72	156
72	157
72	158
72	159
72	160
72	161
72	162
72	163
72	164
72	165
72	166
72	167
72	168
72	169
72	170
72	171
72	172
72	173
73	95
73	98
73	99
73	103
73	111
73	113
73	114
73	125
73	128
73	129
73	132
73	133
73	134
73	139
73	140
73	141
73	142
73	143
73	144
73	145
73	146
73	147
73	148
73	149
73	150
73	151
73	152
73	153
73	154
73	155
73	156
73	157
73	158
73	159
73	160
73	161
73	162
73	163
73	164
73	165
73	166
73	167
73	168
73	169
73	170
73	171
73	172
73	173
74	98
74	99
74	102
74	103
74	113
74	114
74	120
74	122
74	125
74	126
74	127
74	128
74	129
74	132
74	133
74	134
74	139
74	140
74	141
74	142
74	143
74	144
74	145
74	146
74	147
74	148
74	149
74	150
74	151
74	152
74	153
74	154
74	155
74	156
74	157
74	158
74	159
74	160
74	161
74	162
74	163
74	164
74	165
74	166
74	167
74	168
74	169
74	170
74	171
74	172
74	173
75	90
75	98
75	99
75	102
75	103
75	113
75	114
75	120
75	122
75	125
75	126
75	127
75	128
75	129
75	132
75	133
75	134
75	139
75	140
75	141
75	142
75	143
75	144
75	145
75	146
75	147
75	148
75	149
75	150
75	151
75	152
75	153
75	154
75	155
75	156
75	157
75	158
75	159
75	160
75	161
75	162
75	163
75	164
75	165
75	166
75	167
75	168
75	169
75	170
75	171
75	172
75	173
76	90
76	95
76	98
76	99
76	100
76	102
76	103
76	110
76	111
76	112
76	113
76	114
76	118
76	119
76	120
76	122
76	125
76	126
76	127
76	128
76	129
76	130
76	131
76	132
76	133
76	134
76	135
76	136
76	137
76	138
76	139
76	140
76	141
76	142
76	143
76	144
76	145
76	146
76	147
76	148
76	149
76	150
76	151
76	152
76	153
76	154
76	155
76	156
76	157
76	158
76	159
76	160
76	161
76	162
76	163
76	164
76	165
76	166
76	167
76	168
76	169
76	170
76	171
76	172
76	173
77	95
77	98
77	99
77	100
77	111
77	113
77	114
77	126
77	127
77	129
77	130
77	131
77	132
77	133
77	134
77	135
77	136
77	137
77	138
77	141
77	142
77	143
77	144
77	146
77	147
77	148
77	149
77	150
77	151
77	152
77	153
77	154
77	155
77	156
77	157
77	158
77	159
77	160
77	161
77	162
77	163
77	164
77	165
77	166
77	167
77	168
77	169
77	170
77	171
77	172
77	173
78	94
78	95
78	98
78	99
78	103
78	111
78	113
78	114
78	120
78	125
78	126
78	127
78	128
78	129
78	132
78	133
78	134
78	139
78	140
78	141
78	142
78	143
78	144
78	145
78	146
78	147
78	148
78	149
78	150
78	151
78	152
78	153
78	154
78	155
78	156
78	157
78	158
78	159
78	160
78	161
78	162
78	163
78	164
78	165
78	166
78	167
78	168
78	169
78	170
78	171
78	172
78	173
79	95
79	98
79	99
79	111
79	113
79	114
79	129
79	147
79	148
79	153
79	154
79	161
79	162
79	164
79	165
79	168
79	169
79	170
79	171
79	172
79	173
80	98
80	99
80	114
80	129
80	147
80	148
80	153
80	154
80	161
80	162
80	164
80	165
80	170
80	171
80	172
80	173
81	98
81	99
81	113
81	114
81	129
81	132
81	133
81	134
81	141
81	142
81	143
81	144
81	146
81	147
81	148
81	149
81	151
81	152
81	153
81	154
81	155
81	157
81	158
81	159
81	160
81	161
81	162
81	163
81	164
81	165
81	166
81	167
81	168
81	169
81	170
81	171
81	172
81	173
82	98
82	99
82	113
82	114
82	129
82	132
82	133
82	134
82	141
82	142
82	143
82	144
82	146
82	147
82	148
82	149
82	151
82	152
82	153
82	154
82	155
82	157
82	158
82	159
82	160
82	161
82	162
82	163
82	164
82	165
82	166
82	167
82	168
82	169
82	170
82	171
82	172
82	173
83	98
83	99
83	114
83	133
83	141
83	142
83	143
83	147
83	148
83	153
83	154
83	158
83	160
83	161
83	162
83	164
83	165
83	166
83	167
83	170
83	171
84	90
84	94
84	95
84	98
84	99
84	103
84	111
84	113
84	114
84	120
84	125
84	126
84	127
84	128
84	129
84	132
84	133
84	134
84	139
84	140
84	141
84	142
84	143
84	144
84	145
84	146
84	147
84	148
84	149
84	150
84	151
84	152
84	153
84	154
84	155
84	156
84	157
84	158
84	159
84	160
84	161
84	162
84	163
84	164
84	165
84	166
84	167
84	168
84	169
84	170
84	171
84	172
84	173
85	95
85	98
85	99
85	111
85	113
85	114
85	125
85	128
85	129
85	132
85	133
85	134
85	139
85	140
85	141
85	142
85	143
85	144
85	145
85	146
85	147
85	148
85	149
85	151
85	152
85	153
85	154
85	155
85	157
85	158
85	159
85	160
85	161
85	162
85	163
85	164
85	165
85	166
85	167
85	168
85	169
85	170
85	171
85	172
85	173
86	95
86	98
86	99
86	114
86	129
86	147
86	148
86	153
86	154
86	161
86	162
86	164
86	165
86	170
86	171
86	172
86	173
87	95
87	98
87	99
87	103
87	114
87	125
87	129
87	133
87	139
87	140
87	143
87	147
87	148
87	150
87	153
87	154
87	155
87	156
87	158
87	160
87	161
87	162
87	164
87	165
87	166
87	167
87	170
87	171
87	172
87	173
88	95
88	98
88	99
88	103
88	111
88	113
88	114
88	125
88	128
88	129
88	132
88	133
88	134
88	139
88	140
88	141
88	142
88	143
88	144
88	145
88	146
88	147
88	148
88	149
88	150
88	151
88	152
88	153
88	154
88	155
88	156
88	157
88	158
88	159
88	160
88	161
88	162
88	163
88	164
88	165
88	166
88	167
88	168
88	169
88	170
88	171
88	172
88	173
89	95
89	98
89	99
89	114
89	129
89	133
89	143
89	147
89	148
89	150
89	153
89	154
89	155
89	156
89	158
89	160
89	161
89	162
89	164
89	165
89	166
89	167
89	170
89	171
89	172
89	173
90	98
90	99
90	103
90	104
90	113
90	114
90	117
90	120
90	125
90	126
90	127
90	129
90	133
90	134
90	139
90	140
90	141
90	142
90	143
90	144
90	145
90	146
90	147
90	148
90	149
90	150
90	151
90	152
90	153
90	154
90	155
90	156
90	157
90	158
90	159
90	160
90	161
90	162
90	163
90	164
90	165
90	166
90	167
90	168
90	169
90	170
90	171
90	172
90	173
91	95
91	98
91	99
91	102
91	103
91	111
91	113
91	114
91	120
91	122
91	125
91	126
91	127
91	128
91	129
91	132
91	133
91	134
91	139
91	140
91	141
91	142
91	143
91	144
91	145
91	146
91	147
91	148
91	149
91	150
91	151
91	152
91	153
91	154
91	155
91	156
91	157
91	158
91	159
91	160
91	161
91	162
91	163
91	164
91	165
91	166
91	167
91	168
91	169
91	170
91	171
91	172
91	173
92	98
92	99
92	103
92	113
92	114
92	120
92	125
92	126
92	127
92	128
92	129
92	132
92	133
92	134
92	139
92	140
92	141
92	142
92	143
92	144
92	145
92	146
92	147
92	148
92	149
92	150
92	151
92	152
92	153
92	154
92	155
92	156
92	157
92	158
92	159
92	160
92	161
92	162
92	163
92	164
92	165
92	166
92	167
92	168
92	169
92	170
92	171
92	172
92	173
93	98
93	99
93	100
93	113
93	114
93	126
93	127
93	129
93	130
93	131
93	132
93	133
93	134
93	135
93	136
93	137
93	138
93	141
93	142
93	143
93	144
93	146
93	147
93	148
93	149
93	150
93	151
93	152
93	153
93	154
93	155
93	156
93	157
93	158
93	159
93	160
93	161
93	162
93	163
93	164
93	165
93	166
93	167
93	168
93	169
93	170
93	171
93	172
93	173
94	98
94	99
94	103
94	104
94	114
94	120
94	125
94	126
94	127
94	133
94	139
94	140
94	141
94	142
94	143
94	144
94	150
94	155
94	156
94	158
94	160
94	161
94	162
94	164
94	165
94	171
94	172
94	173
95	96
95	98
95	99
95	102
95	103
95	104
95	107
95	108
95	110
95	113
95	114
95	115
95	116
95	117
95	118
95	119
95	120
95	121
95	122
95	123
95	124
95	125
95	126
95	127
95	128
95	129
95	130
95	131
95	132
95	133
95	134
95	135
95	136
95	137
95	138
95	139
95	140
95	141
95	142
95	143
95	144
95	145
95	146
95	147
95	148
95	150
95	153
95	154
95	155
95	156
95	157
95	158
95	159
95	160
95	161
95	162
95	163
95	164
95	165
95	166
95	167
95	170
95	171
95	172
95	173
96	98
96	99
96	114
96	125
96	147
96	148
96	153
96	154
96	161
96	162
96	164
96	165
96	170
96	171
97	98
97	99
97	162
97	164
97	165
97	171
97	172
97	173
98	100
98	101
98	102
98	103
98	104
98	105
98	106
98	107
98	108
98	109
98	110
98	111
98	112
98	113
98	114
98	115
98	116
98	117
98	118
98	119
98	120
98	121
98	122
98	123
98	124
98	125
98	126
98	127
98	128
98	129
98	130
98	131
98	132
98	133
98	134
98	135
98	136
98	137
98	138
98	139
98	140
98	141
98	142
98	143
98	144
98	145
98	146
98	147
98	148
98	149
98	150
98	151
98	152
98	153
98	154
98	155
98	156
98	157
98	158
98	159
98	160
98	161
98	162
98	163
98	164
98	165
98	166
98	167
98	168
98	169
98	170
98	171
98	172
98	173
99	100
99	101
99	102
99	103
99	104
99	105
99	106
99	107
99	108
99	109
99	110
99	111
99	112
99	113
99	114
99	115
99	116
99	117
99	118
99	119
99	120
99	121
99	122
99	123
99	124
99	125
99	126
99	127
99	128
99	129
99	130
99	131
99	132
99	133
99	134
99	135
99	136
99	137
99	138
99	139
99	140
99	141
99	142
99	143
99	144
99	145
99	146
99	147
99	148
99	149
99	150
99	151
99	152
99	153
99	154
99	155
99	156
99	157
99	158
99	159
99	160
99	161
99	162
99	163
99	164
99	165
99	166
99	167
99	168
99	169
99	170
99	171
99	172
99	173
100	103
100	114
100	125
100	139
100	140
100	147
100	148
100	153
100	154
100	161
100	162
100	164
100	165
100	170
100	171
101	114
101	147
101	148
101	153
101	154
101	161
101	162
101	164
101	165
101	170
101	171
102	114
102	129
102	133
102	141
102	142
102	143
102	147
102	148
102	153
102	154
102	155
102	160
102	161
102	162
102	164
102	165
102	166
102	167
102	170
102	171
102	172
102	173
103	114
103	130
103	132
103	133
103	141
103	142
103	143
103	147
103	148
103	153
103	154
103	160
103	161
103	162
103	164
103	165
103	166
103	167
103	170
103	171
104	114
104	147
104	148
104	164
104	165
104	166
104	171
105	164
105	165
105	171
106	114
106	164
107	114
107	125
107	147
107	148
107	153
107	154
107	161
107	162
107	164
107	165
107	170
107	171
108	114
108	125
108	129
108	139
108	140
108	147
108	148
108	153
108	154
108	161
108	162
108	164
108	165
108	170
108	171
108	172
108	173
109	164
109	165
109	171
110	114
110	164
111	116
111	117
111	126
111	127
111	139
111	164
111	165
111	171
111	172
112	164
113	116
113	117
113	126
113	127
113	139
113	140
113	162
113	164
113	165
113	171
113	172
113	173
114	115
114	116
114	117
114	118
114	119
114	120
114	121
114	124
114	125
114	126
114	127
114	128
114	129
114	130
114	131
114	132
114	133
114	135
114	136
114	137
114	139
114	140
114	141
114	142
114	143
114	144
114	147
114	148
114	150
114	153
114	154
114	155
114	156
114	158
114	160
114	161
114	162
114	164
114	165
114	166
114	167
114	170
114	171
114	172
114	173
115	147
115	148
115	161
115	164
116	129
116	133
116	134
116	141
116	142
116	143
116	144
116	146
116	147
116	148
116	149
116	151
116	152
116	153
116	154
116	155
116	157
116	158
116	159
116	160
116	161
116	162
116	163
116	164
116	165
116	166
116	167
116	168
116	169
116	170
116	171
116	172
116	173
117	129
117	133
117	134
117	141
117	142
117	143
117	144
117	146
117	147
117	148
117	149
117	151
117	152
117	153
117	154
117	155
117	157
117	158
117	159
117	160
117	161
117	162
117	163
117	164
117	165
117	166
117	167
117	168
117	169
117	170
117	171
117	172
117	173
118	147
118	148
118	153
118	154
118	161
118	164
118	165
118	170
118	171
119	129
119	147
119	148
119	153
119	154
119	161
119	162
119	164
119	165
119	170
119	171
119	172
119	173
120	133
120	141
120	142
120	143
120	147
120	148
120	153
120	154
120	158
120	160
120	161
120	162
120	164
120	165
120	166
120	167
120	170
120	171
121	147
121	148
121	153
121	154
121	161
121	162
121	164
121	165
121	170
121	171
122	162
122	164
122	165
122	171
123	162
123	164
123	165
123	171
123	172
123	173
124	147
124	148
124	153
124	154
124	161
124	162
124	164
124	165
124	170
124	171
125	128
125	129
125	130
125	132
125	133
125	135
125	136
125	137
125	139
125	140
125	141
125	142
125	143
125	144
125	147
125	148
125	153
125	154
125	155
125	158
125	160
125	161
125	162
125	164
125	165
125	166
125	167
125	170
125	171
125	172
125	173
126	129
126	133
126	134
126	141
126	142
126	143
126	144
126	146
126	147
126	148
126	149
126	151
126	152
126	153
126	154
126	155
126	157
126	158
126	159
126	160
126	161
126	162
126	163
126	164
126	165
126	166
126	167
126	168
126	169
126	170
126	171
126	172
126	173
127	129
127	133
127	134
127	141
127	142
127	143
127	144
127	146
127	147
127	148
127	149
127	151
127	152
127	153
127	154
127	155
127	157
127	158
127	159
127	160
127	161
127	162
127	163
127	164
127	165
127	166
127	167
127	168
127	169
127	170
127	171
127	172
127	173
128	164
129	160
129	161
129	164
130	139
130	147
130	148
130	154
130	164
130	165
130	170
130	171
131	147
131	148
131	164
132	139
132	140
132	147
132	148
132	154
132	161
132	164
132	165
132	170
132	171
133	139
133	140
133	164
133	165
133	171
134	139
134	164
135	164
136	147
136	148
136	164
136	172
136	173
137	147
137	148
137	164
137	172
137	173
138	172
139	141
139	143
139	147
139	148
139	152
139	158
139	159
139	160
139	161
139	162
139	164
139	168
139	169
140	160
140	161
141	164
141	172
142	164
143	164
144	164
144	165
144	171
147	150
147	160
147	161
147	164
147	165
147	171
147	172
148	150
148	160
148	161
148	164
148	165
148	171
148	172
149	164
150	164
151	164
152	164
152	172
152	173
153	160
153	161
153	172
154	160
154	161
154	172
156	164
156	172
156	173
157	172
157	173
158	164
158	172
158	173
159	164
159	172
159	173
160	164
160	165
160	170
160	171
160	172
160	173
161	164
161	165
161	170
161	171
161	172
161	173
162	164
163	172
163	173
164	168
164	169
164	172
164	173
165	168
165	172
165	173
166	172
167	172
168	171
168	172
169	172
170	172
171	172
171	173