248	2000
1	3
1	7
1	51
1	75
1	219
1	231
2	3
2	7
2	51
2	75
2	219
2	225
2	230
2	231
2	235
2	237
2	239
2	240
2	241
2	243
2	245
2	247
3	4
3	5
3	6
3	7
3	8
3	9
3	10
3	11
3	12
3	13
3	14
3	15
3	16
3	17
3	18
3	19
3	20
3	21
3	22
3	23
3	24
3	25
3	26
3	27
3	28
3	29
3	30
3	31
3	32
3	33
3	34
3	35
3	36
3	37
3	38
3	39
3	40
3	41
3	42
3	43
3	44
3	45
3	46
3	47
3	48
3	49
3	50
3	51
3	52
3	53
3	54
3	55
3	56
3	57
3	58
3	59
3	60
3	61
3	62
3	63
3	64
3	65
3	66
3	67
3	68
3	69
3	70
3	71
3	72
3	73
3	74
3	75
3	76
3	77
3	78
3	79
3	80
3	81
3	82
3	83
3	84
3	85
3	86
3	87
3	88
3	89
3	90
3	91
3	92
3	93
3	94
3	95
3	96
3	97
3	98
3	99
3	100
3	101
3	102
3	103
3	104
3	105
3	106
3	107
3	108
3	109
3	110
3	111
3	112
3	113
3	114
3	115
3	116
3	117
3	118
3	119
3	120
3	121
3	122
3	123
3	124
3	125
3	126
3	127
3	128
3	129
3	130
3	131
3	132
3	133
3	134
3	135
3	136
3	137
3	138
3	139
3	140
3	141
3	142
3	143
3	144
3	145
3	146
3	147
3	148
3	149
3	150
3	151
3	152
3	153
3	154
3	155
3	156
3	157
3	158
3	159
3	160
3	161
3	162
3	163
3	164
3	165
3	166
3	167
3	168
3	169
3	170
3	171
3	172
3	173
3	174
3	175
3	176
3	177
3	178
3	179
3	180
3	181
3	182
3	183
3	184
3	185
3	186
3	187
3	188
3	189
3	190
3	191
3	192
3	193
3	194
3	195
3	196
3	197
3	198
3	199
3	200
3	201
3	202
3	203
3	204
3	205
3	206
3	207
3	208
3	209
3	210
3	211
3	212
3	213
3	214
3	215
3	216
3	217
3	218
3	219
3	220
3	221
3	222
3	223
3	224
3	225
3	226
3	227
3	228
3	229
3	230
3	231
3	232
3	233
3	234
3	235
3	236
3	237
3	238
3	239
3	240
3	241
3	242
3	243
3	244
3	245
3	246
3	247
3	248
4	7
4	51
4	75
4	219
4	225
4	230
4	231
4	235
4	237
4	239
4	240
4	241
4	247
5	7
5	51
5	75
5	123
5	151
5	155
5	159
5	164
5	168
5	169
5	170
5	177
5	189
5	190
5	193
5	195
5	196
5	199
5	201
5	203
5	204
5	207
5	208
5	210
5	211
5	213
5	214
5	215
5	216
5	217
5	218
5	219
5	220
5	221
5	222
5	223
5	224
5	225
5	226
5	227
5	228
5	229
5	230
5	231
5	232
5	233
5	234
5	235
5	236
5	237
5	238
5	239
5	240
5	241
5	242
5	243
5	244
5	245
5	246
5	247
5	248
6	7
6	51
6	75
6	123
6	151
6	155
6	159
6	164
6	168
6	169
6	170
6	177
6	189
6	190
6	193
6	195
6	196
6	199
6	201
6	203
6	204
6	207
6	208
6	210
6	211
6	213
6	214
6	215
6	216
6	217
6	218
6	219
6	220
6	221
6	222
6	223
6	224
6	225
6	226
6	227
6	228
6	229
6	230
6	231
6	232
6	233
6	234
6	235
6	236
6	237
6	238
6	239
6	240
6	241
6	242
6	243
6	244
6	245
6	246
6	247
6	248
7	8
7	9
7	10
7	11
7	12
7	13
7	14
7	15
7	16
7	17
7	18
7	19
7	20
7	21
7	22
7	23
7	24
7	25
7	26
7	27
7	28
7	29
7	30
7	31
7	32
7	33
7	34
7	35
7	36
7	37
7	38
7	39
7	40
7	41
7	42
7	43
7	44
7	45
7	46
7	47
7	48
7	49
7	50
7	51
7	52
7	53
7	54
7	55
7	56
7	57
7	58
7	59
7	60
7	61
7	62
7	63
7	64
7	65
7	66
7	67
7	68
7	69
7	70
7	71
7	72
7	73
7	74
7	75
7	76
7	77
7	78
7	79
7	80
7	81
7	82
7	83
7	84
7	85
7	86
7	87
7	88
7	89
7	90
7	91
7	92
7	93
7	94
7	95
7	96
7	97
7	98
7	99
7	100
7	101
7	102
7	103
7	104
7	105
7	106
7	107
7	108
7	109
7	110
7	111
7	112
7	113
7	114
7	115
7	116
7	117
7	118
7	119
7	120
7	121
7	122
7	123
7	124
7	125
7	126
7	127
7	128
7	129
7	130
7	131
7	132
7	133
7	134
7	135
7	136
7	137
7	138
7	139
7	140
7	141
7	142
7	143
7	144
7	145
7	146
7	147
7	148
7	149
7	150
7	151
7	152
7	153
7	154
7	155
7	156
7	157
7	158
7	159
7	160
7	161
7	162
7	163
7	164
7	165
7	166
7	167
7	168
7	169
7	170
7	171
7	172
7	173
7	174
7	175
7	176
7	177
7	178
7	179
7	180
7	181
7	182
7	183
7	184
7	185
7	186
7	187
7	188
7	189
7	190
7	191
7	192
7	193
7	194
7	195
7	196
7	197
7	198
7	199
7	200
7	201
7	202
7	203
7	204
7	205
7	206
7	207
7	208
7	209
7	210
7	211
7	212
7	213
7	214
7	215
7	216
7	217
7	218
7	219
7	220
7	221
7	222
7	223
7	224
7	225
7	226
7	227
7	228
7	229
7	230
7	231
7	232
7	233
7	234
7	235
7	236
7	237
7	238
7	239
7	240
7	241
7	242
7	243
7	244
7	245
7	246
7	247
7	248
8	51
8	75
8	219
8	225
8	230
8	231
8	235
8	237
8	239
8	240
8	241
8	247
9	51
9	75
9	219
9	225
9	230
9	231
9	235
9	237
9	239
9	240
9	241
9	247
10	51
10	75
10	219
10	231
11	51
11	75
11	219
11	231
12	51
12	75
12	219
12	231
13	51
13	75
13	219
13	225
13	230
13	231
13	235
13	237
13	239
13	240
13	241
13	247
14	51
14	75
14	219
14	225
14	230
14	231
14	235
14	237
14	239
14	240
14	241
14	247
15	51
15	75
15	219
15	225
15	230
15	231
15	235
15	237
15	239
15	240
15	241
15	247
16	51
16	75
16	123
16	151
16	155
16	159
16	164
16	168
16	169
16	170
16	177
16	189
16	190
16	193
16	195
16	196
16	199
16	201
16	203
16	204
16	207
16	208
16	210
16	211
16	213
16	214
16	215
16	216
16	217
16	218
16	219
16	220
16	221
16	222
16	223
16	224
16	225
16	226
16	227
16	228
16	229
16	230
16	231
16	232
16	233
16	234
16	235
16	236
16	237
16	238
16	239
16	240
16	241
16	242
16	243
16	244
16	245
16	246
16	247
16	248
17	51
17	75
17	151
17	218
17	219
17	225
17	228
17	230
17	231
17	235
17	237
17	239
17	240
17	241
17	247
18	51
18	75
18	219
18	231
19	51
19	75
19	219
19	231
20	51
20	75
20	219
20	225
20	230
20	231
20	235
20	237
20	239
20	240
20	241
20	247
21	51
21	75
21	219
21	231
22	51
22	75
22	219
22	225
22	230
22	231
22	235
22	237
22	239
22	240
22	241
22	247
23	51
23	75
23	219
23	231
24	51
24	75
24	219
24	231
25	51
25	75
25	219
25	225
25	230
25	231
25	235
25	237
25	239
25	240
25	241
25	247
26	51
26	75
26	219
26	225
26	230
26	231
26	235
26	237
26	239
26	240
26	241
26	247
27	51
27	75
27	219
27	231
28	51
28	75
28	219
28	231
29	51
29	75
29	123
29	151
29	155
29	159
29	164
29	168
29	169
29	170
29	177
29	189
29	190
29	193
29	195
29	196
29	199
29	201
29	203
29	204
29	207
29	208
29	210
29	211
29	213
29	214
29	215
29	216
29	217
29	218
29	219
29	220
29	221
29	222
29	223
29	224
29	225
29	226
29	227
29	228
29	229
29	230
29	231
29	232
29	233
29	234
29	235
29	236
29	237
29	238
29	239
29	240
29	241
29	242
29	243
29	244
29	245
29	246
29	247
29	248
30	51
30	75
30	219
30	225
30	230
30	231
30	235
30	237
30	239
30	240
30	241
30	247
31	51
31	75
31	219
31	231
32	51
32	75
32	219
32	225
32	230
32	231
32	235
32	237
32	239
32	240
32	241
32	247
33	51
33	75
33	123
33	151
33	155
33	159
33	164
33	168
33	169
33	170
33	177
33	189
33	190
33	193
33	195
33	196
33	199
33	201
33	203
33	204
33	207
33	208
33	210
33	211
33	213
33	214
33	215
33	216
33	217
33	218
33	219
33	220
33	221
33	222
33	223
33	224
33	225
33	226
33	227
33	228
33	229
33	230
33	231
33	232
33	233
33	234
33	235
33	236
33	237
33	238
33	239
33	240
33	241
33	242
33	243
33	244
33	245
33	246
33	247
33	248
34	51
34	75
34	123
34	151
34	155
34	159
34	164
34	168
34	169
34	170
34	177
34	189
34	190
34	193
34	195
34	196
34	199
34	201
34	203
34	204
34	207
34	208
34	210
34	211
34	213
34	214
34	215
34	216
34	217
34	218
34	219
34	220
34	221
34	222
34	223
34	224
34	225
34	226
34	227
34	228
34	229
34	230
34	231
34	232
34	233
34	234
34	235
34	236
34	237
34	238
34	239
34	240
34	241
34	242
34	243
34	244
34	245
34	246
34	247
34	248
35	51
35	75
35	219
35	225
35	230
35	231
35	235
35	237
35	239
35	240
35	241
35	247
36	51
36	75
36	219
36	231
37	51
37	75
37	219
37	231
38	51
38	75
38	219
38	231
39	51
39	75
39	219
39	231
40	51
40	75
40	219
40	231
41	51
41	75
41	219
41	231
42	51
42	75
42	219
42	231
43	51
43	75
43	219
43	231
44	51
44	75
44	219
44	231
45	51
45	75
45	219
45	231
46	51
46	75
46	219
46	231
47	51
47	75
47	219
47	231
48	51
48	75
48	219
48	225
48	230
48	231
48	235
48	237
48	239
48	240
48	241
48	247
49	51
49	75
49	219
49	231
50	51
50	75
50	219
50	231
51	52
51	53
51	54
51	55
51	56
51	57
51	58
51	59
51	60
51	61
51	62
51	63
51	64
51	65
51	66
51	67
51	68
51	69
51	70
51	71
51	72
51	73
51	74
51	75
51	76
51	77
51	78
51	79
51	80
51	81
51	82
51	83
51	84
51	85
51	86
51	87
51	88
51	89
51	90
51	91
51	92
51	93
51	94
51	95
51	96
51	97
51	98
51	99
51	100
51	101
51	102
51	103
51	104
51	105
51	106
51	107
51	108
51	109
51	110
51	111
51	112
51	113
51	114
51	115
51	116
51	117
51	118
51	119
51	120
51	121
51	122
51	123
51	124
51	125
51	126
51	127
51	128
51	129
51	130
51	131
51	132
51	133
51	134
51	135
51	136
51	137
51	138
51	139
51	140
51	141
51	142
51	143
51	144
51	145
51	146
51	147
51	148
51	149
51	150
51	151
51	152
51	153
51	154
51	155
51	156
51	157
51	158
51	159
51	160
51	161
51	162
51	163
51	164
51	165
51	166
51	167
51	168
51	169
51	170
51	171
51	172
51	173
51	174
51	175
51	176
51	177
51	178
51	179
51	180
51	181
51	182
51	183
51	184
51	185
51	186
51	187
51	188
51	189
51	190
51	191
51	192
51	193
51	194
51	195
51	196
51	197
51	198
51	199
51	200
51	201
51	202
51	203
51	204
51	205
51	206
51	207
51	208
51	209
51	210
51	211
51	212
51	213
51	214
51	215
51	216
51	217
51	218
51	219
51	220
51	221
51	222
51	223
51	224
51	225
51	226
51	227
51	228
51	229
51	230
51	231
51	232
51	233
51	234
51	235
51	236
51	237
51	238
51	239
51	240
51	241
51	242
51	243
51	244
51	245
51	246
51	247
51	248
52	75
52	219
52	231
53	75
53	219
53	225
53	230
53	231
53	235
53	237
53	239
53	240
53	241
53	247
54	75
54	219
54	225
54	230
54	231
54	235
54	237
54	239
54	240
54	241
54	247
55	75
55	219
55	225
55	230
55	231
55	235
55	237
55	239
55	240
55	241
55	247
56	75
56	219
56	225
56	230
56	231
56	235
56	237
56	239
56	240
56	241
56	247
57	75
57	219
57	225
57	230
57	231
57	235
57	237
57	239
57	240
57	241
57	247
58	75
58	219
58	231
59	75
59	219
59	231
60	75
60	219
60	225
60	230
60	231
60	235
60	237
60	239
60	240
60	241
60	247
61	75
61	219
61	231
62	75
62	219
62	225
62	230
62	231
62	235
62	237
62	239
62	240
62	241
62	247
63	75
63	219
63	231
64	75
64	219
64	231
65	75
65	219
65	231
66	75
66	219
66	231
67	75
67	219
67	231
68	75
68	219
68	231
69	75
69	219
69	225
69	230
69	231
69	235
69	237
69	239
69	240
69	241
69	247
70	75
70	219
70	231
71	75
71	219
71	231
72	75
72	219
72	231
73	75
73	219
73	231
74	75
74	219
74	231
75	76
75	77
75	78
75	79
75	80
75	81
75	82
75	83
75	84
75	85
75	86
75	87
75	88
75	89
75	90
75	91
75	92
75	93
75	94
75	95
75	96
75	97
75	98
75	99
75	100
75	101
75	102
75	103
75	104
75	105
75	106
75	107
75	108
75	109
75	110
75	111
75	112
75	113
75	114
75	115
75	116
75	117
75	118
75	119
75	120
75	121
75	122
75	123
75	124
75	125
75	126
75	127
75	128
75	129
75	130
75	131
75	132
75	133
75	134
75	135
75	136
75	137
75	138
75	139
75	140
75	141
75	142
75	143
75	144
75	145
75	146
75	147
75	148
75	149
75	150
75	151
75	152
75	153
75	154
75	155
75	156
75	157
75	158
75	159
75	160
75	161
75	162
75	163
75	164
75	165
75	166
75	167
75	168
75	169
75	170
75	171
75	172
75	173
75	174
75	175
75	176
75	177
75	178
75	179
75	180
75	181
75	182
75	183
75	184
75	185
75	186
75	187
75	188
75	189
75	190
75	191
75	192
75	193
75	194
75	195
75	196
75	197
75	198
75	199
75	200
75	201
75	202
75	203
75	204
75	205
75	206
75	207
75	208
75	209
75	210
75	211
75	212
75	213
75	214
75	215
75	216
75	217
75	218
75	219
75	220
75	221
75	222
75	223
75	224
75	225
75	226
75	227
75	228
75	229
75	230
75	231
75	232
75	233
75	234
75	235
75	236
75	237
75	238
75	239
75	240
75	241
75	242
75	243
75	244
75	245
75	246
75	247
75	248
76	219
76	231
77	219
77	231
78	219
78	231
79	219
79	231
80	219
80	231
81	219
81	231
82	219
82	231
83	219
83	231
84	219
84	231
85	219
85	231
86	219
86	231
87	219
87	231
88	219
88	231
89	219
89	231
90	219
90	231
91	219
91	231
92	219
92	231
93	219
93	231
94	219
94	231
95	219
95	231
96	219
96	231
97	219
97	231
98	219
98	231
99	219
99	231
100	219
100	231
101	219
101	231
102	219
102	231
103	219
103	231
104	219
104	231
105	219
105	231
106	219
106	231
107	219
107	231
108	219
108	231
109	219
109	231
110	219
110	231
111	219
111	231
112	219
112	231
113	219
113	231
114	219
114	231
115	219
115	231
116	219
116	231
117	219
117	231
118	219
118	231
119	219
119	231
120	219
120	231
121	219
121	231
122	219
122	231
123	219
123	231
124	219
124	231
125	219
125	231
126	219
126	231
127	219
127	231
128	219
128	231
129	219
129	231
130	219
130	231
131	219
131	231
132	219
132	231
133	219
133	231
134	219
134	231
135	219
135	231
136	219
136	231
137	219
137	231
138	219
138	231
139	219
139	231
140	219
140	231
141	219
141	231
142	219
142	231
143	219
143	231
144	219
144	231
145	219
145	231
146	219
146	231
147	219
147	231
148	219
148	231
149	219
149	231
150	219
150	231
151	219
151	231
152	219
152	231
153	219
153	231
154	219
154	231
155	219
155	231
156	219
156	231
157	219
157	231
158	219
158	231
159	219
159	231
160	219
160	231
161	219
161	231
162	219
162	231
163	219
163	231
164	219
164	231
165	219
165	231
166	219
166	231
167	219
167	231
168	219
168	231
169	219
169	231
170	219
170	231
171	219
171	231
172	219
172	231
173	219
173	231
174	219
174	231
175	219
175	231
176	219
176	231
177	219
177	231
178	219
178	231
179	219
179	231
180	219
180	231
181	219
181	231
182	219
182	231
183	219
183	231
184	219
184	231
185	219
185	231
186	219
186	231
187	219
187	231
188	219
188	231
189	219
189	231
190	219
190	231
191	219
191	231
192	219
192	231
193	219
193	231
194	219
194	231
195	219
195	231
196	219
196	231
197	219
197	231
198	219
198	231
199	219
199	231
200	219
200	231
201	219
201	231
202	219
202	231
203	219
203	231
204	219
204	231
205	219
205	231
206	219
206	231
207	219
207	231
208	219
208	231
209	219
209	231
210	219
210	231
211	219
211	231
212	219
212	231
213	219
213	231
214	219
214	231
215	219
215	231
216	219
216	231
217	219
217	231
218	219
218	231
219	220
219	221
219	222
219	223
219	224
219	225
219	226
219	227
219	228
219	229
219	230
219	231
219	232
219	233
219	234
219	235
219	236
219	237
219	238
219	239
219	240
219	241
219	242
219	243
219	244
219	245
219	246
219	247
219	248
220	231
221	231
222	231
223	231
224	231
225	231
226	231
227	231
228	231
229	231
230	231
231	232
231	233
231	234
231	235
231	236
231	237
231	238
231	239
231	240
231	241
231	242
231	243
231	244
231	245
231	246
231	247
231	248