182	1932
1	57
1	67
1	83
1	100
1	101
1	102
1	124
1	132
1	134
1	136
1	138
1	143
1	144
1	145
1	146
1	147
1	148
1	149
1	150
1	151
1	152
1	154
1	155
1	156
1	157
1	158
1	159
1	160
1	161
1	162
1	163
1	164
1	165
1	166
1	167
1	168
1	169
1	170
1	171
1	172
1	173
1	174
1	175
1	176
1	177
1	178
1	179
1	180
1	181
1	182
2	57
2	67
2	83
2	100
2	101
2	102
2	124
2	132
2	134
2	136
2	138
2	143
2	144
2	145
2	146
2	147
2	148
2	149
2	150
2	151
2	152
2	154
2	155
2	156
2	157
2	158
2	159
2	160
2	161
2	162
2	163
2	164
2	165
2	166
2	167
2	168
2	169
2	170
2	171
2	172
2	173
2	174
2	175
2	176
2	177
2	178
2	179
2	180
2	181
2	182
3	57
3	67
3	83
3	100
3	101
3	102
3	124
3	132
3	134
3	136
3	138
3	143
3	144
3	145
3	146
3	147
3	148
3	149
3	150
3	151
3	152
3	154
3	155
3	156
3	157
3	158
3	159
3	160
3	161
3	162
3	163
3	164
3	165
3	166
3	167
3	168
3	169
3	170
3	171
3	172
3	173
3	174
3	175
3	176
3	177
3	178
3	179
3	180
3	181
3	182
4	57
4	67
4	83
4	100
4	101
4	102
4	124
4	132
4	134
4	136
4	138
4	143
4	144
4	145
4	146
4	147
4	148
4	149
4	150
4	151
4	152
4	154
4	155
4	156
4	157
4	158
4	159
4	160
4	161
4	162
4	163
4	164
4	165
4	166
4	167
4	168
4	169
4	170
4	171
4	172
4	173
4	174
4	175
4	176
4	177
4	178
4	179
4	180
4	181
4	182
5	57
5	67
5	83
5	124
5	145
5	147
5	159
5	161
5	163
5	166
5	169
5	170
5	171
5	172
5	173
5	174
5	175
5	176
5	177
5	178
5	179
5	180
5	181
5	182
6	57
6	67
6	83
6	124
6	145
6	147
6	159
6	161
6	163
6	166
6	169
6	170
6	171
6	172
6	173
6	174
6	175
6	176
6	177
6	178
6	179
6	180
6	181
6	182
7	57
7	67
7	83
7	124
7	172
7	173
7	175
7	178
7	179
7	180
7	181
8	57
8	67
8	83
8	85
8	86
8	99
8	100
8	101
8	102
8	103
8	104
8	105
8	106
8	108
8	111
8	113
8	114
8	115
8	116
8	122
8	124
8	127
8	130
8	131
8	132
8	133
8	134
8	135
8	136
8	137
8	138
8	139
8	140
8	141
8	142
8	143
8	144
8	145
8	146
8	147
8	148
8	149
8	150
8	151
8	152
8	153
8	154
8	155
8	156
8	157
8	158
8	159
8	160
8	161
8	162
8	163
8	164
8	165
8	166
8	167
8	168
8	169
8	170
8	171
8	172
8	173
8	174
8	175
8	176
8	177
8	178
8	179
8	180
8	181
8	182
9	57
9	67
9	83
9	85
9	86
9	99
9	100
9	101
9	102
9	103
9	104
9	105
9	106
9	108
9	111
9	113
9	114
9	115
9	116
9	122
9	124
9	127
9	130
9	131
9	132
9	133
9	134
9	135
9	136
9	137
9	138
9	139
9	140
9	141
9	142
9	143
9	144
9	145
9	146
9	147
9	148
9	149
9	150
9	151
9	152
9	153
9	154
9	155
9	156
9	157
9	158
9	159
9	160
9	161
9	162
9	163
9	164
9	165
9	166
9	167
9	168
9	169
9	170
9	171
9	172
9	173
9	174
9	175
9	176
9	177
9	178
9	179
9	180
9	181
9	182
10	57
10	67
10	83
10	85
10	86
10	99
10	100
10	101
10	102
10	103
10	104
10	105
10	106
10	108
10	111
10	113
10	114
10	115
10	116
10	122
10	124
10	127
10	130
10	131
10	132
10	133
10	134
10	135
10	136
10	137
10	138
10	139
10	140
10	141
10	142
10	143
10	144
10	145
10	146
10	147
10	148
10	149
10	150
10	151
10	152
10	153
10	154
10	155
10	156
10	157
10	158
10	159
10	160
10	161
10	162
10	163
10	164
10	165
10	166
10	167
10	168
10	169
10	170
10	171
10	172
10	173
10	174
10	175
10	176
10	177
10	178
10	179
10	180
10	181
10	182
11	57
11	67
11	83
11	124
11	145
11	147
11	159
11	161
11	163
11	166
11	169
11	170
11	171
11	172
11	173
11	174
11	175
11	176
11	177
11	178
11	179
11	180
11	181
11	182
12	57
12	67
12	83
12	100
12	101
12	102
12	124
12	132
12	134
12	136
12	138
12	143
12	144
12	145
12	146
12	147
12	148
12	149
12	150
12	151
12	152
12	154
12	155
12	156
12	157
12	158
12	159
12	160
12	161
12	162
12	163
12	164
12	165
12	166
12	167
12	168
12	169
12	170
12	171
12	172
12	173
12	174
12	175
12	176
12	177
12	178
12	179
12	180
12	181
12	182
13	57
13	67
13	83
13	85
13	86
13	99
13	100
13	101
13	102
13	103
13	104
13	105
13	106
13	108
13	111
13	113
13	114
13	115
13	116
13	122
13	124
13	127
13	130
13	131
13	132
13	133
13	134
13	135
13	136
13	137
13	138
13	139
13	140
13	141
13	142
13	143
13	144
13	145
13	146
13	147
13	148
13	149
13	150
13	151
13	152
13	153
13	154
13	155
13	156
13	157
13	158
13	159
13	160
13	161
13	162
13	163
13	164
13	165
13	166
13	167
13	168
13	169
13	170
13	171
13	172
13	173
13	174
13	175
13	176
13	177
13	178
13	179
13	180
13	181
13	182
14	57
14	67
14	83
14	85
14	86
14	99
14	100
14	101
14	102
14	103
14	104
14	105
14	106
14	108
14	111
14	113
14	114
14	115
14	116
14	122
14	124
14	127
14	130
14	131
14	132
14	133
14	134
14	135
14	136
14	137
14	138
14	139
14	140
14	141
14	142
14	143
14	144
14	145
14	146
14	147
14	148
14	149
14	150
14	151
14	152
14	153
14	154
14	155
14	156
14	157
14	158
14	159
14	160
14	161
14	162
14	163
14	164
14	165
14	166
14	167
14	168
14	169
14	170
14	171
14	172
14	173
14	174
14	175
14	176
14	177
14	178
14	179
14	180
14	181
14	182
15	57
15	67
15	83
15	85
15	86
15	99
15	100
15	101
15	102
15	103
15	104
15	105
15	106
15	108
15	111
15	113
15	114
15	115
15	116
15	122
15	124
15	127
15	130
15	131
15	132
15	133
15	134
15	135
15	136
15	137
15	138
15	139
15	140
15	141
15	142
15	143
15	144
15	145
15	146
15	147
15	148
15	149
15	150
15	151
15	152
15	153
15	154
15	155
15	156
15	157
15	158
15	159
15	160
15	161
15	162
15	163
15	164
15	165
15	166
15	167
15	168
15	169
15	170
15	171
15	172
15	173
15	174
15	175
15	176
15	177
15	178
15	179
15	180
15	181
15	182
16	57
16	67
16	83
16	85
16	86
16	99
16	100
16	101
16	102
16	103
16	104
16	105
16	106
16	108
16	111
16	113
16	114
16	115
16	116
16	122
16	124
16	127
16	130
16	131
16	132
16	133
16	134
16	135
16	136
16	137
16	138
16	139
16	140
16	141
16	142
16	143
16	144
16	145
16	146
16	147
16	148
16	149
16	150
16	151
16	152
16	153
16	154
16	155
16	156
16	157
16	158
16	159
16	160
16	161
16	162
16	163
16	164
16	165
16	166
16	167
16	168
16	169
16	170
16	171
16	172
16	173
16	174
16	175
16	176
16	177
16	178
16	179
16	180
16	181
16	182
17	57
17	67
17	83
17	85
17	86
17	93
17	94
17	95
17	97
17	99
17	100
17	101
17	102
17	103
17	104
17	105
17	106
17	107
17	108
17	109
17	110
17	111
17	112
17	113
17	114
17	115
17	116
17	118
17	119
17	120
17	121
17	122
17	123
17	124
17	125
17	127
17	128
17	129
17	130
17	131
17	132
17	133
17	134
17	135
17	136
17	137
17	138
17	139
17	140
17	141
17	142
17	143
17	144
17	145
17	146
17	147
17	148
17	149
17	150
17	151
17	152
17	153
17	154
17	155
17	156
17	157
17	158
17	159
17	160
17	161
17	162
17	163
17	164
17	165
17	166
17	167
17	168
17	169
17	170
17	171
17	172
17	173
17	174
17	175
17	176
17	177
17	178
17	179
17	180
17	181
17	182
18	57
18	67
18	83
18	85
18	86
18	93
18	94
18	95
18	97
18	99
18	100
18	101
18	102
18	103
18	104
18	105
18	106
18	107
18	108
18	109
18	110
18	111
18	112
18	113
18	114
18	115
18	116
18	118
18	119
18	120
18	121
18	122
18	123
18	124
18	125
18	127
18	128
18	129
18	130
18	131
18	132
18	133
18	134
18	135
18	136
18	137
18	138
18	139
18	140
18	141
18	142
18	143
18	144
18	145
18	146
18	147
18	148
18	149
18	150
18	151
18	152
18	153
18	154
18	155
18	156
18	157
18	158
18	159
18	160
18	161
18	162
18	163
18	164
18	165
18	166
18	167
18	168
18	169
18	170
18	171
18	172
18	173
18	174
18	175
18	176
18	177
18	178
18	179
18	180
18	181
18	182
19	57
19	67
19	83
19	124
19	179
20	57
20	67
20	83
20	124
20	179
21	57
21	67
21	83
21	124
21	179
22	57
22	67
22	83
22	124
22	179
23	57
23	67
23	83
23	124
23	179
24	57
24	67
24	83
24	124
24	179
25	57
25	67
25	83
25	124
25	179
26	57
26	67
26	83
26	124
26	179
27	57
27	67
27	83
27	124
27	179
28	57
28	67
28	83
28	124
28	179
29	57
29	67
29	83
29	124
29	179
30	57
30	67
30	83
30	124
30	179
31	57
31	67
31	83
31	124
31	179
32	57
32	67
32	83
32	124
32	179
33	57
33	67
33	83
33	124
33	179
34	57
34	67
34	83
34	124
34	179
35	57
35	67
35	83
35	124
35	179
36	57
36	67
36	83
36	124
36	179
37	57
37	67
37	83
37	124
37	179
38	57
38	67
38	83
38	124
38	179
39	57
39	67
39	83
39	124
39	179
40	57
40	67
40	83
40	124
40	179
41	57
41	67
41	83
41	124
41	179
42	57
42	67
42	83
42	124
42	179
43	57
43	67
43	83
43	124
43	179
44	57
44	67
44	83
44	124
44	179
45	57
45	67
45	83
45	124
45	179
46	57
46	67
46	83
46	124
46	179
47	57
47	67
47	83
47	124
47	179
48	57
48	67
48	83
48	124
48	179
49	57
49	67
49	83
49	124
49	179
50	57
50	67
50	83
50	124
50	179
51	57
51	67
51	83
51	124
51	179
52	57
52	67
52	83
52	124
52	179
53	57
53	67
53	83
53	124
53	179
54	57
54	67
54	83
54	124
54	179
55	57
55	67
55	83
55	124
55	179
56	57
56	67
56	83
56	124
56	179
57	58
57	59
57	60
57	61
57	62
57	63
57	64
57	65
57	66
57	67
57	68
57	69
57	70
57	71
57	72
57	73
57	74
57	75
57	76
57	77
57	78
57	79
57	80
57	81
57	82
57	83
57	84
57	85
57	86
57	87
57	88
57	89
57	90
57	91
57	92
57	93
57	94
57	95
57	96
57	97
57	98
57	99
57	100
57	101
57	102
57	103
57	104
57	105
57	106
57	107
57	108
57	109
57	110
57	111
57	112
57	113
57	114
57	115
57	116
57	117
57	118
57	119
57	120
57	121
57	122
57	123
57	124
57	125
57	126
57	127
57	128
57	129
57	130
57	131
57	132
57	133
57	134
57	135
57	136
57	137
57	138
57	139
57	140
57	141
57	142
57	143
57	144
57	145
57	146
57	147
57	148
57	149
57	150
57	151
57	152
57	153
57	154
57	155
57	156
57	157
57	158
57	159
57	160
57	161
57	162
57	163
57	164
57	165
57	166
57	167
57	168
57	169
57	170
57	171
57	172
57	173
57	174
57	175
57	176
57	177
57	178
57	179
57	180
57	181
57	182
58	67
58	83
58	124
58	179
59	67
59	83
59	124
59	179
60	67
60	83
60	124
60	179
61	67
61	83
61	124
61	172
61	173
61	175
61	178
61	179
61	180
61	181
62	67
62	83
62	124
62	145
62	147
62	159
62	161
62	163
62	166
62	169
62	170
62	171
62	172
62	173
62	174
62	175
62	176
62	177
62	178
62	179
62	180
62	181
62	182
63	67
63	83
63	124
63	145
63	147
63	159
63	161
63	163
63	166
63	169
63	170
63	171
63	172
63	173
63	174
63	175
63	176
63	177
63	178
63	179
63	180
63	181
63	182
64	67
64	83
64	124
64	145
64	147
64	159
64	161
64	163
64	166
64	169
64	170
64	171
64	172
64	173
64	174
64	175
64	176
64	177
64	178
64	179
64	180
64	181
64	182
65	67
65	83
65	124
65	179
66	67
66	83
66	124
66	172
66	173
66	175
66	178
66	179
66	180
66	181
67	68
67	69
67	70
67	71
67	72
67	73
67	74
67	75
67	76
67	77
67	78
67	79
67	80
67	81
67	82
67	84
67	85
67	86
67	87
67	88
67	89
67	90
67	91
67	92
67	93
67	94
67	95
67	96
67	97
67	98
67	99
67	100
67	101
67	102
67	103
67	104
67	105
67	106
67	107
67	108
67	109
67	110
67	111
67	112
67	113
67	114
67	115
67	116
67	117
67	118
67	119
67	120
67	121
67	122
67	123
67	124
67	125
67	126
67	127
67	128
67	129
67	130
67	131
67	132
67	133
67	134
67	135
67	136
67	137
67	138
67	139
67	140
67	141
67	142
67	143
67	144
67	145
67	146
67	147
67	148
67	149
67	150
67	151
67	152
67	153
67	154
67	155
67	156
67	157
67	158
67	159
67	160
67	161
67	162
67	163
67	164
67	165
67	166
67	167
67	168
67	169
67	170
67	171
67	172
67	173
67	174
67	175
67	176
67	177
67	178
67	179
67	180
67	181
67	182
68	83
68	124
68	179
69	83
69	124
69	179
70	83
70	124
70	179
71	83
71	124
71	179
72	83
72	124
72	179
73	83
73	124
73	179
74	83
74	124
74	179
75	83
75	124
75	179
76	83
76	124
76	179
77	83
77	124
77	179
78	83
78	124
78	179
79	83
79	124
79	179
80	83
80	124
80	179
81	83
81	124
81	179
82	83
82	124
82	179
83	84
83	85
83	86
83	87
83	88
83	89
83	90
83	91
83	92
83	93
83	94
83	95
83	96
83	97
83	98
83	99
83	100
83	101
83	102
83	103
83	104
83	105
83	106
83	107
83	108
83	109
83	110
83	111
83	112
83	113
83	114
83	115
83	116
83	117
83	118
83	119
83	120
83	121
83	122
83	123
83	124
83	125
83	126
83	127
83	128
83	129
83	130
83	131
83	132
83	133
83	134
83	135
83	136
83	137
83	138
83	139
83	140
83	141
83	142
83	143
83	144
83	145
83	146
83	147
83	148
83	149
83	150
83	151
83	152
83	153
83	154
83	155
83	156
83	157
83	158
83	159
83	160
83	161
83	162
83	163
83	164
83	165
83	166
83	167
83	168
83	169
83	170
83	171
83	172
83	173
83	174
83	175
83	176
83	177
83	178
83	179
83	180
83	181
83	182
84	124
84	145
84	147
84	159
84	161
84	163
84	166
84	169
84	170
84	171
84	172
84	173
84	174
84	175
84	176
84	177
84	178
84	179
84	180
84	181
84	182
85	124
85	179
86	124
86	179
87	124
87	179
88	124
88	179
89	124
89	179
90	124
90	179
91	124
91	179
92	124
92	179
93	124
93	179
94	124
94	179
95	124
95	179
96	124
96	179
97	124
97	179
98	124
98	179
99	124
99	179
100	124
100	179
101	124
101	179
102	124
102	179
103	124
103	179
104	124
104	179
105	124
105	179
106	124
106	179
107	124
107	179
108	124
108	179
109	124
109	179
110	124
110	179
111	124
111	179
112	124
112	179
113	124
113	179
114	124
114	179
115	124
115	179
116	124
116	179
117	124
117	179
118	124
118	179
119	124
119	179
120	124
120	179
121	124
121	179
122	124
122	179
123	124
123	179
124	125
124	126
124	127
124	128
124	129
124	130
124	131
124	132
124	133
124	134
124	135
124	136
124	137
124	138
124	139
124	140
124	141
124	142
124	143
124	144
124	145
124	146
124	147
124	148
124	149
124	150
124	151
124	152
124	153
124	154
124	155
124	156
124	157
124	158
124	159
124	160
124	161
124	162
124	163
124	164
124	165
124	166
124	167
124	168
124	169
124	170
124	171
124	172
124	173
124	174
124	175
124	176
124	177
124	178
124	179
124	180
124	181
124	182
125	179
126	179
127	179
128	179
129	179
130	179
131	179
132	179
133	179
134	179
135	179
136	179
137	179
138	179
139	179
140	179
141	179
142	179
143	179
144	179
145	179
146	179
147	179
148	179
149	179
150	179
151	179
152	179
153	179
154	179
155	179
156	179
157	179
158	179
159	179
160	179
161	179
162	179
163	179
164	179
165	179
166	179
167	179
168	179
169	179
170	179
171	179
172	179
173	179
174	179
175	179
176	179
177	179
178	179
179	180
179	181
179	182