241	5754
1	68
1	69
1	112
1	134
1	139
1	140
1	142
1	144
1	148
1	152
1	154
1	156
1	159
1	160
1	162
1	164
1	165
1	168
1	169
1	170
1	171
1	172
1	175
1	176
1	178
1	179
1	180
1	182
1	183
1	184
1	185
1	186
1	187
1	188
1	191
1	192
1	193
1	194
1	195
1	196
1	197
1	198
1	199
1	200
1	201
1	202
1	203
1	204
1	205
1	206
1	207
1	208
1	209
1	210
1	211
1	212
1	213
1	214
1	215
1	216
1	217
1	218
1	219
1	220
1	221
1	222
1	223
1	224
1	225
1	226
1	227
1	228
1	229
1	230
1	231
1	232
1	233
1	234
1	235
1	236
1	237
1	238
1	239
1	240
1	241
2	68
2	159
2	197
2	198
2	201
2	202
2	204
2	205
2	206
2	207
2	208
2	209
2	210
2	212
2	213
2	214
2	215
2	216
2	217
2	218
2	219
2	220
2	221
2	222
2	223
2	224
2	225
2	226
2	227
2	228
2	229
2	230
2	231
2	232
2	233
2	234
2	235
2	236
2	237
2	238
2	239
2	240
2	241
3	68
3	159
3	197
3	198
3	201
3	202
3	204
3	205
3	206
3	207
3	208
3	209
3	210
3	212
3	213
3	214
3	215
3	216
3	217
3	218
3	219
3	220
3	221
3	222
3	223
3	224
3	225
3	226
3	227
3	228
3	229
3	230
3	231
3	232
3	233
3	234
3	235
3	236
3	237
3	238
3	239
3	240
3	241
4	68
4	159
4	197
4	198
4	201
4	202
4	204
4	205
4	206
4	207
4	208
4	209
4	210
4	212
4	213
4	214
4	215
4	216
4	217
4	218
4	219
4	220
4	221
4	222
4	223
4	224
4	225
4	226
4	227
4	228
4	229
4	230
4	231
4	232
4	233
4	234
4	235
4	236
4	237
4	238
4	239
4	240
4	241
5	68
5	197
5	198
5	218
5	219
5	220
5	221
5	222
5	223
5	224
5	225
5	226
5	227
5	228
5	229
5	230
5	231
5	232
5	233
5	234
5	235
5	236
5	237
5	238
5	239
5	240
5	241
6	68
6	159
6	197
6	198
6	201
6	202
6	204
6	205
6	206
6	207
6	208
6	209
6	210
6	212
6	213
6	214
6	215
6	216
6	217
6	218
6	219
6	220
6	221
6	222
6	223
6	224
6	225
6	226
6	227
6	228
6	229
6	230
6	231
6	232
6	233
6	234
6	235
6	236
6	237
6	238
6	239
6	240
6	241
7	68
7	159
7	197
7	198
7	201
7	202
7	204
7	205
7	206
7	207
7	208
7	209
7	210
7	212
7	213
7	214
7	215
7	216
7	217
7	218
7	219
7	220
7	221
7	222
7	223
7	224
7	225
7	226
7	227
7	228
7	229
7	230
7	231
7	232
7	233
7	234
7	235
7	236
7	237
7	238
7	239
7	240
7	241
8	68
8	159
8	197
8	198
8	201
8	202
8	204
8	205
8	206
8	207
8	208
8	209
8	210
8	212
8	213
8	214
8	215
8	216
8	217
8	218
8	219
8	220
8	221
8	222
8	223
8	224
8	225
8	226
8	227
8	228
8	229
8	230
8	231
8	232
8	233
8	234
8	235
8	236
8	237
8	238
8	239
8	240
8	241
9	68
9	159
9	197
9	198
9	201
9	202
9	204
9	205
9	206
9	207
9	208
9	209
9	210
9	212
9	213
9	214
9	215
9	216
9	217
9	218
9	219
9	220
9	221
9	222
9	223
9	224
9	225
9	226
9	227
9	228
9	229
9	230
9	231
9	232
9	233
9	234
9	235
9	236
9	237
9	238
9	239
9	240
9	241
10	68
10	159
10	197
10	198
10	201
10	202
10	204
10	205
10	206
10	207
10	208
10	209
10	210
10	212
10	213
10	214
10	215
10	216
10	217
10	218
10	219
10	220
10	221
10	222
10	223
10	224
10	225
10	226
10	227
10	228
10	229
10	230
10	231
10	232
10	233
10	234
10	235
10	236
10	237
10	238
10	239
10	240
10	241
11	68
11	69
11	112
11	134
11	139
11	140
11	142
11	144
11	148
11	152
11	154
11	156
11	159
11	160
11	162
11	164
11	165
11	168
11	169
11	170
11	171
11	172
11	175
11	176
11	178
11	179
11	180
11	182
11	183
11	184
11	185
11	186
11	187
11	188
11	191
11	192
11	193
11	194
11	195
11	196
11	197
11	198
11	199
11	200
11	201
11	202
11	203
11	204
11	205
11	206
11	207
11	208
11	209
11	210
11	211
11	212
11	213
11	214
11	215
11	216
11	217
11	218
11	219
11	220
11	221
11	222
11	223
11	224
11	225
11	226
11	227
11	228
11	229
11	230
11	231
11	232
11	233
11	234
11	235
11	236
11	237
11	238
11	239
11	240
11	241
12	61
12	68
12	159
12	197
12	198
12	201
12	202
12	204
12	205
12	206
12	207
12	208
12	209
12	210
12	212
12	213
12	214
12	215
12	216
12	217
12	218
12	219
12	220
12	221
12	222
12	223
12	224
12	225
12	226
12	227
12	228
12	229
12	230
12	231
12	232
12	233
12	234
12	235
12	236
12	237
12	238
12	239
12	240
12	241
13	68
13	197
13	198
13	218
13	219
13	220
13	221
13	222
13	223
13	224
13	225
13	226
13	227
13	228
13	229
13	230
13	231
13	232
13	233
13	234
13	235
13	236
13	237
13	238
13	239
13	240
13	241
14	68
14	197
14	198
14	210
14	218
14	219
14	220
14	221
14	222
14	223
14	224
14	225
14	226
14	227
14	228
14	229
14	230
14	231
14	232
14	233
14	234
14	235
14	236
14	237
14	238
14	239
14	240
14	241
15	68
15	159
15	197
15	198
15	201
15	202
15	204
15	205
15	206
15	207
15	208
15	209
15	210
15	212
15	213
15	214
15	215
15	216
15	217
15	218
15	219
15	220
15	221
15	222
15	223
15	224
15	225
15	226
15	227
15	228
15	229
15	230
15	231
15	232
15	233
15	234
15	235
15	236
15	237
15	238
15	239
15	240
15	241
16	68
16	159
16	197
16	198
16	201
16	202
16	204
16	205
16	206
16	207
16	208
16	209
16	210
16	212
16	213
16	214
16	215
16	216
16	217
16	218
16	219
16	220
16	221
16	222
16	223
16	224
16	225
16	226
16	227
16	228
16	229
16	230
16	231
16	232
16	233
16	234
16	235
16	236
16	237
16	238
16	239
16	240
16	241
17	68
17	69
17	112
17	134
17	139
17	140
17	142
17	144
17	148
17	152
17	154
17	156
17	159
17	160
17	162
17	164
17	165
17	168
17	169
17	170
17	171
17	172
17	175
17	176
17	178
17	179
17	180
17	182
17	183
17	184
17	185
17	186
17	187
17	188
17	191
17	192
17	193
17	194
17	195
17	196
17	197
17	198
17	199
17	200
17	201
17	202
17	203
17	204
17	205
17	206
17	207
17	208
17	209
17	210
17	211
17	212
17	213
17	214
17	215
17	216
17	217
17	218
17	219
17	220
17	221
17	222
17	223
17	224
17	225
17	226
17	227
17	228
17	229
17	230
17	231
17	232
17	233
17	234
17	235
17	236
17	237
17	238
17	239
17	240
17	241
18	68
18	197
18	198
18	210
18	218
18	219
18	220
18	221
18	222
18	223
18	224
18	225
18	226
18	227
18	228
18	229
18	230
18	231
18	232
18	233
18	234
18	235
18	236
18	237
18	238
18	239
18	240
18	241
19	68
19	197
19	198
19	210
19	218
19	219
19	220
19	221
19	222
19	223
19	224
19	225
19	226
19	227
19	228
19	229
19	230
19	231
19	232
19	233
19	234
19	235
19	236
19	237
19	238
19	239
19	240
19	241
20	68
20	159
20	197
20	198
20	201
20	202
20	204
20	205
20	206
20	207
20	208
20	209
20	210
20	212
20	213
20	214
20	215
20	216
20	217
20	218
20	219
20	220
20	221
20	222
20	223
20	224
20	225
20	226
20	227
20	228
20	229
20	230
20	231
20	232
20	233
20	234
20	235
20	236
20	237
20	238
20	239
20	240
20	241
21	68
21	197
21	198
21	210
21	218
21	219
21	220
21	221
21	222
21	223
21	224
21	225
21	226
21	227
21	228
21	229
21	230
21	231
21	232
21	233
21	234
21	235
21	236
21	237
21	238
21	239
21	240
21	241
22	68
22	159
22	197
22	198
22	201
22	202
22	204
22	205
22	206
22	207
22	208
22	209
22	210
22	212
22	213
22	214
22	215
22	216
22	217
22	218
22	219
22	220
22	221
22	222
22	223
22	224
22	225
22	226
22	227
22	228
22	229
22	230
22	231
22	232
22	233
22	234
22	235
22	236
22	237
22	238
22	239
22	240
22	241
23	68
23	197
23	198
23	218
23	219
23	220
23	221
23	222
23	223
23	224
23	225
23	226
23	227
23	228
23	229
23	230
23	231
23	232
23	233
23	234
23	235
23	236
23	237
23	238
23	239
23	240
23	241
24	68
24	197
24	198
24	210
24	218
24	219
24	220
24	221
24	222
24	223
24	224
24	225
24	226
24	227
24	228
24	229
24	230
24	231
24	232
24	233
24	234
24	235
24	236
24	237
24	238
24	239
24	240
24	241
25	68
25	197
25	198
25	210
25	218
25	219
25	220
25	221
25	222
25	223
25	224
25	225
25	226
25	227
25	228
25	229
25	230
25	231
25	232
25	233
25	234
25	235
25	236
25	237
25	238
25	239
25	240
25	241
26	68
26	197
26	198
26	200
26	201
26	202
26	206
26	207
26	208
26	209
26	210
26	211
26	212
26	213
26	214
26	215
26	216
26	217
26	218
26	219
26	220
26	221
26	222
26	223
26	224
26	225
26	226
26	227
26	228
26	229
26	230
26	231
26	232
26	233
26	234
26	235
26	236
26	237
26	238
26	239
26	240
26	241
27	68
27	198
27	219
27	220
27	221
27	224
27	225
27	226
27	227
27	228
27	229
27	230
27	231
27	232
27	233
27	234
27	235
27	236
27	237
27	239
27	240
27	241
28	68
28	197
28	198
28	210
28	218
28	219
28	220
28	221
28	222
28	223
28	224
28	225
28	226
28	227
28	228
28	229
28	230
28	231
28	232
28	233
28	234
28	235
28	236
28	237
28	238
28	239
28	240
28	241
29	68
29	197
29	198
29	210
29	218
29	219
29	220
29	221
29	222
29	223
29	224
29	225
29	226
29	227
29	228
29	229
29	230
29	231
29	232
29	233
29	234
29	235
29	236
29	237
29	239
29	240
29	241
30	68
30	197
30	198
30	200
30	201
30	202
30	206
30	207
30	208
30	209
30	210
30	211
30	212
30	213
30	214
30	215
30	216
30	217
30	218
30	219
30	220
30	221
30	222
30	223
30	224
30	225
30	226
30	227
30	228
30	229
30	230
30	231
30	232
30	233
30	234
30	235
30	236
30	237
30	238
30	239
30	240
30	241
31	68
31	197
31	198
31	200
31	201
31	202
31	206
31	207
31	208
31	209
31	210
31	211
31	212
31	213
31	214
31	215
31	216
31	217
31	218
31	219
31	220
31	221
31	222
31	223
31	224
31	225
31	226
31	227
31	228
31	229
31	230
31	231
31	232
31	233
31	234
31	235
31	236
31	237
31	238
31	239
31	240
31	241
32	68
32	197
32	198
32	210
32	218
32	219
32	220
32	221
32	222
32	223
32	224
32	225
32	226
32	227
32	228
32	229
32	230
32	231
32	232
32	233
32	234
32	235
32	236
32	237
32	238
32	239
32	240
32	241
33	68
33	197
33	198
33	200
33	201
33	202
33	206
33	207
33	208
33	209
33	210
33	211
33	212
33	213
33	214
33	215
33	216
33	217
33	218
33	219
33	220
33	221
33	222
33	223
33	224
33	225
33	226
33	227
33	228
33	229
33	230
33	231
33	232
33	233
33	234
33	235
33	236
33	237
33	238
33	239
33	240
33	241
34	68
34	197
34	198
34	210
34	218
34	219
34	220
34	221
34	222
34	223
34	224
34	225
34	226
34	227
34	228
34	229
34	230
34	231
34	232
34	233
34	234
34	235
34	236
34	237
34	238
34	239
34	240
34	241
35	68
35	197
35	198
35	210
35	218
35	219
35	220
35	221
35	222
35	223
35	224
35	225
35	226
35	227
35	228
35	229
35	230
35	231
35	232
35	233
35	234
35	235
35	236
35	237
35	238
35	239
35	240
35	241
36	68
36	159
36	197
36	198
36	200
36	201
36	202
36	203
36	204
36	205
36	206
36	207
36	208
36	209
36	210
36	211
36	212
36	213
36	214
36	215
36	216
36	217
36	218
36	219
36	220
36	221
36	222
36	223
36	224
36	225
36	226
36	227
36	228
36	229
36	230
36	231
36	232
36	233
36	234
36	235
36	236
36	237
36	238
36	239
36	240
36	241
37	68
37	197
37	198
37	210
37	218
37	219
37	220
37	221
37	222
37	223
37	224
37	225
37	226
37	227
37	228
37	229
37	230
37	231
37	232
37	233
37	234
37	235
37	236
37	237
37	238
37	239
37	240
37	241
38	68
38	197
38	198
38	210
38	218
38	219
38	220
38	221
38	222
38	223
38	224
38	225
38	226
38	227
38	228
38	229
38	230
38	231
38	232
38	233
38	234
38	235
38	236
38	237
38	238
38	239
38	240
38	241
39	68
39	197
39	198
39	210
39	218
39	219
39	220
39	221
39	222
39	223
39	224
39	225
39	226
39	227
39	228
39	229
39	230
39	231
39	232
39	233
39	234
39	235
39	236
39	237
39	238
39	239
39	240
39	241
40	68
40	197
40	198
40	210
40	218
40	219
40	220
40	221
40	222
40	223
40	224
40	225
40	226
40	227
40	228
40	229
40	230
40	231
40	232
40	233
40	234
40	235
40	236
40	237
40	238
40	239
40	240
40	241
41	68
41	197
41	198
41	210
41	218
41	219
41	220
41	221
41	222
41	223
41	224
41	225
41	226
41	227
41	228
41	229
41	230
41	231
41	232
41	233
41	234
41	235
41	236
41	237
41	239
41	240
41	241
42	68
42	198
42	219
42	220
42	221
42	224
42	225
42	226
42	227
42	228
42	229
42	230
42	231
42	232
42	233
42	234
42	235
42	236
42	237
42	240
42	241
43	68
43	197
43	198
43	210
43	218
43	219
43	220
43	221
43	222
43	223
43	224
43	225
43	226
43	227
43	228
43	229
43	230
43	231
43	232
43	233
43	234
43	235
43	236
43	237
43	239
43	240
43	241
44	61
44	68
44	159
44	197
44	198
44	201
44	202
44	204
44	205
44	206
44	207
44	208
44	209
44	210
44	212
44	213
44	214
44	215
44	216
44	217
44	218
44	219
44	220
44	221
44	222
44	223
44	224
44	225
44	226
44	227
44	228
44	229
44	230
44	231
44	232
44	233
44	234
44	235
44	236
44	237
44	238
44	239
44	240
44	241
45	61
45	68
45	159
45	197
45	198
45	200
45	201
45	202
45	203
45	204
45	205
45	206
45	207
45	208
45	209
45	210
45	211
45	212
45	213
45	214
45	215
45	216
45	217
45	218
45	219
45	220
45	221
45	222
45	223
45	224
45	225
45	226
45	227
45	228
45	229
45	230
45	231
45	232
45	233
45	234
45	235
45	236
45	237
45	238
45	239
45	240
45	241
46	68
46	197
46	198
46	210
46	218
46	219
46	220
46	221
46	222
46	223
46	224
46	225
46	226
46	227
46	228
46	229
46	230
46	231
46	232
46	233
46	234
46	235
46	236
46	237
46	238
46	239
46	240
46	241
47	68
47	197
47	198
47	201
47	202
47	206
47	207
47	208
47	209
47	210
47	212
47	213
47	214
47	215
47	216
47	217
47	218
47	219
47	220
47	221
47	222
47	223
47	224
47	225
47	226
47	227
47	228
47	229
47	230
47	231
47	232
47	233
47	234
47	235
47	236
47	237
47	238
47	239
47	240
47	241
48	61
48	68
48	159
48	197
48	198
48	200
48	201
48	202
48	203
48	204
48	205
48	206
48	207
48	208
48	209
48	210
48	211
48	212
48	213
48	214
48	215
48	216
48	217
48	218
48	219
48	220
48	221
48	222
48	223
48	224
48	225
48	226
48	227
48	228
48	229
48	230
48	231
48	232
48	233
48	234
48	235
48	236
48	237
48	238
48	239
48	240
48	241
49	68
49	197
49	198
49	210
49	218
49	219
49	220
49	221
49	222
49	223
49	224
49	225
49	226
49	227
49	228
49	229
49	230
49	231
49	232
49	233
49	234
49	235
49	236
49	237
49	238
49	239
49	240
49	241
50	68
50	197
50	198
50	210
50	218
50	219
50	220
50	221
50	222
50	223
50	224
50	225
50	226
50	227
50	228
50	229
50	230
50	231
50	232
50	233
50	234
50	235
50	236
50	237
50	238
50	239
50	240
50	241
51	68
51	197
51	198
51	201
51	202
51	206
51	207
51	208
51	209
51	210
51	212
51	213
51	214
51	215
51	216
51	217
51	218
51	219
51	220
51	221
51	222
51	223
51	224
51	225
51	226
51	227
51	228
51	229
51	230
51	231
51	232
51	233
51	234
51	235
51	236
51	237
51	238
51	239
51	240
51	241
52	68
52	197
52	198
52	218
52	219
52	220
52	221
52	222
52	223
52	224
52	225
52	226
52	227
52	228
52	229
52	230
52	231
52	232
52	233
52	234
52	235
52	236
52	237
52	239
52	240
52	241
53	68
53	197
53	198
53	201
53	202
53	206
53	207
53	208
53	209
53	210
53	212
53	213
53	214
53	215
53	216
53	217
53	218
53	219
53	220
53	221
53	222
53	223
53	224
53	225
53	226
53	227
53	228
53	229
53	230
53	231
53	232
53	233
53	234
53	235
53	236
53	237
53	238
53	239
53	240
53	241
54	61
54	68
54	197
54	198
54	201
54	202
54	209
54	212
54	213
54	215
54	216
54	217
54	218
54	219
54	220
54	221
54	222
54	223
54	224
54	225
54	226
54	227
54	228
54	229
54	230
54	231
54	232
54	233
54	234
54	235
54	236
54	237
54	238
54	239
54	240
54	241
55	68
55	159
55	197
55	198
55	200
55	201
55	202
55	203
55	204
55	205
55	206
55	207
55	208
55	209
55	210
55	211
55	212
55	213
55	214
55	215
55	216
55	217
55	218
55	219
55	220
55	221
55	222
55	223
55	224
55	225
55	226
55	227
55	228
55	229
55	230
55	231
55	232
55	233
55	234
55	235
55	236
55	237
55	238
55	239
55	240
55	241
56	68
56	198
56	218
56	219
56	220
56	221
56	224
56	225
56	226
56	227
56	228
56	229
56	230
56	231
56	232
56	233
56	234
56	235
56	236
56	237
56	239
56	240
56	241
57	68
57	197
57	198
57	210
57	218
57	219
57	220
57	221
57	222
57	223
57	224
57	225
57	226
57	227
57	228
57	229
57	230
57	231
57	232
57	233
57	234
57	235
57	236
57	237
57	238
57	239
57	240
57	241
58	68
58	198
58	219
58	220
58	221
58	224
58	225
58	226
58	227
58	228
58	229
58	230
58	231
58	232
58	233
58	234
58	235
58	236
58	237
58	239
58	240
58	241
59	68
59	198
59	218
59	219
59	220
59	221
59	224
59	225
59	226
59	227
59	228
59	229
59	230
59	231
59	232
59	233
59	234
59	235
59	236
59	237
59	239
59	240
59	241
60	68
60	69
60	76
60	105
60	107
60	112
60	115
60	134
60	135
60	140
60	142
60	144
60	148
60	150
60	152
60	154
60	159
60	164
60	165
60	166
60	168
60	169
60	170
60	171
60	172
60	175
60	176
60	178
60	179
60	180
60	182
60	183
60	184
60	185
60	186
60	187
60	188
60	191
60	192
60	193
60	194
60	195
60	196
60	197
60	198
60	199
60	200
60	201
60	202
60	203
60	204
60	205
60	206
60	207
60	208
60	209
60	210
60	211
60	212
60	213
60	214
60	215
60	216
60	217
60	218
60	219
60	220
60	221
60	222
60	223
60	224
60	225
60	226
60	227
60	228
60	229
60	230
60	231
60	232
60	233
60	234
60	235
60	236
60	237
60	238
60	239
60	240
60	241
61	64
61	65
61	66
61	67
61	68
61	69
61	70
61	71
61	74
61	75
61	76
61	77
61	78
61	83
61	84
61	85
61	87
61	88
61	89
61	90
61	91
61	93
61	94
61	96
61	98
61	100
61	101
61	104
61	105
61	106
61	107
61	108
61	109
61	110
61	111
61	112
61	113
61	114
61	115
61	116
61	117
61	118
61	119
61	120
61	121
61	124
61	125
61	126
61	127
61	128
61	129
61	130
61	131
61	132
61	133
61	134
61	135
61	136
61	137
61	138
61	139
61	140
61	141
61	142
61	143
61	144
61	145
61	146
61	147
61	148
61	149
61	150
61	151
61	152
61	153
61	154
61	155
61	156
61	157
61	158
61	159
61	160
61	161
61	162
61	163
61	164
61	165
61	166
61	167
61	168
61	169
61	170
61	171
61	172
61	173
61	174
61	175
61	176
61	177
61	178
61	179
61	180
61	181
61	182
61	183
61	184
61	185
61	186
61	187
61	188
61	189
61	190
61	191
61	192
61	193
61	194
61	195
61	196
61	197
61	198
61	199
61	200
61	201
61	202
61	203
61	204
61	205
61	206
61	207
61	208
61	209
61	210
61	211
61	212
61	213
61	214
61	215
61	216
61	217
61	218
61	219
61	220
61	221
61	222
61	223
61	224
61	225
61	226
61	227
61	228
61	229
61	230
61	231
61	232
61	233
61	234
61	235
61	236
61	237
61	238
61	239
61	240
61	241
62	68
62	219
62	220
62	221
62	226
62	228
62	229
62	230
62	231
62	232
62	233
62	234
62	235
62	236
62	237
62	240
62	241
63	68
63	198
63	219
63	220
63	221
63	226
63	228
63	229
63	230
63	231
63	232
63	233
63	234
63	235
63	236
63	237
63	240
63	241
64	68
64	198
64	219
64	220
64	221
64	226
64	228
64	229
64	230
64	231
64	232
64	233
64	234
64	235
64	236
64	237
64	240
64	241
65	68
65	198
65	218
65	219
65	220
65	221
65	224
65	225
65	226
65	227
65	228
65	229
65	230
65	231
65	232
65	233
65	234
65	235
65	236
65	237
65	239
65	240
65	241
66	68
66	197
66	198
66	210
66	216
66	217
66	218
66	219
66	220
66	221
66	222
66	223
66	224
66	225
66	226
66	227
66	228
66	229
66	230
66	231
66	232
66	233
66	234
66	235
66	236
66	237
66	238
66	239
66	240
66	241
67	68
67	198
67	218
67	219
67	220
67	221
67	224
67	225
67	226
67	227
67	228
67	229
67	230
67	231
67	232
67	233
67	234
67	235
67	236
67	237
67	239
67	240
67	241
68	69
68	70
68	71
68	72
68	73
68	74
68	75
68	76
68	77
68	78
68	79
68	80
68	81
68	82
68	83
68	84
68	85
68	86
68	87
68	88
68	89
68	90
68	91
68	92
68	93
68	94
68	95
68	96
68	97
68	98
68	99
68	100
68	101
68	102
68	103
68	104
68	105
68	106
68	107
68	108
68	109
68	110
68	111
68	112
68	113
68	114
68	115
68	116
68	117
68	118
68	119
68	120
68	121
68	122
68	123
68	124
68	125
68	126
68	127
68	128
68	129
68	130
68	131
68	132
68	133
68	134
68	135
68	136
68	137
68	138
68	139
68	140
68	141
68	142
68	143
68	144
68	145
68	146
68	147
68	148
68	149
68	150
68	151
68	152
68	153
68	154
68	155
68	156
68	157
68	158
68	159
68	160
68	161
68	162
68	163
68	164
68	165
68	166
68	167
68	168
68	169
68	170
68	171
68	172
68	173
68	174
68	175
68	176
68	177
68	178
68	179
68	180
68	181
68	182
68	183
68	184
68	185
68	186
68	187
68	188
68	189
68	190
68	191
68	192
68	193
68	194
68	195
68	196
68	197
68	198
68	199
68	200
68	201
68	202
68	203
68	204
68	205
68	206
68	207
68	208
68	209
68	210
68	211
68	212
68	213
68	214
68	215
68	216
68	217
68	218
68	219
68	220
68	221
68	222
68	223
68	224
68	225
68	226
68	227
68	228
68	229
68	230
68	231
68	232
68	233
68	234
68	235
68	236
68	237
68	238
68	239
68	240
68	241
69	197
69	198
69	201
69	202
69	209
69	210
69	212
69	216
69	217
69	218
69	219
69	220
69	221
69	222
69	223
69	224
69	225
69	226
69	227
69	228
69	229
69	230
69	231
69	232
69	233
69	234
69	235
69	236
69	237
69	238
69	239
69	240
69	241
70	197
70	198
70	218
70	219
70	220
70	221
70	224
70	225
70	226
70	227
70	228
70	229
70	230
70	231
70	232
70	233
70	234
70	235
70	236
70	237
70	238
70	239
70	240
70	241
71	198
71	218
71	219
71	220
71	221
71	224
71	225
71	226
71	227
71	228
71	229
71	230
71	231
71	232
71	233
71	234
71	235
71	236
71	237
71	239
71	240
71	241
72	219
72	220
72	221
72	226
72	228
72	229
72	230
72	231
72	232
72	233
72	234
72	235
72	236
72	237
72	240
72	241
73	198
73	218
73	219
73	220
73	221
73	224
73	225
73	226
73	227
73	228
73	229
73	230
73	231
73	232
73	233
73	234
73	235
73	236
73	237
73	239
73	240
73	241
74	198
74	218
74	219
74	220
74	221
74	224
74	225
74	226
74	227
74	228
74	229
74	230
74	231
74	232
74	233
74	234
74	235
74	236
74	237
74	239
74	240
74	241
75	198
75	218
75	219
75	220
75	221
75	224
75	225
75	226
75	227
75	228
75	229
75	230
75	231
75	232
75	233
75	234
75	235
75	236
75	237
75	239
75	240
75	241
76	197
76	198
76	201
76	202
76	209
76	210
76	212
76	216
76	217
76	218
76	219
76	220
76	221
76	222
76	223
76	224
76	225
76	226
76	227
76	228
76	229
76	230
76	231
76	232
76	233
76	234
76	235
76	236
76	237
76	238
76	239
76	240
76	241
77	198
77	218
77	219
77	220
77	221
77	224
77	225
77	226
77	227
77	228
77	229
77	230
77	231
77	232
77	233
77	234
77	235
77	236
77	237
77	239
77	240
77	241
78	159
78	197
78	198
78	201
78	202
78	204
78	205
78	206
78	207
78	208
78	209
78	210
78	212
78	213
78	214
78	215
78	216
78	217
78	218
78	219
78	220
78	221
78	222
78	223
78	224
78	225
78	226
78	227
78	228
78	229
78	230
78	231
78	232
78	233
78	234
78	235
78	236
78	237
78	238
78	239
78	240
78	241
79	197
79	198
79	201
79	202
79	209
79	212
79	216
79	217
79	218
79	219
79	220
79	221
79	222
79	223
79	224
79	225
79	226
79	227
79	228
79	229
79	230
79	231
79	232
79	233
79	234
79	235
79	236
79	237
79	238
79	239
79	240
79	241
80	198
80	218
80	219
80	220
80	221
80	224
80	225
80	226
80	227
80	228
80	229
80	230
80	231
80	232
80	233
80	234
80	235
80	236
80	237
80	239
80	240
80	241
81	197
81	198
81	218
81	219
81	220
81	221
81	224
81	225
81	226
81	227
81	228
81	229
81	230
81	231
81	232
81	233
81	234
81	235
81	236
81	237
81	238
81	239
81	240
81	241
82	198
82	218
82	219
82	220
82	221
82	224
82	225
82	226
82	227
82	228
82	229
82	230
82	231
82	232
82	233
82	234
82	235
82	236
82	237
82	239
82	240
82	241
83	198
83	219
83	220
83	221
83	224
83	225
83	226
83	227
83	228
83	229
83	230
83	231
83	232
83	233
83	234
83	235
83	236
83	237
83	239
83	240
83	241
84	198
84	219
84	220
84	221
84	224
84	225
84	226
84	227
84	228
84	229
84	230
84	231
84	232
84	233
84	234
84	235
84	236
84	237
84	239
84	240
84	241
85	198
85	219
85	220
85	221
85	226
85	228
85	229
85	230
85	231
85	232
85	233
85	234
85	235
85	236
85	237
85	240
85	241
86	219
86	220
86	221
86	226
86	228
86	229
86	230
86	231
86	232
86	233
86	234
86	235
86	236
86	237
86	240
86	241
87	219
87	220
87	221
87	224
87	225
87	226
87	227
87	228
87	229
87	230
87	231
87	232
87	233
87	234
87	235
87	236
87	237
87	239
87	240
87	241
88	198
88	218
88	219
88	220
88	221
88	224
88	225
88	226
88	227
88	228
88	229
88	230
88	231
88	232
88	233
88	234
88	235
88	236
88	237
88	239
88	240
88	241
89	198
89	219
89	220
89	221
89	224
89	225
89	226
89	227
89	228
89	229
89	230
89	231
89	232
89	233
89	234
89	235
89	236
89	237
89	240
89	241
90	198
90	219
90	220
90	221
90	224
90	225
90	226
90	227
90	228
90	229
90	230
90	231
90	232
90	233
90	234
90	235
90	236
90	237
90	239
90	240
90	241
91	198
91	218
91	219
91	220
91	221
91	224
91	225
91	226
91	227
91	228
91	229
91	230
91	231
91	232
91	233
91	234
91	235
91	236
91	237
91	239
91	240
91	241
92	198
92	219
92	220
92	221
92	226
92	228
92	229
92	230
92	231
92	232
92	233
92	234
92	235
92	236
92	237
92	239
92	240
92	241
93	198
93	219
93	220
93	221
93	226
93	228
93	229
93	230
93	231
93	232
93	233
93	234
93	235
93	236
93	237
93	239
93	240
93	241
94	198
94	219
94	220
94	221
94	224
94	225
94	226
94	227
94	228
94	229
94	230
94	231
94	232
94	233
94	234
94	235
94	236
94	237
94	239
94	240
94	241
95	219
95	220
95	221
95	226
95	228
95	229
95	230
95	231
95	232
95	233
95	234
95	235
95	236
95	237
95	240
95	241
96	198
96	218
96	219
96	220
96	221
96	224
96	225
96	226
96	227
96	228
96	229
96	230
96	231
96	232
96	233
96	234
96	235
96	236
96	237
96	239
96	240
96	241
97	198
97	219
97	220
97	221
97	224
97	225
97	226
97	227
97	228
97	229
97	230
97	231
97	232
97	233
97	234
97	235
97	236
97	237
97	240
97	241
98	219
98	220
98	221
98	226
98	228
98	229
98	230
98	231
98	232
98	233
98	234
98	235
98	236
98	237
98	239
98	240
98	241
99	198
99	218
99	219
99	220
99	221
99	224
99	225
99	226
99	227
99	228
99	229
99	230
99	231
99	232
99	233
99	234
99	235
99	236
99	237
99	239
99	240
99	241
100	198
100	219
100	220
100	221
100	224
100	225
100	226
100	227
100	228
100	229
100	230
100	231
100	232
100	233
100	234
100	235
100	236
100	237
100	239
100	240
100	241
101	198
101	219
101	220
101	221
101	226
101	228
101	229
101	230
101	231
101	232
101	233
101	234
101	235
101	236
101	237
101	239
101	240
101	241
102	198
102	218
102	219
102	220
102	221
102	224
102	225
102	226
102	227
102	228
102	229
102	230
102	231
102	232
102	233
102	234
102	235
102	236
102	237
102	239
102	240
102	241
103	219
103	220
103	221
103	226
103	228
103	229
103	230
103	231
103	232
103	233
103	234
103	235
103	236
103	237
103	240
103	241
104	198
104	218
104	219
104	220
104	221
104	224
104	225
104	226
104	227
104	228
104	229
104	230
104	231
104	232
104	233
104	234
104	235
104	236
104	237
104	239
104	240
104	241
105	198
105	218
105	219
105	220
105	221
105	223
105	224
105	225
105	226
105	227
105	228
105	229
105	230
105	231
105	232
105	233
105	234
105	235
105	236
105	237
105	239
105	240
105	241
106	198
106	218
106	219
106	220
106	221
106	224
106	225
106	226
106	227
106	228
106	229
106	230
106	231
106	232
106	233
106	234
106	235
106	236
106	237
106	240
106	241
107	198
107	218
107	219
107	220
107	221
107	223
107	224
107	225
107	226
107	227
107	228
107	229
107	230
107	231
107	232
107	233
107	234
107	235
107	236
107	237
107	239
107	240
107	241
108	198
108	219
108	220
108	221
108	224
108	225
108	226
108	227
108	228
108	229
108	230
108	231
108	232
108	233
108	234
108	235
108	236
108	237
108	240
108	241
109	198
109	219
109	220
109	221
109	224
109	225
109	226
109	227
109	228
109	229
109	230
109	231
109	232
109	233
109	234
109	235
109	236
109	237
109	239
109	240
109	241
110	198
110	219
110	220
110	221
110	224
110	225
110	226
110	227
110	228
110	229
110	230
110	231
110	232
110	233
110	234
110	235
110	236
110	237
110	239
110	240
110	241
111	198
111	219
111	220
111	221
111	226
111	228
111	229
111	230
111	231
111	232
111	233
111	234
111	235
111	236
111	237
111	240
111	241
112	197
112	198
112	218
112	219
112	220
112	221
112	224
112	225
112	226
112	227
112	228
112	229
112	230
112	231
112	232
112	233
112	234
112	235
112	236
112	237
112	239
112	240
112	241
113	198
113	218
113	219
113	220
113	221
113	224
113	225
113	226
113	227
113	228
113	229
113	230
113	231
113	232
113	233
113	234
113	235
113	236
113	237
113	239
113	240
113	241
114	198
114	219
114	220
114	221
114	224
114	225
114	226
114	227
114	228
114	229
114	230
114	231
114	232
114	233
114	234
114	235
114	236
114	237
114	239
114	240
114	241
115	197
115	198
115	202
115	212
115	218
115	219
115	220
115	221
115	222
115	223
115	224
115	225
115	226
115	227
115	228
115	229
115	230
115	231
115	232
115	233
115	234
115	235
115	236
115	237
115	238
115	239
115	240
115	241
116	198
116	218
116	219
116	220
116	221
116	223
116	224
116	225
116	226
116	227
116	228
116	229
116	230
116	231
116	232
116	233
116	234
116	235
116	236
116	237
116	239
116	240
116	241
117	197
117	198
117	218
117	219
117	220
117	221
117	222
117	223
117	224
117	225
117	226
117	227
117	228
117	229
117	230
117	231
117	232
117	233
117	234
117	235
117	236
117	237
117	239
117	240
117	241
118	198
118	219
118	220
118	221
118	224
118	225
118	226
118	227
118	228
118	229
118	230
118	231
118	232
118	233
118	234
118	235
118	236
118	237
118	240
118	241
119	198
119	219
119	220
119	221
119	224
119	225
119	226
119	227
119	228
119	229
119	230
119	231
119	232
119	233
119	234
119	235
119	236
119	237
119	240
119	241
120	198
120	219
120	220
120	221
120	226
120	228
120	229
120	230
120	231
120	232
120	233
120	234
120	235
120	236
120	237
120	240
120	241
121	198
121	219
121	220
121	221
121	226
121	228
121	229
121	230
121	231
121	232
121	233
121	234
121	235
121	236
121	237
121	240
121	241
122	219
122	220
122	221
122	226
122	228
122	229
122	230
122	231
122	232
122	233
122	234
122	235
122	236
122	237
122	240
122	241
123	219
123	220
123	221
123	226
123	228
123	229
123	230
123	231
123	232
123	233
123	234
123	235
123	236
123	237
123	240
123	241
124	198
124	219
124	220
124	221
124	224
124	225
124	226
124	227
124	228
124	229
124	230
124	231
124	232
124	233
124	234
124	235
124	236
124	237
124	240
124	241
125	198
125	219
125	220
125	221
125	226
125	228
125	229
125	230
125	231
125	232
125	233
125	234
125	235
125	236
125	237
125	240
125	241
126	198
126	219
126	220
126	221
126	226
126	228
126	229
126	230
126	231
126	232
126	233
126	234
126	235
126	236
126	237
126	240
126	241
127	198
127	218
127	219
127	220
127	221
127	224
127	225
127	226
127	227
127	228
127	229
127	230
127	231
127	232
127	233
127	234
127	235
127	236
127	237
127	240
127	241
128	198
128	219
128	220
128	221
128	224
128	225
128	226
128	227
128	228
128	229
128	230
128	231
128	232
128	233
128	234
128	235
128	236
128	237
128	240
128	241
129	198
129	218
129	219
129	220
129	221
129	224
129	225
129	226
129	227
129	228
129	229
129	230
129	231
129	232
129	233
129	234
129	235
129	236
129	237
129	240
129	241
130	219
130	220
130	221
130	226
130	228
130	229
130	230
130	231
130	232
130	233
130	234
130	235
130	236
130	237
130	240
130	241
131	198
131	219
131	220
131	221
131	226
131	228
131	229
131	230
131	231
131	232
131	233
131	234
131	235
131	236
131	237
131	240
131	241
132	219
132	220
132	221
132	226
132	228
132	229
132	230
132	231
132	232
132	233
132	234
132	235
132	236
132	237
132	240
132	241
133	219
133	220
133	221
133	226
133	228
133	229
133	230
133	231
133	232
133	233
133	234
133	235
133	236
133	237
133	240
133	241
134	219
134	220
134	221
134	226
134	228
134	229
134	230
134	231
134	232
134	233
134	234
134	235
134	236
134	237
134	240
134	241
135	219
135	220
135	221
135	226
135	228
135	229
135	230
135	231
135	232
135	233
135	234
135	235
135	236
135	237
135	240
135	241
136	219
136	220
136	221
136	226
136	228
136	229
136	230
136	231
136	232
136	233
136	234
136	235
136	236
136	237
136	240
136	241
137	219
137	220
137	221
137	226
137	228
137	229
137	230
137	231
137	232
137	233
137	234
137	235
137	236
137	237
137	240
137	241
138	219
138	220
138	221
138	226
138	228
138	229
138	230
138	231
138	232
138	233
138	234
138	235
138	236
138	237
138	240
138	241
139	219
139	220
139	221
139	226
139	228
139	229
139	230
139	231
139	232
139	233
139	234
139	235
139	236
139	237
139	240
139	241
140	219
140	220
140	221
140	226
140	228
140	229
140	230
140	231
140	232
140	233
140	234
140	235
140	236
140	237
140	240
140	241
141	219
141	220
141	221
141	226
141	228
141	229
141	230
141	231
141	232
141	233
141	234
141	235
141	236
141	237
141	240
141	241
142	219
142	220
142	221
142	226
142	228
142	229
142	230
142	231
142	232
142	233
142	234
142	235
142	236
142	237
142	240
142	241
143	219
143	220
143	221
143	226
143	228
143	229
143	230
143	231
143	232
143	233
143	234
143	235
143	236
143	237
143	240
143	241
144	219
144	220
144	221
144	226
144	228
144	229
144	230
144	231
144	232
144	233
144	234
144	235
144	236
144	237
144	240
144	241
145	219
145	220
145	221
145	226
145	228
145	229
145	230
145	231
145	232
145	233
145	234
145	235
145	236
145	237
145	240
145	241
146	219
146	220
146	221
146	226
146	228
146	229
146	230
146	231
146	232
146	233
146	234
146	235
146	236
146	237
146	240
146	241
147	219
147	220
147	221
147	226
147	228
147	229
147	230
147	231
147	232
147	233
147	234
147	235
147	236
147	237
147	240
147	241
148	219
148	220
148	221
148	226
148	228
148	229
148	230
148	231
148	232
148	233
148	234
148	235
148	236
148	237
148	240
148	241
149	219
149	220
149	221
149	226
149	228
149	229
149	230
149	231
149	232
149	233
149	234
149	235
149	236
149	237
149	240
149	241
150	219
150	220
150	221
150	226
150	228
150	229
150	230
150	231
150	232
150	233
150	234
150	235
150	236
150	237
150	240
150	241
151	198
151	219
151	220
151	221
151	226
151	228
151	229
151	230
151	231
151	232
151	233
151	234
151	235
151	236
151	237
151	240
151	241
152	219
152	220
152	221
152	226
152	228
152	229
152	230
152	231
152	232
152	233
152	234
152	235
152	236
152	237
152	240
152	241
153	218
153	219
153	220
153	221
153	224
153	225
153	226
153	227
153	228
153	229
153	230
153	231
153	232
153	233
153	234
153	235
153	236
153	237
153	240
153	241
154	218
154	219
154	220
154	221
154	224
154	225
154	226
154	227
154	228
154	229
154	230
154	231
154	232
154	233
154	234
154	235
154	236
154	237
154	239
154	240
154	241
155	219
155	220
155	221
155	226
155	228
155	229
155	230
155	231
155	232
155	233
155	234
155	235
155	236
155	237
155	240
155	241
156	219
156	220
156	221
156	226
156	228
156	229
156	230
156	231
156	232
156	233
156	234
156	235
156	236
156	237
156	240
156	241
157	219
157	220
157	221
157	226
157	228
157	229
157	230
157	231
157	232
157	233
157	234
157	235
157	236
157	237
157	240
157	241
158	219
158	220
158	221
158	226
158	228
158	229
158	230
158	231
158	232
158	233
158	234
158	235
158	236
158	237
158	240
158	241
159	219
159	220
159	221
159	226
159	228
159	229
159	230
159	231
159	232
159	233
159	234
159	235
159	236
159	237
159	240
159	241
160	219
160	220
160	221
160	226
160	228
160	229
160	230
160	231
160	232
160	233
160	234
160	235
160	236
160	237
160	240
160	241
161	219
161	220
161	221
161	226
161	228
161	229
161	230
161	231
161	232
161	233
161	234
161	235
161	236
161	237
161	240
161	241
162	219
162	220
162	221
162	224
162	225
162	226
162	227
162	228
162	229
162	230
162	231
162	232
162	233
162	234
162	235
162	236
162	237
162	239
162	240
162	241
163	219
163	220
163	221
163	224
163	225
163	226
163	227
163	228
163	229
163	230
163	231
163	232
163	233
163	234
163	235
163	236
163	237
163	240
163	241
164	198
164	219
164	220
164	221
164	224
164	225
164	226
164	227
164	228
164	229
164	230
164	231
164	232
164	233
164	234
164	235
164	236
164	237
164	240
164	241
165	219
165	220
165	221
165	226
165	228
165	229
165	230
165	231
165	232
165	233
165	234
165	235
165	236
165	237
165	240
165	241
166	219
166	220
166	221
166	226
166	228
166	229
166	230
166	231
166	232
166	233
166	234
166	235
166	236
166	237
166	240
166	241
167	219
167	220
167	221
167	226
167	228
167	229
167	230
167	231
167	232
167	233
167	234
167	235
167	236
167	237
167	240
167	241
168	198
168	219
168	220
168	221
168	226
168	228
168	229
168	230
168	231
168	232
168	233
168	234
168	235
168	236
168	237
168	240
168	241
169	219
169	220
169	221
169	226
169	228
169	229
169	230
169	231
169	232
169	233
169	234
169	235
169	236
169	237
169	240
169	241
170	198
170	219
170	220
170	221
170	224
170	225
170	226
170	227
170	228
170	229
170	230
170	231
170	232
170	233
170	234
170	235
170	236
170	237
170	240
170	241
171	198
171	219
171	220
171	221
171	224
171	225
171	226
171	227
171	228
171	229
171	230
171	231
171	232
171	233
171	234
171	235
171	236
171	237
171	240
171	241
172	219
172	220
172	221
172	226
172	228
172	229
172	230
172	231
172	232
172	233
172	234
172	235
172	236
172	237
172	240
172	241
173	219
173	220
173	221
173	226
173	228
173	229
173	230
173	231
173	232
173	233
173	234
173	235
173	236
173	237
173	240
173	241
174	219
174	220
174	221
174	224
174	225
174	226
174	227
174	228
174	229
174	230
174	231
174	232
174	233
174	234
174	235
174	236
174	237
174	240
174	241
175	219
175	220
175	221
175	226
175	228
175	229
175	230
175	231
175	232
175	233
175	234
175	235
175	236
175	237
175	240
175	241
176	219
176	220
176	221
176	226
176	228
176	229
176	230
176	231
176	232
176	233
176	234
176	235
176	236
176	237
176	240
176	241
177	219
177	220
177	221
177	224
177	225
177	226
177	227
177	228
177	229
177	230
177	231
177	232
177	233
177	234
177	235
177	236
177	237
177	240
177	241
178	198
178	218
178	219
178	220
178	221
178	224
178	225
178	226
178	227
178	228
178	229
178	230
178	231
178	232
178	233
178	234
178	235
178	236
178	237
178	240
178	241
179	219
179	220
179	221
179	226
179	228
179	229
179	230
179	231
179	232
179	233
179	234
179	235
179	236
179	237
179	240
179	241
180	198
180	218
180	219
180	220
180	221
180	224
180	225
180	226
180	227
180	228
180	229
180	230
180	231
180	232
180	233
180	234
180	235
180	236
180	237
180	240
180	241
181	198
181	219
181	220
181	221
181	224
181	225
181	226
181	227
181	228
181	229
181	230
181	231
181	232
181	233
181	234
181	235
181	236
181	237
181	240
181	241
182	219
182	220
182	221
182	226
182	228
182	229
182	230
182	231
182	232
182	233
182	234
182	235
182	236
182	237
182	240
182	241
183	198
183	219
183	220
183	221
183	224
183	225
183	226
183	227
183	228
183	229
183	230
183	231
183	232
183	233
183	234
183	235
183	236
183	237
183	240
183	241
184	219
184	220
184	221
184	226
184	228
184	229
184	230
184	231
184	232
184	233
184	234
184	235
184	236
184	237
184	240
184	241
185	198
185	219
185	220
185	221
185	224
185	225
185	226
185	227
185	228
185	229
185	230
185	231
185	232
185	233
185	234
185	235
185	236
185	237
185	240
185	241
186	219
186	220
186	221
186	226
186	228
186	229
186	230
186	231
186	232
186	233
186	234
186	235
186	236
186	237
186	240
186	241
187	219
187	220
187	221
187	226
187	228
187	229
187	230
187	231
187	232
187	233
187	234
187	235
187	236
187	237
187	240
187	241
188	219
188	220
188	221
188	226
188	228
188	229
188	230
188	231
188	232
188	233
188	234
188	235
188	236
188	237
188	240
188	241
189	219
189	220
189	221
189	226
189	228
189	229
189	230
189	231
189	232
189	233
189	234
189	235
189	236
189	237
189	239
189	240
189	241
190	219
190	220
190	221
190	224
190	225
190	226
190	227
190	228
190	229
190	230
190	231
190	232
190	233
190	234
190	235
190	236
190	237
190	239
190	240
190	241
191	198
191	218
191	219
191	220
191	221
191	223
191	224
191	225
191	226
191	227
191	228
191	229
191	230
191	231
191	232
191	233
191	234
191	235
191	236
191	237
191	239
191	240
191	241
192	218
192	219
192	220
192	221
192	224
192	225
192	226
192	227
192	228
192	229
192	230
192	231
192	232
192	233
192	234
192	235
192	236
192	237
192	239
192	240
192	241
193	219
193	220
193	221
193	226
193	228
193	229
193	230
193	231
193	232
193	233
193	234
193	235
193	236
193	237
193	240
193	241
194	219
194	220
194	221
194	226
194	228
194	229
194	230
194	231
194	232
194	233
194	234
194	235
194	236
194	237
194	240
194	241
195	219
195	220
195	221
195	226
195	228
195	229
195	230
195	231
195	232
195	233
195	234
195	235
195	236
195	237
195	240
195	241
196	219
196	220
196	221
196	226
196	228
196	229
196	230
196	231
196	232
196	233
196	234
196	235
196	236
196	237
196	240
196	241
197	218
197	219
197	220
197	221
197	226
197	228
197	229
197	230
197	231
197	232
197	233
197	234
197	235
197	236
197	237
197	240
197	241
198	210
198	217
198	218
198	219
198	220
198	221
198	224
198	225
198	226
198	227
198	228
198	229
198	230
198	231
198	232
198	233
198	234
198	235
198	236
198	237
198	240
198	241
199	219
199	220
199	221
199	226
199	228
199	229
199	230
199	231
199	232
199	233
199	234
199	235
199	236
199	237
199	240
199	241
200	219
200	220
200	221
200	226
200	228
200	229
200	230
200	231
200	232
200	233
200	234
200	235
200	236
200	237
200	240
200	241
201	219
201	220
201	221
201	226
201	228
201	229
201	230
201	231
201	232
201	233
201	234
201	235
201	236
201	237
201	240
201	241
202	219
202	220
202	221
202	226
202	228
202	229
202	230
202	231
202	232
202	233
202	234
202	235
202	236
202	237
202	240
202	241
203	219
203	220
203	221
203	226
203	228
203	229
203	230
203	231
203	232
203	233
203	234
203	235
203	236
203	237
203	240
203	241
204	219
204	220
204	221
204	226
204	228
204	229
204	230
204	231
204	232
204	233
204	234
204	235
204	236
204	237
204	240
204	241
205	219
205	220
205	221
205	226
205	228
205	229
205	230
205	231
205	232
205	233
205	234
205	235
205	236
205	237
205	240
205	241
206	219
206	220
206	221
206	226
206	228
206	229
206	230
206	231
206	232
206	233
206	234
206	235
206	236
206	237
206	240
206	241
207	219
207	220
207	221
207	226
207	228
207	229
207	230
207	231
207	232
207	233
207	234
207	235
207	236
207	237
207	240
207	241
208	219
208	220
208	221
208	226
208	228
208	229
208	230
208	231
208	232
208	233
208	234
208	235
208	236
208	237
208	240
208	241
209	219
209	220
209	221
209	226
209	228
209	229
209	230
209	231
209	232
209	233
209	234
209	235
209	236
209	237
209	240
209	241
210	219
210	220
210	221
210	226
210	228
210	229
210	230
210	231
210	232
210	233
210	234
210	235
210	236
210	237
210	240
210	241
211	219
211	220
211	221
211	226
211	228
211	229
211	230
211	231
211	232
211	233
211	234
211	235
211	236
211	237
211	240
211	241
212	219
212	220
212	221
212	226
212	228
212	229
212	230
212	231
212	232
212	233
212	234
212	235
212	236
212	237
212	240
212	241
213	219
213	220
213	221
213	226
213	228
213	229
213	230
213	231
213	232
213	233
213	234
213	235
213	236
213	237
213	240
213	241
214	219
214	220
214	221
214	226
214	228
214	229
214	230
214	231
214	232
214	233
214	234
214	235
214	236
214	237
214	240
214	241
215	219
215	220
215	221
215	226
215	228
215	229
215	230
215	231
215	232
215	233
215	234
215	235
215	236
215	237
215	240
215	241
216	219
216	220
216	221
216	226
216	228
216	229
216	230
216	231
216	232
216	233
216	234
216	235
216	236
216	237
216	240
216	241
217	219
217	220
217	221
217	226
217	228
217	229
217	230
217	231
217	232
217	233
217	234
217	235
217	236
217	237
217	240
217	241
218	219
218	220
218	221
218	226
218	228
218	229
218	230
218	231
218	232
218	233
218	234
218	235
218	236
218	237
218	239
218	240
218	241
219	221
219	222
219	223
219	224
219	225
219	226
219	227
219	228
219	229
219	230
219	231
219	232
219	233
219	234
219	235
219	236
219	237
219	238
219	239
219	240
219	241
220	221
220	222
220	223
220	224
220	225
220	226
220	227
220	228
220	229
220	230
220	231
220	232
220	233
220	234
220	235
220	236
220	237
220	238
220	239
220	240
220	241
221	222
221	223
221	224
221	225
221	227
221	228
221	229
221	230
221	231
221	232
221	233
221	234
221	235
221	236
221	237
221	238
221	239
221	240
221	241
222	226
222	228
222	229
222	230
222	231
222	232
222	233
222	234
222	235
222	236
222	237
222	240
222	241
223	226
223	228
223	229
223	230
223	231
223	232
223	233
223	234
223	235
223	236
223	237
223	240
223	241
224	226
224	228
224	229
224	230
224	231
224	232
224	233
224	234
224	235
224	236
224	237
224	239
224	240
224	241
225	226
225	228
225	229
225	230
225	231
225	232
225	233
225	234
225	235
225	236
225	237
225	239
225	240
225	241
226	227
226	228
226	229
226	230
226	231
226	232
226	233
226	234
226	235
226	236
226	237
226	238
226	239
226	240
226	241
227	228
227	229
227	230
227	231
227	232
227	233
227	234
227	235
227	236
227	237
227	239
227	240
227	241
228	230
228	231
228	232
228	233
228	234
228	235
228	236
228	237
228	238
228	239
228	240
228	241
229	230
229	231
229	232
229	233
229	234
229	235
229	236
229	237
229	238
229	239
229	240
229	241
230	231
230	232
230	233
230	234
230	235
230	236
230	237
230	238
230	239
230	240
230	241
231	235
231	236
231	237
231	238
231	239
231	240
231	241
232	235
232	236
232	237
232	238
232	239
232	240
232	241
233	235
233	236
233	237
233	238
233	239
233	240
233	241
234	235
234	236
234	237
234	238
234	239
234	240
234	241
235	236
235	237
235	238
235	239
235	240
235	241
236	238
236	239
237	238
237	239
238	240
238	241
239	240
239	241