115	308
2	8
2	48
3	21
5	32
5	37
5	43
5	62
5	100
6	19
6	20
6	32
6	38
6	46
6	55
6	56
6	57
6	63
6	80
6	100
6	106
8	19
8	28
8	34
8	46
8	58
8	67
8	96
9	13
9	19
9	27
9	28
9	35
9	38
9	43
9	44
9	45
9	46
9	55
9	57
9	58
9	60
9	72
9	87
9	90
9	100
9	104
9	106
9	110
9	113
10	37
10	76
10	77
11	20
11	28
11	36
11	43
11	44
11	63
11	66
11	80
11	102
12	32
12	33
12	100
13	23
13	52
13	78
13	99
13	108
13	109
15	45
15	78
15	98
15	99
19	54
19	69
19	74
19	78
19	84
19	85
19	99
19	109
19	112
20	47
20	68
20	74
20	84
20	85
21	75
22	27
22	34
22	43
22	92
22	110
23	26
23	28
23	38
23	43
23	45
23	46
23	57
23	58
23	67
23	87
23	90
23	96
23	104
23	106
23	110
23	113
24	32
24	37
24	43
24	60
24	76
24	77
24	100
25	32
25	35
25	43
26	109
27	78
27	109
27	112
28	47
28	69
28	74
28	78
28	79
28	83
28	109
28	111
30	114
31	47
32	42
32	79
32	91
32	97
32	98
32	99
34	48
34	69
34	78
35	54
35	68
35	69
35	70
35	74
35	79
35	84
35	99
35	109
35	112
35	115
36	47
36	74
36	84
36	85
36	96
36	103
37	42
37	79
37	91
38	48
38	69
38	79
38	109
38	112
39	49
39	76
39	113
41	57
41	63
41	96
41	114
42	43
42	60
42	62
42	77
42	100
43	47
43	68
43	69
43	74
43	79
43	84
43	91
43	105
43	109
44	54
44	74
44	78
44	99
44	108
44	109
44	112
45	48
45	109
45	112
46	78
46	79
46	82
46	109
47	57
48	97
50	63
51	62
51	100
52	57
52	86
52	87
52	100
53	56
53	63
53	80
53	96
54	55
55	66
55	74
55	84
55	85
55	97
55	98
55	99
55	109
55	112
56	77
56	85
56	88
56	97
56	99
56	114
57	74
57	78
57	79
57	82
57	95
57	109
58	79
58	109
58	112
60	109
62	91
63	74
63	75
63	79
63	99
66	72
66	74
66	75
66	100
67	109
67	112
68	77
69	104
69	106
70	101
71	83
72	78
72	97
72	109
74	77
74	114
75	77
75	96
75	114
76	79
77	83
77	95
77	101
78	96
79	87
79	90
79	100
79	104
79	106
79	113
80	85
80	97
80	99
80	108
83	97
83	114
85	100
86	99
86	108
87	109
88	101
90	109
91	100
91	101
95	97
95	114
96	99
96	101
96	112
97	100
97	101
98	100
100	109
100	114
101	114
104	109
104	112
106	109
106	112
109	110
109	113