127	4242
1	14
1	16
1	17
1	19
1	20
1	21
1	22
1	23
1	24
1	25
1	26
1	27
1	28
1	29
1	31
1	32
1	34
1	35
1	36
1	37
1	38
1	39
1	40
1	41
1	42
1	43
1	44
1	45
1	46
1	47
1	48
1	49
1	50
1	51
1	52
1	53
1	54
1	55
1	56
1	57
1	58
1	59
1	60
1	61
1	62
1	63
1	64
1	65
1	66
1	67
1	68
1	69
1	70
1	71
1	72
1	73
1	74
1	75
1	76
1	77
1	78
1	79
1	80
1	81
1	82
1	83
1	84
1	85
1	86
1	87
1	88
1	89
1	90
1	91
1	92
1	93
1	94
1	95
1	96
1	97
1	98
1	99
1	100
1	101
1	102
1	103
1	104
1	105
1	106
1	107
1	108
1	109
1	110
1	111
1	112
1	113
1	114
1	115
1	116
1	117
1	118
1	119
1	120
1	121
1	122
1	123
1	124
1	125
1	126
1	127
2	19
2	20
2	21
2	22
2	23
2	24
2	27
2	28
2	34
2	36
2	37
2	38
2	39
2	40
2	41
2	42
2	43
2	44
2	45
2	46
2	47
2	48
2	50
2	52
2	53
2	54
2	55
2	56
2	57
2	58
2	59
2	60
2	61
2	62
2	63
2	64
2	65
2	66
2	67
2	68
2	69
2	70
2	71
2	72
2	73
2	74
2	75
2	76
2	77
2	78
2	79
2	80
2	81
2	82
2	83
2	84
2	85
2	86
2	87
2	88
2	89
2	90
2	91
2	92
2	93
2	94
2	95
2	96
2	97
2	98
2	99
2	100
2	101
2	102
2	103
2	104
2	105
2	106
2	107
2	108
2	109
2	110
2	111
2	112
2	113
2	114
2	115
2	116
2	117
2	118
2	119
2	120
2	121
2	122
2	123
2	124
2	125
2	126
2	127
3	19
3	20
3	22
3	28
3	37
3	38
3	39
3	40
3	42
3	44
3	45
3	46
3	48
3	52
3	53
3	54
3	55
3	56
3	57
3	59
3	60
3	61
3	62
3	63
3	64
3	65
3	66
3	67
3	68
3	69
3	70
3	71
3	72
3	73
3	74
3	75
3	76
3	77
3	78
3	79
3	80
3	81
3	82
3	83
3	84
3	85
3	86
3	87
3	88
3	89
3	90
3	91
3	92
3	93
3	94
3	95
3	96
3	97
3	98
3	99
3	100
3	101
3	102
3	103
3	104
3	105
3	106
3	107
3	108
3	109
3	110
3	111
3	112
3	113
3	114
3	115
3	116
3	117
3	118
3	119
3	120
3	121
3	122
3	123
3	124
3	125
3	126
3	127
4	19
4	20
4	21
4	22
4	23
4	28
4	34
4	36
4	37
4	38
4	39
4	40
4	41
4	42
4	43
4	44
4	45
4	46
4	47
4	48
4	50
4	52
4	53
4	54
4	55
4	56
4	57
4	58
4	59
4	60
4	61
4	62
4	63
4	64
4	65
4	66
4	67
4	68
4	69
4	70
4	71
4	72
4	73
4	74
4	75
4	76
4	77
4	78
4	79
4	80
4	81
4	82
4	83
4	84
4	85
4	86
4	87
4	88
4	89
4	90
4	91
4	92
4	93
4	94
4	95
4	96
4	97
4	98
4	99
4	100
4	101
4	102
4	103
4	104
4	105
4	106
4	107
4	108
4	109
4	110
4	111
4	112
4	113
4	114
4	115
4	116
4	117
4	118
4	119
4	120
4	121
4	122
4	123
4	124
4	125
4	126
4	127
5	19
5	20
5	21
5	22
5	23
5	24
5	27
5	28
5	34
5	36
5	37
5	38
5	39
5	40
5	41
5	42
5	43
5	44
5	45
5	46
5	47
5	48
5	50
5	52
5	53
5	54
5	55
5	56
5	57
5	58
5	59
5	60
5	61
5	62
5	63
5	64
5	65
5	66
5	67
5	68
5	69
5	70
5	71
5	72
5	73
5	74
5	75
5	76
5	77
5	78
5	79
5	80
5	81
5	82
5	83
5	84
5	85
5	86
5	87
5	88
5	89
5	90
5	91
5	92
5	93
5	94
5	95
5	96
5	97
5	98
5	99
5	100
5	101
5	102
5	103
5	104
5	105
5	106
5	107
5	108
5	109
5	110
5	111
5	112
5	113
5	114
5	115
5	116
5	117
5	118
5	119
5	120
5	121
5	122
5	123
5	124
5	125
5	126
5	127
6	19
6	20
6	21
6	22
6	23
6	24
6	27
6	28
6	34
6	36
6	37
6	38
6	39
6	40
6	41
6	42
6	43
6	44
6	45
6	46
6	47
6	48
6	50
6	52
6	53
6	54
6	55
6	56
6	57
6	58
6	59
6	60
6	61
6	62
6	63
6	64
6	65
6	66
6	67
6	68
6	69
6	70
6	71
6	72
6	73
6	74
6	75
6	76
6	77
6	78
6	79
6	80
6	81
6	82
6	83
6	84
6	85
6	86
6	87
6	88
6	89
6	90
6	91
6	92
6	93
6	94
6	95
6	96
6	97
6	98
6	99
6	100
6	101
6	102
6	103
6	104
6	105
6	106
6	107
6	108
6	109
6	110
6	111
6	112
6	113
6	114
6	115
6	116
6	117
6	118
6	119
6	120
6	121
6	122
6	123
6	124
6	125
6	126
6	127
7	19
7	20
7	21
7	22
7	23
7	24
7	27
7	28
7	34
7	36
7	37
7	38
7	39
7	40
7	41
7	42
7	43
7	44
7	45
7	46
7	47
7	48
7	50
7	52
7	53
7	54
7	55
7	56
7	57
7	58
7	59
7	60
7	61
7	62
7	63
7	64
7	65
7	66
7	67
7	68
7	69
7	70
7	71
7	72
7	73
7	74
7	75
7	76
7	77
7	78
7	79
7	80
7	81
7	82
7	83
7	84
7	85
7	86
7	87
7	88
7	89
7	90
7	91
7	92
7	93
7	94
7	95
7	96
7	97
7	98
7	99
7	100
7	101
7	102
7	103
7	104
7	105
7	106
7	107
7	108
7	109
7	110
7	111
7	112
7	113
7	114
7	115
7	116
7	117
7	118
7	119
7	120
7	121
7	122
7	123
7	124
7	125
7	126
7	127
8	14
8	16
8	19
8	20
8	21
8	22
8	23
8	24
8	25
8	26
8	27
8	28
8	29
8	31
8	32
8	34
8	35
8	36
8	37
8	38
8	39
8	40
8	41
8	42
8	43
8	44
8	45
8	46
8	47
8	48
8	49
8	50
8	51
8	52
8	53
8	54
8	55
8	56
8	57
8	58
8	59
8	60
8	61
8	62
8	63
8	64
8	65
8	66
8	67
8	68
8	69
8	70
8	71
8	72
8	73
8	74
8	75
8	76
8	77
8	78
8	79
8	80
8	81
8	82
8	83
8	84
8	85
8	86
8	87
8	88
8	89
8	90
8	91
8	92
8	93
8	94
8	95
8	96
8	97
8	98
8	99
8	100
8	101
8	102
8	103
8	104
8	105
8	106
8	107
8	108
8	109
8	110
8	111
8	112
8	113
8	114
8	115
8	116
8	117
8	118
8	119
8	120
8	121
8	122
8	123
8	124
8	125
8	126
8	127
9	19
9	20
9	28
9	38
9	39
9	40
9	60
9	61
9	70
9	75
9	78
9	79
9	80
9	81
9	82
9	83
9	84
9	85
9	86
9	87
9	88
9	89
9	90
9	91
9	92
9	93
9	94
9	95
9	96
9	97
9	98
9	99
9	100
9	101
9	102
9	103
9	104
9	105
9	106
9	107
9	108
9	109
9	110
9	111
9	112
9	113
9	114
9	115
9	116
9	117
9	118
9	119
9	120
9	121
9	122
9	123
9	124
9	125
9	126
9	127
10	19
10	20
10	22
10	28
10	38
10	39
10	40
10	52
10	53
10	54
10	55
10	56
10	59
10	60
10	61
10	62
10	63
10	64
10	65
10	66
10	68
10	69
10	70
10	73
10	75
10	78
10	79
10	80
10	81
10	82
10	83
10	84
10	85
10	86
10	87
10	88
10	89
10	90
10	91
10	92
10	93
10	94
10	95
10	96
10	97
10	98
10	99
10	100
10	101
10	102
10	103
10	104
10	105
10	106
10	107
10	108
10	109
10	110
10	111
10	112
10	113
10	114
10	115
10	116
10	117
10	118
10	119
10	120
10	121
10	122
10	123
10	124
10	125
10	126
10	127
11	19
11	20
11	21
11	22
11	28
11	37
11	38
11	39
11	40
11	41
11	42
11	43
11	45
11	46
11	47
11	48
11	52
11	53
11	54
11	55
11	56
11	57
11	58
11	59
11	60
11	61
11	62
11	63
11	64
11	65
11	66
11	67
11	68
11	69
11	70
11	71
11	72
11	73
11	74
11	75
11	76
11	77
11	78
11	79
11	80
11	81
11	82
11	83
11	84
11	85
11	86
11	87
11	88
11	89
11	90
11	91
11	92
11	93
11	94
11	95
11	96
11	97
11	98
11	99
11	100
11	101
11	102
11	103
11	104
11	105
11	106
11	107
11	108
11	109
11	110
11	111
11	112
11	113
11	114
11	115
11	116
11	117
11	118
11	119
11	120
11	121
11	122
11	123
11	124
11	125
11	126
11	127
12	19
12	20
12	22
12	28
12	37
12	38
12	39
12	40
12	42
12	44
12	45
12	46
12	48
12	52
12	53
12	54
12	55
12	56
12	57
12	59
12	60
12	61
12	62
12	63
12	64
12	65
12	66
12	67
12	68
12	69
12	70
12	71
12	72
12	73
12	74
12	75
12	76
12	77
12	78
12	79
12	80
12	81
12	82
12	83
12	84
12	85
12	86
12	87
12	88
12	89
12	90
12	91
12	92
12	93
12	94
12	95
12	96
12	97
12	98
12	99
12	100
12	101
12	102
12	103
12	104
12	105
12	106
12	107
12	108
12	109
12	110
12	111
12	112
12	113
12	114
12	115
12	116
12	117
12	118
12	119
12	120
12	121
12	122
12	123
12	124
12	125
12	126
12	127
13	19
13	20
13	22
13	28
13	37
13	38
13	39
13	40
13	42
13	44
13	45
13	46
13	48
13	52
13	53
13	54
13	55
13	56
13	57
13	59
13	60
13	61
13	62
13	63
13	64
13	65
13	66
13	67
13	68
13	69
13	70
13	71
13	72
13	73
13	74
13	75
13	76
13	77
13	78
13	79
13	80
13	81
13	82
13	83
13	84
13	85
13	86
13	87
13	88
13	89
13	90
13	91
13	92
13	93
13	94
13	95
13	96
13	97
13	98
13	99
13	100
13	101
13	102
13	103
13	104
13	105
13	106
13	107
13	108
13	109
13	110
13	111
13	112
13	113
13	114
13	115
13	116
13	117
13	118
13	119
13	120
13	121
13	122
13	123
13	124
13	125
13	126
13	127
14	19
14	20
14	28
14	38
14	39
14	40
14	60
14	61
14	70
14	75
14	78
14	79
14	80
14	81
14	82
14	83
14	84
14	85
14	86
14	87
14	88
14	89
14	90
14	91
14	92
14	93
14	94
14	95
14	96
14	97
14	98
14	99
14	100
14	101
14	102
14	103
14	104
14	105
14	106
14	107
14	108
14	109
14	110
14	111
14	112
14	113
14	114
14	115
14	116
14	117
14	118
14	119
14	120
14	121
14	122
14	123
14	124
14	125
14	126
14	127
15	19
15	20
15	22
15	28
15	38
15	39
15	40
15	52
15	53
15	54
15	55
15	56
15	59
15	60
15	61
15	62
15	63
15	64
15	65
15	66
15	68
15	69
15	70
15	73
15	75
15	78
15	79
15	80
15	81
15	82
15	83
15	84
15	85
15	86
15	87
15	88
15	89
15	90
15	91
15	92
15	93
15	94
15	95
15	96
15	97
15	98
15	99
15	100
15	101
15	102
15	103
15	104
15	105
15	106
15	107
15	108
15	109
15	110
15	111
15	112
15	113
15	114
15	115
15	116
15	117
15	118
15	119
15	120
15	121
15	122
15	123
15	124
15	125
15	126
15	127
16	19
16	20
16	21
16	22
16	28
16	38
16	39
16	40
16	52
16	53
16	54
16	55
16	56
16	59
16	60
16	61
16	62
16	63
16	64
16	65
16	66
16	68
16	69
16	70
16	73
16	75
16	78
16	79
16	80
16	81
16	82
16	83
16	84
16	85
16	86
16	87
16	88
16	89
16	90
16	91
16	92
16	93
16	94
16	95
16	96
16	97
16	98
16	99
16	100
16	101
16	102
16	103
16	104
16	105
16	106
16	107
16	108
16	109
16	110
16	111
16	112
16	113
16	114
16	115
16	116
16	117
16	118
16	119
16	120
16	121
16	122
16	123
16	124
16	125
16	126
16	127
17	19
17	20
17	21
17	22
17	28
17	39
17	40
17	70
17	78
17	80
17	81
17	82
17	83
17	84
17	85
17	86
17	87
17	88
17	89
17	90
17	91
17	92
17	93
17	94
17	95
17	96
17	97
17	98
17	99
17	100
17	101
17	102
17	103
17	104
17	105
17	106
17	107
17	108
17	109
17	110
17	111
17	112
17	113
17	114
17	115
17	116
17	117
17	118
17	119
17	120
17	121
17	122
17	123
17	124
17	125
17	126
17	127
18	19
18	20
18	28
18	39
18	40
18	78
18	80
18	81
18	82
18	83
18	84
18	85
18	86
18	87
18	88
18	89
18	90
18	91
18	92
18	93
18	94
18	95
18	96
18	97
18	98
18	99
18	100
18	101
18	102
18	103
18	104
18	105
18	106
18	107
18	108
18	109
18	110
18	111
18	112
18	113
18	114
18	115
18	116
18	117
18	118
18	119
18	120
18	121
18	122
18	123
18	124
18	125
18	126
18	127
19	21
19	22
19	23
19	24
19	25
19	26
19	27
19	28
19	29
19	30
19	31
19	32
19	33
19	34
19	35
19	36
19	37
19	38
19	39
19	40
19	41
19	42
19	43
19	44
19	45
19	46
19	47
19	48
19	49
19	50
19	51
19	52
19	53
19	54
19	55
19	56
19	57
19	58
19	59
19	60
19	61
19	62
19	63
19	64
19	65
19	66
19	67
19	68
19	69
19	70
19	71
19	72
19	73
19	74
19	75
19	76
19	77
19	78
19	79
19	80
19	81
19	82
19	83
19	84
19	85
19	86
19	87
19	88
19	89
19	90
19	91
19	92
19	93
19	94
19	95
19	96
19	97
19	98
19	99
19	100
19	101
19	102
19	103
19	104
19	105
19	106
19	107
19	108
19	109
19	110
19	111
19	112
19	113
19	114
19	115
19	116
19	117
19	118
19	119
19	120
19	121
19	122
19	123
19	124
19	125
19	126
19	127
20	21
20	22
20	23
20	24
20	25
20	26
20	27
20	28
20	29
20	30
20	31
20	32
20	33
20	34
20	35
20	36
20	37
20	38
20	39
20	40
20	41
20	42
20	43
20	44
20	45
20	46
20	47
20	48
20	49
20	50
20	51
20	52
20	53
20	54
20	55
20	56
20	57
20	58
20	59
20	60
20	61
20	62
20	63
20	64
20	65
20	66
20	67
20	68
20	69
20	70
20	71
20	72
20	73
20	74
20	75
20	76
20	77
20	78
20	79
20	80
20	81
20	82
20	83
20	84
20	85
20	86
20	87
20	88
20	89
20	90
20	91
20	92
20	93
20	94
20	95
20	96
20	97
20	98
20	99
20	100
20	101
20	102
20	103
20	104
20	105
20	106
20	107
20	108
20	109
20	110
20	111
20	112
20	113
20	114
20	115
20	116
20	117
20	118
20	119
20	120
20	121
20	122
20	123
20	124
20	125
20	126
20	127
21	28
21	32
21	37
21	38
21	39
21	40
21	42
21	44
21	45
21	46
21	48
21	52
21	53
21	54
21	55
21	56
21	57
21	59
21	60
21	61
21	62
21	63
21	64
21	65
21	66
21	67
21	68
21	69
21	70
21	71
21	72
21	73
21	74
21	75
21	76
21	77
21	78
21	79
21	80
21	81
21	82
21	83
21	84
21	85
21	86
21	87
21	88
21	89
21	90
21	91
21	92
21	93
21	94
21	95
21	96
21	97
21	98
21	99
21	100
21	101
21	102
21	103
21	104
21	105
21	106
21	107
21	108
21	109
21	110
21	111
21	112
21	113
21	114
21	115
21	116
21	117
21	118
21	119
21	120
21	121
21	122
21	123
21	124
21	125
21	126
21	127
22	23
22	24
22	27
22	28
22	30
22	32
22	33
22	34
22	36
22	37
22	38
22	39
22	40
22	41
22	42
22	43
22	44
22	45
22	46
22	47
22	48
22	50
22	52
22	53
22	54
22	55
22	56
22	57
22	58
22	59
22	60
22	61
22	62
22	63
22	64
22	65
22	66
22	67
22	68
22	69
22	70
22	71
22	72
22	73
22	74
22	75
22	76
22	77
22	78
22	79
22	80
22	81
22	82
22	83
22	84
22	85
22	86
22	87
22	88
22	89
22	90
22	91
22	92
22	93
22	94
22	95
22	96
22	97
22	98
22	99
22	100
22	101
22	102
22	103
22	104
22	105
22	106
22	107
22	108
22	109
22	110
22	111
22	112
22	113
22	114
22	115
22	116
22	117
22	118
22	119
22	120
22	121
22	122
22	123
22	124
22	125
22	126
22	127
23	28
23	32
23	39
23	40
23	70
23	78
23	80
23	81
23	82
23	83
23	84
23	85
23	86
23	87
23	88
23	89
23	90
23	91
23	92
23	93
23	94
23	95
23	96
23	97
23	98
23	99
23	100
23	101
23	102
23	103
23	104
23	105
23	106
23	107
23	108
23	109
23	110
23	111
23	112
23	113
23	114
23	115
23	116
23	117
23	118
23	119
23	120
23	121
23	122
23	123
23	124
23	125
23	126
23	127
24	28
24	32
24	40
24	82
24	87
24	89
24	91
24	92
24	95
24	96
24	97
24	98
24	99
24	100
24	101
24	103
24	104
24	107
24	109
24	110
24	111
24	112
24	113
24	114
24	115
24	116
24	117
24	118
24	119
24	120
24	121
24	122
24	123
24	124
24	125
24	126
24	127
25	28
25	39
25	40
25	70
25	78
25	80
25	81
25	82
25	83
25	84
25	85
25	86
25	87
25	88
25	89
25	90
25	91
25	92
25	93
25	94
25	95
25	96
25	97
25	98
25	99
25	100
25	101
25	102
25	103
25	104
25	105
25	106
25	107
25	108
25	109
25	110
25	111
25	112
25	113
25	114
25	115
25	116
25	117
25	118
25	119
25	120
25	121
25	122
25	123
25	124
25	125
25	126
25	127
26	28
26	38
26	39
26	40
26	53
26	54
26	55
26	60
26	61
26	62
26	64
26	65
26	66
26	68
26	69
26	70
26	73
26	75
26	78
26	79
26	80
26	81
26	82
26	83
26	84
26	85
26	86
26	87
26	88
26	89
26	90
26	91
26	92
26	93
26	94
26	95
26	96
26	97
26	98
26	99
26	100
26	101
26	102
26	103
26	104
26	105
26	106
26	107
26	108
26	109
26	110
26	111
26	112
26	113
26	114
26	115
26	116
26	117
26	118
26	119
26	120
26	121
26	122
26	123
26	124
26	125
26	126
26	127
27	28
27	39
27	40
27	70
27	78
27	80
27	81
27	82
27	83
27	84
27	85
27	86
27	87
27	88
27	89
27	90
27	91
27	92
27	93
27	94
27	95
27	96
27	97
27	98
27	99
27	100
27	101
27	102
27	103
27	104
27	105
27	106
27	107
27	108
27	109
27	110
27	111
27	112
27	113
27	114
27	115
27	116
27	117
27	118
27	119
27	120
27	121
27	122
27	123
27	124
27	125
27	126
27	127
28	29
28	30
28	31
28	32
28	33
28	34
28	35
28	36
28	37
28	38
28	39
28	40
28	41
28	42
28	43
28	44
28	45
28	46
28	47
28	48
28	49
28	50
28	51
28	52
28	53
28	54
28	55
28	56
28	57
28	58
28	59
28	60
28	61
28	62
28	63
28	64
28	65
28	66
28	67
28	68
28	69
28	70
28	71
28	72
28	73
28	74
28	75
28	76
28	77
28	78
28	79
28	80
28	81
28	82
28	83
28	84
28	85
28	86
28	87
28	88
28	89
28	90
28	91
28	92
28	93
28	94
28	95
28	96
28	97
28	98
28	99
28	100
28	101
28	102
28	103
28	104
28	105
28	106
28	107
28	108
28	109
28	110
28	111
28	112
28	113
28	114
28	115
28	116
28	117
28	118
28	119
28	120
28	121
28	122
28	123
28	124
28	125
28	126
28	127
29	38
29	39
29	40
29	60
29	61
29	70
29	75
29	78
29	79
29	80
29	81
29	82
29	83
29	84
29	85
29	86
29	87
29	88
29	89
29	90
29	91
29	92
29	93
29	94
29	95
29	96
29	97
29	98
29	99
29	100
29	101
29	102
29	103
29	104
29	105
29	106
29	107
29	108
29	109
29	110
29	111
29	112
29	113
29	114
29	115
29	116
29	117
29	118
29	119
29	120
29	121
29	122
29	123
29	124
29	125
29	126
29	127
30	37
30	38
30	39
30	40
30	42
30	44
30	45
30	46
30	48
30	52
30	53
30	54
30	55
30	56
30	57
30	59
30	60
30	61
30	62
30	63
30	64
30	65
30	66
30	67
30	68
30	69
30	70
30	71
30	72
30	73
30	74
30	75
30	76
30	77
30	78
30	79
30	80
30	81
30	82
30	83
30	84
30	85
30	86
30	87
30	88
30	89
30	90
30	91
30	92
30	93
30	94
30	95
30	96
30	97
30	98
30	99
30	100
30	101
30	102
30	103
30	104
30	105
30	106
30	107
30	108
30	109
30	110
30	111
30	112
30	113
30	114
30	115
30	116
30	117
30	118
30	119
30	120
30	121
30	122
30	123
30	124
30	125
30	126
30	127
31	38
31	39
31	40
31	60
31	61
31	70
31	75
31	78
31	79
31	80
31	81
31	82
31	83
31	84
31	85
31	86
31	87
31	88
31	89
31	90
31	91
31	92
31	93
31	94
31	95
31	96
31	97
31	98
31	99
31	100
31	101
31	102
31	103
31	104
31	105
31	106
31	107
31	108
31	109
31	110
31	111
31	112
31	113
31	114
31	115
31	116
31	117
31	118
31	119
31	120
31	121
31	122
31	123
31	124
31	125
31	126
31	127
32	34
32	36
32	37
32	38
32	39
32	40
32	41
32	42
32	43
32	44
32	45
32	46
32	47
32	48
32	50
32	52
32	53
32	54
32	55
32	56
32	57
32	58
32	59
32	60
32	61
32	62
32	63
32	64
32	65
32	66
32	67
32	68
32	69
32	70
32	71
32	72
32	73
32	74
32	75
32	76
32	77
32	78
32	79
32	80
32	81
32	82
32	83
32	84
32	85
32	86
32	87
32	88
32	89
32	90
32	91
32	92
32	93
32	94
32	95
32	96
32	97
32	98
32	99
32	100
32	101
32	102
32	103
32	104
32	105
32	106
32	107
32	108
32	109
32	110
32	111
32	112
32	113
32	114
32	115
32	116
32	117
32	118
32	119
32	120
32	121
32	122
32	123
32	124
32	125
32	126
32	127
33	37
33	38
33	39
33	40
33	42
33	45
33	48
33	52
33	53
33	54
33	55
33	56
33	57
33	59
33	60
33	61
33	62
33	63
33	64
33	65
33	66
33	67
33	68
33	69
33	70
33	71
33	72
33	73
33	74
33	75
33	76
33	77
33	78
33	79
33	80
33	81
33	82
33	83
33	84
33	85
33	86
33	87
33	88
33	89
33	90
33	91
33	92
33	93
33	94
33	95
33	96
33	97
33	98
33	99
33	100
33	101
33	102
33	103
33	104
33	105
33	106
33	107
33	108
33	109
33	110
33	111
33	112
33	113
33	114
33	115
33	116
33	117
33	118
33	119
33	120
33	121
33	122
33	123
33	124
33	125
33	126
33	127
34	40
34	91
34	109
34	110
34	114
34	115
34	116
34	117
34	118
34	119
34	120
34	121
34	122
34	123
34	124
34	125
34	126
34	127
35	40
35	82
35	87
35	89
35	91
35	92
35	95
35	96
35	97
35	98
35	99
35	100
35	101
35	103
35	104
35	107
35	109
35	110
35	111
35	112
35	113
35	114
35	115
35	116
35	117
35	118
35	119
35	120
35	121
35	122
35	123
35	124
35	125
35	126
35	127
36	40
36	82
36	87
36	89
36	91
36	92
36	95
36	96
36	97
36	98
36	99
36	100
36	101
36	103
36	104
36	107
36	109
36	110
36	111
36	112
36	113
36	114
36	115
36	116
36	117
36	118
36	119
36	120
36	121
36	122
36	123
36	124
36	125
36	126
36	127
37	40
37	82
37	87
37	89
37	91
37	92
37	95
37	96
37	97
37	98
37	99
37	100
37	101
37	103
37	104
37	107
37	109
37	110
37	111
37	112
37	113
37	114
37	115
37	116
37	117
37	118
37	119
37	120
37	121
37	122
37	123
37	124
37	125
37	126
37	127
38	40
38	82
38	89
38	91
38	95
38	97
38	99
38	109
38	110
38	111
38	112
38	114
38	115
38	116
38	117
38	118
38	119
38	120
38	121
38	122
38	123
38	124
38	125
38	126
38	127
39	40
39	45
39	47
39	48
39	53
39	78
39	80
39	82
39	83
39	84
39	85
39	86
39	87
39	88
39	89
39	90
39	91
39	92
39	94
39	95
39	96
39	97
39	98
39	99
39	100
39	101
39	102
39	103
39	104
39	105
39	106
39	107
39	108
39	109
39	110
39	111
39	112
39	113
39	114
39	115
39	116
39	117
39	118
39	119
39	120
39	121
39	122
39	123
39	124
39	125
39	126
39	127
40	41
40	42
40	43
40	44
40	45
40	46
40	47
40	48
40	49
40	50
40	51
40	52
40	53
40	54
40	55
40	56
40	57
40	58
40	59
40	60
40	61
40	62
40	63
40	64
40	65
40	66
40	67
40	68
40	69
40	70
40	71
40	72
40	73
40	74
40	75
40	76
40	77
40	78
40	79
40	80
40	81
40	82
40	83
40	84
40	85
40	86
40	87
40	88
40	89
40	90
40	91
40	92
40	93
40	94
40	95
40	96
40	97
40	98
40	99
40	100
40	101
40	102
40	103
40	104
40	105
40	106
40	107
40	108
40	109
40	110
40	111
40	112
40	113
40	114
40	115
40	116
40	117
40	118
40	119
40	120
40	121
40	122
40	123
40	124
40	125
40	126
40	127
41	82
41	89
41	91
41	95
41	97
41	99
41	109
41	110
41	111
41	112
41	114
41	115
41	116
41	117
41	118
41	119
41	120
41	121
41	122
41	123
41	124
41	125
41	126
41	127
42	82
42	89
42	91
42	95
42	97
42	99
42	109
42	110
42	111
42	112
42	114
42	115
42	116
42	117
42	118
42	119
42	120
42	121
42	122
42	123
42	124
42	125
42	126
42	127
43	82
43	89
43	91
43	95
43	97
43	99
43	109
43	110
43	111
43	112
43	114
43	115
43	116
43	117
43	118
43	119
43	120
43	121
43	122
43	123
43	124
43	125
43	126
43	127
44	82
44	87
44	89
44	91
44	92
44	95
44	96
44	97
44	98
44	99
44	100
44	101
44	103
44	104
44	107
44	109
44	110
44	111
44	112
44	113
44	114
44	115
44	116
44	117
44	118
44	119
44	120
44	121
44	122
44	123
44	124
44	125
44	126
44	127
45	78
45	80
45	82
45	83
45	84
45	85
45	86
45	87
45	88
45	89
45	90
45	91
45	92
45	94
45	95
45	96
45	97
45	98
45	99
45	100
45	101
45	102
45	103
45	104
45	105
45	106
45	107
45	108
45	109
45	110
45	111
45	112
45	113
45	114
45	115
45	116
45	117
45	118
45	119
45	120
45	121
45	122
45	123
45	124
45	125
45	126
45	127
46	82
46	89
46	91
46	95
46	97
46	99
46	109
46	110
46	111
46	112
46	114
46	115
46	116
46	117
46	118
46	119
46	120
46	121
46	122
46	123
46	124
46	125
46	126
46	127
47	78
47	80
47	82
47	83
47	84
47	85
47	86
47	87
47	88
47	89
47	90
47	91
47	92
47	94
47	95
47	96
47	97
47	98
47	99
47	100
47	101
47	102
47	103
47	104
47	105
47	106
47	107
47	108
47	109
47	110
47	111
47	112
47	113
47	114
47	115
47	116
47	117
47	118
47	119
47	120
47	121
47	122
47	123
47	124
47	125
47	126
47	127
48	78
48	80
48	82
48	83
48	84
48	85
48	86
48	87
48	88
48	89
48	90
48	91
48	92
48	94
48	95
48	96
48	97
48	98
48	99
48	100
48	101
48	102
48	103
48	104
48	105
48	106
48	107
48	108
48	109
48	110
48	111
48	112
48	113
48	114
48	115
48	116
48	117
48	118
48	119
48	120
48	121
48	122
48	123
48	124
48	125
48	126
48	127
49	82
49	87
49	89
49	91
49	92
49	95
49	96
49	97
49	98
49	99
49	100
49	101
49	103
49	104
49	107
49	109
49	110
49	111
49	112
49	113
49	114
49	115
49	116
49	117
49	118
49	119
49	120
49	121
49	122
49	123
49	124
49	125
49	126
49	127
50	82
50	87
50	89
50	91
50	92
50	95
50	96
50	97
50	98
50	99
50	100
50	101
50	103
50	104
50	107
50	109
50	110
50	111
50	112
50	113
50	114
50	115
50	116
50	117
50	118
50	119
50	120
50	121
50	122
50	123
50	124
50	125
50	126
50	127
51	82
51	87
51	89
51	91
51	92
51	95
51	96
51	97
51	98
51	99
51	100
51	101
51	103
51	104
51	107
51	109
51	110
51	111
51	112
51	113
51	114
51	115
51	116
51	117
51	118
51	119
51	120
51	121
51	122
51	123
51	124
51	125
51	126
51	127
52	82
52	89
52	91
52	95
52	97
52	99
52	109
52	110
52	111
52	112
52	114
52	115
52	116
52	117
52	118
52	119
52	120
52	121
52	122
52	123
52	124
52	125
52	126
52	127
53	78
53	80
53	82
53	83
53	84
53	85
53	86
53	87
53	88
53	89
53	90
53	91
53	92
53	94
53	95
53	96
53	97
53	98
53	99
53	100
53	101
53	102
53	103
53	104
53	105
53	106
53	107
53	108
53	109
53	110
53	111
53	112
53	113
53	114
53	115
53	116
53	117
53	118
53	119
53	120
53	121
53	122
53	123
53	124
53	125
53	126
53	127
54	82
54	89
54	91
54	95
54	97
54	99
54	109
54	110
54	111
54	112
54	114
54	115
54	116
54	117
54	118
54	119
54	120
54	121
54	122
54	123
54	124
54	125
54	126
54	127
55	82
55	89
55	91
55	95
55	97
55	99
55	109
55	110
55	111
55	112
55	114
55	115
55	116
55	117
55	118
55	119
55	120
55	121
55	122
55	123
55	124
55	125
55	126
55	127
56	78
56	80
56	82
56	83
56	84
56	85
56	86
56	87
56	88
56	89
56	90
56	91
56	92
56	94
56	95
56	96
56	97
56	98
56	99
56	100
56	101
56	102
56	103
56	104
56	105
56	106
56	107
56	108
56	109
56	110
56	111
56	112
56	113
56	114
56	115
56	116
56	117
56	118
56	119
56	120
56	121
56	122
56	123
56	124
56	125
56	126
56	127
57	91
57	109
57	110
57	114
57	115
57	116
57	117
57	118
57	119
57	120
57	121
57	122
57	123
57	124
57	125
57	126
57	127
58	82
58	89
58	91
58	95
58	97
58	99
58	109
58	110
58	111
58	112
58	114
58	115
58	116
58	117
58	118
58	119
58	120
58	121
58	122
58	123
58	124
58	125
58	126
58	127
59	82
59	89
59	91
59	95
59	97
59	99
59	109
59	110
59	111
59	112
59	114
59	115
59	116
59	117
59	118
59	119
59	120
59	121
59	122
59	123
59	124
59	125
59	126
59	127
60	82
60	89
60	91
60	95
60	97
60	99
60	109
60	110
60	111
60	112
60	114
60	115
60	116
60	117
60	118
60	119
60	120
60	121
60	122
60	123
60	124
60	125
60	126
60	127
61	82
61	89
61	91
61	95
61	97
61	99
61	109
61	110
61	111
61	112
61	114
61	115
61	116
61	117
61	118
61	119
61	120
61	121
61	122
61	123
61	124
61	125
61	126
61	127
62	82
62	89
62	91
62	95
62	97
62	99
62	109
62	110
62	111
62	112
62	114
62	115
62	116
62	117
62	118
62	119
62	120
62	121
62	122
62	123
62	124
62	125
62	126
62	127
63	82
63	89
63	91
63	95
63	97
63	99
63	109
63	110
63	111
63	112
63	114
63	115
63	116
63	117
63	118
63	119
63	120
63	121
63	122
63	123
63	124
63	125
63	126
63	127
64	91
64	109
64	110
64	114
64	115
64	116
64	117
64	118
64	119
64	120
64	121
64	122
64	123
64	124
64	125
64	126
64	127
65	91
65	109
65	110
65	114
65	115
65	116
65	117
65	118
65	119
65	120
65	121
65	122
65	123
65	124
65	125
65	126
65	127
66	91
66	109
66	116
66	117
66	120
66	121
66	122
66	123
66	124
66	125
66	126
66	127
67	91
67	109
67	116
67	117
67	120
67	121
67	122
67	123
67	124
67	125
67	126
67	127
68	91
68	109
68	116
68	117
68	120
68	121
68	122
68	123
68	124
68	125
68	126
68	127
69	91
69	109
69	116
69	117
69	120
69	121
69	122
69	123
69	124
69	125
69	126
69	127
70	82
70	89
70	91
70	95
70	97
70	99
70	109
70	110
70	111
70	112
70	114
70	115
70	116
70	117
70	118
70	119
70	120
70	121
70	122
70	123
70	124
70	125
70	126
70	127
71	82
71	89
71	91
71	95
71	97
71	99
71	109
71	110
71	111
71	112
71	114
71	115
71	116
71	117
71	118
71	119
71	120
71	121
71	122
71	123
71	124
71	125
71	126
71	127
72	82
72	89
72	91
72	95
72	97
72	99
72	109
72	110
72	111
72	112
72	114
72	115
72	116
72	117
72	118
72	119
72	120
72	121
72	122
72	123
72	124
72	125
72	126
72	127
73	91
73	109
73	116
73	117
73	120
73	121
73	122
73	123
73	124
73	125
73	126
73	127
74	91
74	109
74	116
74	117
74	120
74	121
74	122
74	123
74	124
74	125
74	126
74	127
75	91
75	116
75	120
75	121
75	123
75	124
75	125
75	126
75	127
76	82
76	89
76	91
76	95
76	97
76	99
76	109
76	110
76	111
76	112
76	114
76	115
76	116
76	117
76	118
76	119
76	120
76	121
76	122
76	123
76	124
76	125
76	126
76	127
77	91
77	109
77	116
77	117
77	120
77	121
77	122
77	123
77	124
77	125
77	126
77	127
78	91
78	116
78	123
78	124
78	125
78	126
78	127
79	91
79	116
79	120
79	121
79	123
79	124
79	125
79	126
79	127
80	91
80	109
80	116
80	120
80	121
80	123
80	124
80	125
80	126
80	127
81	91
81	116
81	123
81	124
81	125
81	126
81	127
82	91
82	109
82	116
82	120
82	121
82	123
82	124
82	125
82	126
82	127
83	91
83	116
83	120
83	121
83	123
83	124
83	125
83	126
83	127
84	91
84	116
84	123
84	124
84	125
84	126
84	127
85	91
85	116
85	120
85	121
85	123
85	124
85	125
85	126
85	127
86	91
86	116
86	120
86	121
86	123
86	124
86	125
86	126
86	127
87	91
87	116
87	120
87	121
87	123
87	124
87	125
87	126
87	127
88	91
88	116
88	120
88	121
88	123
88	124
88	125
88	126
88	127
89	91
89	109
89	116
89	117
89	120
89	121
89	122
89	123
89	124
89	125
89	126
89	127
90	91
90	116
90	120
90	121
90	123
90	124
90	125
90	126
90	127
91	92
91	93
91	94
91	95
91	96
91	97
91	98
91	99
91	100
91	101
91	102
91	103
91	104
91	105
91	106
91	107
91	108
91	109
91	110
91	111
91	112
91	113
91	114
91	115
91	116
91	117
91	118
91	119
91	120
91	121
91	122
91	123
91	124
91	125
91	126
91	127
92	116
92	120
92	121
92	123
92	124
92	125
92	126
92	127
93	116
93	120
93	121
93	123
93	124
93	125
93	126
93	127
94	109
94	116
94	120
94	121
94	123
94	124
94	125
94	126
94	127
95	109
95	110
95	114
95	116
95	117
95	118
95	120
95	121
95	122
95	123
95	124
95	125
95	126
95	127
96	116
96	123
96	124
96	125
96	126
96	127
97	116
97	117
97	120
97	121
97	122
97	123
97	124
97	125
97	126
97	127
98	116
98	120
98	121
98	123
98	124
98	125
98	126
98	127
99	116
99	120
99	121
99	123
99	124
99	125
99	126
99	127
100	116
100	120
100	121
100	123
100	124
100	125
100	126
100	127
101	116
101	123
101	124
101	125
101	126
101	127
102	116
102	120
102	121
102	123
102	124
102	125
102	126
102	127
103	116
103	123
103	124
103	126
103	127
104	116
104	123
104	124
104	126
104	127
105	116
105	123
105	124
105	125
105	126
105	127
106	116
106	123
106	124
106	125
106	126
106	127
107	116
107	123
107	124
107	125
107	126
107	127
108	116
108	123
108	124
108	125
108	126
108	127
109	116
109	117
109	120
109	121
109	122
109	123
109	124
109	125
109	126
109	127
110	116
110	120
110	121
110	123
110	124
110	125
110	126
110	127
111	116
111	120
111	121
111	123
111	124
111	125
111	126
111	127
112	116
112	120
112	121
112	123
112	124
112	125
112	126
112	127
113	116
113	123
113	124
113	125
113	126
113	127
114	116
114	120
114	121
114	123
114	124
114	125
114	126
114	127
115	116
115	123
115	124
115	125
115	126
115	127
116	117
116	118
116	119
116	120
116	121
116	122
116	123
116	124
116	125
116	126
116	127
117	120
117	121
117	123
117	124
117	125
117	126
117	127
118	123
118	126
118	127
119	123
119	126
119	127
120	123
120	126
120	127
121	123
121	126
121	127
122	123
122	126
122	127
123	124
123	125
123	126
123	127
124	126
124	127
125	126
125	127