127	1096
1	19
1	20
1	28
1	40
1	91
1	116
1	123
1	126
1	127
2	19
2	20
2	28
2	40
2	91
2	116
2	123
2	126
2	127
3	19
3	20
3	28
3	40
3	91
3	116
3	123
3	126
3	127
4	19
4	20
4	28
4	40
4	91
4	116
4	123
4	126
4	127
5	19
5	20
5	28
5	40
5	91
5	116
5	123
5	126
5	127
6	19
6	20
6	28
6	40
6	91
6	116
6	123
6	126
6	127
7	19
7	20
7	28
7	40
7	91
7	116
7	123
7	126
7	127
8	19
8	20
8	28
8	40
8	91
8	116
8	123
8	126
8	127
9	19
9	20
9	28
9	40
9	91
9	116
9	123
9	126
9	127
10	19
10	20
10	28
10	40
10	91
10	116
10	123
10	126
10	127
11	19
11	20
11	28
11	40
11	91
11	116
11	123
11	126
11	127
12	19
12	20
12	28
12	40
12	91
12	116
12	123
12	126
12	127
13	19
13	20
13	28
13	40
13	91
13	116
13	123
13	126
13	127
14	19
14	20
14	28
14	40
14	91
14	116
14	123
14	126
14	127
15	19
15	20
15	28
15	40
15	91
15	116
15	123
15	126
15	127
16	19
16	20
16	28
16	40
16	91
16	116
16	123
16	126
16	127
17	19
17	20
17	28
17	40
17	91
17	116
17	123
17	126
17	127
18	19
18	20
18	28
18	40
18	91
18	116
18	123
18	126
18	127
19	21
19	22
19	23
19	24
19	25
19	26
19	27
19	28
19	29
19	30
19	31
19	32
19	33
19	34
19	35
19	36
19	37
19	38
19	39
19	40
19	41
19	42
19	43
19	44
19	45
19	46
19	47
19	48
19	49
19	50
19	51
19	52
19	53
19	54
19	55
19	56
19	57
19	58
19	59
19	60
19	61
19	62
19	63
19	64
19	65
19	66
19	67
19	68
19	69
19	70
19	71
19	72
19	73
19	74
19	75
19	76
19	77
19	78
19	79
19	80
19	81
19	82
19	83
19	84
19	85
19	86
19	87
19	88
19	89
19	90
19	91
19	92
19	93
19	94
19	95
19	96
19	97
19	98
19	99
19	100
19	101
19	102
19	103
19	104
19	105
19	106
19	107
19	108
19	109
19	110
19	111
19	112
19	113
19	114
19	115
19	116
19	117
19	118
19	119
19	120
19	121
19	122
19	123
19	124
19	125
19	126
19	127
20	21
20	22
20	23
20	24
20	25
20	26
20	27
20	28
20	29
20	30
20	31
20	32
20	33
20	34
20	35
20	36
20	37
20	38
20	39
20	40
20	41
20	42
20	43
20	44
20	45
20	46
20	47
20	48
20	49
20	50
20	51
20	52
20	53
20	54
20	55
20	56
20	57
20	58
20	59
20	60
20	61
20	62
20	63
20	64
20	65
20	66
20	67
20	68
20	69
20	70
20	71
20	72
20	73
20	74
20	75
20	76
20	77
20	78
20	79
20	80
20	81
20	82
20	83
20	84
20	85
20	86
20	87
20	88
20	89
20	90
20	91
20	92
20	93
20	94
20	95
20	96
20	97
20	98
20	99
20	100
20	101
20	102
20	103
20	104
20	105
20	106
20	107
20	108
20	109
20	110
20	111
20	112
20	113
20	114
20	115
20	116
20	117
20	118
20	119
20	120
20	121
20	122
20	123
20	124
20	125
20	126
20	127
21	28
21	40
21	91
21	116
21	123
21	126
21	127
22	28
22	40
22	91
22	116
22	123
22	126
22	127
23	28
23	40
23	91
23	116
23	123
23	126
23	127
24	28
24	40
24	91
24	116
24	123
24	126
24	127
25	28
25	40
25	91
25	116
25	123
25	126
25	127
26	28
26	40
26	91
26	116
26	123
26	126
26	127
27	28
27	40
27	91
27	116
27	123
27	126
27	127
28	29
28	30
28	31
28	32
28	33
28	34
28	35
28	36
28	37
28	38
28	39
28	40
28	41
28	42
28	43
28	44
28	45
28	46
28	47
28	48
28	49
28	50
28	51
28	52
28	53
28	54
28	55
28	56
28	57
28	58
28	59
28	60
28	61
28	62
28	63
28	64
28	65
28	66
28	67
28	68
28	69
28	70
28	71
28	72
28	73
28	74
28	75
28	76
28	77
28	78
28	79
28	80
28	81
28	82
28	83
28	84
28	85
28	86
28	87
28	88
28	89
28	90
28	91
28	92
28	93
28	94
28	95
28	96
28	97
28	98
28	99
28	100
28	101
28	102
28	103
28	104
28	105
28	106
28	107
28	108
28	109
28	110
28	111
28	112
28	113
28	114
28	115
28	116
28	117
28	118
28	119
28	120
28	121
28	122
28	123
28	124
28	125
28	126
28	127
29	40
29	91
29	116
29	123
29	126
29	127
30	40
30	91
30	116
30	123
30	126
30	127
31	40
31	91
31	116
31	123
31	126
31	127
32	40
32	91
32	116
32	123
32	126
32	127
33	40
33	91
33	116
33	123
33	126
33	127
34	40
34	91
34	116
34	123
34	126
34	127
35	40
35	91
35	116
35	123
35	126
35	127
36	40
36	91
36	116
36	123
36	126
36	127
37	40
37	91
37	116
37	123
37	126
37	127
38	40
38	91
38	116
38	123
38	126
38	127
39	40
39	91
39	116
39	123
39	126
39	127
40	41
40	42
40	43
40	44
40	45
40	46
40	47
40	48
40	49
40	50
40	51
40	52
40	53
40	54
40	55
40	56
40	57
40	58
40	59
40	60
40	61
40	62
40	63
40	64
40	65
40	66
40	67
40	68
40	69
40	70
40	71
40	72
40	73
40	74
40	75
40	76
40	77
40	78
40	79
40	80
40	81
40	82
40	83
40	84
40	85
40	86
40	87
40	88
40	89
40	90
40	91
40	92
40	93
40	94
40	95
40	96
40	97
40	98
40	99
40	100
40	101
40	102
40	103
40	104
40	105
40	106
40	107
40	108
40	109
40	110
40	111
40	112
40	113
40	114
40	115
40	116
40	117
40	118
40	119
40	120
40	121
40	122
40	123
40	124
40	125
40	126
40	127
41	91
41	116
41	123
41	126
41	127
42	91
42	116
42	123
42	126
42	127
43	91
43	116
43	123
43	126
43	127
44	91
44	116
44	123
44	126
44	127
45	91
45	116
45	123
45	126
45	127
46	91
46	116
46	123
46	126
46	127
47	91
47	116
47	123
47	126
47	127
48	91
48	116
48	123
48	126
48	127
49	91
49	116
49	123
49	126
49	127
50	91
50	116
50	123
50	126
50	127
51	91
51	116
51	123
51	126
51	127
52	91
52	116
52	123
52	126
52	127
53	91
53	116
53	123
53	126
53	127
54	91
54	116
54	123
54	126
54	127
55	91
55	116
55	123
55	126
55	127
56	91
56	116
56	123
56	126
56	127
57	91
57	116
57	123
57	126
57	127
58	91
58	116
58	123
58	126
58	127
59	91
59	116
59	123
59	126
59	127
60	91
60	116
60	123
60	126
60	127
61	91
61	116
61	123
61	126
61	127
62	91
62	116
62	123
62	126
62	127
63	91
63	116
63	123
63	126
63	127
64	91
64	116
64	123
64	126
64	127
65	91
65	116
65	123
65	126
65	127
66	91
66	116
66	123
66	126
66	127
67	91
67	116
67	123
67	126
67	127
68	91
68	116
68	123
68	126
68	127
69	91
69	116
69	123
69	126
69	127
70	91
70	116
70	123
70	126
70	127
71	91
71	116
71	123
71	126
71	127
72	91
72	116
72	123
72	126
72	127
73	91
73	116
73	123
73	126
73	127
74	91
74	116
74	123
74	126
74	127
75	91
75	116
75	123
75	126
75	127
76	91
76	116
76	123
76	126
76	127
77	91
77	116
77	123
77	126
77	127
78	91
78	116
78	123
78	126
78	127
79	91
79	116
79	123
79	126
79	127
80	91
80	116
80	123
80	126
80	127
81	91
81	116
81	123
81	126
81	127
82	91
82	116
82	123
82	126
82	127
83	91
83	116
83	123
83	126
83	127
84	91
84	116
84	123
84	126
84	127
85	91
85	116
85	123
85	126
85	127
86	91
86	116
86	123
86	126
86	127
87	91
87	116
87	123
87	126
87	127
88	91
88	116
88	123
88	126
88	127
89	91
89	116
89	123
89	126
89	127
90	91
90	116
90	123
90	126
90	127
91	92
91	93
91	94
91	95
91	96
91	97
91	98
91	99
91	100
91	101
91	102
91	103
91	104
91	105
91	106
91	107
91	108
91	109
91	110
91	111
91	112
91	113
91	114
91	115
91	116
91	117
91	118
91	119
91	120
91	121
91	122
91	123
91	124
91	125
91	126
91	127
92	116
92	123
92	126
92	127
93	116
93	123
93	126
93	127
94	116
94	123
94	126
94	127
95	116
95	123
95	126
95	127
96	116
96	123
96	126
96	127
97	116
97	123
97	126
97	127
98	116
98	123
98	126
98	127
99	116
99	123
99	126
99	127
100	116
100	123
100	126
100	127
101	116
101	123
101	126
101	127
102	116
102	123
102	126
102	127
103	116
103	123
103	126
103	127
104	116
104	123
104	126
104	127
105	116
105	123
105	126
105	127
106	116
106	123
106	126
106	127
107	116
107	123
107	126
107	127
108	116
108	123
108	126
108	127
109	116
109	123
109	126
109	127
110	116
110	123
110	126
110	127
111	116
111	123
111	126
111	127
112	116
112	123
112	126
112	127
113	116
113	123
113	126
113	127
114	116
114	123
114	126
114	127
115	116
115	123
115	126
115	127
116	117
116	118
116	119
116	120
116	121
116	122
116	123
116	124
116	125
116	126
116	127
117	123
117	126
117	127
118	123
118	126
118	127
119	123
119	126
119	127
120	123
120	126
120	127
121	123
121	126
121	127
122	123
122	126
122	127
123	124
123	125
123	126
123	127
124	126
124	127
125	126
125	127