309	1543
1	193
1	218
1	219
1	225
1	230
1	232
1	235
1	245
1	246
1	252
1	253
1	255
1	257
1	259
1	260
1	261
1	263
1	267
1	269
1	270
1	272
1	275
1	280
1	281
1	282
1	285
1	286
1	287
1	293
1	295
1	296
1	297
1	299
1	300
1	302
1	303
1	304
1	305
1	306
1	307
1	308
1	309
2	53
2	149
2	152
2	153
2	155
2	159
2	170
2	171
2	172
2	173
2	175
2	177
2	178
2	184
2	187
2	188
2	189
2	190
2	191
2	192
2	193
2	197
2	198
2	199
2	202
2	204
2	205
2	206
2	207
2	208
2	211
2	212
2	213
2	214
2	215
2	216
2	217
2	218
2	219
2	220
2	221
2	222
2	223
2	224
2	225
2	226
2	227
2	228
2	229
2	230
2	231
2	232
2	233
2	234
2	235
2	236
2	238
2	239
2	240
2	241
2	242
2	243
2	244
2	245
2	246
2	247
2	248
2	249
2	250
2	251
2	252
2	253
2	254
2	255
2	256
2	257
2	258
2	259
2	260
2	261
2	262
2	263
2	264
2	265
2	266
2	267
2	268
2	269
2	270
2	271
2	272
2	273
2	274
2	275
2	276
2	277
2	278
2	279
2	280
2	281
2	282
2	283
2	284
2	285
2	286
2	287
2	288
2	289
2	290
2	291
2	292
2	293
2	294
2	295
2	296
2	297
2	298
2	299
2	300
2	301
2	302
2	303
2	304
2	305
2	306
2	307
2	308
2	309
3	53
3	149
3	152
3	153
3	155
3	159
3	170
3	171
3	172
3	173
3	175
3	177
3	178
3	184
3	187
3	188
3	189
3	190
3	191
3	192
3	193
3	197
3	198
3	199
3	202
3	204
3	205
3	206
3	207
3	208
3	211
3	212
3	213
3	214
3	215
3	216
3	217
3	218
3	219
3	220
3	221
3	222
3	223
3	224
3	225
3	226
3	227
3	228
3	229
3	230
3	231
3	232
3	233
3	234
3	235
3	236
3	238
3	239
3	240
3	241
3	242
3	243
3	244
3	245
3	246
3	247
3	248
3	249
3	250
3	251
3	252
3	253
3	254
3	255
3	256
3	257
3	258
3	259
3	260
3	261
3	262
3	263
3	264
3	265
3	266
3	267
3	268
3	269
3	270
3	271
3	272
3	273
3	274
3	275
3	276
3	277
3	278
3	279
3	280
3	281
3	282
3	283
3	284
3	285
3	286
3	287
3	288
3	289
3	290
3	291
3	292
3	293
3	294
3	295
3	296
3	297
3	298
3	299
3	300
3	301
3	302
3	303
3	304
3	305
3	306
3	307
3	308
3	309
4	299
4	307
4	309
5	299
5	307
5	309
6	193
6	218
6	219
6	225
6	232
6	235
6	245
6	246
6	252
6	253
6	255
6	257
6	259
6	260
6	261
6	263
6	267
6	269
6	270
6	272
6	275
6	280
6	281
6	282
6	285
6	286
6	287
6	293
6	295
6	296
6	297
6	299
6	300
6	302
6	303
6	304
6	305
6	306
6	307
6	308
6	309
7	53
7	149
7	152
7	153
7	155
7	159
7	170
7	171
7	172
7	173
7	175
7	177
7	178
7	184
7	187
7	188
7	189
7	190
7	191
7	192
7	193
7	197
7	198
7	199
7	202
7	204
7	205
7	206
7	207
7	208
7	211
7	212
7	213
7	214
7	215
7	216
7	217
7	218
7	219
7	220
7	221
7	222
7	223
7	224
7	225
7	226
7	227
7	228
7	229
7	230
7	231
7	232
7	233
7	234
7	235
7	236
7	238
7	239
7	240
7	241
7	242
7	243
7	244
7	245
7	246
7	247
7	248
7	249
7	250
7	251
7	252
7	253
7	254
7	255
7	256
7	257
7	258
7	259
7	260
7	261
7	262
7	263
7	264
7	265
7	266
7	267
7	268
7	269
7	270
7	271
7	272
7	273
7	274
7	275
7	276
7	277
7	278
7	279
7	280
7	281
7	282
7	283
7	284
7	285
7	286
7	287
7	288
7	289
7	290
7	291
7	292
7	293
7	294
7	295
7	296
7	297
7	298
7	299
7	300
7	301
7	302
7	303
7	304
7	305
7	306
7	307
7	308
7	309
8	53
8	130
8	144
8	146
8	149
8	152
8	153
8	155
8	159
8	166
8	170
8	171
8	172
8	173
8	175
8	177
8	178
8	184
8	187
8	188
8	189
8	190
8	191
8	192
8	193
8	197
8	198
8	199
8	202
8	203
8	204
8	205
8	206
8	207
8	208
8	209
8	210
8	211
8	212
8	213
8	214
8	215
8	216
8	217
8	218
8	219
8	220
8	221
8	222
8	223
8	224
8	225
8	226
8	227
8	228
8	229
8	230
8	231
8	232
8	233
8	234
8	235
8	236
8	238
8	239
8	240
8	241
8	242
8	243
8	244
8	245
8	246
8	247
8	248
8	249
8	250
8	251
8	252
8	253
8	254
8	255
8	256
8	257
8	258
8	259
8	260
8	261
8	262
8	263
8	264
8	265
8	266
8	267
8	268
8	269
8	270
8	271
8	272
8	273
8	274
8	275
8	276
8	277
8	278
8	279
8	280
8	281
8	282
8	283
8	284
8	285
8	286
8	287
8	288
8	289
8	290
8	291
8	292
8	293
8	294
8	295
8	296
8	297
8	298
8	299
8	300
8	301
8	302
8	303
8	304
8	305
8	306
8	307
8	308
8	309
9	193
9	218
9	219
9	225
9	232
9	235
9	245
9	246
9	252
9	253
9	255
9	257
9	259
9	260
9	261
9	263
9	267
9	269
9	270
9	272
9	275
9	280
9	281
9	282
9	285
9	286
9	287
9	293
9	295
9	296
9	297
9	299
9	300
9	302
9	303
9	304
9	305
9	306
9	307
9	308
9	309
10	193
10	218
10	219
10	225
10	232
10	235
10	245
10	246
10	252
10	253
10	255
10	257
10	259
10	260
10	261
10	263
10	267
10	269
10	270
10	272
10	275
10	280
10	281
10	282
10	285
10	286
10	287
10	293
10	295
10	296
10	297
10	299
10	300
10	302
10	303
10	304
10	305
10	306
10	307
10	308
10	309
11	193
11	218
11	219
11	225
11	232
11	235
11	245
11	246
11	252
11	253
11	255
11	257
11	259
11	260
11	261
11	263
11	267
11	269
11	270
11	272
11	275
11	280
11	281
11	282
11	285
11	286
11	287
11	293
11	295
11	296
11	297
11	299
11	300
11	302
11	303
11	304
11	305
11	306
11	307
11	308
11	309
12	299
12	307
12	309
13	299
13	307
13	309
14	299
14	307
14	309
15	53
15	149
15	152
15	153
15	155
15	159
15	170
15	171
15	172
15	173
15	175
15	177
15	178
15	184
15	187
15	188
15	189
15	190
15	191
15	192
15	193
15	197
15	198
15	199
15	202
15	204
15	205
15	206
15	207
15	208
15	211
15	212
15	213
15	214
15	215
15	216
15	217
15	218
15	219
15	220
15	221
15	222
15	223
15	224
15	225
15	226
15	227
15	228
15	229
15	230
15	231
15	232
15	233
15	234
15	235
15	236
15	238
15	239
15	240
15	241
15	242
15	243
15	244
15	245
15	246
15	247
15	248
15	249
15	250
15	251
15	252
15	253
15	254
15	255
15	256
15	257
15	258
15	259
15	260
15	261
15	262
15	263
15	264
15	265
15	266
15	267
15	268
15	269
15	270
15	271
15	272
15	273
15	274
15	275
15	276
15	277
15	278
15	279
15	280
15	281
15	282
15	283
15	284
15	285
15	286
15	287
15	288
15	289
15	290
15	291
15	292
15	293
15	294
15	295
15	296
15	297
15	298
15	299
15	300
15	301
15	302
15	303
15	304
15	305
15	306
15	307
15	308
15	309
16	193
16	218
16	219
16	225
16	230
16	232
16	235
16	245
16	246
16	252
16	253
16	255
16	257
16	259
16	260
16	261
16	263
16	264
16	267
16	269
16	270
16	272
16	275
16	280
16	281
16	282
16	285
16	286
16	287
16	293
16	295
16	296
16	297
16	299
16	300
16	302
16	303
16	304
16	305
16	306
16	307
16	308
16	309
17	299
17	307
17	309
18	193
18	218
18	219
18	225
18	232
18	235
18	245
18	246
18	252
18	253
18	255
18	257
18	259
18	260
18	261
18	263
18	267
18	269
18	270
18	272
18	275
18	280
18	281
18	282
18	285
18	286
18	287
18	293
18	295
18	296
18	297
18	299
18	300
18	302
18	303
18	304
18	305
18	306
18	307
18	308
18	309
19	299
19	307
19	309
20	193
20	218
20	219
20	225
20	232
20	235
20	245
20	246
20	252
20	253
20	255
20	257
20	259
20	260
20	261
20	263
20	267
20	269
20	270
20	272
20	275
20	280
20	281
20	282
20	285
20	286
20	287
20	293
20	295
20	296
20	297
20	299
20	300
20	302
20	303
20	304
20	305
20	306
20	307
20	308
20	309
21	193
21	218
21	219
21	225
21	232
21	235
21	245
21	246
21	252
21	253
21	255
21	257
21	259
21	260
21	261
21	263
21	267
21	269
21	270
21	272
21	275
21	280
21	281
21	282
21	285
21	286
21	287
21	293
21	295
21	296
21	297
21	299
21	300
21	302
21	303
21	304
21	305
21	306
21	307
21	308
21	309
22	193
22	218
22	219
22	225
22	232
22	235
22	245
22	246
22	252
22	253
22	255
22	257
22	259
22	260
22	261
22	263
22	267
22	269
22	270
22	272
22	275
22	280
22	281
22	282
22	285
22	286
22	287
22	293
22	295
22	296
22	297
22	299
22	300
22	302
22	303
22	304
22	305
22	306
22	307
22	308
22	309
23	193
23	218
23	219
23	225
23	230
23	232
23	235
23	245
23	246
23	252
23	253
23	255
23	257
23	259
23	260
23	261
23	263
23	264
23	267
23	269
23	270
23	272
23	275
23	280
23	281
23	282
23	285
23	286
23	287
23	293
23	295
23	296
23	297
23	299
23	300
23	302
23	303
23	304
23	305
23	306
23	307
23	308
23	309
24	299
24	307
24	309
25	193
25	218
25	219
25	225
25	232
25	235
25	245
25	246
25	252
25	253
25	255
25	257
25	259
25	260
25	261
25	263
25	267
25	269
25	270
25	272
25	275
25	280
25	281
25	282
25	285
25	286
25	287
25	293
25	295
25	296
25	297
25	299
25	300
25	302
25	303
25	304
25	305
25	306
25	307
25	308
25	309
27	193
27	218
27	219
27	225
27	232
27	235
27	245
27	246
27	252
27	253
27	255
27	257
27	259
27	260
27	261
27	263
27	267
27	269
27	270
27	272
27	275
27	280
27	281
27	282
27	285
27	286
27	287
27	293
27	295
27	296
27	297
27	299
27	300
27	302
27	303
27	304
27	305
27	306
27	307
27	308
27	309
28	193
28	218
28	219
28	225
28	230
28	232
28	235
28	245
28	246
28	252
28	253
28	255
28	257
28	259
28	260
28	261
28	263
28	264
28	267
28	269
28	270
28	272
28	275
28	280
28	281
28	282
28	285
28	286
28	287
28	293
28	295
28	296
28	297
28	299
28	300
28	302
28	303
28	304
28	305
28	306
28	307
28	308
28	309
29	53
29	130
29	134
29	144
29	146
29	147
29	149
29	152
29	153
29	155
29	159
29	162
29	166
29	170
29	171
29	172
29	173
29	175
29	177
29	178
29	183
29	184
29	187
29	188
29	189
29	190
29	191
29	192
29	193
29	194
29	197
29	198
29	199
29	202
29	203
29	204
29	205
29	206
29	207
29	208
29	209
29	210
29	211
29	212
29	213
29	214
29	215
29	216
29	217
29	218
29	219
29	220
29	221
29	222
29	223
29	224
29	225
29	226
29	227
29	228
29	229
29	230
29	231
29	232
29	233
29	234
29	235
29	236
29	238
29	239
29	240
29	241
29	242
29	243
29	244
29	245
29	246
29	247
29	248
29	249
29	250
29	251
29	252
29	253
29	254
29	255
29	256
29	257
29	258
29	259
29	260
29	261
29	262
29	263
29	264
29	265
29	266
29	267
29	268
29	269
29	270
29	271
29	272
29	273
29	274
29	275
29	276
29	277
29	278
29	279
29	280
29	281
29	282
29	283
29	284
29	285
29	286
29	287
29	288
29	289
29	290
29	291
29	292
29	293
29	294
29	295
29	296
29	297
29	298
29	299
29	300
29	301
29	302
29	303
29	304
29	305
29	306
29	307
29	308
29	309
30	299
30	307
30	309
31	299
31	307
31	309
32	193
32	218
32	219
32	225
32	230
32	232
32	235
32	245
32	246
32	252
32	253
32	255
32	257
32	259
32	260
32	261
32	263
32	264
32	267
32	269
32	270
32	272
32	275
32	280
32	281
32	282
32	285
32	286
32	287
32	293
32	295
32	296
32	297
32	299
32	300
32	302
32	303
32	304
32	305
32	306
32	307
32	308
32	309
33	193
33	218
33	219
33	225
33	230
33	232
33	235
33	245
33	246
33	252
33	253
33	255
33	257
33	259
33	260
33	261
33	263
33	264
33	267
33	269
33	270
33	272
33	275
33	280
33	281
33	282
33	285
33	286
33	287
33	293
33	295
33	296
33	297
33	299
33	300
33	302
33	303
33	304
33	305
33	306
33	307
33	308
33	309
34	193
34	218
34	219
34	225
34	232
34	235
34	245
34	246
34	252
34	253
34	255
34	257
34	259
34	260
34	261
34	263
34	267
34	269
34	270
34	272
34	275
34	280
34	281
34	282
34	285
34	286
34	287
34	293
34	295
34	296
34	297
34	299
34	300
34	302
34	303
34	304
34	305
34	306
34	307
34	308
34	309
41	299
41	307
41	309
47	299
47	307
47	309
56	299
56	307
56	309
57	299
57	307
57	309
77	299
77	307
77	309
80	299
80	307
80	309