309	13882
1	52
1	53
1	56
1	60
1	61
1	63
1	67
1	68
1	70
1	72
1	73
1	74
1	75
1	82
1	83
1	88
1	91
1	92
1	93
1	94
1	95
1	96
1	97
1	98
1	99
1	100
1	101
1	102
1	103
1	104
1	105
1	106
1	107
1	108
1	109
1	110
1	111
1	112
1	113
1	114
1	115
1	116
1	117
1	118
1	119
1	120
1	121
1	122
1	123
1	124
1	125
1	126
1	127
1	128
1	129
1	130
1	131
1	132
1	133
1	134
1	135
1	136
1	137
1	138
1	139
1	140
1	141
1	142
1	143
1	144
1	145
1	146
1	147
1	148
1	149
1	150
1	151
1	152
1	153
1	154
1	155
1	156
1	157
1	158
1	159
1	160
1	161
1	162
1	163
1	164
1	165
1	166
1	167
1	168
1	169
1	170
1	171
1	172
1	173
1	174
1	175
1	176
1	177
1	178
1	179
1	180
1	181
1	182
1	183
1	184
1	185
1	186
1	187
1	188
1	189
1	190
1	191
1	192
1	193
1	194
1	195
1	196
1	197
1	198
1	199
1	200
1	201
1	202
1	203
1	204
1	205
1	206
1	207
1	208
1	209
1	210
1	211
1	212
1	213
1	214
1	215
1	216
1	217
1	218
1	219
1	220
1	221
1	222
1	223
1	224
1	225
1	226
1	227
1	228
1	229
1	230
1	231
1	232
1	233
1	234
1	235
1	236
1	237
1	238
1	239
1	240
1	241
1	242
1	243
1	244
1	245
1	246
1	247
1	248
1	249
1	250
1	251
1	252
1	253
1	254
1	255
1	256
1	257
1	258
1	259
1	260
1	261
1	262
1	263
1	264
1	265
1	266
1	267
1	268
1	269
1	270
1	271
1	272
1	273
1	274
1	275
1	276
1	277
1	278
1	279
1	280
1	281
1	282
1	283
1	284
1	285
1	286
1	287
1	288
1	289
1	290
1	291
1	292
1	293
1	294
1	295
1	296
1	297
1	298
1	299
1	300
1	301
1	302
1	303
1	304
1	305
1	306
1	307
1	308
1	309
2	39
2	40
2	52
2	53
2	55
2	56
2	57
2	60
2	61
2	62
2	63
2	64
2	65
2	66
2	67
2	68
2	69
2	70
2	71
2	72
2	73
2	74
2	75
2	76
2	77
2	78
2	79
2	81
2	82
2	83
2	84
2	86
2	88
2	89
2	90
2	91
2	92
2	93
2	94
2	95
2	96
2	97
2	98
2	99
2	100
2	101
2	102
2	103
2	104
2	105
2	106
2	107
2	108
2	109
2	110
2	111
2	112
2	113
2	114
2	115
2	116
2	117
2	118
2	119
2	120
2	121
2	122
2	123
2	124
2	125
2	126
2	127
2	128
2	129
2	130
2	131
2	132
2	133
2	134
2	135
2	136
2	137
2	138
2	139
2	140
2	141
2	142
2	143
2	144
2	145
2	146
2	147
2	148
2	149
2	150
2	151
2	152
2	153
2	154
2	155
2	156
2	157
2	158
2	159
2	160
2	161
2	162
2	163
2	164
2	165
2	166
2	167
2	168
2	169
2	170
2	171
2	172
2	173
2	174
2	175
2	176
2	177
2	178
2	179
2	180
2	181
2	182
2	183
2	184
2	185
2	186
2	187
2	188
2	189
2	190
2	191
2	192
2	193
2	194
2	195
2	196
2	197
2	198
2	199
2	200
2	201
2	202
2	203
2	204
2	205
2	206
2	207
2	208
2	209
2	210
2	211
2	212
2	213
2	214
2	215
2	216
2	217
2	218
2	219
2	220
2	221
2	222
2	223
2	224
2	225
2	226
2	227
2	228
2	229
2	230
2	231
2	232
2	233
2	234
2	235
2	236
2	237
2	238
2	239
2	240
2	241
2	242
2	243
2	244
2	245
2	246
2	247
2	248
2	249
2	250
2	251
2	252
2	253
2	254
2	255
2	256
2	257
2	258
2	259
2	260
2	261
2	262
2	263
2	264
2	265
2	266
2	267
2	268
2	269
2	270
2	271
2	272
2	273
2	274
2	275
2	276
2	277
2	278
2	279
2	280
2	281
2	282
2	283
2	284
2	285
2	286
2	287
2	288
2	289
2	290
2	291
2	292
2	293
2	294
2	295
2	296
2	297
2	298
2	299
2	300
2	301
2	302
2	303
2	304
2	305
2	306
2	307
2	308
2	309
3	52
3	53
3	55
3	56
3	60
3	61
3	62
3	63
3	64
3	65
3	66
3	67
3	68
3	70
3	72
3	73
3	74
3	75
3	76
3	77
3	78
3	79
3	81
3	82
3	83
3	84
3	86
3	88
3	89
3	90
3	91
3	92
3	93
3	94
3	95
3	96
3	97
3	98
3	99
3	100
3	101
3	102
3	103
3	104
3	105
3	106
3	107
3	108
3	109
3	110
3	111
3	112
3	113
3	114
3	115
3	116
3	117
3	118
3	119
3	120
3	121
3	122
3	123
3	124
3	125
3	126
3	127
3	128
3	129
3	130
3	131
3	132
3	133
3	134
3	135
3	136
3	137
3	138
3	139
3	140
3	141
3	142
3	143
3	144
3	145
3	146
3	147
3	148
3	149
3	150
3	151
3	152
3	153
3	154
3	155
3	156
3	157
3	158
3	159
3	160
3	161
3	162
3	163
3	164
3	165
3	166
3	167
3	168
3	169
3	170
3	171
3	172
3	173
3	174
3	175
3	176
3	177
3	178
3	179
3	180
3	181
3	182
3	183
3	184
3	185
3	186
3	187
3	188
3	189
3	190
3	191
3	192
3	193
3	194
3	195
3	196
3	197
3	198
3	199
3	200
3	201
3	202
3	203
3	204
3	205
3	206
3	207
3	208
3	209
3	210
3	211
3	212
3	213
3	214
3	215
3	216
3	217
3	218
3	219
3	220
3	221
3	222
3	223
3	224
3	225
3	226
3	227
3	228
3	229
3	230
3	231
3	232
3	233
3	234
3	235
3	236
3	237
3	238
3	239
3	240
3	241
3	242
3	243
3	244
3	245
3	246
3	247
3	248
3	249
3	250
3	251
3	252
3	253
3	254
3	255
3	256
3	257
3	258
3	259
3	260
3	261
3	262
3	263
3	264
3	265
3	266
3	267
3	268
3	269
3	270
3	271
3	272
3	273
3	274
3	275
3	276
3	277
3	278
3	279
3	280
3	281
3	282
3	283
3	284
3	285
3	286
3	287
3	288
3	289
3	290
3	291
3	292
3	293
3	294
3	295
3	296
3	297
3	298
3	299
3	300
3	301
3	302
3	303
3	304
3	305
3	306
3	307
3	308
3	309
4	52
4	53
4	83
4	88
4	95
4	99
4	102
4	103
4	106
4	107
4	113
4	114
4	115
4	118
4	120
4	121
4	122
4	123
4	124
4	125
4	126
4	127
4	128
4	129
4	130
4	131
4	132
4	133
4	134
4	135
4	136
4	137
4	138
4	140
4	141
4	142
4	143
4	144
4	145
4	146
4	147
4	148
4	149
4	150
4	151
4	152
4	153
4	154
4	155
4	156
4	157
4	158
4	159
4	160
4	161
4	162
4	163
4	164
4	165
4	166
4	167
4	168
4	169
4	170
4	171
4	172
4	173
4	174
4	175
4	176
4	177
4	178
4	179
4	180
4	181
4	182
4	183
4	184
4	185
4	186
4	187
4	188
4	189
4	190
4	191
4	192
4	193
4	194
4	195
4	196
4	197
4	198
4	199
4	200
4	201
4	202
4	203
4	204
4	205
4	206
4	207
4	208
4	209
4	210
4	211
4	212
4	213
4	214
4	215
4	216
4	217
4	218
4	219
4	220
4	221
4	222
4	223
4	224
4	225
4	226
4	227
4	228
4	229
4	230
4	231
4	232
4	233
4	234
4	235
4	236
4	237
4	238
4	239
4	240
4	241
4	242
4	243
4	244
4	245
4	246
4	247
4	248
4	249
4	250
4	251
4	252
4	253
4	254
4	255
4	256
4	257
4	258
4	259
4	260
4	261
4	262
4	263
4	264
4	265
4	266
4	267
4	268
4	269
4	270
4	271
4	272
4	273
4	274
4	275
4	276
4	277
4	278
4	279
4	280
4	281
4	282
4	283
4	284
4	285
4	286
4	287
4	288
4	289
4	290
4	291
4	292
4	293
4	294
4	295
4	296
4	297
4	298
4	299
4	300
4	301
4	302
4	303
4	304
4	305
4	306
4	307
4	308
4	309
5	52
5	53
5	88
5	92
5	95
5	106
5	113
5	114
5	115
5	117
5	118
5	120
5	123
5	124
5	126
5	127
5	129
5	130
5	131
5	132
5	133
5	134
5	135
5	136
5	137
5	138
5	140
5	141
5	142
5	143
5	144
5	145
5	146
5	147
5	148
5	149
5	150
5	151
5	152
5	153
5	154
5	155
5	156
5	157
5	158
5	159
5	160
5	161
5	162
5	163
5	164
5	165
5	166
5	167
5	168
5	169
5	170
5	171
5	172
5	173
5	174
5	175
5	176
5	177
5	178
5	179
5	180
5	181
5	182
5	183
5	184
5	185
5	186
5	187
5	188
5	189
5	190
5	191
5	192
5	193
5	194
5	195
5	196
5	197
5	198
5	199
5	200
5	201
5	202
5	203
5	204
5	205
5	206
5	207
5	208
5	209
5	210
5	211
5	212
5	213
5	214
5	215
5	216
5	217
5	218
5	219
5	220
5	221
5	222
5	223
5	224
5	225
5	226
5	227
5	228
5	229
5	230
5	231
5	232
5	233
5	234
5	235
5	236
5	237
5	238
5	239
5	240
5	241
5	242
5	243
5	244
5	245
5	246
5	247
5	248
5	249
5	250
5	251
5	252
5	253
5	254
5	255
5	256
5	257
5	258
5	259
5	260
5	261
5	262
5	263
5	264
5	265
5	266
5	267
5	268
5	269
5	270
5	271
5	272
5	273
5	274
5	275
5	276
5	277
5	278
5	279
5	280
5	281
5	282
5	283
5	284
5	285
5	286
5	287
5	288
5	289
5	290
5	291
5	292
5	293
5	294
5	295
5	296
5	297
5	298
5	299
5	300
5	301
5	302
5	303
5	304
5	305
5	306
5	307
5	308
5	309
6	52
6	53
6	67
6	70
6	73
6	74
6	75
6	82
6	83
6	88
6	91
6	92
6	93
6	94
6	95
6	96
6	97
6	98
6	99
6	100
6	101
6	102
6	103
6	104
6	105
6	106
6	107
6	108
6	109
6	110
6	111
6	112
6	113
6	114
6	115
6	116
6	117
6	118
6	119
6	120
6	121
6	122
6	123
6	124
6	125
6	126
6	127
6	128
6	129
6	130
6	131
6	132
6	133
6	134
6	135
6	136
6	137
6	138
6	139
6	140
6	141
6	142
6	143
6	144
6	145
6	146
6	147
6	148
6	149
6	150
6	151
6	152
6	153
6	154
6	155
6	156
6	157
6	158
6	159
6	160
6	161
6	162
6	163
6	164
6	165
6	166
6	167
6	168
6	169
6	170
6	171
6	172
6	173
6	174
6	175
6	176
6	177
6	178
6	179
6	180
6	181
6	182
6	183
6	184
6	185
6	186
6	187
6	188
6	189
6	190
6	191
6	192
6	193
6	194
6	195
6	196
6	197
6	198
6	199
6	200
6	201
6	202
6	203
6	204
6	205
6	206
6	207
6	208
6	209
6	210
6	211
6	212
6	213
6	214
6	215
6	216
6	217
6	218
6	219
6	220
6	221
6	222
6	223
6	224
6	225
6	226
6	227
6	228
6	229
6	230
6	231
6	232
6	233
6	234
6	235
6	236
6	237
6	238
6	239
6	240
6	241
6	242
6	243
6	244
6	245
6	246
6	247
6	248
6	249
6	250
6	251
6	252
6	253
6	254
6	255
6	256
6	257
6	258
6	259
6	260
6	261
6	262
6	263
6	264
6	265
6	266
6	267
6	268
6	269
6	270
6	271
6	272
6	273
6	274
6	275
6	276
6	277
6	278
6	279
6	280
6	281
6	282
6	283
6	284
6	285
6	286
6	287
6	288
6	289
6	290
6	291
6	292
6	293
6	294
6	295
6	296
6	297
6	298
6	299
6	300
6	301
6	302
6	303
6	304
6	305
6	306
6	307
6	308
6	309
7	39
7	52
7	53
7	55
7	56
7	57
7	60
7	61
7	62
7	63
7	64
7	65
7	66
7	67
7	68
7	69
7	70
7	71
7	72
7	73
7	74
7	75
7	76
7	77
7	78
7	79
7	81
7	82
7	83
7	84
7	86
7	88
7	89
7	90
7	91
7	92
7	93
7	94
7	95
7	96
7	97
7	98
7	99
7	100
7	101
7	102
7	103
7	104
7	105
7	106
7	107
7	108
7	109
7	110
7	111
7	112
7	113
7	114
7	115
7	116
7	117
7	118
7	119
7	120
7	121
7	122
7	123
7	124
7	125
7	126
7	127
7	128
7	129
7	130
7	131
7	132
7	133
7	134
7	135
7	136
7	137
7	138
7	139
7	140
7	141
7	142
7	143
7	144
7	145
7	146
7	147
7	148
7	149
7	150
7	151
7	152
7	153
7	154
7	155
7	156
7	157
7	158
7	159
7	160
7	161
7	162
7	163
7	164
7	165
7	166
7	167
7	168
7	169
7	170
7	171
7	172
7	173
7	174
7	175
7	176
7	177
7	178
7	179
7	180
7	181
7	182
7	183
7	184
7	185
7	186
7	187
7	188
7	189
7	190
7	191
7	192
7	193
7	194
7	195
7	196
7	197
7	198
7	199
7	200
7	201
7	202
7	203
7	204
7	205
7	206
7	207
7	208
7	209
7	210
7	211
7	212
7	213
7	214
7	215
7	216
7	217
7	218
7	219
7	220
7	221
7	222
7	223
7	224
7	225
7	226
7	227
7	228
7	229
7	230
7	231
7	232
7	233
7	234
7	235
7	236
7	237
7	238
7	239
7	240
7	241
7	242
7	243
7	244
7	245
7	246
7	247
7	248
7	249
7	250
7	251
7	252
7	253
7	254
7	255
7	256
7	257
7	258
7	259
7	260
7	261
7	262
7	263
7	264
7	265
7	266
7	267
7	268
7	269
7	270
7	271
7	272
7	273
7	274
7	275
7	276
7	277
7	278
7	279
7	280
7	281
7	282
7	283
7	284
7	285
7	286
7	287
7	288
7	289
7	290
7	291
7	292
7	293
7	294
7	295
7	296
7	297
7	298
7	299
7	300
7	301
7	302
7	303
7	304
7	305
7	306
7	307
7	308
7	309
8	39
8	40
8	51
8	52
8	53
8	54
8	55
8	56
8	57
8	60
8	61
8	62
8	63
8	64
8	65
8	66
8	67
8	68
8	69
8	70
8	71
8	72
8	73
8	74
8	75
8	76
8	77
8	78
8	79
8	80
8	81
8	82
8	83
8	84
8	85
8	86
8	87
8	88
8	89
8	90
8	91
8	92
8	93
8	94
8	95
8	96
8	97
8	98
8	99
8	100
8	101
8	102
8	103
8	104
8	105
8	106
8	107
8	108
8	109
8	110
8	111
8	112
8	113
8	114
8	115
8	116
8	117
8	118
8	119
8	120
8	121
8	122
8	123
8	124
8	125
8	126
8	127
8	128
8	129
8	130
8	131
8	132
8	133
8	134
8	135
8	136
8	137
8	138
8	139
8	140
8	141
8	142
8	143
8	144
8	145
8	146
8	147
8	148
8	149
8	150
8	151
8	152
8	153
8	154
8	155
8	156
8	157
8	158
8	159
8	160
8	161
8	162
8	163
8	164
8	165
8	166
8	167
8	168
8	169
8	170
8	171
8	172
8	173
8	174
8	175
8	176
8	177
8	178
8	179
8	180
8	181
8	182
8	183
8	184
8	185
8	186
8	187
8	188
8	189
8	190
8	191
8	192
8	193
8	194
8	195
8	196
8	197
8	198
8	199
8	200
8	201
8	202
8	203
8	204
8	205
8	206
8	207
8	208
8	209
8	210
8	211
8	212
8	213
8	214
8	215
8	216
8	217
8	218
8	219
8	220
8	221
8	222
8	223
8	224
8	225
8	226
8	227
8	228
8	229
8	230
8	231
8	232
8	233
8	234
8	235
8	236
8	237
8	238
8	239
8	240
8	241
8	242
8	243
8	244
8	245
8	246
8	247
8	248
8	249
8	250
8	251
8	252
8	253
8	254
8	255
8	256
8	257
8	258
8	259
8	260
8	261
8	262
8	263
8	264
8	265
8	266
8	267
8	268
8	269
8	270
8	271
8	272
8	273
8	274
8	275
8	276
8	277
8	278
8	279
8	280
8	281
8	282
8	283
8	284
8	285
8	286
8	287
8	288
8	289
8	290
8	291
8	292
8	293
8	294
8	295
8	296
8	297
8	298
8	299
8	300
8	301
8	302
8	303
8	304
8	305
8	306
8	307
8	308
8	309
9	52
9	53
9	65
9	67
9	70
9	73
9	74
9	75
9	77
9	81
9	82
9	83
9	84
9	86
9	88
9	89
9	90
9	91
9	92
9	93
9	94
9	95
9	96
9	97
9	98
9	99
9	100
9	101
9	102
9	103
9	104
9	105
9	106
9	107
9	108
9	109
9	110
9	111
9	112
9	113
9	114
9	115
9	116
9	117
9	118
9	119
9	120
9	121
9	122
9	123
9	124
9	125
9	126
9	127
9	128
9	129
9	130
9	131
9	132
9	133
9	134
9	135
9	136
9	137
9	138
9	139
9	140
9	141
9	142
9	143
9	144
9	145
9	146
9	147
9	148
9	149
9	150
9	151
9	152
9	153
9	154
9	155
9	156
9	157
9	158
9	159
9	160
9	161
9	162
9	163
9	164
9	165
9	166
9	167
9	168
9	169
9	170
9	171
9	172
9	173
9	174
9	175
9	176
9	177
9	178
9	179
9	180
9	181
9	182
9	183
9	184
9	185
9	186
9	187
9	188
9	189
9	190
9	191
9	192
9	193
9	194
9	195
9	196
9	197
9	198
9	199
9	200
9	201
9	202
9	203
9	204
9	205
9	206
9	207
9	208
9	209
9	210
9	211
9	212
9	213
9	214
9	215
9	216
9	217
9	218
9	219
9	220
9	221
9	222
9	223
9	224
9	225
9	226
9	227
9	228
9	229
9	230
9	231
9	232
9	233
9	234
9	235
9	236
9	237
9	238
9	239
9	240
9	241
9	242
9	243
9	244
9	245
9	246
9	247
9	248
9	249
9	250
9	251
9	252
9	253
9	254
9	255
9	256
9	257
9	258
9	259
9	260
9	261
9	262
9	263
9	264
9	265
9	266
9	267
9	268
9	269
9	270
9	271
9	272
9	273
9	274
9	275
9	276
9	277
9	278
9	279
9	280
9	281
9	282
9	283
9	284
9	285
9	286
9	287
9	288
9	289
9	290
9	291
9	292
9	293
9	294
9	295
9	296
9	297
9	298
9	299
9	300
9	301
9	302
9	303
9	304
9	305
9	306
9	307
9	308
9	309
10	52
10	53
10	65
10	67
10	70
10	73
10	74
10	75
10	77
10	81
10	82
10	83
10	84
10	86
10	88
10	89
10	90
10	91
10	92
10	93
10	94
10	95
10	96
10	97
10	98
10	99
10	100
10	101
10	102
10	103
10	104
10	105
10	106
10	107
10	108
10	109
10	110
10	111
10	112
10	113
10	114
10	115
10	116
10	117
10	118
10	119
10	120
10	121
10	122
10	123
10	124
10	125
10	126
10	127
10	128
10	129
10	130
10	131
10	132
10	133
10	134
10	135
10	136
10	137
10	138
10	139
10	140
10	141
10	142
10	143
10	144
10	145
10	146
10	147
10	148
10	149
10	150
10	151
10	152
10	153
10	154
10	155
10	156
10	157
10	158
10	159
10	160
10	161
10	162
10	163
10	164
10	165
10	166
10	167
10	168
10	169
10	170
10	171
10	172
10	173
10	174
10	175
10	176
10	177
10	178
10	179
10	180
10	181
10	182
10	183
10	184
10	185
10	186
10	187
10	188
10	189
10	190
10	191
10	192
10	193
10	194
10	195
10	196
10	197
10	198
10	199
10	200
10	201
10	202
10	203
10	204
10	205
10	206
10	207
10	208
10	209
10	210
10	211
10	212
10	213
10	214
10	215
10	216
10	217
10	218
10	219
10	220
10	221
10	222
10	223
10	224
10	225
10	226
10	227
10	228
10	229
10	230
10	231
10	232
10	233
10	234
10	235
10	236
10	237
10	238
10	239
10	240
10	241
10	242
10	243
10	244
10	245
10	246
10	247
10	248
10	249
10	250
10	251
10	252
10	253
10	254
10	255
10	256
10	257
10	258
10	259
10	260
10	261
10	262
10	263
10	264
10	265
10	266
10	267
10	268
10	269
10	270
10	271
10	272
10	273
10	274
10	275
10	276
10	277
10	278
10	279
10	280
10	281
10	282
10	283
10	284
10	285
10	286
10	287
10	288
10	289
10	290
10	291
10	292
10	293
10	294
10	295
10	296
10	297
10	298
10	299
10	300
10	301
10	302
10	303
10	304
10	305
10	306
10	307
10	308
10	309
11	52
11	53
11	65
11	67
11	70
11	73
11	74
11	75
11	77
11	81
11	82
11	83
11	84
11	86
11	88
11	89
11	90
11	91
11	92
11	93
11	94
11	95
11	96
11	97
11	98
11	99
11	100
11	101
11	102
11	103
11	104
11	105
11	106
11	107
11	108
11	109
11	110
11	111
11	112
11	113
11	114
11	115
11	116
11	117
11	118
11	119
11	120
11	121
11	122
11	123
11	124
11	125
11	126
11	127
11	128
11	129
11	130
11	131
11	132
11	133
11	134
11	135
11	136
11	137
11	138
11	139
11	140
11	141
11	142
11	143
11	144
11	145
11	146
11	147
11	148
11	149
11	150
11	151
11	152
11	153
11	154
11	155
11	156
11	157
11	158
11	159
11	160
11	161
11	162
11	163
11	164
11	165
11	166
11	167
11	168
11	169
11	170
11	171
11	172
11	173
11	174
11	175
11	176
11	177
11	178
11	179
11	180
11	181
11	182
11	183
11	184
11	185
11	186
11	187
11	188
11	189
11	190
11	191
11	192
11	193
11	194
11	195
11	196
11	197
11	198
11	199
11	200
11	201
11	202
11	203
11	204
11	205
11	206
11	207
11	208
11	209
11	210
11	211
11	212
11	213
11	214
11	215
11	216
11	217
11	218
11	219
11	220
11	221
11	222
11	223
11	224
11	225
11	226
11	227
11	228
11	229
11	230
11	231
11	232
11	233
11	234
11	235
11	236
11	237
11	238
11	239
11	240
11	241
11	242
11	243
11	244
11	245
11	246
11	247
11	248
11	249
11	250
11	251
11	252
11	253
11	254
11	255
11	256
11	257
11	258
11	259
11	260
11	261
11	262
11	263
11	264
11	265
11	266
11	267
11	268
11	269
11	270
11	271
11	272
11	273
11	274
11	275
11	276
11	277
11	278
11	279
11	280
11	281
11	282
11	283
11	284
11	285
11	286
11	287
11	288
11	289
11	290
11	291
11	292
11	293
11	294
11	295
11	296
11	297
11	298
11	299
11	300
11	301
11	302
11	303
11	304
11	305
11	306
11	307
11	308
11	309
12	52
12	53
12	83
12	88
12	91
12	95
12	99
12	102
12	103
12	106
12	107
12	113
12	114
12	115
12	118
12	120
12	121
12	122
12	123
12	124
12	125
12	126
12	127
12	128
12	129
12	130
12	131
12	132
12	133
12	134
12	135
12	136
12	137
12	138
12	140
12	141
12	142
12	143
12	144
12	145
12	146
12	147
12	148
12	149
12	150
12	151
12	152
12	153
12	154
12	155
12	156
12	157
12	158
12	159
12	160
12	161
12	162
12	163
12	164
12	165
12	166
12	167
12	168
12	169
12	170
12	171
12	172
12	173
12	174
12	175
12	176
12	177
12	178
12	179
12	180
12	181
12	182
12	183
12	184
12	185
12	186
12	187
12	188
12	189
12	190
12	191
12	192
12	193
12	194
12	195
12	196
12	197
12	198
12	199
12	200
12	201
12	202
12	203
12	204
12	205
12	206
12	207
12	208
12	209
12	210
12	211
12	212
12	213
12	214
12	215
12	216
12	217
12	218
12	219
12	220
12	221
12	222
12	223
12	224
12	225
12	226
12	227
12	228
12	229
12	230
12	231
12	232
12	233
12	234
12	235
12	236
12	237
12	238
12	239
12	240
12	241
12	242
12	243
12	244
12	245
12	246
12	247
12	248
12	249
12	250
12	251
12	252
12	253
12	254
12	255
12	256
12	257
12	258
12	259
12	260
12	261
12	262
12	263
12	264
12	265
12	266
12	267
12	268
12	269
12	270
12	271
12	272
12	273
12	274
12	275
12	276
12	277
12	278
12	279
12	280
12	281
12	282
12	283
12	284
12	285
12	286
12	287
12	288
12	289
12	290
12	291
12	292
12	293
12	294
12	295
12	296
12	297
12	298
12	299
12	300
12	301
12	302
12	303
12	304
12	305
12	306
12	307
12	308
12	309
13	52
13	53
13	83
13	84
13	88
13	90
13	95
13	99
13	102
13	103
13	106
13	107
13	113
13	114
13	115
13	118
13	120
13	121
13	122
13	123
13	124
13	125
13	126
13	127
13	128
13	129
13	130
13	131
13	132
13	133
13	134
13	135
13	136
13	137
13	138
13	140
13	141
13	142
13	143
13	144
13	145
13	146
13	147
13	148
13	149
13	150
13	151
13	152
13	153
13	154
13	155
13	156
13	157
13	158
13	159
13	160
13	161
13	162
13	163
13	164
13	165
13	166
13	167
13	168
13	169
13	170
13	171
13	172
13	173
13	174
13	175
13	176
13	177
13	178
13	179
13	180
13	181
13	182
13	183
13	184
13	185
13	186
13	187
13	188
13	189
13	190
13	191
13	192
13	193
13	194
13	195
13	196
13	197
13	198
13	199
13	200
13	201
13	202
13	203
13	204
13	205
13	206
13	207
13	208
13	209
13	210
13	211
13	212
13	213
13	214
13	215
13	216
13	217
13	218
13	219
13	220
13	221
13	222
13	223
13	224
13	225
13	226
13	227
13	228
13	229
13	230
13	231
13	232
13	233
13	234
13	235
13	236
13	237
13	238
13	239
13	240
13	241
13	242
13	243
13	244
13	245
13	246
13	247
13	248
13	249
13	250
13	251
13	252
13	253
13	254
13	255
13	256
13	257
13	258
13	259
13	260
13	261
13	262
13	263
13	264
13	265
13	266
13	267
13	268
13	269
13	270
13	271
13	272
13	273
13	274
13	275
13	276
13	277
13	278
13	279
13	280
13	281
13	282
13	283
13	284
13	285
13	286
13	287
13	288
13	289
13	290
13	291
13	292
13	293
13	294
13	295
13	296
13	297
13	298
13	299
13	300
13	301
13	302
13	303
13	304
13	305
13	306
13	307
13	308
13	309
14	52
14	53
14	83
14	88
14	90
14	91
14	95
14	99
14	102
14	103
14	106
14	107
14	113
14	114
14	115
14	118
14	120
14	121
14	122
14	123
14	124
14	125
14	126
14	127
14	128
14	129
14	130
14	131
14	132
14	133
14	134
14	135
14	136
14	137
14	138
14	140
14	141
14	142
14	143
14	144
14	145
14	146
14	147
14	148
14	149
14	150
14	151
14	152
14	153
14	154
14	155
14	156
14	157
14	158
14	159
14	160
14	161
14	162
14	163
14	164
14	165
14	166
14	167
14	168
14	169
14	170
14	171
14	172
14	173
14	174
14	175
14	176
14	177
14	178
14	179
14	180
14	181
14	182
14	183
14	184
14	185
14	186
14	187
14	188
14	189
14	190
14	191
14	192
14	193
14	194
14	195
14	196
14	197
14	198
14	199
14	200
14	201
14	202
14	203
14	204
14	205
14	206
14	207
14	208
14	209
14	210
14	211
14	212
14	213
14	214
14	215
14	216
14	217
14	218
14	219
14	220
14	221
14	222
14	223
14	224
14	225
14	226
14	227
14	228
14	229
14	230
14	231
14	232
14	233
14	234
14	235
14	236
14	237
14	238
14	239
14	240
14	241
14	242
14	243
14	244
14	245
14	246
14	247
14	248
14	249
14	250
14	251
14	252
14	253
14	254
14	255
14	256
14	257
14	258
14	259
14	260
14	261
14	262
14	263
14	264
14	265
14	266
14	267
14	268
14	269
14	270
14	271
14	272
14	273
14	274
14	275
14	276
14	277
14	278
14	279
14	280
14	281
14	282
14	283
14	284
14	285
14	286
14	287
14	288
14	289
14	290
14	291
14	292
14	293
14	294
14	295
14	296
14	297
14	298
14	299
14	300
14	301
14	302
14	303
14	304
14	305
14	306
14	307
14	308
14	309
15	39
15	40
15	52
15	53
15	55
15	56
15	57
15	60
15	61
15	62
15	63
15	64
15	65
15	66
15	67
15	68
15	69
15	70
15	71
15	72
15	73
15	74
15	75
15	76
15	77
15	78
15	79
15	81
15	82
15	83
15	84
15	86
15	88
15	89
15	90
15	91
15	92
15	93
15	94
15	95
15	96
15	97
15	98
15	99
15	100
15	101
15	102
15	103
15	104
15	105
15	106
15	107
15	108
15	109
15	110
15	111
15	112
15	113
15	114
15	115
15	116
15	117
15	118
15	119
15	120
15	121
15	122
15	123
15	124
15	125
15	126
15	127
15	128
15	129
15	130
15	131
15	132
15	133
15	134
15	135
15	136
15	137
15	138
15	139
15	140
15	141
15	142
15	143
15	144
15	145
15	146
15	147
15	148
15	149
15	150
15	151
15	152
15	153
15	154
15	155
15	156
15	157
15	158
15	159
15	160
15	161
15	162
15	163
15	164
15	165
15	166
15	167
15	168
15	169
15	170
15	171
15	172
15	173
15	174
15	175
15	176
15	177
15	178
15	179
15	180
15	181
15	182
15	183
15	184
15	185
15	186
15	187
15	188
15	189
15	190
15	191
15	192
15	193
15	194
15	195
15	196
15	197
15	198
15	199
15	200
15	201
15	202
15	203
15	204
15	205
15	206
15	207
15	208
15	209
15	210
15	211
15	212
15	213
15	214
15	215
15	216
15	217
15	218
15	219
15	220
15	221
15	222
15	223
15	224
15	225
15	226
15	227
15	228
15	229
15	230
15	231
15	232
15	233
15	234
15	235
15	236
15	237
15	238
15	239
15	240
15	241
15	242
15	243
15	244
15	245
15	246
15	247
15	248
15	249
15	250
15	251
15	252
15	253
15	254
15	255
15	256
15	257
15	258
15	259
15	260
15	261
15	262
15	263
15	264
15	265
15	266
15	267
15	268
15	269
15	270
15	271
15	272
15	273
15	274
15	275
15	276
15	277
15	278
15	279
15	280
15	281
15	282
15	283
15	284
15	285
15	286
15	287
15	288
15	289
15	290
15	291
15	292
15	293
15	294
15	295
15	296
15	297
15	298
15	299
15	300
15	301
15	302
15	303
15	304
15	305
15	306
15	307
15	308
15	309
16	52
16	53
16	56
16	57
16	60
16	61
16	63
16	65
16	67
16	68
16	70
16	71
16	72
16	73
16	74
16	75
16	77
16	79
16	81
16	82
16	83
16	84
16	86
16	88
16	89
16	90
16	91
16	92
16	93
16	94
16	95
16	96
16	97
16	98
16	99
16	100
16	101
16	102
16	103
16	104
16	105
16	106
16	107
16	108
16	109
16	110
16	111
16	112
16	113
16	114
16	115
16	116
16	117
16	118
16	119
16	120
16	121
16	122
16	123
16	124
16	125
16	126
16	127
16	128
16	129
16	130
16	131
16	132
16	133
16	134
16	135
16	136
16	137
16	138
16	139
16	140
16	141
16	142
16	143
16	144
16	145
16	146
16	147
16	148
16	149
16	150
16	151
16	152
16	153
16	154
16	155
16	156
16	157
16	158
16	159
16	160
16	161
16	162
16	163
16	164
16	165
16	166
16	167
16	168
16	169
16	170
16	171
16	172
16	173
16	174
16	175
16	176
16	177
16	178
16	179
16	180
16	181
16	182
16	183
16	184
16	185
16	186
16	187
16	188
16	189
16	190
16	191
16	192
16	193
16	194
16	195
16	196
16	197
16	198
16	199
16	200
16	201
16	202
16	203
16	204
16	205
16	206
16	207
16	208
16	209
16	210
16	211
16	212
16	213
16	214
16	215
16	216
16	217
16	218
16	219
16	220
16	221
16	222
16	223
16	224
16	225
16	226
16	227
16	228
16	229
16	230
16	231
16	232
16	233
16	234
16	235
16	236
16	237
16	238
16	239
16	240
16	241
16	242
16	243
16	244
16	245
16	246
16	247
16	248
16	249
16	250
16	251
16	252
16	253
16	254
16	255
16	256
16	257
16	258
16	259
16	260
16	261
16	262
16	263
16	264
16	265
16	266
16	267
16	268
16	269
16	270
16	271
16	272
16	273
16	274
16	275
16	276
16	277
16	278
16	279
16	280
16	281
16	282
16	283
16	284
16	285
16	286
16	287
16	288
16	289
16	290
16	291
16	292
16	293
16	294
16	295
16	296
16	297
16	298
16	299
16	300
16	301
16	302
16	303
16	304
16	305
16	306
16	307
16	308
16	309
17	52
17	53
17	82
17	83
17	88
17	92
17	95
17	97
17	99
17	102
17	103
17	106
17	107
17	113
17	114
17	115
17	117
17	118
17	120
17	121
17	122
17	123
17	124
17	125
17	126
17	127
17	128
17	129
17	130
17	131
17	132
17	133
17	134
17	135
17	136
17	137
17	138
17	140
17	141
17	142
17	143
17	144
17	145
17	146
17	147
17	148
17	149
17	150
17	151
17	152
17	153
17	154
17	155
17	156
17	157
17	158
17	159
17	160
17	161
17	162
17	163
17	164
17	165
17	166
17	167
17	168
17	169
17	170
17	171
17	172
17	173
17	174
17	175
17	176
17	177
17	178
17	179
17	180
17	181
17	182
17	183
17	184
17	185
17	186
17	187
17	188
17	189
17	190
17	191
17	192
17	193
17	194
17	195
17	196
17	197
17	198
17	199
17	200
17	201
17	202
17	203
17	204
17	205
17	206
17	207
17	208
17	209
17	210
17	211
17	212
17	213
17	214
17	215
17	216
17	217
17	218
17	219
17	220
17	221
17	222
17	223
17	224
17	225
17	226
17	227
17	228
17	229
17	230
17	231
17	232
17	233
17	234
17	235
17	236
17	237
17	238
17	239
17	240
17	241
17	242
17	243
17	244
17	245
17	246
17	247
17	248
17	249
17	250
17	251
17	252
17	253
17	254
17	255
17	256
17	257
17	258
17	259
17	260
17	261
17	262
17	263
17	264
17	265
17	266
17	267
17	268
17	269
17	270
17	271
17	272
17	273
17	274
17	275
17	276
17	277
17	278
17	279
17	280
17	281
17	282
17	283
17	284
17	285
17	286
17	287
17	288
17	289
17	290
17	291
17	292
17	293
17	294
17	295
17	296
17	297
17	298
17	299
17	300
17	301
17	302
17	303
17	304
17	305
17	306
17	307
17	308
17	309
18	52
18	53
18	67
18	70
18	73
18	74
18	75
18	82
18	83
18	88
18	91
18	92
18	93
18	94
18	95
18	96
18	97
18	98
18	99
18	100
18	101
18	102
18	103
18	104
18	105
18	106
18	107
18	108
18	109
18	110
18	111
18	112
18	113
18	114
18	115
18	116
18	117
18	118
18	119
18	120
18	121
18	122
18	123
18	124
18	125
18	126
18	127
18	128
18	129
18	130
18	131
18	132
18	133
18	134
18	135
18	136
18	137
18	138
18	139
18	140
18	141
18	142
18	143
18	144
18	145
18	146
18	147
18	148
18	149
18	150
18	151
18	152
18	153
18	154
18	155
18	156
18	157
18	158
18	159
18	160
18	161
18	162
18	163
18	164
18	165
18	166
18	167
18	168
18	169
18	170
18	171
18	172
18	173
18	174
18	175
18	176
18	177
18	178
18	179
18	180
18	181
18	182
18	183
18	184
18	185
18	186
18	187
18	188
18	189
18	190
18	191
18	192
18	193
18	194
18	195
18	196
18	197
18	198
18	199
18	200
18	201
18	202
18	203
18	204
18	205
18	206
18	207
18	208
18	209
18	210
18	211
18	212
18	213
18	214
18	215
18	216
18	217
18	218
18	219
18	220
18	221
18	222
18	223
18	224
18	225
18	226
18	227
18	228
18	229
18	230
18	231
18	232
18	233
18	234
18	235
18	236
18	237
18	238
18	239
18	240
18	241
18	242
18	243
18	244
18	245
18	246
18	247
18	248
18	249
18	250
18	251
18	252
18	253
18	254
18	255
18	256
18	257
18	258
18	259
18	260
18	261
18	262
18	263
18	264
18	265
18	266
18	267
18	268
18	269
18	270
18	271
18	272
18	273
18	274
18	275
18	276
18	277
18	278
18	279
18	280
18	281
18	282
18	283
18	284
18	285
18	286
18	287
18	288
18	289
18	290
18	291
18	292
18	293
18	294
18	295
18	296
18	297
18	298
18	299
18	300
18	301
18	302
18	303
18	304
18	305
18	306
18	307
18	308
18	309
19	52
19	53
19	77
19	81
19	82
19	83
19	84
19	88
19	90
19	92
19	95
19	97
19	99
19	102
19	103
19	106
19	107
19	113
19	114
19	115
19	117
19	118
19	120
19	121
19	122
19	123
19	124
19	125
19	126
19	127
19	128
19	129
19	130
19	131
19	132
19	133
19	134
19	135
19	136
19	137
19	138
19	140
19	141
19	142
19	143
19	144
19	145
19	146
19	147
19	148
19	149
19	150
19	151
19	152
19	153
19	154
19	155
19	156
19	157
19	158
19	159
19	160
19	161
19	162
19	163
19	164
19	165
19	166
19	167
19	168
19	169
19	170
19	171
19	172
19	173
19	174
19	175
19	176
19	177
19	178
19	179
19	180
19	181
19	182
19	183
19	184
19	185
19	186
19	187
19	188
19	189
19	190
19	191
19	192
19	193
19	194
19	195
19	196
19	197
19	198
19	199
19	200
19	201
19	202
19	203
19	204
19	205
19	206
19	207
19	208
19	209
19	210
19	211
19	212
19	213
19	214
19	215
19	216
19	217
19	218
19	219
19	220
19	221
19	222
19	223
19	224
19	225
19	226
19	227
19	228
19	229
19	230
19	231
19	232
19	233
19	234
19	235
19	236
19	237
19	238
19	239
19	240
19	241
19	242
19	243
19	244
19	245
19	246
19	247
19	248
19	249
19	250
19	251
19	252
19	253
19	254
19	255
19	256
19	257
19	258
19	259
19	260
19	261
19	262
19	263
19	264
19	265
19	266
19	267
19	268
19	269
19	270
19	271
19	272
19	273
19	274
19	275
19	276
19	277
19	278
19	279
19	280
19	281
19	282
19	283
19	284
19	285
19	286
19	287
19	288
19	289
19	290
19	291
19	292
19	293
19	294
19	295
19	296
19	297
19	298
19	299
19	300
19	301
19	302
19	303
19	304
19	305
19	306
19	307
19	308
19	309
20	51
20	52
20	53
20	57
20	65
20	67
20	70
20	73
20	74
20	75
20	77
20	80
20	81
20	82
20	83
20	84
20	85
20	86
20	87
20	88
20	89
20	90
20	91
20	92
20	93
20	94
20	95
20	96
20	97
20	98
20	99
20	100
20	101
20	102
20	103
20	104
20	105
20	106
20	107
20	108
20	109
20	110
20	111
20	112
20	113
20	114
20	115
20	116
20	117
20	118
20	119
20	120
20	121
20	122
20	123
20	124
20	125
20	126
20	127
20	128
20	129
20	130
20	131
20	132
20	133
20	134
20	135
20	136
20	137
20	138
20	139
20	140
20	141
20	142
20	143
20	144
20	145
20	146
20	147
20	148
20	149
20	150
20	151
20	152
20	153
20	154
20	155
20	156
20	157
20	158
20	159
20	160
20	161
20	162
20	163
20	164
20	165
20	166
20	167
20	168
20	169
20	170
20	171
20	172
20	173
20	174
20	175
20	176
20	177
20	178
20	179
20	180
20	181
20	182
20	183
20	184
20	185
20	186
20	187
20	188
20	189
20	190
20	191
20	192
20	193
20	194
20	195
20	196
20	197
20	198
20	199
20	200
20	201
20	202
20	203
20	204
20	205
20	206
20	207
20	208
20	209
20	210
20	211
20	212
20	213
20	214
20	215
20	216
20	217
20	218
20	219
20	220
20	221
20	222
20	223
20	224
20	225
20	226
20	227
20	228
20	229
20	230
20	231
20	232
20	233
20	234
20	235
20	236
20	237
20	238
20	239
20	240
20	241
20	242
20	243
20	244
20	245
20	246
20	247
20	248
20	249
20	250
20	251
20	252
20	253
20	254
20	255
20	256
20	257
20	258
20	259
20	260
20	261
20	262
20	263
20	264
20	265
20	266
20	267
20	268
20	269
20	270
20	271
20	272
20	273
20	274
20	275
20	276
20	277
20	278
20	279
20	280
20	281
20	282
20	283
20	284
20	285
20	286
20	287
20	288
20	289
20	290
20	291
20	292
20	293
20	294
20	295
20	296
20	297
20	298
20	299
20	300
20	301
20	302
20	303
20	304
20	305
20	306
20	307
20	308
20	309
21	52
21	53
21	67
21	70
21	73
21	74
21	75
21	82
21	83
21	88
21	91
21	92
21	93
21	94
21	95
21	96
21	97
21	98
21	99
21	100
21	101
21	102
21	103
21	104
21	105
21	106
21	107
21	108
21	109
21	110
21	111
21	112
21	113
21	114
21	115
21	116
21	117
21	118
21	119
21	120
21	121
21	122
21	123
21	124
21	125
21	126
21	127
21	128
21	129
21	130
21	131
21	132
21	133
21	134
21	135
21	136
21	137
21	138
21	139
21	140
21	141
21	142
21	143
21	144
21	145
21	146
21	147
21	148
21	149
21	150
21	151
21	152
21	153
21	154
21	155
21	156
21	157
21	158
21	159
21	160
21	161
21	162
21	163
21	164
21	165
21	166
21	167
21	168
21	169
21	170
21	171
21	172
21	173
21	174
21	175
21	176
21	177
21	178
21	179
21	180
21	181
21	182
21	183
21	184
21	185
21	186
21	187
21	188
21	189
21	190
21	191
21	192
21	193
21	194
21	195
21	196
21	197
21	198
21	199
21	200
21	201
21	202
21	203
21	204
21	205
21	206
21	207
21	208
21	209
21	210
21	211
21	212
21	213
21	214
21	215
21	216
21	217
21	218
21	219
21	220
21	221
21	222
21	223
21	224
21	225
21	226
21	227
21	228
21	229
21	230
21	231
21	232
21	233
21	234
21	235
21	236
21	237
21	238
21	239
21	240
21	241
21	242
21	243
21	244
21	245
21	246
21	247
21	248
21	249
21	250
21	251
21	252
21	253
21	254
21	255
21	256
21	257
21	258
21	259
21	260
21	261
21	262
21	263
21	264
21	265
21	266
21	267
21	268
21	269
21	270
21	271
21	272
21	273
21	274
21	275
21	276
21	277
21	278
21	279
21	280
21	281
21	282
21	283
21	284
21	285
21	286
21	287
21	288
21	289
21	290
21	291
21	292
21	293
21	294
21	295
21	296
21	297
21	298
21	299
21	300
21	301
21	302
21	303
21	304
21	305
21	306
21	307
21	308
21	309
22	52
22	53
22	65
22	67
22	70
22	73
22	74
22	75
22	77
22	81
22	82
22	83
22	84
22	86
22	88
22	89
22	90
22	91
22	92
22	93
22	94
22	95
22	96
22	97
22	98
22	99
22	100
22	101
22	102
22	103
22	104
22	105
22	106
22	107
22	108
22	109
22	110
22	111
22	112
22	113
22	114
22	115
22	116
22	117
22	118
22	119
22	120
22	121
22	122
22	123
22	124
22	125
22	126
22	127
22	128
22	129
22	130
22	131
22	132
22	133
22	134
22	135
22	136
22	137
22	138
22	139
22	140
22	141
22	142
22	143
22	144
22	145
22	146
22	147
22	148
22	149
22	150
22	151
22	152
22	153
22	154
22	155
22	156
22	157
22	158
22	159
22	160
22	161
22	162
22	163
22	164
22	165
22	166
22	167
22	168
22	169
22	170
22	171
22	172
22	173
22	174
22	175
22	176
22	177
22	178
22	179
22	180
22	181
22	182
22	183
22	184
22	185
22	186
22	187
22	188
22	189
22	190
22	191
22	192
22	193
22	194
22	195
22	196
22	197
22	198
22	199
22	200
22	201
22	202
22	203
22	204
22	205
22	206
22	207
22	208
22	209
22	210
22	211
22	212
22	213
22	214
22	215
22	216
22	217
22	218
22	219
22	220
22	221
22	222
22	223
22	224
22	225
22	226
22	227
22	228
22	229
22	230
22	231
22	232
22	233
22	234
22	235
22	236
22	237
22	238
22	239
22	240
22	241
22	242
22	243
22	244
22	245
22	246
22	247
22	248
22	249
22	250
22	251
22	252
22	253
22	254
22	255
22	256
22	257
22	258
22	259
22	260
22	261
22	262
22	263
22	264
22	265
22	266
22	267
22	268
22	269
22	270
22	271
22	272
22	273
22	274
22	275
22	276
22	277
22	278
22	279
22	280
22	281
22	282
22	283
22	284
22	285
22	286
22	287
22	288
22	289
22	290
22	291
22	292
22	293
22	294
22	295
22	296
22	297
22	298
22	299
22	300
22	301
22	302
22	303
22	304
22	305
22	306
22	307
22	308
22	309
23	52
23	53
23	56
23	60
23	61
23	63
23	65
23	67
23	68
23	70
23	72
23	73
23	74
23	75
23	77
23	79
23	81
23	82
23	83
23	84
23	86
23	88
23	89
23	90
23	91
23	92
23	93
23	94
23	95
23	96
23	97
23	98
23	99
23	100
23	101
23	102
23	103
23	104
23	105
23	106
23	107
23	108
23	109
23	110
23	111
23	112
23	113
23	114
23	115
23	116
23	117
23	118
23	119
23	120
23	121
23	122
23	123
23	124
23	125
23	126
23	127
23	128
23	129
23	130
23	131
23	132
23	133
23	134
23	135
23	136
23	137
23	138
23	139
23	140
23	141
23	142
23	143
23	144
23	145
23	146
23	147
23	148
23	149
23	150
23	151
23	152
23	153
23	154
23	155
23	156
23	157
23	158
23	159
23	160
23	161
23	162
23	163
23	164
23	165
23	166
23	167
23	168
23	169
23	170
23	171
23	172
23	173
23	174
23	175
23	176
23	177
23	178
23	179
23	180
23	181
23	182
23	183
23	184
23	185
23	186
23	187
23	188
23	189
23	190
23	191
23	192
23	193
23	194
23	195
23	196
23	197
23	198
23	199
23	200
23	201
23	202
23	203
23	204
23	205
23	206
23	207
23	208
23	209
23	210
23	211
23	212
23	213
23	214
23	215
23	216
23	217
23	218
23	219
23	220
23	221
23	222
23	223
23	224
23	225
23	226
23	227
23	228
23	229
23	230
23	231
23	232
23	233
23	234
23	235
23	236
23	237
23	238
23	239
23	240
23	241
23	242
23	243
23	244
23	245
23	246
23	247
23	248
23	249
23	250
23	251
23	252
23	253
23	254
23	255
23	256
23	257
23	258
23	259
23	260
23	261
23	262
23	263
23	264
23	265
23	266
23	267
23	268
23	269
23	270
23	271
23	272
23	273
23	274
23	275
23	276
23	277
23	278
23	279
23	280
23	281
23	282
23	283
23	284
23	285
23	286
23	287
23	288
23	289
23	290
23	291
23	292
23	293
23	294
23	295
23	296
23	297
23	298
23	299
23	300
23	301
23	302
23	303
23	304
23	305
23	306
23	307
23	308
23	309
24	52
24	53
24	60
24	68
24	82
24	83
24	88
24	92
24	95
24	97
24	99
24	102
24	103
24	106
24	107
24	113
24	114
24	115
24	117
24	118
24	120
24	121
24	122
24	123
24	124
24	125
24	126
24	127
24	128
24	129
24	130
24	131
24	132
24	133
24	134
24	135
24	136
24	137
24	138
24	140
24	141
24	142
24	143
24	144
24	145
24	146
24	147
24	148
24	149
24	150
24	151
24	152
24	153
24	154
24	155
24	156
24	157
24	158
24	159
24	160
24	161
24	162
24	163
24	164
24	165
24	166
24	167
24	168
24	169
24	170
24	171
24	172
24	173
24	174
24	175
24	176
24	177
24	178
24	179
24	180
24	181
24	182
24	183
24	184
24	185
24	186
24	187
24	188
24	189
24	190
24	191
24	192
24	193
24	194
24	195
24	196
24	197
24	198
24	199
24	200
24	201
24	202
24	203
24	204
24	205
24	206
24	207
24	208
24	209
24	210
24	211
24	212
24	213
24	214
24	215
24	216
24	217
24	218
24	219
24	220
24	221
24	222
24	223
24	224
24	225
24	226
24	227
24	228
24	229
24	230
24	231
24	232
24	233
24	234
24	235
24	236
24	237
24	238
24	239
24	240
24	241
24	242
24	243
24	244
24	245
24	246
24	247
24	248
24	249
24	250
24	251
24	252
24	253
24	254
24	255
24	256
24	257
24	258
24	259
24	260
24	261
24	262
24	263
24	264
24	265
24	266
24	267
24	268
24	269
24	270
24	271
24	272
24	273
24	274
24	275
24	276
24	277
24	278
24	279
24	280
24	281
24	282
24	283
24	284
24	285
24	286
24	287
24	288
24	289
24	290
24	291
24	292
24	293
24	294
24	295
24	296
24	297
24	298
24	299
24	300
24	301
24	302
24	303
24	304
24	305
24	306
24	307
24	308
24	309
25	52
25	53
25	65
25	67
25	70
25	73
25	74
25	75
25	77
25	81
25	82
25	83
25	84
25	86
25	88
25	89
25	90
25	91
25	92
25	93
25	94
25	95
25	96
25	97
25	98
25	99
25	100
25	101
25	102
25	103
25	104
25	105
25	106
25	107
25	108
25	109
25	110
25	111
25	112
25	113
25	114
25	115
25	116
25	117
25	118
25	119
25	120
25	121
25	122
25	123
25	124
25	125
25	126
25	127
25	128
25	129
25	130
25	131
25	132
25	133
25	134
25	135
25	136
25	137
25	138
25	139
25	140
25	141
25	142
25	143
25	144
25	145
25	146
25	147
25	148
25	149
25	150
25	151
25	152
25	153
25	154
25	155
25	156
25	157
25	158
25	159
25	160
25	161
25	162
25	163
25	164
25	165
25	166
25	167
25	168
25	169
25	170
25	171
25	172
25	173
25	174
25	175
25	176
25	177
25	178
25	179
25	180
25	181
25	182
25	183
25	184
25	185
25	186
25	187
25	188
25	189
25	190
25	191
25	192
25	193
25	194
25	195
25	196
25	197
25	198
25	199
25	200
25	201
25	202
25	203
25	204
25	205
25	206
25	207
25	208
25	209
25	210
25	211
25	212
25	213
25	214
25	215
25	216
25	217
25	218
25	219
25	220
25	221
25	222
25	223
25	224
25	225
25	226
25	227
25	228
25	229
25	230
25	231
25	232
25	233
25	234
25	235
25	236
25	237
25	238
25	239
25	240
25	241
25	242
25	243
25	244
25	245
25	246
25	247
25	248
25	249
25	250
25	251
25	252
25	253
25	254
25	255
25	256
25	257
25	258
25	259
25	260
25	261
25	262
25	263
25	264
25	265
25	266
25	267
25	268
25	269
25	270
25	271
25	272
25	273
25	274
25	275
25	276
25	277
25	278
25	279
25	280
25	281
25	282
25	283
25	284
25	285
25	286
25	287
25	288
25	289
25	290
25	291
25	292
25	293
25	294
25	295
25	296
25	297
25	298
25	299
25	300
25	301
25	302
25	303
25	304
25	305
25	306
25	307
25	308
25	309
26	53
26	83
26	130
26	134
26	144
26	146
26	147
26	149
26	152
26	153
26	155
26	159
26	162
26	166
26	170
26	171
26	172
26	173
26	175
26	177
26	178
26	183
26	184
26	187
26	188
26	189
26	190
26	191
26	192
26	193
26	194
26	197
26	198
26	199
26	202
26	203
26	204
26	205
26	206
26	207
26	208
26	209
26	210
26	211
26	212
26	213
26	214
26	215
26	216
26	217
26	218
26	219
26	220
26	221
26	222
26	223
26	224
26	225
26	226
26	227
26	228
26	229
26	230
26	231
26	232
26	233
26	234
26	235
26	236
26	238
26	239
26	240
26	241
26	242
26	243
26	244
26	245
26	246
26	247
26	248
26	249
26	250
26	251
26	252
26	253
26	254
26	255
26	256
26	257
26	258
26	259
26	260
26	261
26	262
26	263
26	264
26	265
26	266
26	267
26	268
26	269
26	270
26	271
26	272
26	273
26	274
26	275
26	276
26	277
26	278
26	279
26	280
26	281
26	282
26	283
26	284
26	285
26	286
26	287
26	288
26	289
26	290
26	291
26	292
26	293
26	294
26	295
26	296
26	297
26	298
26	299
26	300
26	301
26	302
26	303
26	304
26	305
26	306
26	307
26	308
26	309
27	52
27	53
27	74
27	75
27	82
27	83
27	88
27	91
27	92
27	93
27	94
27	95
27	96
27	97
27	98
27	99
27	100
27	101
27	102
27	103
27	104
27	105
27	106
27	107
27	108
27	109
27	110
27	111
27	112
27	113
27	114
27	115
27	116
27	117
27	118
27	119
27	120
27	121
27	122
27	123
27	124
27	125
27	126
27	127
27	128
27	129
27	130
27	131
27	132
27	133
27	134
27	135
27	136
27	137
27	138
27	139
27	140
27	141
27	142
27	143
27	144
27	145
27	146
27	147
27	148
27	149
27	150
27	151
27	152
27	153
27	154
27	155
27	156
27	157
27	158
27	159
27	160
27	161
27	162
27	163
27	164
27	165
27	166
27	167
27	168
27	169
27	170
27	171
27	172
27	173
27	174
27	175
27	176
27	177
27	178
27	179
27	180
27	181
27	182
27	183
27	184
27	185
27	186
27	187
27	188
27	189
27	190
27	191
27	192
27	193
27	194
27	195
27	196
27	197
27	198
27	199
27	200
27	201
27	202
27	203
27	204
27	205
27	206
27	207
27	208
27	209
27	210
27	211
27	212
27	213
27	214
27	215
27	216
27	217
27	218
27	219
27	220
27	221
27	222
27	223
27	224
27	225
27	226
27	227
27	228
27	229
27	230
27	231
27	232
27	233
27	234
27	235
27	236
27	237
27	238
27	239
27	240
27	241
27	242
27	243
27	244
27	245
27	246
27	247
27	248
27	249
27	250
27	251
27	252
27	253
27	254
27	255
27	256
27	257
27	258
27	259
27	260
27	261
27	262
27	263
27	264
27	265
27	266
27	267
27	268
27	269
27	270
27	271
27	272
27	273
27	274
27	275
27	276
27	277
27	278
27	279
27	280
27	281
27	282
27	283
27	284
27	285
27	286
27	287
27	288
27	289
27	290
27	291
27	292
27	293
27	294
27	295
27	296
27	297
27	298
27	299
27	300
27	301
27	302
27	303
27	304
27	305
27	306
27	307
27	308
27	309
28	52
28	53
28	56
28	60
28	61
28	63
28	65
28	67
28	68
28	70
28	72
28	73
28	74
28	75
28	77
28	79
28	81
28	82
28	83
28	84
28	86
28	88
28	89
28	90
28	91
28	92
28	93
28	94
28	95
28	96
28	97
28	98
28	99
28	100
28	101
28	102
28	103
28	104
28	105
28	106
28	107
28	108
28	109
28	110
28	111
28	112
28	113
28	114
28	115
28	116
28	117
28	118
28	119
28	120
28	121
28	122
28	123
28	124
28	125
28	126
28	127
28	128
28	129
28	130
28	131
28	132
28	133
28	134
28	135
28	136
28	137
28	138
28	139
28	140
28	141
28	142
28	143
28	144
28	145
28	146
28	147
28	148
28	149
28	150
28	151
28	152
28	153
28	154
28	155
28	156
28	157
28	158
28	159
28	160
28	161
28	162
28	163
28	164
28	165
28	166
28	167
28	168
28	169
28	170
28	171
28	172
28	173
28	174
28	175
28	176
28	177
28	178
28	179
28	180
28	181
28	182
28	183
28	184
28	185
28	186
28	187
28	188
28	189
28	190
28	191
28	192
28	193
28	194
28	195
28	196
28	197
28	198
28	199
28	200
28	201
28	202
28	203
28	204
28	205
28	206
28	207
28	208
28	209
28	210
28	211
28	212
28	213
28	214
28	215
28	216
28	217
28	218
28	219
28	220
28	221
28	222
28	223
28	224
28	225
28	226
28	227
28	228
28	229
28	230
28	231
28	232
28	233
28	234
28	235
28	236
28	237
28	238
28	239
28	240
28	241
28	242
28	243
28	244
28	245
28	246
28	247
28	248
28	249
28	250
28	251
28	252
28	253
28	254
28	255
28	256
28	257
28	258
28	259
28	260
28	261
28	262
28	263
28	264
28	265
28	266
28	267
28	268
28	269
28	270
28	271
28	272
28	273
28	274
28	275
28	276
28	277
28	278
28	279
28	280
28	281
28	282
28	283
28	284
28	285
28	286
28	287
28	288
28	289
28	290
28	291
28	292
28	293
28	294
28	295
28	296
28	297
28	298
28	299
28	300
28	301
28	302
28	303
28	304
28	305
28	306
28	307
28	308
28	309
29	37
29	39
29	40
29	43
29	48
29	51
29	52
29	53
29	54
29	55
29	56
29	57
29	58
29	59
29	60
29	61
29	62
29	63
29	64
29	65
29	66
29	67
29	68
29	69
29	70
29	71
29	72
29	73
29	74
29	75
29	76
29	77
29	78
29	79
29	80
29	81
29	82
29	83
29	84
29	85
29	86
29	87
29	88
29	89
29	90
29	91
29	92
29	93
29	94
29	95
29	96
29	97
29	98
29	99
29	100
29	101
29	102
29	103
29	104
29	105
29	106
29	107
29	108
29	109
29	110
29	111
29	112
29	113
29	114
29	115
29	116
29	117
29	118
29	119
29	120
29	121
29	122
29	123
29	124
29	125
29	126
29	127
29	128
29	129
29	130
29	131
29	132
29	133
29	134
29	135
29	136
29	137
29	138
29	139
29	140
29	141
29	142
29	143
29	144
29	145
29	146
29	147
29	148
29	149
29	150
29	151
29	152
29	153
29	154
29	155
29	156
29	157
29	158
29	159
29	160
29	161
29	162
29	163
29	164
29	165
29	166
29	167
29	168
29	169
29	170
29	171
29	172
29	173
29	174
29	175
29	176
29	177
29	178
29	179
29	180
29	181
29	182
29	183
29	184
29	185
29	186
29	187
29	188
29	189
29	190
29	191
29	192
29	193
29	194
29	195
29	196
29	197
29	198
29	199
29	200
29	201
29	202
29	203
29	204
29	205
29	206
29	207
29	208
29	209
29	210
29	211
29	212
29	213
29	214
29	215
29	216
29	217
29	218
29	219
29	220
29	221
29	222
29	223
29	224
29	225
29	226
29	227
29	228
29	229
29	230
29	231
29	232
29	233
29	234
29	235
29	236
29	237
29	238
29	239
29	240
29	241
29	242
29	243
29	244
29	245
29	246
29	247
29	248
29	249
29	250
29	251
29	252
29	253
29	254
29	255
29	256
29	257
29	258
29	259
29	260
29	261
29	262
29	263
29	264
29	265
29	266
29	267
29	268
29	269
29	270
29	271
29	272
29	273
29	274
29	275
29	276
29	277
29	278
29	279
29	280
29	281
29	282
29	283
29	284
29	285
29	286
29	287
29	288
29	289
29	290
29	291
29	292
29	293
29	294
29	295
29	296
29	297
29	298
29	299
29	300
29	301
29	302
29	303
29	304
29	305
29	306
29	307
29	308
29	309
30	52
30	53
30	83
30	84
30	88
30	90
30	91
30	95
30	99
30	102
30	103
30	106
30	107
30	113
30	114
30	115
30	118
30	120
30	121
30	122
30	123
30	124
30	125
30	126
30	127
30	128
30	129
30	130
30	131
30	132
30	133
30	134
30	135
30	136
30	137
30	138
30	140
30	141
30	142
30	143
30	144
30	145
30	146
30	147
30	148
30	149
30	150
30	151
30	152
30	153
30	154
30	155
30	156
30	157
30	158
30	159
30	160
30	161
30	162
30	163
30	164
30	165
30	166
30	167
30	168
30	169
30	170
30	171
30	172
30	173
30	174
30	175
30	176
30	177
30	178
30	179
30	180
30	181
30	182
30	183
30	184
30	185
30	186
30	187
30	188
30	189
30	190
30	191
30	192
30	193
30	194
30	195
30	196
30	197
30	198
30	199
30	200
30	201
30	202
30	203
30	204
30	205
30	206
30	207
30	208
30	209
30	210
30	211
30	212
30	213
30	214
30	215
30	216
30	217
30	218
30	219
30	220
30	221
30	222
30	223
30	224
30	225
30	226
30	227
30	228
30	229
30	230
30	231
30	232
30	233
30	234
30	235
30	236
30	237
30	238
30	239
30	240
30	241
30	242
30	243
30	244
30	245
30	246
30	247
30	248
30	249
30	250
30	251
30	252
30	253
30	254
30	255
30	256
30	257
30	258
30	259
30	260
30	261
30	262
30	263
30	264
30	265
30	266
30	267
30	268
30	269
30	270
30	271
30	272
30	273
30	274
30	275
30	276
30	277
30	278
30	279
30	280
30	281
30	282
30	283
30	284
30	285
30	286
30	287
30	288
30	289
30	290
30	291
30	292
30	293
30	294
30	295
30	296
30	297
30	298
30	299
30	300
30	301
30	302
30	303
30	304
30	305
30	306
30	307
30	308
30	309
31	52
31	53
31	82
31	83
31	88
31	92
31	95
31	97
31	99
31	102
31	103
31	106
31	107
31	113
31	114
31	115
31	117
31	118
31	120
31	121
31	122
31	123
31	124
31	125
31	126
31	127
31	128
31	129
31	130
31	131
31	132
31	133
31	134
31	135
31	136
31	137
31	138
31	140
31	141
31	142
31	143
31	144
31	145
31	146
31	147
31	148
31	149
31	150
31	151
31	152
31	153
31	154
31	155
31	156
31	157
31	158
31	159
31	160
31	161
31	162
31	163
31	164
31	165
31	166
31	167
31	168
31	169
31	170
31	171
31	172
31	173
31	174
31	175
31	176
31	177
31	178
31	179
31	180
31	181
31	182
31	183
31	184
31	185
31	186
31	187
31	188
31	189
31	190
31	191
31	192
31	193
31	194
31	195
31	196
31	197
31	198
31	199
31	200
31	201
31	202
31	203
31	204
31	205
31	206
31	207
31	208
31	209
31	210
31	211
31	212
31	213
31	214
31	215
31	216
31	217
31	218
31	219
31	220
31	221
31	222
31	223
31	224
31	225
31	226
31	227
31	228
31	229
31	230
31	231
31	232
31	233
31	234
31	235
31	236
31	237
31	238
31	239
31	240
31	241
31	242
31	243
31	244
31	245
31	246
31	247
31	248
31	249
31	250
31	251
31	252
31	253
31	254
31	255
31	256
31	257
31	258
31	259
31	260
31	261
31	262
31	263
31	264
31	265
31	266
31	267
31	268
31	269
31	270
31	271
31	272
31	273
31	274
31	275
31	276
31	277
31	278
31	279
31	280
31	281
31	282
31	283
31	284
31	285
31	286
31	287
31	288
31	289
31	290
31	291
31	292
31	293
31	294
31	295
31	296
31	297
31	298
31	299
31	300
31	301
31	302
31	303
31	304
31	305
31	306
31	307
31	308
31	309
32	52
32	53
32	56
32	57
32	60
32	61
32	63
32	65
32	67
32	68
32	70
32	71
32	72
32	73
32	74
32	75
32	77
32	79
32	81
32	82
32	83
32	84
32	86
32	88
32	89
32	90
32	91
32	92
32	93
32	94
32	95
32	96
32	97
32	98
32	99
32	100
32	101
32	102
32	103
32	104
32	105
32	106
32	107
32	108
32	109
32	110
32	111
32	112
32	113
32	114
32	115
32	116
32	117
32	118
32	119
32	120
32	121
32	122
32	123
32	124
32	125
32	126
32	127
32	128
32	129
32	130
32	131
32	132
32	133
32	134
32	135
32	136
32	137
32	138
32	139
32	140
32	141
32	142
32	143
32	144
32	145
32	146
32	147
32	148
32	149
32	150
32	151
32	152
32	153
32	154
32	155
32	156
32	157
32	158
32	159
32	160
32	161
32	162
32	163
32	164
32	165
32	166
32	167
32	168
32	169
32	170
32	171
32	172
32	173
32	174
32	175
32	176
32	177
32	178
32	179
32	180
32	181
32	182
32	183
32	184
32	185
32	186
32	187
32	188
32	189
32	190
32	191
32	192
32	193
32	194
32	195
32	196
32	197
32	198
32	199
32	200
32	201
32	202
32	203
32	204
32	205
32	206
32	207
32	208
32	209
32	210
32	211
32	212
32	213
32	214
32	215
32	216
32	217
32	218
32	219
32	220
32	221
32	222
32	223
32	224
32	225
32	226
32	227
32	228
32	229
32	230
32	231
32	232
32	233
32	234
32	235
32	236
32	237
32	238
32	239
32	240
32	241
32	242
32	243
32	244
32	245
32	246
32	247
32	248
32	249
32	250
32	251
32	252
32	253
32	254
32	255
32	256
32	257
32	258
32	259
32	260
32	261
32	262
32	263
32	264
32	265
32	266
32	267
32	268
32	269
32	270
32	271
32	272
32	273
32	274
32	275
32	276
32	277
32	278
32	279
32	280
32	281
32	282
32	283
32	284
32	285
32	286
32	287
32	288
32	289
32	290
32	291
32	292
32	293
32	294
32	295
32	296
32	297
32	298
32	299
32	300
32	301
32	302
32	303
32	304
32	305
32	306
32	307
32	308
32	309
33	52
33	53
33	56
33	57
33	60
33	61
33	63
33	65
33	67
33	68
33	70
33	71
33	72
33	73
33	74
33	75
33	77
33	79
33	81
33	82
33	83
33	84
33	86
33	88
33	89
33	90
33	91
33	92
33	93
33	94
33	95
33	96
33	97
33	98
33	99
33	100
33	101
33	102
33	103
33	104
33	105
33	106
33	107
33	108
33	109
33	110
33	111
33	112
33	113
33	114
33	115
33	116
33	117
33	118
33	119
33	120
33	121
33	122
33	123
33	124
33	125
33	126
33	127
33	128
33	129
33	130
33	131
33	132
33	133
33	134
33	135
33	136
33	137
33	138
33	139
33	140
33	141
33	142
33	143
33	144
33	145
33	146
33	147
33	148
33	149
33	150
33	151
33	152
33	153
33	154
33	155
33	156
33	157
33	158
33	159
33	160
33	161
33	162
33	163
33	164
33	165
33	166
33	167
33	168
33	169
33	170
33	171
33	172
33	173
33	174
33	175
33	176
33	177
33	178
33	179
33	180
33	181
33	182
33	183
33	184
33	185
33	186
33	187
33	188
33	189
33	190
33	191
33	192
33	193
33	194
33	195
33	196
33	197
33	198
33	199
33	200
33	201
33	202
33	203
33	204
33	205
33	206
33	207
33	208
33	209
33	210
33	211
33	212
33	213
33	214
33	215
33	216
33	217
33	218
33	219
33	220
33	221
33	222
33	223
33	224
33	225
33	226
33	227
33	228
33	229
33	230
33	231
33	232
33	233
33	234
33	235
33	236
33	237
33	238
33	239
33	240
33	241
33	242
33	243
33	244
33	245
33	246
33	247
33	248
33	249
33	250
33	251
33	252
33	253
33	254
33	255
33	256
33	257
33	258
33	259
33	260
33	261
33	262
33	263
33	264
33	265
33	266
33	267
33	268
33	269
33	270
33	271
33	272
33	273
33	274
33	275
33	276
33	277
33	278
33	279
33	280
33	281
33	282
33	283
33	284
33	285
33	286
33	287
33	288
33	289
33	290
33	291
33	292
33	293
33	294
33	295
33	296
33	297
33	298
33	299
33	300
33	301
33	302
33	303
33	304
33	305
33	306
33	307
33	308
33	309
34	52
34	53
34	65
34	67
34	70
34	73
34	74
34	75
34	77
34	81
34	82
34	83
34	84
34	86
34	88
34	89
34	90
34	91
34	92
34	93
34	94
34	95
34	96
34	97
34	98
34	99
34	100
34	101
34	102
34	103
34	104
34	105
34	106
34	107
34	108
34	109
34	110
34	111
34	112
34	113
34	114
34	115
34	116
34	117
34	118
34	119
34	120
34	121
34	122
34	123
34	124
34	125
34	126
34	127
34	128
34	129
34	130
34	131
34	132
34	133
34	134
34	135
34	136
34	137
34	138
34	139
34	140
34	141
34	142
34	143
34	144
34	145
34	146
34	147
34	148
34	149
34	150
34	151
34	152
34	153
34	154
34	155
34	156
34	157
34	158
34	159
34	160
34	161
34	162
34	163
34	164
34	165
34	166
34	167
34	168
34	169
34	170
34	171
34	172
34	173
34	174
34	175
34	176
34	177
34	178
34	179
34	180
34	181
34	182
34	183
34	184
34	185
34	186
34	187
34	188
34	189
34	190
34	191
34	192
34	193
34	194
34	195
34	196
34	197
34	198
34	199
34	200
34	201
34	202
34	203
34	204
34	205
34	206
34	207
34	208
34	209
34	210
34	211
34	212
34	213
34	214
34	215
34	216
34	217
34	218
34	219
34	220
34	221
34	222
34	223
34	224
34	225
34	226
34	227
34	228
34	229
34	230
34	231
34	232
34	233
34	234
34	235
34	236
34	237
34	238
34	239
34	240
34	241
34	242
34	243
34	244
34	245
34	246
34	247
34	248
34	249
34	250
34	251
34	252
34	253
34	254
34	255
34	256
34	257
34	258
34	259
34	260
34	261
34	262
34	263
34	264
34	265
34	266
34	267
34	268
34	269
34	270
34	271
34	272
34	273
34	274
34	275
34	276
34	277
34	278
34	279
34	280
34	281
34	282
34	283
34	284
34	285
34	286
34	287
34	288
34	289
34	290
34	291
34	292
34	293
34	294
34	295
34	296
34	297
34	298
34	299
34	300
34	301
34	302
34	303
34	304
34	305
34	306
34	307
34	308
34	309
35	52
35	53
35	130
35	144
35	146
35	149
35	152
35	153
35	155
35	159
35	166
35	170
35	171
35	172
35	173
35	175
35	177
35	178
35	184
35	187
35	188
35	189
35	190
35	191
35	192
35	193
35	197
35	198
35	199
35	202
35	203
35	204
35	205
35	206
35	207
35	208
35	209
35	210
35	211
35	212
35	213
35	214
35	215
35	216
35	217
35	218
35	219
35	220
35	221
35	222
35	223
35	224
35	225
35	226
35	227
35	228
35	229
35	230
35	231
35	232
35	233
35	234
35	235
35	236
35	238
35	239
35	240
35	241
35	242
35	243
35	244
35	245
35	246
35	247
35	248
35	249
35	250
35	251
35	252
35	253
35	254
35	255
35	256
35	257
35	258
35	259
35	260
35	261
35	262
35	263
35	264
35	265
35	266
35	267
35	268
35	269
35	270
35	271
35	272
35	273
35	274
35	275
35	276
35	277
35	278
35	279
35	280
35	281
35	282
35	283
35	284
35	285
35	286
35	287
35	288
35	289
35	290
35	291
35	292
35	293
35	294
35	295
35	296
35	297
35	298
35	299
35	300
35	301
35	302
35	303
35	304
35	305
35	306
35	307
35	308
35	309
36	52
36	53
36	130
36	144
36	146
36	149
36	152
36	153
36	155
36	159
36	166
36	170
36	171
36	172
36	173
36	175
36	177
36	178
36	184
36	187
36	188
36	189
36	190
36	191
36	192
36	193
36	197
36	198
36	199
36	202
36	203
36	204
36	205
36	206
36	207
36	208
36	209
36	210
36	211
36	212
36	213
36	214
36	215
36	216
36	217
36	218
36	219
36	220
36	221
36	222
36	223
36	224
36	225
36	226
36	227
36	228
36	229
36	230
36	231
36	232
36	233
36	234
36	235
36	236
36	238
36	239
36	240
36	241
36	242
36	243
36	244
36	245
36	246
36	247
36	248
36	249
36	250
36	251
36	252
36	253
36	254
36	255
36	256
36	257
36	258
36	259
36	260
36	261
36	262
36	263
36	264
36	265
36	266
36	267
36	268
36	269
36	270
36	271
36	272
36	273
36	274
36	275
36	276
36	277
36	278
36	279
36	280
36	281
36	282
36	283
36	284
36	285
36	286
36	287
36	288
36	289
36	290
36	291
36	292
36	293
36	294
36	295
36	296
36	297
36	298
36	299
36	300
36	301
36	302
36	303
36	304
36	305
36	306
36	307
36	308
36	309
37	52
37	53
37	83
37	130
37	134
37	144
37	146
37	147
37	149
37	152
37	153
37	155
37	159
37	162
37	166
37	170
37	171
37	172
37	173
37	175
37	177
37	178
37	183
37	184
37	187
37	188
37	189
37	190
37	191
37	192
37	193
37	194
37	197
37	198
37	199
37	202
37	203
37	204
37	205
37	206
37	207
37	208
37	209
37	210
37	211
37	212
37	213
37	214
37	215
37	216
37	217
37	218
37	219
37	220
37	221
37	222
37	223
37	224
37	225
37	226
37	227
37	228
37	229
37	230
37	231
37	232
37	233
37	234
37	235
37	236
37	238
37	239
37	240
37	241
37	242
37	243
37	244
37	245
37	246
37	247
37	248
37	249
37	250
37	251
37	252
37	253
37	254
37	255
37	256
37	257
37	258
37	259
37	260
37	261
37	262
37	263
37	264
37	265
37	266
37	267
37	268
37	269
37	270
37	271
37	272
37	273
37	274
37	275
37	276
37	277
37	278
37	279
37	280
37	281
37	282
37	283
37	284
37	285
37	286
37	287
37	288
37	289
37	290
37	291
37	292
37	293
37	294
37	295
37	296
37	297
37	298
37	299
37	300
37	301
37	302
37	303
37	304
37	305
37	306
37	307
37	308
37	309
38	53
38	130
38	134
38	144
38	146
38	147
38	149
38	152
38	153
38	155
38	159
38	162
38	166
38	170
38	171
38	172
38	173
38	175
38	177
38	178
38	183
38	184
38	187
38	188
38	189
38	190
38	191
38	192
38	193
38	194
38	197
38	198
38	199
38	202
38	203
38	204
38	205
38	206
38	207
38	208
38	209
38	210
38	211
38	212
38	213
38	214
38	215
38	216
38	217
38	218
38	219
38	220
38	221
38	222
38	223
38	224
38	225
38	226
38	227
38	228
38	229
38	230
38	231
38	232
38	233
38	234
38	235
38	236
38	238
38	239
38	240
38	241
38	242
38	243
38	244
38	245
38	246
38	247
38	248
38	249
38	250
38	251
38	252
38	253
38	254
38	255
38	256
38	257
38	258
38	259
38	260
38	261
38	262
38	263
38	264
38	265
38	266
38	267
38	268
38	269
38	270
38	271
38	272
38	273
38	274
38	275
38	276
38	277
38	278
38	279
38	280
38	281
38	282
38	283
38	284
38	285
38	286
38	287
38	288
38	289
38	290
38	291
38	292
38	293
38	294
38	295
38	296
38	297
38	298
38	299
38	300
38	301
38	302
38	303
38	304
38	305
38	306
38	307
38	308
38	309
39	52
39	53
39	130
39	134
39	144
39	146
39	147
39	149
39	152
39	153
39	155
39	159
39	162
39	166
39	170
39	171
39	172
39	173
39	175
39	177
39	178
39	183
39	184
39	187
39	188
39	189
39	190
39	191
39	192
39	193
39	194
39	197
39	198
39	199
39	202
39	203
39	204
39	205
39	206
39	207
39	208
39	209
39	210
39	211
39	212
39	213
39	214
39	215
39	216
39	217
39	218
39	219
39	220
39	221
39	222
39	223
39	224
39	225
39	226
39	227
39	228
39	229
39	230
39	231
39	232
39	233
39	234
39	235
39	236
39	238
39	239
39	240
39	241
39	242
39	243
39	244
39	245
39	246
39	247
39	248
39	249
39	250
39	251
39	252
39	253
39	254
39	255
39	256
39	257
39	258
39	259
39	260
39	261
39	262
39	263
39	264
39	265
39	266
39	267
39	268
39	269
39	270
39	271
39	272
39	273
39	274
39	275
39	276
39	277
39	278
39	279
39	280
39	281
39	282
39	283
39	284
39	285
39	286
39	287
39	288
39	289
39	290
39	291
39	292
39	293
39	294
39	295
39	296
39	297
39	298
39	299
39	300
39	301
39	302
39	303
39	304
39	305
39	306
39	307
39	308
39	309
40	52
40	53
40	83
40	130
40	134
40	144
40	146
40	147
40	149
40	152
40	153
40	155
40	159
40	162
40	166
40	170
40	171
40	172
40	173
40	175
40	177
40	178
40	183
40	184
40	187
40	188
40	189
40	190
40	191
40	192
40	193
40	194
40	197
40	198
40	199
40	202
40	203
40	204
40	205
40	206
40	207
40	208
40	209
40	210
40	211
40	212
40	213
40	214
40	215
40	216
40	217
40	218
40	219
40	220
40	221
40	222
40	223
40	224
40	225
40	226
40	227
40	228
40	229
40	230
40	231
40	232
40	233
40	234
40	235
40	236
40	238
40	239
40	240
40	241
40	242
40	243
40	244
40	245
40	246
40	247
40	248
40	249
40	250
40	251
40	252
40	253
40	254
40	255
40	256
40	257
40	258
40	259
40	260
40	261
40	262
40	263
40	264
40	265
40	266
40	267
40	268
40	269
40	270
40	271
40	272
40	273
40	274
40	275
40	276
40	277
40	278
40	279
40	280
40	281
40	282
40	283
40	284
40	285
40	286
40	287
40	288
40	289
40	290
40	291
40	292
40	293
40	294
40	295
40	296
40	297
40	298
40	299
40	300
40	301
40	302
40	303
40	304
40	305
40	306
40	307
40	308
40	309
41	52
41	53
41	92
41	99
41	103
41	106
41	113
41	114
41	115
41	117
41	118
41	120
41	123
41	124
41	126
41	129
41	130
41	131
41	132
41	133
41	134
41	135
41	136
41	137
41	140
41	141
41	142
41	143
41	144
41	145
41	146
41	147
41	148
41	149
41	150
41	151
41	152
41	153
41	154
41	155
41	156
41	157
41	158
41	159
41	160
41	161
41	162
41	163
41	164
41	165
41	166
41	167
41	168
41	169
41	170
41	171
41	172
41	173
41	174
41	175
41	176
41	177
41	178
41	179
41	180
41	181
41	182
41	183
41	184
41	185
41	186
41	187
41	188
41	189
41	190
41	191
41	192
41	193
41	194
41	195
41	196
41	197
41	198
41	199
41	200
41	201
41	202
41	203
41	204
41	205
41	206
41	207
41	208
41	209
41	210
41	211
41	212
41	213
41	214
41	215
41	216
41	217
41	218
41	219
41	220
41	221
41	222
41	223
41	224
41	225
41	226
41	227
41	228
41	229
41	230
41	231
41	232
41	233
41	234
41	235
41	236
41	237
41	238
41	239
41	240
41	241
41	242
41	243
41	244
41	245
41	246
41	247
41	248
41	249
41	250
41	251
41	252
41	253
41	254
41	255
41	256
41	257
41	258
41	259
41	260
41	261
41	262
41	263
41	264
41	265
41	266
41	267
41	268
41	269
41	270
41	271
41	272
41	273
41	274
41	275
41	276
41	277
41	278
41	279
41	280
41	281
41	282
41	283
41	284
41	285
41	286
41	287
41	288
41	289
41	290
41	291
41	292
41	293
41	294
41	295
41	296
41	297
41	298
41	299
41	300
41	301
41	302
41	303
41	304
41	305
41	306
41	307
41	308
41	309
42	120
42	129
42	132
42	141
42	146
42	147
42	149
42	152
42	153
42	154
42	155
42	156
42	159
42	169
42	170
42	171
42	172
42	173
42	175
42	177
42	178
42	182
42	184
42	187
42	188
42	189
42	190
42	191
42	192
42	193
42	195
42	196
42	197
42	198
42	199
42	202
42	203
42	204
42	205
42	206
42	207
42	208
42	209
42	210
42	211
42	212
42	213
42	214
42	215
42	216
42	217
42	218
42	219
42	220
42	221
42	222
42	223
42	224
42	225
42	226
42	227
42	228
42	229
42	230
42	231
42	232
42	233
42	234
42	235
42	236
42	237
42	238
42	239
42	240
42	241
42	242
42	243
42	244
42	245
42	246
42	247
42	248
42	249
42	250
42	251
42	252
42	253
42	254
42	255
42	256
42	257
42	258
42	259
42	260
42	261
42	262
42	263
42	264
42	265
42	266
42	267
42	268
42	269
42	270
42	271
42	272
42	273
42	274
42	275
42	276
42	277
42	278
42	279
42	280
42	281
42	282
42	283
42	284
42	285
42	286
42	287
42	288
42	289
42	290
42	291
42	292
42	293
42	294
42	295
42	296
42	297
42	298
42	299
42	300
42	301
42	302
42	303
42	304
42	305
42	306
42	307
42	308
42	309
43	53
43	130
43	146
43	149
43	152
43	153
43	155
43	159
43	162
43	166
43	170
43	171
43	172
43	173
43	175
43	177
43	178
43	183
43	184
43	187
43	188
43	189
43	190
43	191
43	192
43	193
43	194
43	197
43	198
43	199
43	202
43	203
43	204
43	205
43	206
43	207
43	208
43	209
43	210
43	211
43	212
43	213
43	214
43	215
43	216
43	217
43	218
43	219
43	220
43	221
43	222
43	223
43	224
43	225
43	226
43	227
43	228
43	229
43	230
43	231
43	232
43	233
43	234
43	235
43	236
43	238
43	239
43	240
43	241
43	242
43	243
43	244
43	245
43	246
43	247
43	248
43	249
43	250
43	251
43	252
43	253
43	254
43	255
43	256
43	257
43	258
43	259
43	260
43	261
43	262
43	263
43	264
43	265
43	266
43	267
43	268
43	269
43	270
43	271
43	272
43	273
43	274
43	275
43	276
43	277
43	278
43	279
43	280
43	281
43	282
43	283
43	284
43	285
43	286
43	287
43	288
43	289
43	290
43	291
43	292
43	293
43	294
43	295
43	296
43	297
43	298
43	299
43	300
43	301
43	302
43	303
43	304
43	305
43	306
43	307
43	308
43	309
44	53
44	149
44	152
44	153
44	155
44	159
44	170
44	171
44	172
44	173
44	175
44	177
44	178
44	183
44	184
44	187
44	188
44	189
44	190
44	191
44	192
44	193
44	194
44	197
44	198
44	199
44	202
44	204
44	205
44	206
44	207
44	208
44	211
44	212
44	213
44	214
44	215
44	216
44	217
44	218
44	219
44	220
44	221
44	222
44	223
44	224
44	225
44	226
44	227
44	228
44	229
44	230
44	231
44	232
44	233
44	234
44	235
44	236
44	238
44	239
44	240
44	241
44	242
44	243
44	244
44	245
44	246
44	247
44	248
44	249
44	250
44	251
44	252
44	253
44	254
44	255
44	256
44	257
44	258
44	259
44	260
44	261
44	262
44	263
44	264
44	265
44	266
44	267
44	268
44	269
44	270
44	271
44	272
44	273
44	274
44	275
44	276
44	277
44	278
44	279
44	280
44	281
44	282
44	283
44	284
44	285
44	286
44	287
44	288
44	289
44	290
44	291
44	292
44	293
44	294
44	295
44	296
44	297
44	298
44	299
44	300
44	301
44	302
44	303
44	304
44	305
44	306
44	307
44	308
44	309
45	53
45	120
45	129
45	130
45	140
45	141
45	146
45	149
45	151
45	152
45	153
45	154
45	155
45	156
45	157
45	159
45	161
45	162
45	165
45	166
45	168
45	169
45	170
45	171
45	172
45	173
45	175
45	176
45	177
45	178
45	179
45	180
45	181
45	182
45	183
45	184
45	185
45	186
45	187
45	188
45	189
45	190
45	191
45	192
45	193
45	194
45	195
45	196
45	197
45	198
45	199
45	200
45	202
45	203
45	204
45	205
45	206
45	207
45	208
45	209
45	210
45	211
45	212
45	213
45	214
45	215
45	216
45	217
45	218
45	219
45	220
45	221
45	222
45	223
45	224
45	225
45	226
45	227
45	228
45	229
45	230
45	231
45	232
45	233
45	234
45	235
45	236
45	237
45	238
45	239
45	240
45	241
45	242
45	243
45	244
45	245
45	246
45	247
45	248
45	249
45	250
45	251
45	252
45	253
45	254
45	255
45	256
45	257
45	258
45	259
45	260
45	261
45	262
45	263
45	264
45	265
45	266
45	267
45	268
45	269
45	270
45	271
45	272
45	273
45	274
45	275
45	276
45	277
45	278
45	279
45	280
45	281
45	282
45	283
45	284
45	285
45	286
45	287
45	288
45	289
45	290
45	291
45	292
45	293
45	294
45	295
45	296
45	297
45	298
45	299
45	300
45	301
45	302
45	303
45	304
45	305
45	306
45	307
45	308
45	309
46	53
46	149
46	152
46	153
46	155
46	159
46	170
46	171
46	172
46	173
46	175
46	177
46	178
46	183
46	184
46	187
46	188
46	189
46	190
46	191
46	192
46	193
46	194
46	197
46	198
46	199
46	202
46	204
46	205
46	206
46	207
46	208
46	211
46	212
46	213
46	214
46	215
46	216
46	217
46	218
46	219
46	220
46	221
46	222
46	223
46	224
46	225
46	226
46	227
46	228
46	229
46	230
46	231
46	232
46	233
46	234
46	235
46	236
46	238
46	239
46	240
46	241
46	242
46	243
46	244
46	245
46	246
46	247
46	248
46	249
46	250
46	251
46	252
46	253
46	254
46	255
46	256
46	257
46	258
46	259
46	260
46	261
46	262
46	263
46	264
46	265
46	266
46	267
46	268
46	269
46	270
46	271
46	272
46	273
46	274
46	275
46	276
46	277
46	278
46	279
46	280
46	281
46	282
46	283
46	284
46	285
46	286
46	287
46	288
46	289
46	290
46	291
46	292
46	293
46	294
46	295
46	296
46	297
46	298
46	299
46	300
46	301
46	302
46	303
46	304
46	305
46	306
46	307
46	308
46	309
47	52
47	53
47	99
47	103
47	106
47	113
47	114
47	115
47	118
47	120
47	123
47	124
47	126
47	129
47	130
47	131
47	132
47	133
47	134
47	135
47	136
47	137
47	140
47	141
47	142
47	143
47	144
47	145
47	146
47	147
47	148
47	149
47	150
47	151
47	152
47	153
47	154
47	155
47	156
47	157
47	158
47	159
47	160
47	161
47	162
47	163
47	164
47	165
47	166
47	167
47	168
47	169
47	170
47	171
47	172
47	173
47	174
47	175
47	176
47	177
47	178
47	179
47	180
47	181
47	182
47	183
47	184
47	185
47	186
47	187
47	188
47	189
47	190
47	191
47	192
47	193
47	194
47	195
47	196
47	197
47	198
47	199
47	200
47	201
47	202
47	203
47	204
47	205
47	206
47	207
47	208
47	209
47	210
47	211
47	212
47	213
47	214
47	215
47	216
47	217
47	218
47	219
47	220
47	221
47	222
47	223
47	224
47	225
47	226
47	227
47	228
47	229
47	230
47	231
47	232
47	233
47	234
47	235
47	236
47	237
47	238
47	239
47	240
47	241
47	242
47	243
47	244
47	245
47	246
47	247
47	248
47	249
47	250
47	251
47	252
47	253
47	254
47	255
47	256
47	257
47	258
47	259
47	260
47	261
47	262
47	263
47	264
47	265
47	266
47	267
47	268
47	269
47	270
47	271
47	272
47	273
47	274
47	275
47	276
47	277
47	278
47	279
47	280
47	281
47	282
47	283
47	284
47	285
47	286
47	287
47	288
47	289
47	290
47	291
47	292
47	293
47	294
47	295
47	296
47	297
47	298
47	299
47	300
47	301
47	302
47	303
47	304
47	305
47	306
47	307
47	308
47	309
48	52
48	53
48	83
48	130
48	134
48	144
48	146
48	147
48	149
48	152
48	153
48	155
48	159
48	162
48	166
48	170
48	171
48	172
48	173
48	175
48	177
48	178
48	183
48	184
48	187
48	188
48	189
48	190
48	191
48	192
48	193
48	194
48	197
48	198
48	199
48	202
48	203
48	204
48	205
48	206
48	207
48	208
48	209
48	210
48	211
48	212
48	213
48	214
48	215
48	216
48	217
48	218
48	219
48	220
48	221
48	222
48	223
48	224
48	225
48	226
48	227
48	228
48	229
48	230
48	231
48	232
48	233
48	234
48	235
48	236
48	238
48	239
48	240
48	241
48	242
48	243
48	244
48	245
48	246
48	247
48	248
48	249
48	250
48	251
48	252
48	253
48	254
48	255
48	256
48	257
48	258
48	259
48	260
48	261
48	262
48	263
48	264
48	265
48	266
48	267
48	268
48	269
48	270
48	271
48	272
48	273
48	274
48	275
48	276
48	277
48	278
48	279
48	280
48	281
48	282
48	283
48	284
48	285
48	286
48	287
48	288
48	289
48	290
48	291
48	292
48	293
48	294
48	295
48	296
48	297
48	298
48	299
48	300
48	301
48	302
48	303
48	304
48	305
48	306
48	307
48	308
48	309
49	52
49	53
49	83
49	130
49	134
49	144
49	146
49	147
49	149
49	152
49	153
49	155
49	159
49	162
49	166
49	170
49	171
49	172
49	173
49	175
49	177
49	178
49	183
49	184
49	187
49	188
49	189
49	190
49	191
49	192
49	193
49	194
49	197
49	198
49	199
49	202
49	203
49	204
49	205
49	206
49	207
49	208
49	209
49	210
49	211
49	212
49	213
49	214
49	215
49	216
49	217
49	218
49	219
49	220
49	221
49	222
49	223
49	224
49	225
49	226
49	227
49	228
49	229
49	230
49	231
49	232
49	233
49	234
49	235
49	236
49	238
49	239
49	240
49	241
49	242
49	243
49	244
49	245
49	246
49	247
49	248
49	249
49	250
49	251
49	252
49	253
49	254
49	255
49	256
49	257
49	258
49	259
49	260
49	261
49	262
49	263
49	264
49	265
49	266
49	267
49	268
49	269
49	270
49	271
49	272
49	273
49	274
49	275
49	276
49	277
49	278
49	279
49	280
49	281
49	282
49	283
49	284
49	285
49	286
49	287
49	288
49	289
49	290
49	291
49	292
49	293
49	294
49	295
49	296
49	297
49	298
49	299
49	300
49	301
49	302
49	303
49	304
49	305
49	306
49	307
49	308
49	309
50	53
50	193
50	218
50	219
50	225
50	230
50	232
50	235
50	245
50	246
50	252
50	253
50	255
50	257
50	259
50	260
50	261
50	263
50	264
50	267
50	269
50	270
50	272
50	275
50	280
50	281
50	282
50	285
50	286
50	287
50	293
50	295
50	296
50	297
50	299
50	300
50	302
50	303
50	304
50	305
50	306
50	307
50	308
50	309
51	53
51	120
51	129
51	130
51	140
51	141
51	146
51	149
51	151
51	152
51	153
51	154
51	155
51	156
51	157
51	159
51	161
51	162
51	165
51	166
51	168
51	169
51	170
51	171
51	172
51	173
51	175
51	176
51	177
51	178
51	179
51	180
51	181
51	182
51	183
51	184
51	185
51	186
51	187
51	188
51	189
51	190
51	191
51	192
51	193
51	194
51	195
51	196
51	197
51	198
51	199
51	200
51	202
51	203
51	204
51	205
51	206
51	207
51	208
51	209
51	210
51	211
51	212
51	213
51	214
51	215
51	216
51	217
51	218
51	219
51	220
51	221
51	222
51	223
51	224
51	225
51	226
51	227
51	228
51	229
51	230
51	231
51	232
51	233
51	234
51	235
51	236
51	237
51	238
51	239
51	240
51	241
51	242
51	243
51	244
51	245
51	246
51	247
51	248
51	249
51	250
51	251
51	252
51	253
51	254
51	255
51	256
51	257
51	258
51	259
51	260
51	261
51	262
51	263
51	264
51	265
51	266
51	267
51	268
51	269
51	270
51	271
51	272
51	273
51	274
51	275
51	276
51	277
51	278
51	279
51	280
51	281
51	282
51	283
51	284
51	285
51	286
51	287
51	288
51	289
51	290
51	291
51	292
51	293
51	294
51	295
51	296
51	297
51	298
51	299
51	300
51	301
51	302
51	303
51	304
51	305
51	306
51	307
51	308
51	309
52	55
52	56
52	57
52	58
52	77
52	80
52	218
52	219
52	222
52	225
52	226
52	232
52	235
52	236
52	245
52	246
52	249
52	252
52	255
52	257
52	258
52	260
52	261
52	262
52	263
52	266
52	267
52	268
52	269
52	270
52	271
52	272
52	275
52	281
52	285
52	286
52	287
52	288
52	289
52	290
52	293
52	295
52	296
52	297
52	299
52	300
52	302
52	305
52	306
52	307
52	308
52	309
53	54
53	55
53	56
53	57
53	58
53	59
53	61
53	65
53	66
53	67
53	68
53	72
53	77
53	79
53	80
53	84
53	86
53	87
53	113
53	129
53	141
53	146
53	149
53	155
53	171
53	172
53	173
53	175
53	177
53	178
53	182
53	187
53	189
53	191
53	193
53	196
53	197
53	198
53	199
53	202
53	203
53	204
53	205
53	206
53	207
53	208
53	209
53	210
53	211
53	212
53	213
53	214
53	215
53	216
53	217
53	218
53	219
53	220
53	221
53	222
53	223
53	225
53	226
53	227
53	228
53	229
53	230
53	231
53	232
53	233
53	234
53	235
53	236
53	237
53	238
53	239
53	240
53	241
53	242
53	243
53	244
53	245
53	246
53	247
53	248
53	249
53	250
53	251
53	252
53	253
53	254
53	255
53	256
53	257
53	258
53	259
53	260
53	261
53	262
53	263
53	264
53	265
53	266
53	267
53	268
53	269
53	270
53	271
53	272
53	273
53	274
53	275
53	276
53	277
53	278
53	279
53	280
53	281
53	282
53	283
53	284
53	285
53	286
53	287
53	288
53	289
53	290
53	291
53	292
53	293
53	294
53	295
53	296
53	297
53	298
53	299
53	300
53	301
53	302
53	303
53	304
53	305
53	306
53	307
53	308
53	309
54	120
54	123
54	126
54	129
54	130
54	141
54	144
54	146
54	149
54	152
54	153
54	154
54	155
54	156
54	157
54	159
54	165
54	166
54	167
54	169
54	170
54	171
54	172
54	173
54	175
54	176
54	177
54	178
54	180
54	181
54	182
54	184
54	185
54	186
54	187
54	188
54	189
54	190
54	191
54	192
54	193
54	195
54	196
54	197
54	198
54	199
54	200
54	201
54	202
54	203
54	204
54	205
54	206
54	207
54	208
54	209
54	210
54	211
54	212
54	213
54	214
54	215
54	216
54	217
54	218
54	219
54	220
54	221
54	222
54	223
54	224
54	225
54	226
54	227
54	228
54	229
54	230
54	231
54	232
54	233
54	234
54	235
54	236
54	237
54	238
54	239
54	240
54	241
54	242
54	243
54	244
54	245
54	246
54	247
54	248
54	249
54	250
54	251
54	252
54	253
54	254
54	255
54	256
54	257
54	258
54	259
54	260
54	261
54	262
54	263
54	264
54	265
54	266
54	267
54	268
54	269
54	270
54	271
54	272
54	273
54	274
54	275
54	276
54	277
54	278
54	279
54	280
54	281
54	282
54	283
54	284
54	285
54	286
54	287
54	288
54	289
54	290
54	291
54	292
54	293
54	294
54	295
54	296
54	297
54	298
54	299
54	300
54	301
54	302
54	303
54	304
54	305
54	306
54	307
54	308
54	309
55	130
55	144
55	146
55	149
55	152
55	153
55	155
55	159
55	166
55	170
55	171
55	172
55	173
55	175
55	177
55	178
55	184
55	187
55	188
55	189
55	190
55	191
55	192
55	193
55	197
55	198
55	199
55	202
55	203
55	204
55	205
55	206
55	207
55	208
55	209
55	210
55	211
55	212
55	213
55	214
55	215
55	216
55	217
55	218
55	219
55	220
55	221
55	222
55	223
55	224
55	225
55	226
55	227
55	228
55	229
55	230
55	231
55	232
55	233
55	234
55	235
55	236
55	238
55	239
55	240
55	241
55	242
55	243
55	244
55	245
55	246
55	247
55	248
55	249
55	250
55	251
55	252
55	253
55	254
55	255
55	256
55	257
55	258
55	259
55	260
55	261
55	262
55	263
55	264
55	265
55	266
55	267
55	268
55	269
55	270
55	271
55	272
55	273
55	274
55	275
55	276
55	277
55	278
55	279
55	280
55	281
55	282
55	283
55	284
55	285
55	286
55	287
55	288
55	289
55	290
55	291
55	292
55	293
55	294
55	295
55	296
55	297
55	298
55	299
55	300
55	301
55	302
55	303
55	304
55	305
55	306
55	307
55	308
55	309
56	83
56	84
56	88
56	90
56	91
56	95
56	99
56	102
56	103
56	106
56	107
56	113
56	114
56	115
56	118
56	120
56	121
56	122
56	123
56	124
56	125
56	126
56	127
56	128
56	129
56	130
56	131
56	132
56	133
56	134
56	135
56	136
56	137
56	138
56	140
56	141
56	142
56	143
56	144
56	145
56	146
56	147
56	148
56	149
56	150
56	151
56	152
56	153
56	154
56	155
56	156
56	157
56	158
56	159
56	160
56	161
56	162
56	163
56	164
56	165
56	166
56	167
56	168
56	169
56	170
56	171
56	172
56	173
56	174
56	175
56	176
56	177
56	178
56	179
56	180
56	181
56	182
56	183
56	184
56	185
56	186
56	187
56	188
56	189
56	190
56	191
56	192
56	193
56	194
56	195
56	196
56	197
56	198
56	199
56	200
56	201
56	202
56	203
56	204
56	205
56	206
56	207
56	208
56	209
56	210
56	211
56	212
56	213
56	214
56	215
56	216
56	217
56	218
56	219
56	220
56	221
56	222
56	223
56	224
56	225
56	226
56	227
56	228
56	229
56	230
56	231
56	232
56	233
56	234
56	235
56	236
56	237
56	238
56	239
56	240
56	241
56	242
56	243
56	244
56	245
56	246
56	247
56	248
56	249
56	250
56	251
56	252
56	253
56	254
56	255
56	256
56	257
56	258
56	259
56	260
56	261
56	262
56	263
56	264
56	265
56	266
56	267
56	268
56	269
56	270
56	271
56	272
56	273
56	274
56	275
56	276
56	277
56	278
56	279
56	280
56	281
56	282
56	283
56	284
56	285
56	286
56	287
56	288
56	289
56	290
56	291
56	292
56	293
56	294
56	295
56	296
56	297
56	298
56	299
56	300
56	301
56	302
56	303
56	304
56	305
56	306
56	307
56	308
56	309
57	99
57	103
57	106
57	113
57	114
57	115
57	118
57	120
57	123
57	124
57	126
57	129
57	130
57	131
57	132
57	133
57	134
57	135
57	136
57	137
57	140
57	141
57	142
57	143
57	144
57	145
57	146
57	147
57	148
57	149
57	150
57	151
57	152
57	153
57	154
57	155
57	156
57	157
57	158
57	159
57	160
57	161
57	162
57	163
57	164
57	165
57	166
57	167
57	168
57	169
57	170
57	171
57	172
57	173
57	174
57	175
57	176
57	177
57	178
57	179
57	180
57	181
57	182
57	183
57	184
57	185
57	186
57	187
57	188
57	189
57	190
57	191
57	192
57	193
57	194
57	195
57	196
57	197
57	198
57	199
57	200
57	201
57	202
57	203
57	204
57	205
57	206
57	207
57	208
57	209
57	210
57	211
57	212
57	213
57	214
57	215
57	216
57	217
57	218
57	219
57	220
57	221
57	222
57	223
57	224
57	225
57	226
57	227
57	228
57	229
57	230
57	231
57	232
57	233
57	234
57	235
57	236
57	237
57	238
57	239
57	240
57	241
57	242
57	243
57	244
57	245
57	246
57	247
57	248
57	249
57	250
57	251
57	252
57	253
57	254
57	255
57	256
57	257
57	258
57	259
57	260
57	261
57	262
57	263
57	264
57	265
57	266
57	267
57	268
57	269
57	270
57	271
57	272
57	273
57	274
57	275
57	276
57	277
57	278
57	279
57	280
57	281
57	282
57	283
57	284
57	285
57	286
57	287
57	288
57	289
57	290
57	291
57	292
57	293
57	294
57	295
57	296
57	297
57	298
57	299
57	300
57	301
57	302
57	303
57	304
57	305
57	306
57	307
57	308
57	309
58	120
58	126
58	129
58	130
58	141
58	144
58	146
58	149
58	152
58	153
58	154
58	155
58	156
58	159
58	165
58	166
58	169
58	170
58	171
58	172
58	173
58	175
58	177
58	178
58	182
58	184
58	187
58	188
58	189
58	190
58	191
58	192
58	193
58	195
58	196
58	197
58	198
58	199
58	201
58	202
58	203
58	204
58	205
58	206
58	207
58	208
58	209
58	210
58	211
58	212
58	213
58	214
58	215
58	216
58	217
58	218
58	219
58	220
58	221
58	222
58	223
58	224
58	225
58	226
58	227
58	228
58	229
58	230
58	231
58	232
58	233
58	234
58	235
58	236
58	237
58	238
58	239
58	240
58	241
58	242
58	243
58	244
58	245
58	246
58	247
58	248
58	249
58	250
58	251
58	252
58	253
58	254
58	255
58	256
58	257
58	258
58	259
58	260
58	261
58	262
58	263
58	264
58	265
58	266
58	267
58	268
58	269
58	270
58	271
58	272
58	273
58	274
58	275
58	276
58	277
58	278
58	279
58	280
58	281
58	282
58	283
58	284
58	285
58	286
58	287
58	288
58	289
58	290
58	291
58	292
58	293
58	294
58	295
58	296
58	297
58	298
58	299
58	300
58	301
58	302
58	303
58	304
58	305
58	306
58	307
58	308
58	309
59	193
59	202
59	211
59	213
59	217
59	218
59	219
59	222
59	223
59	225
59	226
59	227
59	231
59	232
59	233
59	234
59	235
59	236
59	241
59	243
59	245
59	246
59	249
59	252
59	253
59	255
59	257
59	258
59	259
59	260
59	261
59	262
59	263
59	266
59	267
59	268
59	269
59	270
59	271
59	272
59	275
59	276
59	278
59	280
59	281
59	282
59	283
59	284
59	285
59	286
59	287
59	288
59	289
59	290
59	291
59	292
59	293
59	294
59	295
59	296
59	297
59	298
59	299
59	300
59	301
59	302
59	303
59	304
59	305
59	306
59	307
59	308
59	309
60	218
60	225
60	281
60	287
60	293
60	295
60	297
60	299
60	300
60	302
60	306
60	307
60	309
61	193
61	202
61	211
61	213
61	217
61	218
61	219
61	222
61	223
61	225
61	226
61	227
61	231
61	232
61	233
61	234
61	235
61	236
61	241
61	243
61	245
61	246
61	249
61	252
61	253
61	255
61	257
61	258
61	259
61	260
61	261
61	262
61	263
61	266
61	267
61	268
61	269
61	270
61	271
61	272
61	275
61	276
61	278
61	280
61	281
61	282
61	283
61	284
61	285
61	286
61	287
61	288
61	289
61	290
61	291
61	292
61	293
61	294
61	295
61	296
61	297
61	298
61	299
61	300
61	301
61	302
61	303
61	304
61	305
61	306
61	307
61	308
61	309
62	299
62	307
62	309
63	193
63	218
63	219
63	225
63	230
63	232
63	235
63	245
63	246
63	252
63	255
63	257
63	260
63	261
63	263
63	267
63	269
63	270
63	272
63	275
63	281
63	285
63	286
63	287
63	293
63	295
63	296
63	297
63	299
63	300
63	302
63	305
63	306
63	307
63	308
63	309
64	218
64	219
64	225
64	232
64	235
64	245
64	246
64	252
64	255
64	257
64	260
64	261
64	263
64	267
64	269
64	270
64	272
64	275
64	281
64	285
64	287
64	293
64	295
64	297
64	299
64	300
64	302
64	305
64	306
64	307
64	308
64	309
65	149
65	155
65	171
65	172
65	175
65	177
65	178
65	183
65	184
65	187
65	188
65	189
65	190
65	191
65	193
65	194
65	197
65	198
65	199
65	202
65	204
65	205
65	206
65	207
65	208
65	211
65	212
65	213
65	214
65	215
65	216
65	217
65	218
65	219
65	220
65	221
65	222
65	223
65	225
65	226
65	227
65	228
65	229
65	230
65	231
65	232
65	233
65	234
65	235
65	236
65	238
65	239
65	240
65	241
65	242
65	243
65	244
65	245
65	246
65	247
65	248
65	249
65	250
65	251
65	252
65	253
65	254
65	255
65	256
65	257
65	258
65	259
65	260
65	261
65	262
65	263
65	264
65	265
65	266
65	267
65	268
65	269
65	270
65	271
65	272
65	273
65	274
65	275
65	276
65	277
65	278
65	279
65	280
65	281
65	282
65	283
65	284
65	285
65	286
65	287
65	288
65	289
65	290
65	291
65	292
65	293
65	294
65	295
65	296
65	297
65	298
65	299
65	300
65	301
65	302
65	303
65	304
65	305
65	306
65	307
65	308
65	309
66	193
66	218
66	219
66	225
66	230
66	232
66	235
66	245
66	246
66	252
66	253
66	255
66	257
66	259
66	260
66	261
66	263
66	264
66	267
66	269
66	270
66	272
66	275
66	280
66	281
66	282
66	285
66	286
66	287
66	293
66	295
66	296
66	297
66	299
66	300
66	302
66	303
66	304
66	305
66	306
66	307
66	308
66	309
67	130
67	146
67	149
67	152
67	153
67	155
67	159
67	162
67	166
67	170
67	171
67	172
67	173
67	175
67	177
67	178
67	183
67	184
67	187
67	188
67	189
67	190
67	191
67	192
67	193
67	194
67	197
67	198
67	199
67	202
67	203
67	204
67	205
67	206
67	207
67	208
67	209
67	210
67	211
67	212
67	213
67	214
67	215
67	216
67	217
67	218
67	219
67	220
67	221
67	222
67	223
67	224
67	225
67	226
67	227
67	228
67	229
67	230
67	231
67	232
67	233
67	234
67	235
67	236
67	238
67	239
67	240
67	241
67	242
67	243
67	244
67	245
67	246
67	247
67	248
67	249
67	250
67	251
67	252
67	253
67	254
67	255
67	256
67	257
67	258
67	259
67	260
67	261
67	262
67	263
67	264
67	265
67	266
67	267
67	268
67	269
67	270
67	271
67	272
67	273
67	274
67	275
67	276
67	277
67	278
67	279
67	280
67	281
67	282
67	283
67	284
67	285
67	286
67	287
67	288
67	289
67	290
67	291
67	292
67	293
67	294
67	295
67	296
67	297
67	298
67	299
67	300
67	301
67	302
67	303
67	304
67	305
67	306
67	307
67	308
67	309
68	193
68	211
68	213
68	218
68	219
68	222
68	223
68	225
68	226
68	227
68	231
68	232
68	233
68	234
68	235
68	236
68	241
68	243
68	245
68	246
68	249
68	252
68	253
68	255
68	257
68	258
68	259
68	260
68	261
68	262
68	263
68	266
68	267
68	268
68	269
68	270
68	271
68	272
68	275
68	276
68	278
68	280
68	281
68	282
68	285
68	286
68	287
68	288
68	289
68	290
68	291
68	292
68	293
68	294
68	295
68	296
68	297
68	298
68	299
68	300
68	301
68	302
68	303
68	304
68	305
68	306
68	307
68	308
68	309
69	189
69	191
69	193
69	205
69	206
69	211
69	213
69	214
69	215
69	216
69	218
69	219
69	222
69	223
69	224
69	225
69	226
69	227
69	228
69	229
69	230
69	231
69	232
69	233
69	234
69	235
69	236
69	239
69	240
69	241
69	243
69	244
69	245
69	246
69	248
69	249
69	250
69	252
69	253
69	254
69	255
69	257
69	258
69	259
69	260
69	261
69	262
69	263
69	264
69	266
69	267
69	268
69	269
69	270
69	271
69	272
69	275
69	276
69	278
69	279
69	280
69	281
69	282
69	285
69	286
69	287
69	288
69	289
69	290
69	291
69	292
69	293
69	294
69	295
69	296
69	297
69	298
69	299
69	300
69	301
69	302
69	303
69	304
69	305
69	306
69	307
69	308
69	309
70	219
70	225
70	232
70	235
70	245
70	246
70	255
70	257
70	260
70	261
70	263
70	275
70	281
70	287
70	293
70	295
70	297
70	299
70	302
70	305
70	306
70	307
70	308
70	309
71	189
71	191
71	193
71	205
71	206
71	211
71	213
71	214
71	215
71	216
71	218
71	219
71	222
71	223
71	224
71	225
71	226
71	227
71	228
71	229
71	230
71	231
71	232
71	233
71	234
71	235
71	236
71	239
71	240
71	241
71	243
71	244
71	245
71	246
71	248
71	249
71	250
71	252
71	253
71	254
71	255
71	257
71	258
71	259
71	260
71	261
71	262
71	263
71	264
71	266
71	267
71	268
71	269
71	270
71	271
71	272
71	275
71	276
71	278
71	279
71	280
71	281
71	282
71	285
71	286
71	287
71	288
71	289
71	290
71	291
71	292
71	293
71	294
71	295
71	296
71	297
71	298
71	299
71	300
71	301
71	302
71	303
71	304
71	305
71	306
71	307
71	308
71	309
72	193
72	218
72	219
72	222
72	225
72	226
72	231
72	232
72	233
72	234
72	235
72	236
72	245
72	246
72	249
72	252
72	253
72	255
72	257
72	258
72	259
72	260
72	261
72	262
72	263
72	266
72	267
72	268
72	269
72	270
72	271
72	272
72	275
72	280
72	281
72	282
72	284
72	285
72	286
72	287
72	288
72	289
72	290
72	293
72	295
72	296
72	297
72	299
72	300
72	302
72	303
72	304
72	305
72	306
72	307
72	308
72	309
73	225
73	232
73	263
73	281
73	287
73	293
73	295
73	297
73	299
73	302
73	306
73	307
73	309
74	187
74	189
74	191
74	193
74	216
74	218
74	219
74	222
74	225
74	226
74	228
74	230
74	231
74	232
74	233
74	234
74	235
74	236
74	239
74	245
74	246
74	248
74	249
74	250
74	252
74	253
74	254
74	255
74	257
74	258
74	259
74	260
74	261
74	262
74	263
74	264
74	266
74	267
74	268
74	269
74	270
74	271
74	272
74	275
74	279
74	280
74	281
74	282
74	284
74	285
74	286
74	287
74	288
74	289
74	290
74	293
74	295
74	296
74	297
74	299
74	300
74	302
74	303
74	304
74	305
74	306
74	307
74	308
74	309
75	187
75	189
75	191
75	193
75	216
75	218
75	219
75	222
75	225
75	226
75	228
75	230
75	231
75	232
75	233
75	234
75	235
75	236
75	239
75	245
75	246
75	248
75	249
75	250
75	252
75	253
75	254
75	255
75	257
75	258
75	259
75	260
75	261
75	262
75	263
75	264
75	266
75	267
75	268
75	269
75	270
75	271
75	272
75	275
75	279
75	280
75	281
75	282
75	284
75	285
75	286
75	287
75	288
75	289
75	290
75	293
75	295
75	296
75	297
75	299
75	300
75	302
75	303
75	304
75	305
75	306
75	307
75	308
75	309
76	299
76	307
76	309
77	93
77	94
77	96
77	99
77	103
77	105
77	106
77	113
77	114
77	115
77	118
77	119
77	120
77	123
77	124
77	126
77	129
77	130
77	131
77	132
77	133
77	134
77	135
77	136
77	137
77	140
77	141
77	142
77	143
77	144
77	145
77	146
77	147
77	148
77	149
77	150
77	151
77	152
77	153
77	154
77	155
77	156
77	157
77	158
77	159
77	160
77	161
77	162
77	163
77	164
77	165
77	166
77	167
77	168
77	169
77	170
77	171
77	172
77	173
77	174
77	175
77	176
77	177
77	178
77	179
77	180
77	181
77	182
77	183
77	184
77	185
77	186
77	187
77	188
77	189
77	190
77	191
77	192
77	193
77	194
77	195
77	196
77	197
77	198
77	199
77	200
77	201
77	202
77	203
77	204
77	205
77	206
77	207
77	208
77	209
77	210
77	211
77	212
77	213
77	214
77	215
77	216
77	217
77	218
77	219
77	220
77	221
77	222
77	223
77	224
77	225
77	226
77	227
77	228
77	229
77	230
77	231
77	232
77	233
77	234
77	235
77	236
77	237
77	238
77	239
77	240
77	241
77	242
77	243
77	244
77	245
77	246
77	247
77	248
77	249
77	250
77	251
77	252
77	253
77	254
77	255
77	256
77	257
77	258
77	259
77	260
77	261
77	262
77	263
77	264
77	265
77	266
77	267
77	268
77	269
77	270
77	271
77	272
77	273
77	274
77	275
77	276
77	277
77	278
77	279
77	280
77	281
77	282
77	283
77	284
77	285
77	286
77	287
77	288
77	289
77	290
77	291
77	292
77	293
77	294
77	295
77	296
77	297
77	298
77	299
77	300
77	301
77	302
77	303
77	304
77	305
77	306
77	307
77	308
77	309
78	193
78	218
78	219
78	222
78	225
78	226
78	231
78	232
78	233
78	235
78	236
78	245
78	246
78	249
78	252
78	253
78	255
78	257
78	258
78	259
78	260
78	261
78	262
78	263
78	266
78	267
78	268
78	269
78	270
78	271
78	272
78	275
78	280
78	281
78	282
78	285
78	286
78	287
78	288
78	289
78	290
78	293
78	295
78	296
78	297
78	299
78	300
78	302
78	303
78	304
78	305
78	306
78	307
78	308
78	309
79	129
79	149
79	152
79	153
79	155
79	156
79	157
79	159
79	165
79	170
79	171
79	172
79	173
79	175
79	177
79	178
79	180
79	181
79	182
79	184
79	185
79	186
79	187
79	188
79	189
79	190
79	191
79	192
79	193
79	196
79	197
79	198
79	199
79	202
79	204
79	205
79	206
79	207
79	208
79	211
79	212
79	213
79	214
79	215
79	216
79	217
79	218
79	219
79	220
79	221
79	222
79	223
79	224
79	225
79	226
79	227
79	228
79	229
79	230
79	231
79	232
79	233
79	234
79	235
79	236
79	237
79	238
79	239
79	240
79	241
79	242
79	243
79	244
79	245
79	246
79	247
79	248
79	249
79	250
79	251
79	252
79	253
79	254
79	255
79	256
79	257
79	258
79	259
79	260
79	261
79	262
79	263
79	264
79	265
79	266
79	267
79	268
79	269
79	270
79	271
79	272
79	273
79	274
79	275
79	276
79	277
79	278
79	279
79	280
79	281
79	282
79	283
79	284
79	285
79	286
79	287
79	288
79	289
79	290
79	291
79	292
79	293
79	294
79	295
79	296
79	297
79	298
79	299
79	300
79	301
79	302
79	303
79	304
79	305
79	306
79	307
79	308
79	309
80	106
80	113
80	114
80	115
80	118
80	120
80	123
80	124
80	126
80	129
80	130
80	131
80	132
80	133
80	134
80	135
80	136
80	137
80	140
80	141
80	142
80	143
80	144
80	145
80	146
80	147
80	148
80	149
80	150
80	151
80	152
80	153
80	154
80	155
80	156
80	157
80	158
80	159
80	160
80	161
80	162
80	163
80	164
80	165
80	166
80	167
80	168
80	169
80	170
80	171
80	172
80	173
80	174
80	175
80	176
80	177
80	178
80	179
80	180
80	181
80	182
80	183
80	184
80	185
80	186
80	187
80	188
80	189
80	190
80	191
80	192
80	193
80	194
80	195
80	196
80	197
80	198
80	199
80	200
80	201
80	202
80	203
80	204
80	205
80	206
80	207
80	208
80	209
80	210
80	211
80	212
80	213
80	214
80	215
80	216
80	217
80	218
80	219
80	220
80	221
80	222
80	223
80	224
80	225
80	226
80	227
80	228
80	229
80	230
80	231
80	232
80	233
80	234
80	235
80	236
80	237
80	238
80	239
80	240
80	241
80	242
80	243
80	244
80	245
80	246
80	247
80	248
80	249
80	250
80	251
80	252
80	253
80	254
80	255
80	256
80	257
80	258
80	259
80	260
80	261
80	262
80	263
80	264
80	265
80	266
80	267
80	268
80	269
80	270
80	271
80	272
80	273
80	274
80	275
80	276
80	277
80	278
80	279
80	280
80	281
80	282
80	283
80	284
80	285
80	286
80	287
80	288
80	289
80	290
80	291
80	292
80	293
80	294
80	295
80	296
80	297
80	298
80	299
80	300
80	301
80	302
80	303
80	304
80	305
80	306
80	307
80	308
80	309
81	299
81	307
81	309
82	219
82	225
82	232
82	235
82	245
82	246
82	255
82	257
82	260
82	261
82	263
82	275
82	281
82	287
82	293
82	295
82	297
82	299
82	302
82	305
82	306
82	307
82	308
82	309
83	193
83	218
83	219
83	222
83	225
83	226
83	227
83	230
83	231
83	232
83	235
83	236
83	241
83	245
83	246
83	249
83	252
83	253
83	254
83	255
83	257
83	258
83	259
83	260
83	261
83	262
83	263
83	266
83	267
83	268
83	269
83	270
83	271
83	272
83	275
83	280
83	281
83	282
83	285
83	286
83	287
83	288
83	289
83	290
83	293
83	295
83	296
83	297
83	299
83	300
83	302
83	303
83	304
83	305
83	306
83	307
83	308
83	309
84	118
84	129
84	148
84	149
84	152
84	153
84	155
84	156
84	157
84	159
84	163
84	165
84	168
84	170
84	171
84	172
84	173
84	174
84	175
84	177
84	178
84	179
84	180
84	181
84	182
84	183
84	184
84	185
84	186
84	187
84	188
84	189
84	190
84	191
84	192
84	193
84	194
84	196
84	197
84	198
84	199
84	201
84	202
84	204
84	205
84	206
84	207
84	208
84	211
84	212
84	213
84	214
84	215
84	216
84	217
84	218
84	219
84	220
84	221
84	222
84	223
84	224
84	225
84	226
84	227
84	228
84	229
84	230
84	231
84	232
84	233
84	234
84	235
84	236
84	237
84	238
84	239
84	240
84	241
84	242
84	243
84	244
84	245
84	246
84	247
84	248
84	249
84	250
84	251
84	252
84	253
84	254
84	255
84	256
84	257
84	258
84	259
84	260
84	261
84	262
84	263
84	264
84	265
84	266
84	267
84	268
84	269
84	270
84	271
84	272
84	273
84	274
84	275
84	276
84	277
84	278
84	279
84	280
84	281
84	282
84	283
84	284
84	285
84	286
84	287
84	288
84	289
84	290
84	291
84	292
84	293
84	294
84	295
84	296
84	297
84	298
84	299
84	300
84	301
84	302
84	303
84	304
84	305
84	306
84	307
84	308
84	309
85	193
85	218
85	219
85	222
85	225
85	226
85	227
85	230
85	231
85	232
85	235
85	236
85	241
85	245
85	246
85	249
85	252
85	253
85	254
85	255
85	257
85	258
85	259
85	260
85	261
85	262
85	263
85	266
85	267
85	268
85	269
85	270
85	271
85	272
85	275
85	280
85	281
85	282
85	284
85	285
85	286
85	287
85	288
85	289
85	290
85	293
85	295
85	296
85	297
85	299
85	300
85	302
85	303
85	304
85	305
85	306
85	307
85	308
85	309
86	129
86	149
86	152
86	153
86	155
86	156
86	159
86	165
86	170
86	171
86	172
86	173
86	175
86	177
86	178
86	182
86	183
86	184
86	187
86	188
86	189
86	190
86	191
86	192
86	193
86	194
86	196
86	197
86	198
86	199
86	202
86	204
86	205
86	206
86	207
86	208
86	211
86	212
86	213
86	214
86	215
86	216
86	217
86	218
86	219
86	220
86	221
86	222
86	223
86	224
86	225
86	226
86	227
86	228
86	229
86	230
86	231
86	232
86	233
86	234
86	235
86	236
86	237
86	238
86	239
86	240
86	241
86	242
86	243
86	244
86	245
86	246
86	247
86	248
86	249
86	250
86	251
86	252
86	253
86	254
86	255
86	256
86	257
86	258
86	259
86	260
86	261
86	262
86	263
86	264
86	265
86	266
86	267
86	268
86	269
86	270
86	271
86	272
86	273
86	274
86	275
86	276
86	277
86	278
86	279
86	280
86	281
86	282
86	283
86	284
86	285
86	286
86	287
86	288
86	289
86	290
86	291
86	292
86	293
86	294
86	295
86	296
86	297
86	298
86	299
86	300
86	301
86	302
86	303
86	304
86	305
86	306
86	307
86	308
86	309
87	184
87	188
87	189
87	191
87	193
87	197
87	202
87	205
87	206
87	211
87	213
87	214
87	215
87	217
87	218
87	219
87	222
87	223
87	224
87	225
87	226
87	227
87	228
87	229
87	230
87	231
87	232
87	233
87	235
87	236
87	239
87	240
87	241
87	243
87	244
87	245
87	246
87	248
87	249
87	250
87	252
87	253
87	254
87	255
87	257
87	258
87	259
87	260
87	261
87	262
87	263
87	264
87	266
87	267
87	268
87	269
87	270
87	271
87	272
87	275
87	276
87	278
87	279
87	280
87	281
87	282
87	283
87	284
87	285
87	286
87	287
87	288
87	289
87	290
87	291
87	292
87	293
87	294
87	295
87	296
87	297
87	298
87	299
87	300
87	301
87	302
87	303
87	304
87	305
87	306
87	307
87	308
87	309
88	193
88	218
88	219
88	225
88	232
88	235
88	245
88	246
88	252
88	253
88	255
88	257
88	259
88	260
88	261
88	263
88	267
88	269
88	270
88	272
88	275
88	280
88	281
88	282
88	285
88	286
88	287
88	293
88	295
88	296
88	297
88	299
88	300
88	302
88	303
88	304
88	305
88	306
88	307
88	308
88	309
89	193
89	218
89	219
89	225
89	232
89	235
89	245
89	246
89	252
89	253
89	255
89	257
89	259
89	260
89	261
89	263
89	267
89	269
89	270
89	272
89	275
89	280
89	281
89	282
89	285
89	286
89	287
89	293
89	295
89	296
89	297
89	299
89	300
89	302
89	303
89	304
89	305
89	306
89	307
89	308
89	309
90	218
90	225
90	263
90	281
90	285
90	287
90	293
90	295
90	297
90	299
90	300
90	302
90	306
90	307
90	309
91	299
91	307
91	309
95	299
95	307
95	309
96	281
96	285
96	293
96	295
96	297
96	299
96	300
96	302
96	306
96	307
96	309
98	309
99	309
100	299
100	307
100	309
101	299
101	307
101	309
102	299
102	307
102	309
103	299
103	307
103	309
104	299
104	307
104	309
105	299
105	307
105	309
106	307
106	309
108	193
108	218
108	219
108	225
108	230
108	232
108	235
108	245
108	246
108	252
108	255
108	257
108	260
108	261
108	263
108	267
108	269
108	270
108	272
108	275
108	281
108	285
108	286
108	287
108	293
108	295
108	296
108	297
108	299
108	300
108	302
108	305
108	306
108	307
108	308
108	309
109	299
109	307
109	309
110	307
110	309
111	232
111	235
111	246
111	255
111	257
111	260
111	261
111	263
111	275
111	281
111	285
111	293
111	295
111	297
111	299
111	300
111	302
111	305
111	306
111	307
111	308
111	309
112	232
112	235
112	246
112	255
112	257
112	260
112	261
112	263
112	275
112	281
112	285
112	293
112	295
112	297
112	299
112	300
112	302
112	305
112	306
112	307
112	308
112	309
113	236
113	246
113	255
113	257
113	260
113	262
113	275
113	281
113	285
113	288
113	289
113	290
113	293
113	295
113	297
113	299
113	300
113	302
113	305
113	306
113	307
113	308
113	309
114	309
115	281
115	293
115	295
115	297
115	299
115	302
115	306
115	307
115	309
116	299
116	307
116	309
117	281
117	293
117	295
117	297
117	299
117	302
117	306
117	307
117	309
118	193
118	218
118	219
118	225
118	227
118	230
118	232
118	235
118	241
118	245
118	246
118	252
118	253
118	255
118	257
118	259
118	260
118	261
118	263
118	267
118	269
118	270
118	272
118	275
118	280
118	281
118	282
118	285
118	286
118	287
118	293
118	295
118	296
118	297
118	299
118	300
118	302
118	303
118	304
118	305
118	306
118	307
118	308
118	309
119	309
120	281
120	285
120	293
120	295
120	297
120	299
120	300
120	302
120	306
120	307
120	309
121	307
121	309
122	309
123	307
123	309
124	309
125	307
125	309
127	309
128	307
128	309
129	299
129	305
129	307
129	309
130	255
130	275
130	281
130	285
130	293
130	295
130	297
130	299
130	300
130	302
130	305
130	306
130	307
130	308
130	309
131	309
132	281
132	285
132	293
132	295
132	297
132	299
132	300
132	302
132	306
132	307
132	309
133	309
134	225
134	281
134	287
134	293
134	295
134	297
134	299
134	302
134	306
134	307
134	309
135	263
135	281
135	285
135	293
135	295
135	297
135	299
135	300
135	302
135	306
135	307
135	309
136	309
137	281
137	293
137	295
137	297
137	299
137	302
137	306
137	307
137	309
138	211
138	218
138	219
138	222
138	223
138	225
138	226
138	227
138	231
138	232
138	233
138	235
138	236
138	243
138	245
138	246
138	249
138	252
138	253
138	255
138	257
138	258
138	259
138	260
138	261
138	262
138	263
138	266
138	267
138	268
138	269
138	270
138	271
138	272
138	275
138	276
138	278
138	280
138	281
138	282
138	285
138	286
138	287
138	288
138	289
138	290
138	291
138	292
138	293
138	294
138	295
138	296
138	297
138	298
138	299
138	300
138	301
138	302
138	303
138	304
138	305
138	306
138	307
138	308
138	309
139	218
139	225
139	281
139	293
139	295
139	297
139	299
139	300
139	302
139	306
139	307
139	309
140	309
141	309
142	307
142	309
143	246
143	275
143	281
143	293
143	295
143	297
143	299
143	302
143	305
143	306
143	307
143	308
143	309
144	218
144	219
144	225
144	226
144	231
144	245
144	246
144	249
144	267
144	268
144	269
144	272
144	275
144	281
144	285
144	286
144	287
144	288
144	289
144	290
144	293
144	295
144	296
144	297
144	299
144	300
144	302
144	305
144	306
144	307
144	308
144	309
145	281
145	285
145	293
145	295
145	297
145	299
145	300
145	302
145	306
145	307
145	309
146	218
146	293
146	300
146	302
146	306
146	307
146	309
155	225
155	309
157	309
159	309
165	309
167	309
172	309
177	309
178	309
179	309
180	309
183	309
186	309
187	309
188	309
189	309
191	275
191	281
191	285
191	293
191	299
191	300
191	302
191	305
191	306
191	307
191	308
191	309
225	293
225	306
225	307
232	302
241	309
245	307
246	302
269	302
269	307
269	309
270	302
270	307
270	309