130
0.9988322268323266	0.04831337952550707
0.9953316347176486	0.09651392091451512
0.9895063994510511	0.14448904956922135
0.9813701261394134	0.1921267173537084
0.970941817426052	0.23931566428755777
0.9582458291091662	0.2859456783986893
0.943311813257743	0.33190785312852844
0.9261746489577765	0.37709484168832047
0.9068743608505454	0.42140110777252915
0.8854560256532099	0.46472317204376856
0.8619696668800492	0.5069598538135904
0.8364701380102267	0.54801250735467
0.8090169943749473	0.5877852522924732
0.7796743540632224	0.6261851975383137
0.7485107481711011	0.6631226582407952
0.715598960744121	0.698511365248937
0.681015858786797	0.7322686665977736
0.6448422127361706	0.7643157205458484
0.6071625078187112	0.7945776797137543
0.5680647467311558	0.8229838658936565
0.5276402441061326	0.8494679351215211
0.485983413242606	0.873968032626518
0.44319154559924134	0.8964269372957038
0.39936458356569543	0.9167921953165824
0.35460488704253557	0.9350162426854148
0.3090169943749473	0.9510565162951536
0.26270737819858686	0.9648755533435515
0.21578419676780614	0.9764410788292721
0.1683570413470384	0.9857260809316509
0.120536680255323	0.992708874098054
0.07243480016176218	0.9973731496914912
0.024163745236132194	0.9997080140801929
-0.024163745236132295	0.9997080140801929
-0.0724348001617625	0.9973731496914912
-0.1205366802553231	0.992708874098054
-0.16835704134703874	0.9857260809316508
-0.21578419676780625	0.976441078829272
-0.2627073781985869	0.9648755533435515
-0.30901699437494756	0.9510565162951535
-0.3546048870425357	0.9350162426854148
-0.39936458356569576	0.9167921953165823
-0.4431915455992416	0.8964269372957037
-0.4859834132426061	0.8739680326265179
-0.5276402441061329	0.849467935121521
-0.568064746731156	0.8229838658936562
-0.6071625078187112	0.7945776797137543
-0.6448422127361707	0.7643157205458482
-0.6810158587867973	0.7322686665977733
-0.715598960744121	0.698511365248937
-0.7485107481711012	0.6631226582407952
-0.7796743540632225	0.6261851975383135
-0.8090169943749477	0.5877852522924728
-0.8364701380102267	0.54801250735467
-0.8619696668800493	0.5069598538135902
-0.88545602565321	0.4647231720437683
-0.9068743608505454	0.4214011077725291
-0.9261746489577766	0.3770948416883203
-0.9433118132577432	0.33190785312852816
-0.9582458291091662	0.2859456783986893
-0.970941817426052	0.23931566428755768
-0.9813701261394134	0.19212671735370815
-0.9895063994510511	0.14448904956922096
-0.9953316347176486	0.09651392091451506
-0.9988322268323266	0.04831337952550688
-1.	0
-0.9988322268323266	-0.04831337952550708
-0.9953316347176486	-0.09651392091451526
-0.989506399451051	-0.1444890495692216
-0.9813701261394133	-0.1921267173537088
-0.970941817426052	-0.23931566428755788
-0.9582458291091661	-0.2859456783986895
-0.9433118132577429	-0.3319078531285288
-0.9261746489577765	-0.3770948416883205
-0.9068743608505454	-0.4214011077725293
-0.8854560256532097	-0.46472317204376884
-0.8619696668800492	-0.5069598538135904
-0.8364701380102266	-0.5480125073546701
-0.8090169943749472	-0.5877852522924734
-0.7796743540632222	-0.626185197538314
-0.748510748171101	-0.6631226582407953
-0.7155989607441209	-0.6985113652489372
-0.6810158587867968	-0.7322686665977738
-0.6448422127361703	-0.7643157205458486
-0.6071625078187107	-0.7945776797137547
-0.5680647467311559	-0.8229838658936564
-0.5276402441061327	-0.8494679351215211
-0.4859834132426059	-0.873968032626518
-0.44319154559924107	-0.8964269372957039
-0.39936458356569515	-0.9167921953165826
-0.35460488704253507	-0.935016242685415
-0.30901699437494756	-0.9510565162951535
-0.26270737819858697	-0.9648755533435515
-0.21578419676780605	-0.9764410788292721
-0.16835704134703833	-0.9857260809316509
-0.12053668025532269	-0.9927088740980541
-0.07243480016176186	-0.9973731496914912
-0.024163745236131653	-0.9997080140801929
0.024163745236132173	-0.9997080140801929
0.07243480016176237	-0.9973731496914912
0.1205366802553232	-0.992708874098054
0.16835704134703883	-0.9857260809316508
0.21578419676780655	-0.976441078829272
0.26270737819858747	-0.9648755533435514
0.30901699437494806	-0.9510565162951533
0.35460488704253557	-0.9350162426854148
0.39936458356569565	-0.9167921953165824
0.4431915455992415	-0.8964269372957037
0.4859834132426064	-0.8739680326265178
0.5276402441061332	-0.8494679351215207
0.5680647467311563	-0.822983865893656
0.6071625078187118	-0.7945776797137538
0.6448422127361706	-0.7643157205458483
0.6810158587867973	-0.7322686665977735
0.7155989607441212	-0.6985113652489368
0.7485107481711014	-0.6631226582407949
0.7796743540632227	-0.6261851975383133
0.8090169943749478	-0.5877852522924726
0.8364701380102267	-0.54801250735467
0.8619696668800493	-0.5069598538135903
0.88545602565321	-0.4647231720437684
0.9068743608505456	-0.4214011077725288
0.9261746489577767	-0.37709484168832
0.9433118132577433	-0.3319078531285279
0.9582458291091664	-0.28594567839868856
0.970941817426052	-0.2393156642875578
0.9813701261394134	-0.1921267173537083
0.9895063994510511	-0.14448904956922107
0.9953316347176486	-0.09651392091451474
0.9988322268323266	-0.04831337952550656
1.	0