201
0.9995114576004659	0.03125453767682429
0.998046307749216	0.06247853701998265
0.9956059820218981	0.09364148953435077
0.9921928648236853	0.12471294637273277
0.9878102910595095	0.15566254808696697
0.9824625428755761	0.18646005429168117
0.9761548454753453	0.21707537321171355
0.9688933620140637	0.2474785910843287
0.9606851875768402	0.27764000138750056
0.9515383422461454	0.30753013386570344
0.9414617632655113	0.33711978332485076
0.9304652963070866	0.36638003816824616
0.9185596858515798	0.3952823086456653
0.9057565646899906	0.4237983547879663
0.8920684425573865	0.45190031399993386
0.8775086939098312	0.4795607282843979
0.8620915448564065	0.5067525710710252
0.8458320592590974	0.5334492736235703
0.8287461240141216	0.5596247509997839
0.810850433529085	0.5852534275386132
0.7921624734111293	0.6103102618497921
0.7727005033820113	0.6347707712814022
0.7524835394368066	0.6586110558415005
0.731531335263669	0.6818078215504377
0.7098643629428033	0.7043384032010522
0.6875037929435059	0.7261807865044991
0.6644714734388217	0.7473136296000771
0.6407899089580261	0.7677162839080364
0.6164822383977913	0.787368814304992
0.5915722124135223	0.8062520186022298
0.5660841702129532	0.8243474463078735
0.5400430157746757	0.8416374166545789
0.5134741935148419	0.8581050358751443
0.4864036634258111	0.873734213709152
0.4588578757110357	0.8885096791245191
0.43086374494097046	0.9024169952385883
0.4024486237552537	0.9154425734241893
0.3736402761368597	0.9275736865868777
0.344466850284333	0.9387984816003864
0.3149568511086103	0.9491059908881351
0.28513911238130707	0.9584861431394824
0.2550427685616765	0.9669297731502506
0.22469722632977182	0.9744286307779073
0.1941321358536275	0.9809753890026542
0.16337736181853021	0.9865636510865465
0.13246295424668797	0.991187956823649
0.10141911913581184	0.9948437878751196
0.070276188945293	0.9975275721840101
0.03906459295881926	0.9992366874654682
0.007814827552383908	0.9999694637689326
-0.023442573603260443	0.9997251851098159
-0.05467706937658579	0.9985040901690829
-0.0858581410165659	0.9963073720600383
-0.11695532197208247	0.9931371771625542
-0.1479382276603298	0.9889966030258751
-0.17877658515512931	0.9838896953420494
-0.20944026276614444	0.9778214439929451
-0.23989929948009772	0.9707977781747126
-0.27012393423522213	0.9628255606044562
-0.30008463500034077	0.953912580814779
-0.3297521276301665	0.9440675475427478
-0.3590974244686246	0.933300080220719
-0.3880918526722496	0.9216206995773375
-0.4167070822259866	0.9090408173578922
-0.44491515362401657	0.8955727251740742
-0.47268850518856537	0.8812295824940284
-0.4999999999999998	0.8660254037844387
-0.5268229524119006	0.8499750448172042
-0.5531311541251994	0.8330941881540915
-0.5788988997959115	0.8153993278235415
-0.6041010121514356	0.7969077532046046
-0.6287128665908847	0.7776375321337522
-0.6527104152454095	0.7576074932510667
-0.6760702104750045	0.7368372076030655
-0.6987694277788417	0.7153469695201276
-0.7207858880967425	0.6931577767872119
-0.7420980794800011	0.6702913101272416
-0.7626851781103818	0.6467699120171988
-0.7825270686467567	0.6226165648576291
-0.8016043638794973	0.5978548685168888
-0.8198984236734246	0.5725090172720719
-0.8373913731808006	0.5466037761691489
-0.8540661203065707	0.5201644568254182
-0.8699063724087902	0.49321689269790747
-0.8848966522179167	0.4657874138418979
-0.8990223129594146	0.4379028211842262
-0.9122695526648968	0.4095903603365063
-0.9246254276578174	0.3808776949738567
-0.9360778652005415	0.3517928798051445
-0.9466156752904341	0.3223643331611538
-0.9562285615934408	0.2926208092274697
-0.9649071315044797	0.2625913699491983
-0.9726429053248131	0.23230535663498308
-0.979428324547432	0.20179236128805816
-0.9852567592423589	0.17108219769235014
-0.9901225145346509	0.14020487228188577
-0.994020836168776	0.10919055482195948
-0.9969479151539236	0.07806954893071483
-0.9989008914857114	0.04687226246994031
-0.999877856940653	0.015629177834008034
-0.999877856940653	-0.015629177834007787
-0.9989008914857115	-0.046872262469940064
-0.9969479151539236	-0.07806954893071504
-0.994020836168776	-0.10919055482195925
-0.9901225145346509	-0.14020487228188555
-0.985256759242359	-0.17108219769234992
-0.979428324547432	-0.20179236128805791
-0.972642905324813	-0.23230535663498328
-0.9649071315044796	-0.2625913699491985
-0.9562285615934408	-0.2926208092274694
-0.9466156752904342	-0.3223643331611536
-0.9360778652005416	-0.3517928798051443
-0.9246254276578173	-0.38087769497385693
-0.9122695526648967	-0.4095903603365065
-0.8990223129594147	-0.43790282118422597
-0.8848966522179168	-0.4657874138418977
-0.8699063724087903	-0.49321689269790725
-0.8540661203065708	-0.520164456825418
-0.8373913731808006	-0.5466037761691491
-0.8198984236734245	-0.572509017272072
-0.8016043638794974	-0.5978548685168886
-0.7825270686467568	-0.6226165648576288
-0.7626851781103821	-0.6467699120171987
-0.742098079480001	-0.6702913101272417
-0.7207858880967423	-0.693157776787212
-0.6987694277788418	-0.7153469695201273
-0.6760702104750047	-0.7368372076030654
-0.6527104152454096	-0.7576074932510666
-0.6287128665908849	-0.777637532133752
-0.6041010121514355	-0.7969077532046047
-0.5788988997959114	-0.8153993278235416
-0.5531311541251992	-0.8330941881540916
-0.5268229524119004	-0.8499750448172043
-0.5000000000000004	-0.8660254037844384
-0.4726885051885656	-0.8812295824940283
-0.44491515362401673	-0.895572725174074
-0.41670708222598685	-0.9090408173578921
-0.3880918526722498	-0.9216206995773374
-0.3590974244686246	-0.933300080220719
-0.3297521276301665	-0.9440675475427478
-0.3000846350003406	-0.953912580814779
-0.2701239342352219	-0.9628255606044562
-0.23989929948009753	-0.9707977781747126
-0.2094402627661449	-0.977821443992945
-0.17877658515512979	-0.9838896953420493
-0.14793822766033024	-0.9889966030258751
-0.11695532197208272	-0.9931371771625541
-0.08585814101656615	-0.9963073720600383
-0.054677069376586035	-0.9985040901690829
-0.023442573603260467	-0.9997251851098159
0.007814827552383885	-0.9999694637689326
0.039064592958819463	-0.9992366874654682
0.0702761889452932	-0.9975275721840101
0.10141911913581203	-0.9948437878751196
0.1324629542466875	-0.991187956823649
0.16337736181852977	-0.9865636510865465
0.19413213585362726	-0.9809753890026542
0.22469722632977157	-0.9744286307779074
0.25504276856167624	-0.9669297731502506
0.28513911238130707	-0.9584861431394824
0.3149568511086103	-0.9491059908881351
0.34446685028433294	-0.9387984816003864
0.3736402761368599	-0.9275736865868777
0.40244862375525386	-0.9154425734241892
0.4308637449409707	-0.9024169952385882
0.45885787571103526	-0.8885096791245193
0.4864036634258107	-0.8737342137091523
0.5134741935148417	-0.8581050358751444
0.5400430157746755	-0.841637416654579
0.5660841702129531	-0.8243474463078735
0.5915722124135223	-0.8062520186022298
0.6164822383977913	-0.787368814304992
0.6407899089580261	-0.7677162839080363
0.6644714734388218	-0.747313629600077
0.687503792943506	-0.7261807865044989
0.7098643629428035	-0.704338403201052
0.7315313352636686	-0.6818078215504381
0.7524835394368063	-0.6586110558415007
0.7727005033820112	-0.6347707712814024
0.7921624734111292	-0.6103102618497922
0.8108504335290849	-0.5852534275386133
0.8287461240141216	-0.5596247509997839
0.8458320592590973	-0.5334492736235703
0.8620915448564066	-0.5067525710710251
0.8775086939098313	-0.4795607282843977
0.8920684425573866	-0.4519003139999336
0.9057565646899903	-0.4237983547879668
0.9185596858515797	-0.39528230864566577
0.9304652963070865	-0.3663800381682465
0.9414617632655112	-0.337119783324851
0.9515383422461453	-0.3075301338657036
0.9606851875768402	-0.27764000138750067
0.9688933620140637	-0.24747859108432874
0.9761548454753454	-0.2170753732117135
0.9824625428755762	-0.18646005429168103
0.9878102910595095	-0.15566254808696675
0.9921928648236854	-0.12471294637273246
0.9956059820218981	-0.09364148953435125
0.9980463077492159	-0.06247853701998306
0.9995114576004659	-0.031254537676824616
1.	0