108
0.9983081582712682	0.05814482891047582
0.993238357741943	0.11609291412523022
0.984807753012208	0.1736481776669303
0.9730448705798238	0.23061587074244014
0.9579895123154889	0.2868032327110902
0.9396926207859084	0.34202014332566866
0.918216106880274	0.39607976603915673
0.8936326403234123	0.4487991802004621
0.8660254037844387	0.49999999999999994
0.8354878114129365	0.549508978070806
0.8021231927550438	0.5971585917027862
0.7660444431189781	0.6427876096865393
0.7273736415730488	0.6862416378687335
0.6862416378687337	0.7273736415730486
0.6427876096865395	0.7660444431189779
0.5971585917027863	0.8021231927550437
0.5495089780708061	0.8354878114129364
0.5000000000000001	0.8660254037844386
0.4487991802004623	0.8936326403234122
0.3960797660391569	0.918216106880274
0.3420201433256688	0.9396926207859083
0.2868032327110903	0.9579895123154889
0.23061587074244025	0.9730448705798238
0.17364817766693064	0.984807753012208
0.11609291412523053	0.9932383577419429
0.05814482891047612	0.9983081582712682
0	1.
-0.05814482891047555	0.9983081582712682
-0.11609291412522996	0.993238357741943
-0.17364817766693008	0.9848077530122081
-0.23061587074243992	0.9730448705798239
-0.28680323271109	0.9579895123154889
-0.3420201433256685	0.9396926207859084
-0.3960797660391566	0.9182161068802741
-0.4487991802004618	0.8936326403234125
-0.4999999999999998	0.8660254037844387
-0.5495089780708057	0.8354878114129367
-0.597158591702786	0.802123192755044
-0.642787609686539	0.7660444431189783
-0.6862416378687335	0.7273736415730488
-0.7273736415730484	0.6862416378687339
-0.7660444431189779	0.6427876096865395
-0.8021231927550435	0.5971585917027865
-0.8354878114129363	0.5495089780708062
-0.8660254037844385	0.5000000000000003
-0.8936326403234122	0.44879918020046233
-0.9182161068802739	0.3960797660391572
-0.9396926207859082	0.3420201433256693
-0.9579895123154888	0.2868032327110906
-0.9730448705798237	0.23061587074244075
-0.984807753012208	0.1736481776669307
-0.9932383577419429	0.1160929141252308
-0.9983081582712682	0.058144828910476176
-1.	0
-0.9983081582712682	-0.05814482891047549
-0.993238357741943	-0.11609291412522968
-0.9848077530122081	-0.17364817766693003
-0.9730448705798239	-0.23061587074243964
-0.957989512315489	-0.28680323271108993
-0.9396926207859085	-0.3420201433256682
-0.9182161068802741	-0.39607976603915657
-0.8936326403234125	-0.4487991802004617
-0.8660254037844388	-0.4999999999999997
-0.8354878114129367	-0.5495089780708056
-0.8021231927550442	-0.5971585917027856
-0.7660444431189783	-0.6427876096865389
-0.7273736415730492	-0.686241637868733
-0.6862416378687339	-0.7273736415730484
-0.6427876096865395	-0.7660444431189779
-0.5971585917027868	-0.8021231927550433
-0.5495089780708066	-0.835487811412936
-0.5000000000000004	-0.8660254037844384
-0.4487991802004624	-0.8936326403234122
-0.3960797660391576	-0.9182161068802737
-0.3420201433256694	-0.9396926207859082
-0.28680323271109065	-0.9579895123154888
-0.2306158707424404	-0.9730448705798238
-0.1736481776669312	-0.9848077530122079
-0.11609291412523086	-0.9932383577419429
-0.05814482891047624	-0.9983081582712682
0	-1.
0.05814482891047498	-0.9983081582712683
0.11609291412522962	-0.993238357741943
0.17364817766692997	-0.9848077530122081
0.23061587074243917	-0.973044870579824
0.2868032327110895	-0.9579895123154891
0.34202014332566816	-0.9396926207859085
0.3960797660391565	-0.9182161068802741
0.4487991802004613	-0.8936326403234127
0.49999999999999933	-0.866025403784439
0.5495089780708056	-0.8354878114129367
0.5971585917027858	-0.802123192755044
0.6427876096865386	-0.7660444431189787
0.686241637868733	-0.7273736415730492
0.7273736415730483	-0.6862416378687339
0.7660444431189772	-0.6427876096865403
0.8021231927550432	-0.597158591702787
0.835487811412936	-0.5495089780708067
0.8660254037844384	-0.5000000000000004
0.8936326403234117	-0.4487991802004632
0.9182161068802737	-0.3960797660391577
0.9396926207859081	-0.34202014332566943
0.9579895123154887	-0.2868032327110907
0.9730448705798236	-0.2306158707424413
0.9848077530122079	-0.17364817766693127
0.9932383577419429	-0.11609291412523093
0.9983081582712682	-0.0581448289104763
1.	0