329
0.9998176420316002	0.019096666786930977
0.9992706346352579	0.03818636871514501
0.9983591773132882	0.05726214346612011
0.997083602488702	0.07631703380079781
0.9954443753839666	0.09534409009699908
0.993442093851331	0.1143363728840623
0.9910774881547801	0.13328695537377883
0.9883514207036957	0.15218892598670306
0.9852648857383222	0.17103539087291547
0.9818190089671507	0.18981947642631977
0.9780150471563559	0.20853433179155642
0.9738543876714333	0.2271731313626188
0.9693385479712047	0.24572907727226054
0.9644691750543766	0.264195401871286
0.9592480448588541	0.2825653701968198
0.9536770616140277	0.3008322824286551
0.9477582571462703	0.31898947633278485
0.941493790137898	0.33703032969122465
0.9348859453398646	0.35494826271724117
0.9279371327384757	0.3727367404551054
0.9206498866764288	0.3903892751634948
0.9130268649284982	0.40789942868167645
0.9050708477322018	0.42526081477760636
0.8967847367738047	0.4424671014770904
0.8881715541300275	0.4595120133731563
0.8792344411658468	0.47638933391479393
0.8699766573887898	0.49309290767423153
0.8604015792601394	0.5096166425919174
0.8505126989634851	0.5259545121983916
0.8403136231310683	0.5421005578122355
0.8298080715283858	0.5580488907132971
0.8189998756975317	0.5737936942904022
0.8078929775597739	0.5893292261627644
0.7964914279778714	0.6046498202743231
0.784799385278661	0.619749888960245
0.7728211137364488	0.6346239249848329
0.7605609820177617	0.6492665035501046
0.7480234615880247	0.6636722842743012
0.7352131250807463	0.677836013139611
0.7221346446298068	0.6917525244083917
0.7087927901654556	0.7054167425071994
0.6951924276746423	0.7188236838779293
0.6813385174263136	0.7319684587953998
0.6672361121623239	0.7448462731507131
0.6528903552546205	0.7574524301997423
0.6383064788293727	0.76978233227611
0.6234898018587336	0.7818314824680298
0.6084457282209244	0.7935954862584017
0.5931797447293552	0.805070053127563
0.5776974191314965	0.8162509981181083
0.5620043980782325	0.8271342433612113
0.5461064050644379	0.8377158195638877
0.5300092383415278	0.84799186745666
0.5137187688027435	0.8579586392010942
0.49724093784194373	0.8676124997566969
0.48058175518668383	0.8769499282066715
0.4637472967063721	0.8859675190420538
0.44674370219630377	0.8946619834037547
0.4295771731383796	0.9030301502820594
0.41225397043932627	0.9110689676731455
0.3947804121472449	0.9187755036921976
0.37716287114731717	0.926146947642712
0.3594077728375128	0.9331806110416025
0.34152159278514493	0.9398739285997338
0.3235108543651271	0.9462244591575223
0.30538212638079465	0.9522298865752662
0.2871420206681573	0.9578880205778793
0.26879718968445737	0.9631967975537179
0.2503543240819124	0.9681542813072144
0.2318201502675282	0.9727586637650372
0.21320142794987015	0.9770082656355249
0.1945049476736903	0.9809015370211502
0.1757375283433075	0.9844370579837927
0.15690601473564408	0.9876135390626122
0.13801727500382685	0.9904298217443365
0.11907819817226206	0.9928848788857888
0.10009569162409844	0.994977815088504
0.08107667858199431	0.9967078670252945
0.062028095583108754	0.998074403718647
0.04295688994923471	0.9990769267708515
0.023870017253000822	0.9997150705457738
0.004774438781063082	0.9999886023022092
-0.014322881004787387	0.9998974222787669
-0.03341497700767452	0.9994415637302546
-0.05249488603591916	0.9986211929155498
-0.07155564934262602	0.9974366090369629
-0.09059031516364979	0.9958882441311127
-0.10959194125301346	0.9939766629113563
-0.1285535974148573	0.9917025625618292
-0.14746836803099106	0.9890667724831708
-0.16632935458313003	0.9860702539900286
-0.18512967816889495	0.9827140999604521
-0.20386248201065704	0.9789995344373023
-0.22252093395631434	0.9749279121818236
-0.24109822897108618	0.9705007181795414
-0.25958759161941813	0.9657195670986636
-0.2779822785360912	0.9605862027011854
-0.29627558088563405	0.9551024972069124
-0.3144608268091433	0.9492704506106308
-0.33253138385761605	0.9430921899526784
-0.3504806614109099	0.9365699685431789
-0.36830211308144706	0.9297061651402238
-0.3859892391017864	0.922503283082301
-0.4035355886951921	0.9149639493752881
-0.4209347624283349	0.9070909137343408
-0.4381804145452672	0.8988870475810283
-0.45526625528182096	0.8903553429960803
-0.4721860531595867	0.8814989116281267
-0.4889336372586302	0.8723209835588309
-0.5055028994681284	0.8628249061248262
-0.5218877967140921	0.8530141426968901
-0.5380823531633726	0.8428922714167971
-0.554080662403144	0.8324629838923129
-0.5698768895950641	0.8217300838508075
-0.5854652736033354	0.8106974857519736
-0.6008401290958805	0.799369213360163
-0.6159958486178757	0.7877493982768524
-0.6309269046368773	0.7758422784337863
-0.6456278515588024	0.7636521965473321
-0.6600933277140222	0.7511835985346249
-0.6743180573128493	0.7384410318920699
-0.6882968523697028	0.7254291440367967
-0.7020246145952478	0.7121526806116746
-0.7154963372558245	0.6986164837544985
-0.7287071069994818	0.6848254903319865
-0.7416521056479576	0.6707847301392235
-0.7543266119539421	0.656499324065217
-0.7667260033229952	0.6419744822252255
-0.7788457574994777	0.6272155020605475
-0.790681454215891	0.6122277664064607
-0.8022287768050201	0.5970167415290137
-0.8134835137742887	0.5815879751313954
-0.8244415603417604	0.5659470943305951
-0.8350989199332151	0.5500998036051074
-0.8454517056397661	0.5340518827144141
-0.8554961416354757	0.5178091845910172
-0.8652285645544603	0.5013776332057784
-0.8746454248269776	0.4847632214073546
-0.8837432879740112	0.46797200873650957
-0.8925188358598813	0.45101011921610173
-0.900968867902419	0.43388373911755823
-0.9090903022402727	0.4165991147046399
-0.9168801768569089	0.39916254995533257
-0.92433565066091	0.38158040426268247
-0.9314540045221626	0.3638590901154277
-0.9382326422635704	0.346005070759258
-0.9446690916079189	0.3280248578395689
-0.9507610050795556	0.3099250090265597
-0.9565061608605524	0.2917121256235452
-0.961902463601036	0.2733928501593586
-0.9669479451833977	0.2549738639657113
-0.9716407654400949	0.23646188474040875
-0.9759792128247922	0.21786366409729524
-0.9799617050365867	0.19918598510383628
-0.9835867895971012	0.1804356598072224
-0.986853144380224	0.16161952674990984
-0.9897595780943103	0.142744448475494
-0.9923050307166654	0.12381730902582903
-0.9944885738801517	0.10484501143031112
-0.9963094112117786	0.08583447518823017
-0.9977668786231532	0.0667926337451217
-0.9988604445526829	0.04772643196402511
-0.9995897101594454	0.02864282359258509
-0.9999544094686518	0.009548768726905469
-0.9999544094686518	-0.009548768726905668
-0.9995897101594454	-0.028642823592584844
-0.9988604445526829	-0.047726431964025304
-0.9977668786231532	-0.06679263374512145
-0.9963094112117786	-0.08583447518823038
-0.9944885738801518	-0.10484501143031087
-0.9923050307166654	-0.12381730902582923
-0.9897595780943103	-0.14274444847549375
-0.986853144380224	-0.16161952674991004
-0.9835867895971012	-0.1804356598072226
-0.9799617050365869	-0.19918598510383606
-0.975979212824792	-0.21786366409729543
-0.971640765440095	-0.2364618847404085
-0.9669479451833976	-0.2549738639657115
-0.9619024636010362	-0.2733928501593583
-0.9565061608605524	-0.2917121256235454
-0.9507610050795557	-0.30992500902655945
-0.9446690916079188	-0.3280248578395691
-0.9382326422635703	-0.34600507075925824
-0.9314540045221628	-0.3638590901154275
-0.92433565066091	-0.38158040426268264
-0.916880176856909	-0.39916254995533235
-0.9090903022402725	-0.41659911470464006
-0.9009688679024191	-0.433883739117558
-0.8925188358598812	-0.4510101192161019
-0.8837432879740114	-0.46797200873650935
-0.8746454248269775	-0.4847632214073548
-0.8652285645544604	-0.5013776332057782
-0.8554961416354758	-0.517809184591017
-0.845451705639766	-0.5340518827144142
-0.8350989199332152	-0.5500998036051071
-0.8244415603417603	-0.5659470943305952
-0.8134835137742888	-0.5815879751313952
-0.8022287768050199	-0.597016741529014
-0.7906814542158912	-0.6122277664064605
-0.7788457574994776	-0.6272155020605477
-0.7667260033229955	-0.6419744822252252
-0.7543266119539423	-0.6564993240652168
-0.7416521056479575	-0.6707847301392236
-0.728707106999482	-0.6848254903319864
-0.7154963372558243	-0.6986164837544987
-0.702024614595248	-0.7121526806116745
-0.6882968523697027	-0.7254291440367968
-0.6743180573128494	-0.7384410318920697
-0.6600933277140221	-0.751183598534625
-0.6456278515588025	-0.7636521965473319
-0.6309269046368772	-0.7758422784337864
-0.6159958486178756	-0.7877493982768525
-0.6008401290958807	-0.7993692133601628
-0.5854652736033357	-0.8106974857519735
-0.569876889595064	-0.8217300838508076
-0.5540806624031439	-0.832462983892313
-0.5380823531633728	-0.842892271416797
-0.5218877967140924	-0.85301414269689
-0.5055028994681283	-0.8628249061248263
-0.4889336372586304	-0.8723209835588308
-0.47218605315958695	-0.8814989116281265
-0.4552662552818208	-0.8903553429960804
-0.438180414545267	-0.8988870475810283
-0.4209347624283351	-0.9070909137343407
-0.40353558869519257	-0.9149639493752879
-0.38598923910178623	-0.9225032830823011
-0.36830211308144706	-0.9297061651402238
-0.3504806614109101	-0.9365699685431789
-0.33253138385761566	-0.9430921899526785
-0.3144608268091431	-0.9492704506106309
-0.29627558088563405	-0.9551024972069124
-0.2779822785360914	-0.9605862027011854
-0.2595875916194179	-0.9657195670986637
-0.2410982289710862	-0.9705007181795414
-0.2225209339563146	-0.9749279121818236
-0.20386248201065751	-0.9789995344373021
-0.18512967816889475	-0.9827140999604521
-0.16632935458313006	-0.9860702539900286
-0.14746836803099128	-0.9890667724831707
-0.1285535974148569	-0.9917025625618293
-0.10959194125301325	-0.9939766629113563
-0.09059031516364982	-0.9958882441311127
-0.07155564934262648	-0.9974366090369629
-0.05249488603591897	-0.9986211929155498
-0.03341497700767455	-0.9994415637302546
-0.014322881004787631	-0.9998974222787669
0.004774438781063503	-0.9999886023022092
0.02387001725300102	-0.9997150705457738
0.04295688994923468	-0.9990769267708515
0.06202809558310851	-0.998074403718647
0.08107667858199473	-0.9967078670252943
0.10009569162409843	-0.994977815088504
0.11907819817226181	-0.9928848788857888
0.13801727500382638	-0.9904298217443365
0.15690601473564428	-0.9876135390626122
0.17573752834330747	-0.9844370579837927
0.1945049476736901	-0.9809015370211503
0.21320142794987057	-0.9770082656355248
0.2318201502675284	-0.9727586637650372
0.2503543240819124	-0.9681542813072144
0.2687971896844569	-0.963196797553718
0.28714202066815747	-0.9578880205778791
0.3053821263807946	-0.9522298865752662
0.3235108543651269	-0.9462244591575223
0.3415215927851445	-0.9398739285997341
0.359407772837513	-0.9331806110416025
0.3771628711473171	-0.926146947642712
0.3947804121472447	-0.9187755036921977
0.41225397043932666	-0.9110689676731454
0.42957717313837956	-0.9030301502820594
0.44674370219630355	-0.8946619834037548
0.4637472967063717	-0.8859675190420541
0.480581755186684	-0.8769499282066714
0.49724093784194373	-0.8676124997566969
0.5137187688027433	-0.8579586392010944
0.5300092383415281	-0.8479918674566598
0.546106405064438	-0.8377158195638876
0.5620043980782324	-0.8271342433612113
0.5776974191314962	-0.8162509981181085
0.5931797447293554	-0.8050700531275627
0.6084457282209244	-0.7935954862584017
0.6234898018587334	-0.7818314824680299
0.6383064788293724	-0.7697823322761104
0.6528903552546206	-0.7574524301997422
0.6672361121623239	-0.7448462731507132
0.6813385174263134	-0.7319684587954001
0.6951924276746425	-0.718823683877929
0.7087927901654556	-0.7054167425071993
0.7221346446298067	-0.6917525244083919
0.7352131250807461	-0.6778360131396112
0.7480234615880248	-0.6636722842743011
0.7605609820177617	-0.6492665035501046
0.7728211137364487	-0.6346239249848331
0.7847993852786612	-0.6197498889602446
0.7964914279778714	-0.6046498202743231
0.8078929775597739	-0.5893292261627645
0.8189998756975315	-0.5737936942904025
0.829808071528386	-0.5580488907132969
0.8403136231310684	-0.5421005578122354
0.850512698963485	-0.5259545121983918
0.8604015792601392	-0.5096166425919179
0.8699766573887899	-0.49309290767423136
0.8792344411658468	-0.476389333914794
0.8881715541300274	-0.4595120133731565
0.8967847367738049	-0.4424671014770901
0.9050708477322018	-0.42526081477760624
0.913026864928498	-0.40789942868167656
0.9206498866764287	-0.3903892751634952
0.9279371327384758	-0.37273674045510513
0.9348859453398646	-0.35494826271724117
0.9414937901378979	-0.3370303296912249
0.9477582571462704	-0.3189894763327845
0.9536770616140277	-0.300832282428655
0.9592480448588541	-0.28256537019681993
0.9644691750543765	-0.2641954018712863
0.9693385479712047	-0.24572907727226026
0.9738543876714333	-0.22717313136261877
0.9780150471563559	-0.20853433179155662
0.9818190089671506	-0.18981947642632022
0.9852648857383222	-0.17103539087291528
0.9883514207036957	-0.15218892598670308
0.99107748815478	-0.13328695537377913
0.993442093851331	-0.11433637288406197
0.9954443753839666	-0.09534409009699898
0.997083602488702	-0.07631703380079796
0.998359177313288	-0.057262143466120505
0.9992706346352579	-0.03818636871514476
0.9998176420316002	-0.019096666786930977
1.	0