171
0.9993250234920638	0.036735506292772425
0.9973010051548273	0.07342142137803533
0.9939306773179495	0.11000822099407928
0.9892185897656579	0.14644651468042152
0.983171103594755	0.18268711245260688
0.9757963826274356	0.21868109120637577
0.9671043823905108	0.25437986076155633
0.9571068366759141	0.2897352294565246
0.9458172417006346	0.32469946920468346
0.9332508378874571	0.35922537992513726
0.9194245892911078	0.3932663532605831
0.9043571606975775	0.4267764354964036
0.8880688924275376	0.4597103895960224
0.8705817728778624	0.4920237562687781
0.8519194088383271	0.5236729139878779
0.8321069936235501	0.5546151378774088
0.8111712730632022	0.5848086573889135
0.7891405093963936	0.6142127126896678
0.766044443118978	0.6427876096865393
0.7419142528352816	0.670494773611149
0.7167825131684513	0.6972968010939954
0.6906831507862444	0.7231575106572466
0.6636513986016214	0.7480419915580353
0.6357237482099681	0.7719166509163208
0.6069379006271568	0.7947492590636996
0.5773327153949466	0.8165089930519428
0.546948158122427	0.8371664782625285
0.515825246534324	0.8566938280609963
0.4840059950989989	0.8750646814425936
0.4515333583108894	0.8922542386183939
0.41845117270396115	0.9082392944938463
0.3848040976744457	0.9229982699945627
0.35063755519275447	0.9365112411970548
0.3159976684859526	0.9487599662250943
0.28093119977356945	0.959727909875389
0.24548548714079924	0.9694002659393304
0.20970838063431035	0.9777639771906793
0.17364817766693041	0.984807753012208
0.13735355781840825	0.9905220846375032
0.10087351712026828	0.9948992579873537
0.06425730191347014	0.9979333640833947
0.02755434236816206	0.9996203070249514
-0.009185814244726299	0.9999578095183124
-0.04591357043997175	0.9989454159509686
-0.08257934547233227	0.9965844930066698
-0.11913364226822364	0.9928782278204649
-0.15552711424444313	0.9878316236762194
-0.19171063192373816	0.981451493252418
-0.22763534925729312	0.9737464494253677
-0.263252769564599	0.9647268936422204
-0.2985148110016943	0.9544050018795075
-0.33337387146939523	0.9427947082061434
-0.367782892873893	0.9299116859730877
-0.40169542465296926	0.9157733266550575
-0.435065686482073	0.9003987163728536
-0.4678486300756076	0.8838086101279944
-0.4999999999999998	0.8660254037844387
-0.5314763934164557	0.847073103835222
-0.562235318672754	0.8269772949948183
-0.5922352526649799	0.8057651056609783
-0.6214356968917646	0.7834651712926662
-0.6497972321253594	0.7601075957535366
-0.6772815716257409	0.7357239106731318
-0.7038516128259114	0.7103470328806641
-0.7294714874186207	0.6840112199688432
-0.7541066097768961	0.6567520240477346
-0.7777237236430138	0.6286062437510823
-0.800290947022884	0.5996118745598819
-0.8217778152252451	0.5698080575102663
-0.8421553219875656	0.5392350263549464
-0.8613959586331359	0.5079340532495343
-0.879473751206489	0.4759473930370737
-0.89636429553702	0.443318226205986
-0.9120447901834704	0.4100906005984402
-0.9264940672148018	0.3763093719478356
-0.9396926207859083	0.3420201433256689
-0.9516226334695917	0.30726920357953047
-0.9622680003092504	0.27210346484533515
-0.9716143505598138	0.23657039921814246
-0.9796490670875739	0.20071797466705907
-0.9863613034027223	0.16459459028073403
-0.9917419983016023	0.12824901093086322
-0.9957838880989075	0.09173030144190358
-0.9984815164333162	0.05508776035586557
-0.9998312416333227	0.018370853381597486
-0.9998312416333228	-0.01837085338159724
-0.9984815164333163	-0.05508776035586533
-0.9957838880989075	-0.09173030144190335
-0.9917419983016024	-0.12824901093086297
-0.9863613034027224	-0.16459459028073378
-0.9796490670875739	-0.20071797466705882
-0.9716143505598138	-0.2365703992181422
-0.9622680003092504	-0.27210346484533493
-0.9516226334695919	-0.30726920357953025
-0.9396926207859084	-0.34202014332566866
-0.926494067214802	-0.376309371947835
-0.9120447901834707	-0.4100906005984396
-0.8963642955370204	-0.4433182262059854
-0.8794737512064893	-0.47594739303707306
-0.8613959586331363	-0.5079340532495337
-0.842155321987566	-0.5392350263549457
-0.8217778152252454	-0.5698080575102658
-0.8002909470228844	-0.5996118745598813
-0.7777237236430142	-0.6286062437510818
-0.7541066097768966	-0.656752024047734
-0.7294714874186211	-0.6840112199688426
-0.7038516128259118	-0.7103470328806637
-0.6772815716257414	-0.7357239106731313
-0.6497972321253599	-0.7601075957535361
-0.6214356968917651	-0.7834651712926658
-0.5922352526649804	-0.8057651056609779
-0.5622353186727546	-0.826977294994818
-0.5314763934164562	-0.8470731038352216
-0.5000000000000004	-0.8660254037844384
-0.46784863007560823	-0.883808610127994
-0.4350656864820736	-0.9003987163728534
-0.40169542465296987	-0.9157733266550573
-0.3677828928738936	-0.9299116859730875
-0.3333738714693959	-0.9427947082061432
-0.29851481100169497	-0.9544050018795073
-0.26325276956459964	-0.9647268936422203
-0.22763534925729378	-0.9737464494253676
-0.19171063192373883	-0.9814514932524178
-0.1555271142444436	-0.9878316236762194
-0.11913364226822411	-0.9928782278204648
-0.08257934547233274	-0.9965844930066698
-0.04591357043997221	-0.9989454159509686
-0.009185814244726765	-0.9999578095183124
0.027554342368161594	-0.9996203070249514
0.06425730191346966	-0.9979333640833947
0.10087351712026782	-0.9948992579873537
0.1373535578184078	-0.9905220846375034
0.17364817766692997	-0.9848077530122081
0.20970838063430988	-0.9777639771906794
0.2454854871407988	-0.9694002659393305
0.280931199773569	-0.9597279098753891
0.3159976684859522	-0.9487599662250944
0.350637555192754	-0.9365112411970549
0.38480409767444523	-0.9229982699945629
0.4184511727039607	-0.9082392944938465
0.45153335831088903	-0.8922542386183941
0.4840059950989985	-0.8750646814425939
0.5158252465343237	-0.8566938280609965
0.5469481581224266	-0.8371664782625288
0.5773327153949462	-0.8165089930519431
0.6069379006271565	-0.7947492590636999
0.6357237482099677	-0.7719166509163211
0.6636513986016211	-0.7480419915580356
0.6906831507862442	-0.723157510657247
0.716782513168451	-0.6972968010939956
0.7419142528352813	-0.6704947736111492
0.7660444431189778	-0.6427876096865396
0.7891405093963934	-0.614212712689668
0.8111712730632021	-0.5848086573889139
0.8321069936235499	-0.5546151378774091
0.851919408838327	-0.5236729139878781
0.8705817728778622	-0.4920237562687784
0.8880688924275374	-0.45971038959602273
0.9043571606975773	-0.4267764354964039
0.9194245892911077	-0.3932663532605834
0.933250837887457	-0.35922537992513753
0.9458172417006346	-0.32469946920468373
0.9571068366759141	-0.28973522945652486
0.9671043823905107	-0.2543798607615566
0.9757963826274355	-0.21868109120637608
0.983171103594755	-0.18268711245260716
0.9892185897656579	-0.14644651468042177
0.9939306773179495	-0.11000822099407954
0.9973010051548273	-0.07342142137803558
0.9993250234920636	-0.03673550629277268
1.	0