126
0.9987569212189223	0.049845885660697156
0.9950307753654014	0.09956784659581665
0.9888308262251285	0.14904226617617441
0.9801724878485438	0.19814614319939755
0.969077286229078	0.24675739769029362
0.9555728057861408	0.29475517441090415
0.9396926207859084	0.3420201433256687
0.9214762118704076	0.3884347962746947
0.9009688679024191	0.43388373911755806
0.8782215733702285	0.4782539786213182
0.8532908816321557	0.521435203379498
0.8262387743159949	0.563320058063622
0.7971325072229225	0.6038044103254773
0.766044443118978	0.6427876096865393
0.7330518718298263	0.6801727377709194
0.6982368180860729	0.7158668492597183
0.6616858375968595	0.7497812029677341
0.6234898018587336	0.7818314824680297
0.58374367223479	0.8119380057158565
0.5425462638657594	0.8400259231507714
0.5000000000000001	0.8660254037844386
0.4562106573531631	0.8898718088114685
0.4112871031306117	0.9115058523116731
0.3653410243663952	0.9308737486442041
0.31848665025168466	0.9479273461671317
0.27084046814300533	0.962624246950012
0.22252093395631445	0.9749279121818236
0.17364817766693041	0.984807753012208
0.12434370464748527	0.9922392066001721
0.07473009358642439	0.9972037971811801
0.024930691738073035	0.9996891820008162
-0.02493069173807269	0.9996891820008162
-0.07473009358642405	0.9972037971811801
-0.12434370464748494	0.9922392066001721
-0.17364817766693008	0.9848077530122081
-0.22252093395631412	0.9749279121818236
-0.27084046814300483	0.9626242469500121
-0.3184866502516843	0.9479273461671318
-0.3653410243663949	0.9308737486442044
-0.4112871031306114	0.9115058523116732
-0.4562106573531626	0.8898718088114688
-0.4999999999999998	0.8660254037844387
-0.5425462638657593	0.8400259231507715
-0.5837436722347896	0.8119380057158566
-0.6234898018587335	0.7818314824680299
-0.6616858375968592	0.7497812029677344
-0.6982368180860727	0.7158668492597186
-0.7330518718298261	0.6801727377709197
-0.7660444431189779	0.6427876096865395
-0.7971325072229222	0.6038044103254777
-0.8262387743159947	0.5633200580636223
-0.8532908816321554	0.5214352033794984
-0.8782215733702284	0.47825397862131847
-0.900968867902419	0.43388373911755823
-0.9214762118704075	0.388434796274695
-0.9396926207859083	0.3420201433256689
-0.9555728057861406	0.2947551744109046
-0.9690772862290778	0.24675739769029384
-0.9801724878485437	0.19814614319939802
-0.9888308262251285	0.14904226617617472
-0.9950307753654014	0.09956784659581716
-0.9987569212189223	0.04984588566069748
-1.	0
-0.9987569212189223	-0.049845885660696795
-0.9950307753654014	-0.09956784659581648
-0.9888308262251286	-0.14904226617617403
-0.9801724878485439	-0.19814614319939736
-0.9690772862290781	-0.24675739769029317
-0.9555728057861408	-0.29475517441090393
-0.9396926207859085	-0.3420201433256682
-0.9214762118704077	-0.3884347962746944
-0.9009688679024194	-0.4338837391175576
-0.8782215733702288	-0.47825397862131785
-0.8532908816321559	-0.5214352033794976
-0.8262387743159951	-0.5633200580636216
-0.7971325072229226	-0.6038044103254772
-0.7660444431189783	-0.6427876096865389
-0.7330518718298266	-0.6801727377709191
-0.6982368180860732	-0.7158668492597181
-0.6616858375968597	-0.749781202967734
-0.6234898018587337	-0.7818314824680297
-0.5837436722347905	-0.811938005715856
-0.54254626386576	-0.8400259231507711
-0.5000000000000004	-0.8660254037844384
-0.4562106573531632	-0.8898718088114684
-0.4112871031306116	-0.9115058523116731
-0.3653410243663957	-0.930873748644204
-0.318486650251685	-0.9479273461671316
-0.2708404681430055	-0.9626242469500119
-0.2225209339563146	-0.9749279121818236
-0.1736481776669312	-0.9848077530122079
-0.12434370464748584	-0.992239206600172
-0.07473009358642473	-0.9972037971811801
-0.024930691738073156	-0.9996891820008162
0.0249306917380719	-0.9996891820008164
0.07473009358642348	-0.9972037971811802
0.1243437046474846	-0.9922392066001722
0.17364817766692997	-0.9848077530122081
0.22252093395631423	-0.9749279121818236
0.2708404681430043	-0.9626242469500124
0.31848665025168377	-0.9479273461671319
0.36534102436639454	-0.9308737486442045
0.4112871031306113	-0.9115058523116732
0.4562106573531621	-0.8898718088114691
0.49999999999999933	-0.866025403784439
0.5425462638657589	-0.8400259231507717
0.5837436722347895	-0.8119380057158567
0.6234898018587334	-0.7818314824680299
0.6616858375968587	-0.7497812029677348
0.6982368180860723	-0.7158668492597189
0.733051871829826	-0.6801727377709198
0.7660444431189778	-0.6427876096865396
0.7971325072229218	-0.6038044103254782
0.8262387743159945	-0.5633200580636227
0.8532908816321554	-0.5214352033794986
0.8782215733702283	-0.4782539786213186
0.9009688679024186	-0.4338837391175591
0.9214762118704073	-0.38843479627469557
0.9396926207859081	-0.34202014332566943
0.9555728057861406	-0.2947551744109047
0.9690772862290778	-0.24675739769029395
0.9801724878485436	-0.19814614319939858
0.9888308262251284	-0.14904226617617528
0.9950307753654013	-0.09956784659581729
0.9987569212189223	-0.0498458856606976
1.	0