125
0.9987369566060175	0.050244318179769556
0.9949510169813002	0.1003617148512149
0.9886517447379141	0.15022558912075706
0.9798550523842469	0.19970998051440703
0.9685831611286311	0.2486898871648548
0.954864544746643	0.2970415815770349
0.9387338576538741	0.34464292317451706
0.9202318473658704	0.3913736668372024
0.8994052515663711	0.4371157666509329
0.8763066800438636	0.4817536741017153
0.8509944817946918	0.5251746299612957
0.8235325976284275	0.5672689491267565
0.7939903986478354	0.6079302976946054
0.7624425110114478	0.6470559615694443
0.7289686274214116	0.6845471059286887
0.6936533058128049	0.7203090248879069
0.6565857557529564	0.7542513807361038
0.6178596130903343	0.7862884321366189
0.5775727034222675	0.8163392507171839
0.5358267949789965	0.8443279255020151
0.49272734154829156	0.8701837546695257
0.44838321609003223	0.8938414241512638
0.4029064357136627	0.9152411726209175
0.35641187871325075	0.934328942456612
0.30901699437494745	0.9510565162951535
0.260841506289897	0.9653816388332739
0.21200710992205452	0.9772681235681935
0.1626371651948835	0.986685944207868
0.1128563848734816	0.9936113105200084
0.0627905195293133	0.9980267284282716
0.012566039883352554	0.9999210442038161
-0.037690182669934576	0.9992894726405892
-0.0878511965507432	0.9961336091431725
-0.13779029068463805	0.9904614256966512
-0.1873813145857246	0.9822872507286887
-0.23649899702372465	0.971631732914674
-0.28501926246997605	0.958521789017376
-0.3328195445229868	0.9429905358928644
-0.3797790955218012	0.925077206834458
-0.4257792915650727	0.9048270524660195
-0.47070393216533263	0.8822912264349533
-0.5144395337815065	0.8575266561936522
-0.5568756164881881	0.8305958991958127
-0.5979049830575189	0.8015669848708765
-0.6374239897486897	0.7705132427757893
-0.6753328081210245	0.7375131173581739
-0.7115356772092853	0.7026499697988492
-0.7459411454241821	0.6660118674342517
-0.7784623015670233	0.6276913612907006
-0.8090169943749473	0.5877852522924732
-0.8375280400421417	0.5463943467342692
-0.8639234171928353	0.5036232016357609
-0.8881364488135445	0.459579860621488
-0.9101059706849958	0.4143755809932839
-0.9297764858882515	0.36812455268467775
-0.9470983049947443	0.32094360980720926
-0.9620276715860859	0.27295193551732505
-0.9745268727865772	0.224270760949381
-0.9845643345292054	0.17502305897527587
-0.9921147013144779	0.1253332335643041
-0.9971589002606139	0.0753268055279326
-0.9996841892832999	0.02513009544333737
-0.9996841892832999	-0.02513009544333757
-0.9971589002606139	-0.07532680552793279
-0.9921147013144779	-0.12533323356430429
-0.9845643345292053	-0.1750230589752761
-0.9745268727865771	-0.2242707609493812
-0.9620276715860859	-0.2729519355173252
-0.9470983049947443	-0.3209436098072095
-0.9297764858882515	-0.3681245526846779
-0.9101059706849957	-0.4143755809932841
-0.8881364488135446	-0.45957986062148776
-0.8639234171928354	-0.5036232016357608
-0.8375280400421418	-0.546394346734269
-0.8090169943749472	-0.5877852522924734
-0.7784623015670232	-0.6276913612907007
-0.745941145424182	-0.6660118674342518
-0.7115356772092851	-0.7026499697988494
-0.6753328081210243	-0.737513117358174
-0.6374239897486895	-0.7705132427757894
-0.597904983057519	-0.8015669848708764
-0.5568756164881878	-0.8305958991958128
-0.5144395337815068	-0.8575266561936521
-0.47070393216533246	-0.8822912264349534
-0.42577929156507294	-0.9048270524660194
-0.37977909552180106	-0.925077206834458
-0.3328195445229862	-0.9429905358928646
-0.2850192624699761	-0.958521789017376
-0.23649899702372423	-0.9716317329146741
-0.18738131458572463	-0.9822872507286887
-0.13779029068463763	-0.9904614256966513
-0.08785119655074321	-0.9961336091431725
-0.03769018266993415	-0.9992894726405893
0.012566039883352531	-0.9999210442038161
0.06279051952931372	-0.9980267284282716
0.11285638487348157	-0.9936113105200084
0.16263716519488391	-0.986685944207868
0.2120071099220545	-0.9772681235681935
0.2608415062898972	-0.9653816388332738
0.30901699437494723	-0.9510565162951536
0.3564118787132509	-0.934328942456612
0.40290643571366247	-0.9152411726209176
0.4483832160900324	-0.8938414241512637
0.49272734154829134	-0.8701837546695258
0.5358267949789968	-0.844327925502015
0.5775727034222673	-0.8163392507171842
0.6178596130903344	-0.7862884321366188
0.6565857557529569	-0.7542513807361034
0.693653305812805	-0.7203090248879068
0.7289686274214119	-0.6845471059286883
0.7624425110114479	-0.6470559615694443
0.7939903986478356	-0.607930297694605
0.8235325976284275	-0.5672689491267565
0.8509944817946921	-0.5251746299612954
0.8763066800438636	-0.4817536741017153
0.8994052515663712	-0.43711576665093255
0.9202318473658703	-0.3913736668372025
0.9387338576538742	-0.3446429231745167
0.954864544746643	-0.29704158157703503
0.9685831611286312	-0.2486898871648545
0.9798550523842469	-0.1997099805144072
0.9886517447379141	-0.1502255891207568
0.9949510169813002	-0.10036171485121509
0.9987369566060175	-0.05024431817976934
1.	0