160
0.9992290362407229	0.03925981575906861
0.996917333733128	0.07845909572784494
0.9930684569549263	0.11753739745783764
0.9876883405951378	0.15643446504023087
0.9807852804032304	0.19509032201612825
0.9723699203976766	0.2334453638559054
0.9624552364536473	0.27144044986507426
0.9510565162951535	0.3090169943749474
0.9381913359224842	0.34611705707749296
0.9238795325112867	0.3826834323650898
0.9081431738250813	0.4186597375374281
0.8910065241883679	0.45399049973954675
0.8724960070727972	0.4886212414969549
0.8526401643540922	0.5224985647159488
0.8314696123025452	0.5555702330196022
0.8090169943749475	0.5877852522924731
0.785316930880745	0.619093949309834
0.7604059656000309	0.6494480483301837
0.7343225094356856	0.6788007455329417
0.7071067811865476	0.7071067811865475
0.6788007455329418	0.7343225094356856
0.6494480483301837	0.7604059656000309
0.619093949309834	0.785316930880745
0.5877852522924731	0.8090169943749475
0.5555702330196023	0.8314696123025452
0.5224985647159489	0.8526401643540922
0.48862124149695496	0.8724960070727971
0.4539904997395468	0.8910065241883678
0.41865973753742813	0.9081431738250813
0.38268343236508984	0.9238795325112867
0.346117057077493	0.9381913359224842
0.30901699437494745	0.9510565162951535
0.2714404498650743	0.9624552364536473
0.23344536385590547	0.9723699203976766
0.19509032201612833	0.9807852804032304
0.15643446504023092	0.9876883405951378
0.1175373974578377	0.9930684569549263
0.078459095727845	0.996917333733128
0.039259815759068666	0.9992290362407229
0	1.
-0.03925981575906855	0.9992290362407229
-0.07845909572784487	0.996917333733128
-0.11753739745783758	0.9930684569549263
-0.1564344650402308	0.9876883405951378
-0.1950903220161282	0.9807852804032304
-0.23344536385590534	0.9723699203976767
-0.2714404498650742	0.9624552364536473
-0.30901699437494734	0.9510565162951536
-0.3461170570774929	0.9381913359224842
-0.3826834323650897	0.9238795325112867
-0.4186597375374278	0.9081431738250815
-0.4539904997395467	0.8910065241883679
-0.48862124149695507	0.8724960070727971
-0.5224985647159488	0.8526401643540923
-0.555570233019602	0.8314696123025455
-0.587785252292473	0.8090169943749475
-0.6190939493098341	0.7853169308807448
-0.6494480483301835	0.760405965600031
-0.6788007455329416	0.7343225094356858
-0.7071067811865475	0.7071067811865476
-0.7343225094356857	0.6788007455329417
-0.7604059656000309	0.6494480483301838
-0.7853169308807447	0.6190939493098342
-0.8090169943749473	0.5877852522924732
-0.8314696123025453	0.5555702330196022
-0.8526401643540922	0.5224985647159489
-0.872496007072797	0.48862124149695524
-0.8910065241883678	0.45399049973954686
-0.9081431738250814	0.41865973753742797
-0.9238795325112867	0.3826834323650899
-0.938191335922484	0.3461170570774933
-0.9510565162951535	0.3090169943749475
-0.9624552364536473	0.27144044986507415
-0.9723699203976766	0.23344536385590553
-0.9807852804032304	0.1950903220161286
-0.9876883405951377	0.15643446504023098
-0.9930684569549263	0.11753739745783755
-0.996917333733128	0.07845909572784507
-0.9992290362407229	0.03925981575906895
-1.	0
-0.9992290362407229	-0.03925981575906871
-0.996917333733128	-0.07845909572784482
-0.9930684569549263	-0.1175373974578373
-0.9876883405951378	-0.15643446504023073
-0.9807852804032304	-0.19509032201612836
-0.9723699203976767	-0.23344536385590528
-0.9624552364536474	-0.27144044986507393
-0.9510565162951536	-0.3090169943749473
-0.9381913359224842	-0.3461170570774931
-0.9238795325112868	-0.38268343236508967
-0.9081431738250815	-0.41865973753742775
-0.8910065241883679	-0.4539904997395467
-0.8724960070727971	-0.488621241496955
-0.8526401643540923	-0.5224985647159487
-0.8314696123025455	-0.555570233019602
-0.8090169943749476	-0.587785252292473
-0.7853169308807448	-0.6190939493098341
-0.760405965600031	-0.6494480483301835
-0.7343225094356858	-0.6788007455329415
-0.7071067811865477	-0.7071067811865475
-0.6788007455329417	-0.7343225094356856
-0.6494480483301841	-0.7604059656000306
-0.6190939493098343	-0.7853169308807447
-0.5877852522924732	-0.8090169943749473
-0.5555702330196022	-0.8314696123025452
-0.5224985647159486	-0.8526401643540924
-0.4886212414969553	-0.872496007072797
-0.4539904997395469	-0.8910065241883678
-0.418659737537428	-0.9081431738250814
-0.38268343236509034	-0.9238795325112865
-0.34611705707749335	-0.938191335922484
-0.30901699437494756	-0.9510565162951535
-0.2714404498650742	-0.9624552364536473
-0.23344536385590514	-0.9723699203976767
-0.19509032201612866	-0.9807852804032303
-0.15643446504023104	-0.9876883405951377
-0.1175373974578376	-0.9930684569549263
-0.07845909572784557	-0.996917333733128
-0.03925981575906901	-0.9992290362407229
0	-1.
0.039259815759068645	-0.9992290362407229
0.07845909572784521	-0.996917333733128
0.11753739745783724	-0.9930684569549263
0.15643446504023067	-0.9876883405951378
0.1950903220161283	-0.9807852804032304
0.23344536385590478	-0.9723699203976768
0.2714404498650739	-0.9624552364536474
0.30901699437494723	-0.9510565162951536
0.346117057077493	-0.9381913359224842
0.38268343236509	-0.9238795325112866
0.4186597375374277	-0.9081431738250815
0.45399049973954664	-0.8910065241883679
0.48862124149695496	-0.8724960070727971
0.5224985647159484	-0.8526401643540925
0.5555702330196018	-0.8314696123025455
0.5877852522924729	-0.8090169943749476
0.619093949309834	-0.785316930880745
0.6494480483301839	-0.7604059656000308
0.6788007455329415	-0.7343225094356858
0.7071067811865474	-0.7071067811865477
0.7343225094356856	-0.6788007455329418
0.7604059656000305	-0.6494480483301842
0.7853169308807446	-0.6190939493098343
0.8090169943749473	-0.5877852522924734
0.8314696123025452	-0.5555702330196022
0.8526401643540923	-0.5224985647159487
0.8724960070727968	-0.48862124149695535
0.8910065241883678	-0.45399049973954697
0.9081431738250813	-0.4186597375374281
0.9238795325112865	-0.3826834323650904
0.9381913359224839	-0.3461170570774934
0.9510565162951535	-0.3090169943749476
0.9624552364536473	-0.27144044986507426
0.9723699203976767	-0.2334453638559052
0.9807852804032303	-0.19509032201612872
0.9876883405951377	-0.1564344650402311
0.9930684569549263	-0.11753739745783766
0.996917333733128	-0.07845909572784562
0.9992290362407229	-0.039259815759069075
1.	0