139
0.9989785286500293	0.04518737983356034
0.9959162014075551	0.09028244443936023
0.990819274431662	0.1351930671843599
0.9836981604521077	0.1798274982396726
0.974567407496712	0.22409455202020784
0.9634456691705703	0.26790379347159676
0.9503556665478066	0.31116572282382643
0.9353241417537211	0.3537919584341411
0.9183818033321611	0.3956954173456748
0.8995632635097247	0.43679049319294205
0.8789069674849659	0.47699323109073694
0.8564551148870561	0.5162214991491536
0.8322535735643604	0.5543951562643309
0.8063517858790513	0.5914362158421351
0.778802667699196	0.6272690051203037
0.74966250029467	0.6618203197635624
0.7189908153577471	0.6950195734158873
0.6868502733832644	0.7267989419043859
0.6533065356568206	0.757093501800196
0.6184281301125328	0.7858413630533303
0.5822863113343935	0.8129837954305029
0.5449549149872376	0.8384653484976303
0.5065102069747115	0.8622339649018907
0.4670307276324007	0.8842410867219134
0.426597131274425	0.9044417546688294
0.38529202142129637	0.9227946999355227
0.34319978204565926	0.9392624285064383
0.30040640518067074	0.9538112977557074
0.25699931524320274	0.966411585177105
0.21306719043076877	0.9770375491054264
0.16869978155704726	0.9856674813052344
0.12398772869611209	0.9922837513195403
0.0790223760099549	0.9968728424878176
0.03389558513759617	0.9994253795597648
-0.011300452472979661	0.9999361478484043
-0.056473403906669786	0.9984041038833895
-0.10153098341210794	0.9948323775427548
-0.1463811409361667	0.9892282656587539
-0.1909322501769406	0.9816032171108499
-0.2350932957710322	0.9719728094363103
-0.2787740592327232	0.9603567170061915
-0.32188530326517173	0.9467786708317253
-0.36433895406709627	0.9312664100832233
-0.40604828126250525	0.9138516254205413
-0.4469280750858853	0.8945698942508771
-0.4868948204608698	0.8734606080461657
-0.5258668676167545	0.85056689186856
-0.5637645988943006	0.8259355162683999
-0.6005105914000504	0.799616801734657
-0.636029775176862	0.7716645158930598
-0.6702495865675306	0.7421357636619152
-0.7031001164581826	0.7110908705900323
-0.7345142530985884	0.6785932596150825
-0.7644278192076239	0.6447093214941724
-0.792779703083777	0.609508279171332
-0.8195119834528534	0.5730620463590048
-0.8445700477978204	0.5354450806224551
-0.8679027039290498	0.4967342312672282
-0.889462284567028	0.457008582340423
-0.909204744723877	0.41634929106651497
-0.9270897516847404	0.37483942204779686
-0.9430807674052091	0.332563777568156
-0.9571451231564523	0.2896087243468674
-0.9692540862655586	0.24606201709633505
-0.9793829188147405	0.20201261924424294
-0.9875109281794826	0.15755052118636975
-0.9936215093023882	0.11276655644136696
-0.9977021786163599	0.06775221608308475
-0.9997445995478118	0.02259946182955076
-0.9997445995478118	-0.022599461829550513
-0.9977021786163599	-0.0677522160830845
-0.9936215093023882	-0.11276655644136671
-0.9875109281794826	-0.15755052118636953
-0.9793829188147405	-0.20201261924424269
-0.9692540862655585	-0.24606201709633524
-0.9571451231564522	-0.2896087243468676
-0.943080767405209	-0.3325637775681562
-0.9270897516847403	-0.3748394220477971
-0.9092047447238769	-0.41634929106651514
-0.8894622845670279	-0.4570085823404232
-0.8679027039290497	-0.4967342312672284
-0.8445700477978203	-0.5354450806224552
-0.8195119834528533	-0.5730620463590049
-0.7927797030837769	-0.6095082791713322
-0.7644278192076238	-0.6447093214941726
-0.7345142530985886	-0.6785932596150823
-0.7031001164581828	-0.7110908705900322
-0.6702495865675309	-0.7421357636619151
-0.6360297751768621	-0.7716645158930597
-0.6005105914000506	-0.7996168017346569
-0.5637645988943009	-0.8259355162683998
-0.5258668676167547	-0.8505668918685599
-0.48689482046087	-0.8734606080461655
-0.4469280750858855	-0.894569894250877
-0.4060482812625055	-0.9138516254205412
-0.36433895406709654	-0.9312664100832232
-0.32188530326517195	-0.9467786708317252
-0.2787740592327234	-0.9603567170061914
-0.2350932957710324	-0.9719728094363103
-0.19093225017694085	-0.9816032171108497
-0.14638114093616694	-0.9892282656587539
-0.10153098341210841	-0.9948323775427548
-0.05647340390667025	-0.9984041038833895
-0.011300452472980128	-0.9999361478484043
0.033895585137595705	-0.9994253795597648
0.07902237600995445	-0.9968728424878177
0.12398772869611252	-0.9922837513195403
0.16869978155704768	-0.9856674813052343
0.2130671904307692	-0.9770375491054263
0.2569993152432032	-0.9664115851771049
0.30040640518067113	-0.9538112977557073
0.34319978204565965	-0.939262428506438
0.38529202142129654	-0.9227946999355225
0.4265971312744252	-0.9044417546688293
0.4670307276324009	-0.8842410867219133
0.5065102069747117	-0.8622339649018906
0.5449549149872378	-0.8384653484976302
0.5822863113343936	-0.8129837954305028
0.6184281301125331	-0.7858413630533302
0.6533065356568208	-0.7570935018001959
0.6868502733832645	-0.7267989419043859
0.7189908153577472	-0.6950195734158872
0.7496625002946701	-0.6618203197635623
0.7788026676991961	-0.6272690051203037
0.8063517858790513	-0.591436215842135
0.8322535735643604	-0.5543951562643309
0.8564551148870561	-0.5162214991491537
0.8789069674849659	-0.476993231090737
0.8995632635097247	-0.43679049319294205
0.918381803332161	-0.39569541734567487
0.9353241417537211	-0.3537919584341412
0.9503556665478065	-0.3111657228238265
0.9634456691705703	-0.26790379347159693
0.974567407496712	-0.22409455202020798
0.9836981604521077	-0.17982749823967273
0.990819274431662	-0.13519306718436006
0.9959162014075551	-0.09028244443936044
0.9989785286500293	-0.04518737983356056
1.	0