181
0.9993975389437038	0.03470675947518201
0.9975908816934638	0.06937170000841594
0.9945822051305506	0.1039530530463216
0.9903751344758847	0.13840915075194027
0.984974738921927	0.17269847621123274
0.9783875255246973	0.2067797134577273
0.9706214313632782	0.2406117972550411
0.9616858139762533	0.27415396257729163
0.951591440086602	0.307365793727778
0.9403504726286366	0.3402072730367472
0.927976456092614	0.37263882907956963
0.9144843002046804	0.4046213843572235
0.8998902619618114	0.43611640238163757
0.884211926043398	0.4670859341091578
0.8674681836230769	0.4974926636661889
0.8496792096063379	0.527299953311916
0.8308664383213341	0.5564718875839287
0.8110525376921861	0.5849733165735554
0.7902613819258983	0.6127698982787662
0.7685180227458003	0.6398281399836097
0.7458486592061699	0.666115438614328
0.7222806061244146	0.6916001200235208
0.6978422611688432	0.7162514771550255
0.672563070641688	0.7400398070435291
0.6464734939986035	0.7629364466043274
0.6196049671473951	0.7849138071701092
0.5919898645701988	0.8059454077331527
0.5636614603147511	0.8260059068528761
0.534653887901754	0.8450711331903006
0.5050020991966405	0.8631181146326303
0.47474182229529943	0.8801251059728602
0.4439095184745023	0.8960716151110555
0.4125423382589049	0.910938427745737
0.38067807665755876	0.9247076305256174
0.3483551276238688	0.9373626326337946
0.31561243779386977	0.9488881857783933
0.2824894595585637	0.95927040256557
0.24902610352686125	0.9684967732327397
0.21526269043640653	0.976556180721867
0.18123990257022882	0.9834389140746537
0.14699873473776012	0.9891366801334878
0.11258044487928281	0.9936426135340527
0.07802650435332494	0.9969512849775563
0.04337854796690344	0.9990587077726129
0.00867832380882448	0.9999623426388962
-0.026032357053511975	0.9996611007667741
-0.06071167095319175	0.9981553451292395
-0.09531783201804758	0.9954468900445564
-0.1298091425193805	0.9915389989901472
-0.16414404311447514	0.9864363806703569
-0.19828116292237083	0.9801451833428312
-0.2321793693725508	0.9726729874103447
-0.265797817766486	0.9640287962870061
-0.2990960004923155	0.9542230255498454
-0.33203379583336384	0.9432674903888547
-0.36457151631168455	0.9311753913706049
-0.39666995650838	0.9179612985325906
-0.42829044030307734	0.9036411338274704
-0.45939486747564173	0.8882321519383531
-0.4899457596139728	0.87175291948825
-0.5199063052725741	0.8542232926687383
-0.5492404043274767	0.8356643933147984
-0.5779127114740757	0.8160985834546471
-0.605888678815471	0.7955494383652364
-0.6331345974899921	0.7740417181658787
-0.6596176382877506	0.7516013379842337
-0.68530589120728	0.7282553367305973
-0.7101684039046037	0.7040318445181211
-0.7341752189883981	0.6789600487682157
-0.7572974101163162	0.6530701590419822
-0.7795071168489762	0.6263933706400447
-0.8007775782196214	0.5989618270146422
-0.8210831649790015	0.5708085810392709
-0.8403994104766211	0.5419675551825474
-0.858703040141148	0.5124735006342768
-0.8759719995244579	0.4823619554329746
-0.8921854808755292	0.45166920164529795
-0.9073239482121597	0.4204322216489814
-0.9213691608603045	0.3886886535719537
-0.934304195432668	0.3564767459413237
-0.9461134662200665	0.323835311596884
-0.9567827439709953	0.2908036809246625
-0.9662991730367664	0.2574216544668716
-0.9746512868615655	0.22372945496535385
-0.9818290217987585	0.18976767889631008
-0.9878237292368012	0.15557724755470836
-0.9926281860201428	0.12119935774731169
-0.9962366031525661	0.08667543215373372
-0.998644632772477	0.0520470694153352
-0.9998493733917384	0.01735599401210207
-0.9998493733917384	-0.017355994012102267
-0.998644632772477	-0.052047069415334955
-0.9962366031525661	-0.08667543215373347
-0.9926281860201428	-0.12119935774731189
-0.9878237292368011	-0.15557724755470856
-0.9818290217987585	-0.18976767889630985
-0.9746512868615655	-0.22372945496535362
-0.9662991730367663	-0.2574216544668718
-0.9567827439709952	-0.2908036809246627
-0.9461134662200666	-0.3238353115968838
-0.9343041954326681	-0.35647674594132345
-0.9213691608603045	-0.38868865357195387
-0.9073239482121596	-0.42043222164898164
-0.8921854808755293	-0.4516692016452977
-0.875971999524458	-0.48236195543297444
-0.8587030401411478	-0.512473500634277
-0.840399410476621	-0.5419675551825476
-0.8210831649790016	-0.5708085810392707
-0.8007775782196215	-0.598961827014642
-0.7795071168489761	-0.626393370640045
-0.7572974101163161	-0.6530701590419824
-0.7341752189883982	-0.6789600487682155
-0.7101684039046038	-0.7040318445181208
-0.6853058912072799	-0.7282553367305974
-0.6596176382877504	-0.7516013379842338
-0.6331345974899923	-0.7740417181658785
-0.6058886788154713	-0.7955494383652362
-0.5779127114740752	-0.8160985834546476
-0.5492404043274765	-0.8356643933147985
-0.5199063052725743	-0.8542232926687382
-0.489945759613973	-0.8717529194882498
-0.45939486747564195	-0.888232151938353
-0.4282904403030771	-0.9036411338274705
-0.39666995650838	-0.9179612985325906
-0.36457151631168483	-0.9311753913706048
-0.33203379583336345	-0.9432674903888548
-0.29909600049231533	-0.9542230255498454
-0.265797817766486	-0.9640287962870061
-0.23217936937255101	-0.9726729874103447
-0.19828116292237127	-0.9801451833428312
-0.16414404311447495	-0.986436380670357
-0.12980914251938053	-0.9915389989901472
-0.09531783201804783	-0.9954468900445564
-0.060711670953191334	-0.9981553451292396
-0.026032357053511777	-0.9996611007667741
0.008678323808824457	-0.9999623426388962
0.0433785479669032	-0.9990587077726129
0.07802650435332446	-0.9969512849775563
0.11258044487928301	-0.9936426135340527
0.14699873473776012	-0.9891366801334878
0.18123990257022857	-0.9834389140746537
0.21526269043640692	-0.9765561807218669
0.24902610352686144	-0.9684967732327397
0.2824894595585637	-0.95927040256557
0.31561243779386955	-0.9488881857783934
0.34835512762386833	-0.9373626326337947
0.38067807665755893	-0.9247076305256173
0.4125423382589049	-0.910938427745737
0.44390951847450205	-0.8960716151110556
0.4747418222952998	-0.88012510597286
0.5050020991966407	-0.8631181146326302
0.5346538879017539	-0.8450711331903006
0.5636614603147508	-0.8260059068528762
0.5919898645701984	-0.8059454077331529
0.6196049671473953	-0.7849138071701091
0.6464734939986034	-0.7629364466043274
0.6725630706416879	-0.7400398070435292
0.6978422611688435	-0.7162514771550252
0.7222806061244147	-0.6916001200235206
0.7458486592061699	-0.666115438614328
0.7685180227458002	-0.6398281399836099
0.7902613819258981	-0.6127698982787665
0.8110525376921862	-0.5849733165735553
0.8308664383213341	-0.5564718875839287
0.8496792096063378	-0.5272999533119163
0.8674681836230771	-0.4974926636661885
0.884211926043398	-0.46708593410915755
0.8998902619618114	-0.4361164023816376
0.9144843002046803	-0.4046213843572237
0.9279764560926139	-0.3726388290795701
0.9403504726286366	-0.340207273036747
0.951591440086602	-0.307365793727778
0.9616858139762533	-0.2741539625772919
0.9706214313632783	-0.24061179725504067
0.9783875255246973	-0.2067797134577271
0.984974738921927	-0.17269847621123277
0.9903751344758847	-0.1384091507519405
0.9945822051305505	-0.10395305304632207
0.9975908816934638	-0.06937170000841575
0.9993975389437038	-0.034706759475182036
1.	0