95
0.9978136272187745	0.06609058432569943
0.9912640693269752	0.13189217134206888
0.9803799658748094	0.1971170274514803
0.9652089102773487	0.2614799409538197
0.9458172417006347	0.3246994692046834
0.9222897549773847	0.3864991692924522
0.8947293298207635	0.4466088068528065
0.8632564809575739	0.5047655377348437
0.8280088311480202	0.5607150573516726
0.7891405093963937	0.6142127126896677
0.7468214769841539	0.6650245721138482
0.7012367842724887	0.712928448291397
0.6525857615241687	0.7577148697603346
0.6010811472830252	0.7991879968949247
0.546948158122427	0.8371664782625285
0.49042350383050826	0.8714842436272772
0.43175435233849313	0.9019912301329589
0.371197248918221	0.928554038489707
0.3090169943749477	0.9510565162951535
0.24548548714079946	0.9694002659393304
0.18088053433211	0.9835050748723824
0.11548463696958625	0.9933092663536381
0.0495837546732225	0.9987699691483047
-0.016533944766358225	0.999863304992469
-0.08257934547233205	0.9965844930066698
-0.14826364771184164	0.9889478706014685
-0.2132996307437465	0.9769868307835994
-0.2774029087618444	0.9607536761368483
-0.34029317444164286	0.9403193901161614
-0.40169542465296926	0.9157733266550575
-0.4613411629786873	0.887222819443612
-0.5189695737812149	0.8547927125855391
-0.5743286626829436	0.8186248146866925
-0.6271763584735367	0.7788772787621127
-0.6772815716257409	0.7357239106731318
-0.7244252047910886	0.6893534091185662
-0.7684011108568588	0.6399685405033168
-0.8090169943749471	0.5877852522924736
-0.8460952524209353	0.5330317287279941
-0.8794737512064887	0.47594739303707406
-0.9090065350491623	0.4167818604952908
-0.9345644645994607	0.3557938469225167
-0.9560357815343575	0.29325003738446526
-0.9733265972480057	0.2294239200467519
-0.9863613034027223	0.16459459028073448
-0.9950829025450114	0.0990455302504631
-0.999453257340926	0.03306336931730887
-0.999453257340926	-0.03306336931730774
-0.9950829025450114	-0.09904553025046242
-0.9863613034027224	-0.16459459028073334
-0.9733265972480059	-0.22942392004675122
-0.9560357815343579	-0.29325003738446415
-0.934564464599461	-0.35579384692251603
-0.9090065350491628	-0.41678186049528976
-0.8794737512064893	-0.47594739303707306
-0.8460952524209356	-0.5330317287279935
-0.8090169943749478	-0.5877852522924727
-0.7684011108568592	-0.6399685405033162
-0.7244252047910894	-0.6893534091185654
-0.6772815716257414	-0.7357239106731313
-0.6271763584735373	-0.7788772787621122
-0.5743286626829445	-0.8186248146866919
-0.5189695737812159	-0.8547927125855386
-0.4613411629786883	-0.8872228194436116
-0.40169542465296987	-0.9157733266550573
-0.3402931744416433	-0.9403193901161612
-0.27740290876184553	-0.9607536761368479
-0.2132996307437476	-0.9769868307835992
-0.14826364771184253	-0.9889478706014684
-0.08257934547233274	-0.9965844930066698
-0.01653394476635958	-0.9998633049924689
0.04958375467322137	-0.9987699691483048
0.11548463696958534	-0.9933092663536383
0.1808805343321093	-0.9835050748723825
0.2454854871407988	-0.9694002659393305
0.3090169943749464	-0.9510565162951539
0.3711972489182199	-0.9285540384897074
0.4317543523384923	-0.9019912301329592
0.4904235038305077	-0.8714842436272775
0.5469481581224258	-0.8371664782625292
0.6010811472830242	-0.7991879968949254
0.6525857615241679	-0.7577148697603353
0.7012367842724881	-0.7129284482913976
0.7468214769841536	-0.6650245721138486
0.7891405093963929	-0.6142127126896688
0.8280088311480195	-0.5607150573516736
0.8632564809575735	-0.5047655377348444
0.8947293298207631	-0.4466088068528071
0.9222897549773845	-0.3864991692924527
0.9458172417006343	-0.32469946920468457
0.9652089102773485	-0.2614799409538207
0.9803799658748092	-0.1971170274514811
0.9912640693269752	-0.13189217134206951
0.9978136272187744	-0.06609058432570077
1.	0