145
0.9990613022439767	0.043318752966462086
0.9962469712828612	0.08655617950051749
0.9915622907289694	0.1296311058516387
0.9850160555805484	0.17246266334641244
0.9766205557100867	0.21497044021102404
0.9663915527913625	0.2570746325359608
0.9543482507085481	0.29869619409951353
0.940513259502924	0.3397569847687984
0.9249125529248888	0.38017991719969196
0.9075754196709571	0.41988910156026454
0.8885344083972913	0.45880998800601064
0.8678252666130014	0.4968695066393921
0.8454868735679318	0.533996204690936
0.8215611672609315	0.5701203806643433
0.7960930657056438	0.6051742151937651
0.7691303826016289	0.6390918983675759
0.7407237375691392	0.671809753279606
0.7109264611160707	0.7032663555758799
0.6797944945155079	0.7334026487724223
0.6473862847818277	0.7621620551276364
0.6137626749425377	0.7894905818611017
0.5789867898118488	0.815336922519378
0.5431239174804329	0.8396525532985104
0.5062413867438541	0.8623918241424019
0.46840844069979015	0.8835120444460229
0.4296961067513519	0.9029735632025617
0.39017706326055474	0.9207398434440475
0.34992550310228854	0.936777530835689
0.30901699437494745	0.9510565162951535
0.267528338529221	0.9635499925192229
0.22553742618139447	0.9742345043117042
0.18312309088185627	0.9830899926181099
0.14036496111334437	0.9900998321844365
0.09734331079678993	0.9952508627693419
0.05413890858541783	0.9985334138511238
0.010832866230040154	0.9999413227831131
-0.0324935136997804	0.9994719463633995
-0.07575889045281015	0.9971261657971668
-0.11888203780490615	0.9929083850423225
-0.1617819965527645	0.9868265225415261
-0.20437822650636478	0.978891996356142
-0.24659075769476174	0.9691197027300205
-0.28834034050135043	0.9575279881233578
-0.3295485944467401	0.9441386147691334
-0.37013815533991423	0.9289767198167915
-0.4100328205214158	0.91207076813987
-0.44915769192587873	0.8934524988961738
-0.487439316695319	0.8731568659408231
-0.5248058250792005	0.8512219722040425
-0.5611870653623823	0.8276889981568906
-0.5965147355676339	0.802602124499229
-0.6307225116854617	0.7760084492150732
-0.6637461721905042	0.7479578991510507
-0.6955237186107381	0.7185031362839628
-0.7259954919231306	0.6876994588534235
-0.7551042845572206	0.6556046975451961
-0.7827954477963556	0.6222791069201208
-0.8090169943749473	0.5877852522924732
-0.83371969607913	0.552187892270125
-0.856857176167589	0.5155538571770221
-0.8783859964390462	0.4779519235862366
-0.8982657387829441	0.4394526851991368
-0.9164590810602259	0.400128420313087
-0.9329318671717508	0.36005295612649907
-0.9476531711828023	0.3193015301359802
-0.9605953553832987	0.27795064888579446
-0.9717341221747055	0.2360779443348205
-0.9810485596862392	0.19376202811065873
-0.9885211810347181	0.15108234392451703
-0.9941379571543596	0.10811901842394236
-0.9978883431348843	0.06495271076341129
-0.9997652980184841	0.021664461175197734
-0.9997652980184841	-0.021664461175197047
-0.9978883431348844	-0.06495271076341061
-0.9941379571543597	-0.10811901842394124
-0.9885211810347182	-0.15108234392451633
-0.9810485596862393	-0.19376202811065807
-0.9717341221747058	-0.23607794433481938
-0.9605953553832989	-0.2779506488857938
-0.9476531711828026	-0.31930153013597956
-0.932931867171751	-0.36005295612649846
-0.9164590810602261	-0.4001284203130864
-0.8982657387829446	-0.43945268519913583
-0.8783859964390466	-0.47795192358623606
-0.8568571761675894	-0.5155538571770214
-0.8337196960791305	-0.552187892270124
-0.8090169943749478	-0.5877852522924727
-0.782795447796356	-0.6222791069201202
-0.755104284557221	-0.6556046975451957
-0.7259954919231311	-0.6876994588534231
-0.6955237186107389	-0.718503136283962
-0.6637461721905048	-0.7479578991510503
-0.6307225116854621	-0.7760084492150727
-0.5965147355676349	-0.8026021244992282
-0.5611870653623825	-0.8276889981568905
-0.524805825079201	-0.8512219722040422
-0.48743931669532	-0.8731568659408225
-0.44915769192587934	-0.8934524988961735
-0.41003282052141665	-0.9120707681398695
-0.37013815533991445	-0.9289767198167914
-0.32954859444674073	-0.9441386147691332
-0.2883403405013515	-0.9575279881233575
-0.24659075769476219	-0.9691197027300203
-0.20437822650636545	-0.9788919963561418
-0.16178199655276562	-0.986826522541526
-0.11888203780490683	-0.9929083850423224
-0.07575889045281105	-0.9971261657971668
-0.03249351369978153	-0.9994719463633995
0.010832866230039465	-0.9999413227831131
0.0541389085854167	-0.9985334138511239
0.09734331079678946	-0.995250862769342
0.14036496111334368	-0.9900998321844366
0.18312309088185516	-0.9830899926181101
0.2255374261813938	-0.9742345043117043
0.2675283385292201	-0.9635499925192231
0.30901699437494723	-0.9510565162951536
0.34992550310228787	-0.9367775308356893
0.3901770632605537	-0.9207398434440479
0.42969610675135145	-0.902973563202562
0.46840844069978954	-0.8835120444460233
0.5062413867438532	-0.8623918241424025
0.5431239174804324	-0.8396525532985107
0.578986789811848	-0.8153369225193784
0.6137626749425367	-0.7894905818611024
0.6473862847818272	-0.7621620551276368
0.6797944945155072	-0.733402648772423
0.7109264611160704	-0.7032663555758802
0.7407237375691387	-0.6718097532796066
0.7691303826016282	-0.6390918983675767
0.7960930657056434	-0.6051742151937656
0.821561167260931	-0.5701203806643441
0.8454868735679316	-0.5339962046909363
0.8678252666130011	-0.4968695066393927
0.8885344083972908	-0.4588099880060115
0.9075754196709569	-0.41988910156026493
0.9249125529248886	-0.3801799171996927
0.9405132595029236	-0.3397569847687995
0.9543482507085479	-0.29869619409951403
0.9663915527913622	-0.2570746325359617
0.9766205557100864	-0.21497044021102527
0.9850160555805483	-0.17246266334641314
0.9915622907289693	-0.12963110585163973
0.9962469712828612	-0.08655617950051794
0.9990613022439767	-0.043318752966462884
1.	0