172
0.9993328483702394	0.03652202305765884
0.9973322836635516	0.07299531466090753
0.9940009752399459	0.10937120837787438
0.9893433680751103	0.14560116773500487
0.9833656768294661	0.18163685097943644
0.9760758775559272	0.21743017558155697
0.9674836970574252	0.25293338239168073
0.957600599908406	0.2880990993652376
0.9464397731576093	0.32288040477144625
0.934016108732548	0.3572308898011328
0.9203461835691594	0.39110472049015604
0.9054482374931466	0.42445669887581505
0.889342148882519	0.4572423233046385
0.8720494081438076	0.4894178478110855
0.8535930890373464	0.5209403404879304
0.8339978178898779	0.5517677407704459
0.8132897407355654	0.5818589155579528
0.7914964884292541	0.6111737140978493
0.768647139778532	0.6396730215588913
0.7447721827437819	0.6673188112222395
0.7199034737579959	0.6940741952206338
0.6940741952206338	0.7199034737579959
0.6673188112222395	0.7447721827437819
0.6396730215588913	0.768647139778532
0.6111737140978493	0.7914964884292541
0.5818589155579529	0.8132897407355654
0.5517677407704459	0.8339978178898779
0.5209403404879303	0.8535930890373464
0.48941784781108555	0.8720494081438076
0.45724232330463843	0.889342148882519
0.424456698875815	0.9054482374931466
0.391104720490156	0.9203461835691594
0.3572308898011328	0.934016108732548
0.3228804047714463	0.9464397731576093
0.2880990993652375	0.957600599908406
0.2529333823916807	0.9674836970574253
0.21743017558155697	0.9760758775559272
0.1816368509794365	0.9833656768294661
0.14560116773500476	0.9893433680751103
0.1093712083778743	0.9940009752399459
0.07299531466090749	0.9973322836635516
0.03652202305765885	0.9993328483702394
0	1.
-0.03652202305765895	0.9993328483702394
-0.07299531466090758	0.9973322836635516
-0.10937120837787441	0.9940009752399459
-0.14560116773500484	0.9893433680751103
-0.18163685097943635	0.9833656768294662
-0.21743017558155706	0.9760758775559272
-0.2529333823916808	0.9674836970574252
-0.2880990993652376	0.957600599908406
-0.3228804047714462	0.9464397731576094
-0.3572308898011329	0.9340161087325479
-0.3911047204901561	0.9203461835691594
-0.42445669887581533	0.9054482374931465
-0.4572423233046385	0.889342148882519
-0.48941784781108566	0.8720494081438075
-0.5209403404879301	0.8535930890373465
-0.551767740770446	0.8339978178898779
-0.581858915557953	0.8132897407355653
-0.6111737140978493	0.7914964884292541
-0.6396730215588914	0.7686471397785319
-0.6673188112222393	0.744772182743782
-0.694074195220634	0.7199034737579958
-0.719903473757996	0.6940741952206337
-0.7447721827437819	0.6673188112222395
-0.7686471397785322	0.6396730215588912
-0.791496488429254	0.6111737140978494
-0.8132897407355654	0.5818589155579528
-0.833997817889878	0.5517677407704458
-0.8535930890373464	0.5209403404879304
-0.8720494081438077	0.48941784781108544
-0.8893421488825188	0.45724232330463865
-0.9054482374931466	0.42445669887581505
-0.9203461835691595	0.3911047204901558
-0.9340161087325479	0.3572308898011329
-0.9464397731576094	0.32288040477144614
-0.9576005999084061	0.2880990993652373
-0.9674836970574252	0.25293338239168073
-0.9760758775559272	0.2174301755815568
-0.9833656768294661	0.18163685097943655
-0.9893433680751103	0.1456011677350048
-0.9940009752399459	0.10937120837787415
-0.9973322836635516	0.07299531466090756
-0.9993328483702394	0.03652202305765869
-1.	0
-0.9993328483702394	-0.036522023057658885
-0.9973322836635516	-0.07299531466090775
-0.9940009752399459	-0.10937120837787434
-0.9893433680751101	-0.145601167735005
-0.9833656768294662	-0.1816368509794363
-0.9760758775559272	-0.217430175581557
-0.9674836970574252	-0.25293338239168095
-0.957600599908406	-0.28809909936523753
-0.9464397731576093	-0.3228804047714463
-0.934016108732548	-0.35723088980113266
-0.9203461835691594	-0.39110472049015604
-0.9054482374931465	-0.4244566988758153
-0.889342148882519	-0.45724232330463843
-0.8720494081438076	-0.4894178478110856
-0.8535930890373463	-0.5209403404879305
-0.8339978178898779	-0.5517677407704459
-0.8132897407355653	-0.581858915557953
-0.7914964884292541	-0.6111737140978493
-0.768647139778532	-0.6396730215588914
-0.7447721827437817	-0.6673188112222396
-0.7199034737579959	-0.6940741952206338
-0.6940741952206337	-0.7199034737579959
-0.6673188112222395	-0.7447721827437818
-0.6396730215588908	-0.7686471397785324
-0.6111737140978492	-0.7914964884292542
-0.5818589155579529	-0.8132897407355654
-0.5517677407704462	-0.8339978178898778
-0.52094034048793	-0.8535930890373467
-0.4894178478110855	-0.8720494081438076
-0.4572423233046387	-0.8893421488825188
-0.4244566988758147	-0.9054482374931467
-0.3911047204901559	-0.9203461835691595
-0.35723088980113293	-0.9340161087325479
-0.32288040477144575	-0.9464397731576095
-0.28809909936523737	-0.957600599908406
-0.25293338239168084	-0.9674836970574252
-0.2174301755815573	-0.9760758775559271
-0.18163685097943616	-0.9833656768294662
-0.14560116773500487	-0.9893433680751103
-0.10937120837787465	-0.9940009752399459
-0.07299531466090717	-0.9973322836635516
-0.036522023057658747	-0.9993328483702394
0	-1.
0.03652202305765927	-0.9993328483702394
0.0729953146609077	-0.9973322836635516
0.10937120837787428	-0.9940009752399459
0.1456011677350054	-0.9893433680751101
0.1816368509794367	-0.9833656768294661
0.21743017558155694	-0.9760758775559272
0.25293338239168045	-0.9674836970574253
0.28809909936523787	-0.9576005999084058
0.32288040477144625	-0.9464397731576093
0.3572308898011326	-0.934016108732548
0.3911047204901564	-0.9203461835691593
0.4244566988758152	-0.9054482374931465
0.4572423233046384	-0.889342148882519
0.48941784781108594	-0.8720494081438074
0.5209403404879305	-0.8535930890373463
0.5517677407704459	-0.8339978178898779
0.5818589155579525	-0.8132897407355656
0.6111737140978495	-0.7914964884292539
0.6396730215588913	-0.768647139778532
0.6673188112222392	-0.744772182743782
0.6940741952206342	-0.7199034737579956
0.7199034737579959	-0.6940741952206338
0.7447721827437818	-0.6673188112222396
0.7686471397785324	-0.6396730215588909
0.7914964884292542	-0.6111737140978492
0.8132897407355653	-0.5818589155579529
0.8339978178898783	-0.5517677407704454
0.8535930890373465	-0.52094034048793
0.8720494081438076	-0.48941784781108555
0.8893421488825187	-0.45724232330463876
0.9054482374931467	-0.4244566988758148
0.9203461835691594	-0.391104720490156
0.9340161087325479	-0.357230889801133
0.9464397731576095	-0.3228804047714458
0.957600599908406	-0.2880990993652374
0.9674836970574252	-0.2529333823916809
0.9760758775559273	-0.2174301755815565
0.9833656768294662	-0.18163685097943622
0.9893433680751101	-0.14560116773500492
0.9940009752399459	-0.10937120837787472
0.9973322836635516	-0.07299531466090724
0.9993328483702394	-0.03652202305765881
1.	0