182
0.9994041405510704	0.03451613896970813
0.9976172723012476	0.06899114440432493
0.9946415246951927	0.10338393178837015
0.9904804439875632	0.1376535145871682
0.9851389890168738	0.17175905309127604
0.9786235252959553	0.20565990308593657
0.970941817426052	0.23931566428755774
0.9621030198436006	0.27268622848949375
0.9521176659107141	0.30573182735975285
0.9409976553623765	0.33841307983367047
0.9287562401253023	0.3706910390450675
0.9154080085253664	0.4025272387399675
0.9009688679024191	0.4338837391175581
0.8854560256532099	0.4647231720437685
0.8688879687250066	0.49500878558358136
0.8512844415843512	0.524704487799008
0.8326664226872064	0.5537748897605331
0.8130560994785325	0.5821853477207707
0.7924768419510905	0.6099020044000728
0.7709531747949796	0.6368918293348892
0.7485107481711012	0.6631226582407951
0.7251763071433766	0.688563231343277
0.7009776598061495	0.7131832306305962
0.6759436441447544	0.7369533159843367
0.6501040936687443	0.7598451601445788
0.6234898018587336	0.7818314824680298
0.5961324854692254	0.8028860814388825
0.5680647467311559	0.8229838658936564
0.5393200344991993	0.8421008849228117
0.509932604390136	0.8602143564135006
0.4799374779597864	0.877302694199442
0.44937040096716135	0.893345533785563
0.4182678007755652	0.908323756616754
0.38666674294141884	0.9222195128618104
0.35460488704253557	0.9350162426854148
0.32212044179849075	0.9466986959828059
0.28925211953656776	0.9572529505536157
0.2560390900575472	0.9666664286932195
0.22252093395631445	0.9749279121818236
0.1887375954529167	0.9820275556534303
0.15472933479028123	0.9879568983287464
0.12053668025532323	0.992708874098054
0.08620037988061954	0.9962778199420265
0.051761352884209494	0.9986594826804561
0.017260640905388574	0.9998510240408494
-0.017260640905388452	0.9998510240408495
-0.05176135288420937	0.9986594826804561
-0.0862003798806192	0.9962778199420265
-0.12053668025532288	0.992708874098054
-0.15472933479028111	0.9879568983287464
-0.18873759545291657	0.9820275556534304
-0.22252093395631434	0.9749279121818236
-0.2560390900575471	0.9666664286932195
-0.28925211953656765	0.9572529505536158
-0.3221204417984904	0.946698695982806
-0.35460488704253545	0.9350162426854148
-0.38666674294141873	0.9222195128618104
-0.4182678007755649	0.9083237566167541
-0.449370400967161	0.8933455337855633
-0.47993747795978614	0.8773026941994421
-0.5099326043901357	0.8602143564135007
-0.5393200344991991	0.8421008849228119
-0.5680647467311557	0.8229838658936565
-0.5961324854692253	0.8028860814388825
-0.6234898018587335	0.7818314824680299
-0.6501040936687442	0.7598451601445788
-0.6759436441447544	0.7369533159843368
-0.7009776598061495	0.7131832306305963
-0.7251763071433766	0.688563231343277
-0.7485107481711012	0.6631226582407952
-0.7709531747949794	0.6368918293348895
-0.7924768419510902	0.609902004400073
-0.8130560994785323	0.5821853477207709
-0.8326664226872063	0.5537748897605332
-0.8512844415843511	0.5247044877990081
-0.8688879687250064	0.4950087855835815
-0.8854560256532098	0.4647231720437687
-0.900968867902419	0.43388373911755823
-0.9154080085253663	0.4025272387399676
-0.9287562401253023	0.37069103904506756
-0.9409976553623765	0.33841307983367047
-0.9521176659107141	0.3057318273597529
-0.9621030198436006	0.2726862284894937
-0.9709418174260519	0.2393156642875581
-0.9786235252959552	0.2056599030859369
-0.9851389890168738	0.17175905309127631
-0.9904804439875632	0.13765351458716846
-0.9946415246951926	0.10338393178837038
-0.9976172723012475	0.0689911444043251
-0.9994041405510704	0.03451613896970828
-1.	0
-0.9994041405510704	-0.03451613896970804
-0.9976172723012476	-0.06899114440432487
-0.9946415246951927	-0.10338393178837013
-0.9904804439875632	-0.13765351458716824
-0.9851389890168739	-0.17175905309127565
-0.9786235252959553	-0.20565990308593624
-0.9709418174260521	-0.23931566428755743
-0.9621030198436006	-0.2726862284894935
-0.9521176659107142	-0.30573182735975263
-0.9409976553623766	-0.33841307983367025
-0.9287562401253024	-0.37069103904506734
-0.9154080085253664	-0.4025272387399674
-0.9009688679024191	-0.433883739117558
-0.8854560256532099	-0.46472317204376845
-0.8688879687250066	-0.49500878558358136
-0.8512844415843512	-0.524704487799008
-0.8326664226872064	-0.5537748897605331
-0.8130560994785327	-0.5821853477207704
-0.7924768419510907	-0.6099020044000725
-0.7709531747949798	-0.636891829334889
-0.7485107481711013	-0.663122658240795
-0.7251763071433767	-0.6885632313432769
-0.7009776598061496	-0.7131832306305961
-0.6759436441447545	-0.7369533159843366
-0.6501040936687447	-0.7598451601445784
-0.6234898018587337	-0.7818314824680297
-0.5961324854692258	-0.8028860814388822
-0.5680647467311559	-0.8229838658936564
-0.5393200344991996	-0.8421008849228114
-0.5099326043901359	-0.8602143564135006
-0.47993747795978675	-0.8773026941994417
-0.44937040096716124	-0.8933455337855631
-0.4182678007755655	-0.9083237566167538
-0.3866667429414188	-0.9222195128618104
-0.3546048870425359	-0.9350162426854147
-0.3221204417984905	-0.946698695982806
-0.2892521195365679	-0.9572529505536157
-0.25603909005754777	-0.9666664286932194
-0.2225209339563146	-0.9749279121818236
-0.18873759545291727	-0.9820275556534303
-0.15472933479028134	-0.9879568983287464
-0.12053668025532357	-0.992708874098054
-0.08620037988061945	-0.9962778199420265
-0.051761352884209834	-0.9986594826804561
-0.017260640905388477	-0.9998510240408495
0.01726064090538811	-0.9998510240408495
0.051761352884209466	-0.9986594826804561
0.08620037988061907	-0.9962778199420265
0.1205366802553232	-0.992708874098054
0.15472933479028098	-0.9879568983287464
0.18873759545291602	-0.9820275556534305
0.22252093395631423	-0.9749279121818236
0.25603909005754655	-0.9666664286932197
0.28925211953656754	-0.9572529505536158
0.3221204417984901	-0.9466986959828061
0.35460488704253557	-0.9350162426854148
0.3866667429414184	-0.9222195128618105
0.4182678007755652	-0.908323756616754
0.4493704009671609	-0.8933455337855633
0.4799374779597864	-0.877302694199442
0.5099326043901355	-0.8602143564135009
0.5393200344991993	-0.8421008849228117
0.5680647467311556	-0.8229838658936566
0.5961324854692248	-0.8028860814388828
0.6234898018587334	-0.7818314824680299
0.6501040936687438	-0.7598451601445793
0.6759436441447543	-0.7369533159843369
0.700977659806149	-0.7131832306305966
0.7251763071433764	-0.6885632313432771
0.7485107481711007	-0.6631226582407955
0.7709531747949796	-0.6368918293348892
0.7924768419510901	-0.6099020044000731
0.8130560994785325	-0.5821853477207707
0.8326664226872061	-0.5537748897605334
0.8512844415843512	-0.5247044877990079
0.8688879687250064	-0.49500878558358163
0.8854560256532096	-0.4647231720437692
0.900968867902419	-0.43388373911755834
0.9154080085253661	-0.40252723873996815
0.9287562401253022	-0.37069103904506767
0.9409976553623762	-0.33841307983367097
0.9521176659107141	-0.305731827359753
0.9621030198436004	-0.27268622848949425
0.970941817426052	-0.2393156642875578
0.9786235252959552	-0.205659903085937
0.9851389890168738	-0.171759053091276
0.9904804439875631	-0.1376535145871686
0.9946415246951927	-0.10338393178837006
0.9976172723012475	-0.06899114440432523
0.9994041405510704	-0.03451613896970885
1.	0