144
0.9990482215818578	0.043619387365336
0.9961946980917455	0.08715574274765817
0.9914448613738104	0.13052619222005157
0.984807753012208	0.17364817766693033
0.9762960071199334	0.21643961393810288
0.9659258262890683	0.25881904510252074
0.9537169507482269	0.3007057995042731
0.9396926207859084	0.3420201433256687
0.9238795325112867	0.3826834323650898
0.9063077870366499	0.42261826174069944
0.8870108331782217	0.4617486132350339
0.8660254037844387	0.49999999999999994
0.8433914458128857	0.5372996083468239
0.8191520442889918	0.573576436351046
0.7933533402912352	0.6087614290087207
0.766044443118978	0.6427876096865393
0.7372773368101241	0.6755902076156601
0.7071067811865476	0.7071067811865475
0.6755902076156604	0.737277336810124
0.6427876096865394	0.766044443118978
0.6087614290087207	0.7933533402912352
0.5735764363510462	0.8191520442889918
0.5372996083468239	0.8433914458128857
0.5000000000000001	0.8660254037844386
0.4617486132350341	0.8870108331782216
0.42261826174069944	0.9063077870366499
0.38268343236508984	0.9238795325112867
0.3420201433256688	0.9396926207859083
0.3007057995042733	0.9537169507482268
0.25881904510252074	0.9659258262890683
0.2164396139381029	0.9762960071199334
0.17364817766693041	0.984807753012208
0.1305261922200517	0.9914448613738104
0.08715574274765836	0.9961946980917455
0.04361938736533601	0.9990482215818578
0	1.
-0.04361938736533589	0.9990482215818578
-0.08715574274765801	0.9961946980917455
-0.1305261922200516	0.9914448613738104
-0.1736481776669303	0.984807753012208
-0.2164396139381028	0.9762960071199334
-0.25881904510252063	0.9659258262890683
-0.30070579950427295	0.9537169507482269
-0.3420201433256687	0.9396926207859084
-0.3826834323650897	0.9238795325112867
-0.42261826174069933	0.90630778703665
-0.46174861323503374	0.8870108331782218
-0.4999999999999998	0.8660254037844387
-0.5372996083468236	0.8433914458128858
-0.5735764363510458	0.819152044288992
-0.6087614290087207	0.7933533402912352
-0.6427876096865394	0.766044443118978
-0.6755902076156602	0.7372773368101241
-0.7071067811865475	0.7071067811865476
-0.737277336810124	0.6755902076156604
-0.7660444431189779	0.6427876096865395
-0.793353340291235	0.6087614290087209
-0.8191520442889916	0.5735764363510464
-0.8433914458128855	0.5372996083468241
-0.8660254037844387	0.49999999999999994
-0.8870108331782217	0.4617486132350339
-0.9063077870366499	0.4226182617406995
-0.9238795325112867	0.3826834323650899
-0.9396926207859083	0.3420201433256689
-0.9537169507482268	0.30070579950427334
-0.9659258262890682	0.258819045102521
-0.9762960071199333	0.21643961393810318
-0.984807753012208	0.1736481776669307
-0.9914448613738104	0.13052619222005157
-0.9961946980917455	0.0871557427476582
-0.9990482215818578	0.04361938736533607
-1.	0
-0.9990482215818578	-0.04361938736533583
-0.9961946980917455	-0.08715574274765794
-0.9914448613738105	-0.13052619222005132
-0.9848077530122081	-0.17364817766693003
-0.9762960071199335	-0.21643961393810252
-0.9659258262890683	-0.2588190451025208
-0.9537169507482269	-0.30070579950427306
-0.9396926207859084	-0.34202014332566866
-0.9238795325112868	-0.38268343236508967
-0.90630778703665	-0.4226182617406993
-0.8870108331782218	-0.46174861323503374
-0.8660254037844388	-0.4999999999999997
-0.8433914458128858	-0.5372996083468236
-0.819152044288992	-0.5735764363510458
-0.7933533402912352	-0.6087614290087207
-0.766044443118978	-0.6427876096865393
-0.7372773368101241	-0.6755902076156601
-0.7071067811865477	-0.7071067811865475
-0.6755902076156604	-0.7372773368101239
-0.6427876096865395	-0.7660444431189779
-0.6087614290087209	-0.7933533402912349
-0.5735764363510464	-0.8191520442889916
-0.5372996083468242	-0.8433914458128855
-0.5000000000000004	-0.8660254037844384
-0.4617486132350344	-0.8870108331782215
-0.42261826174069994	-0.9063077870366497
-0.38268343236509034	-0.9238795325112865
-0.3420201433256694	-0.9396926207859082
-0.30070579950427295	-0.9537169507482269
-0.25881904510252063	-0.9659258262890683
-0.21643961393810282	-0.9762960071199334
-0.17364817766693033	-0.984807753012208
-0.13052619222005163	-0.9914448613738104
-0.08715574274765825	-0.9961946980917455
-0.04361938736533613	-0.9990482215818578
0	-1.
0.043619387365335764	-0.9990482215818578
0.08715574274765789	-0.9961946980917455
0.13052619222005127	-0.9914448613738105
0.17364817766692997	-0.9848077530122081
0.21643961393810246	-0.9762960071199335
0.2588190451025203	-0.9659258262890684
0.3007057995042726	-0.953716950748227
0.34202014332566816	-0.9396926207859085
0.38268343236508917	-0.923879532511287
0.42261826174069883	-0.9063077870366503
0.4617486132350341	-0.8870108331782216
0.5000000000000001	-0.8660254037844386
0.5372996083468239	-0.8433914458128857
0.573576436351046	-0.8191520442889918
0.6087614290087205	-0.7933533402912352
0.6427876096865393	-0.7660444431189781
0.6755902076156601	-0.7372773368101242
0.7071067811865474	-0.7071067811865477
0.7372773368101239	-0.6755902076156605
0.7660444431189778	-0.6427876096865396
0.7933533402912349	-0.6087614290087209
0.8191520442889916	-0.5735764363510465
0.8433914458128855	-0.5372996083468242
0.8660254037844384	-0.5000000000000004
0.8870108331782215	-0.4617486132350344
0.9063077870366497	-0.4226182617407
0.9238795325112865	-0.3826834323650904
0.9396926207859081	-0.34202014332566943
0.9537169507482267	-0.30070579950427384
0.9659258262890683	-0.2588190451025207
0.9762960071199334	-0.21643961393810288
0.984807753012208	-0.1736481776669304
0.9914448613738104	-0.13052619222005168
0.9961946980917455	-0.08715574274765832
0.9990482215818578	-0.043619387365336194
1.	0