193
0.9994701209300242	0.03254961394737036
0.9978810452637543	0.06506473317640771
0.9952344570370627	0.09751089952483757
0.9915331609933657	0.12985372790376198
0.986781079611274	0.16205894273753735
0.980983248947714	0.1940924142875946
0.9741458133009255	0.22592019482170772
0.9662760186989915	0.2575085545903791
0.9573822052208011	0.28882401757221615
0.9474737981575831	0.31983339695041746
0.9365612980243768	0.3505038302827722
0.9246562694320255	0.38080281432790053
0.9117713288314863	0.4106982394908284
0.8979201311434433	0.44015842385139203
0.8831173552873945	0.46915214673941086
0.8673786886255475	0.4976486818210468
0.850720810338009	0.5256178296612867
0.8331613737468884	0.5530299497280394
0.8147189876080463	0.5798559918039307
0.7954131963903134	0.6060675267725081
0.7752644595630809	0.6316367767462279
0.7542941299142113	0.656536644504298
0.7325244309212472	0.6807407422091782
0.7099784331999011	0.7042234193713055
0.6866800300547811	0.7269597900324095
0.6626539121582683	0.7489257591386091
0.6379255413843751	0.7700980480753421
0.6125211238253166	0.7904542193370664
0.586467582019392	0.8099727003055891
0.5597925264196045	0.8286328061118243
0.5325242261332599	0.8464147615567515
0.504691578963549	0.8632997220683439
0.4763240807848663	0.8792697936722563
0.4474517942843172	0.8943080519551108
0.418105317102539	0.9083985600002816
0.38831574940760444	0.9215263852771719
0.35811466093636385	0.9336776154660843
0.3275340575381598	0.944839373201916
0.29660634725636825	0.9549998297210501
0.2653643059837104	0.964148217396985
0.23384104272773398	0.9722748411514134
0.2020699645232718	0.9793710887286614
0.17008474102906637	0.985429439822596
0.13791926884607403	0.9904434740463306
0.10560763559526568	0.9944078777362826
0.07318408379299417	0.9973184495833716
0.04068297456220837	0.9991721050853906
0.008138751217972596	0.9999668798158327
-0.024414097234115462	0.999701931505708
-0.05694107264792988	0.9983775409361446
-0.0894077042965083	0.9959951116408293
-0.12177958540268409	0.9925571684186006
-0.15402240960194924	0.988067354657773
-0.18610200729890397	0.9825304284750263
-0.21798438187876235	0.9759522576729529
-0.24963574573554217	0.9683398135216066
-0.28102255607875604	0.9597011633706414
-0.3121115504806555	0.9500454620998731
-0.3428697821263601	0.9393829424173202
-0.37326465472951265	0.9277249040150091
-0.4032639570764595	0.915083701594032
-0.43283589716234533	0.9014727317715537
-0.4619491358829505	0.8869064188836359
-0.4905728202465597	0.8714001996989309
-0.5186766160706735	0.8549705070594396
-0.5462307401289043	0.8376347524656731
-0.5732059917139912	0.8194113076246751
-0.5995737835834902	0.8003194849804534
-0.6253061722553354	0.7803795172474614
-0.6503758876211706	0.7596125359688152
-0.6747563618460709	0.7380405491219667
-0.6984217575240211	0.7156864177955715
-0.7213469950593157	0.6925738319622651
-0.7435077792448663	0.668727285373019
-0.7648806250092451	0.6441720495996908
-0.7854428823051789	0.6189341472532703
-0.8051727601131227	0.5930403244062041
-0.8240493495344694	0.5665180222480286
-0.8420526459499249	0.5393953480043469
-0.8591635702195675	0.511701045149965
-0.8753639889021195	0.483464462947764
-0.8906367334720122	0.45471552534557685
-0.904965618513868	0.4254846992640419
-0.9183354588751274	0.39580296230903744
-0.9307320857586374	0.365701769942909
-0.9421423617381508	0.3352130221492884
-0.9525541946808188	0.3043690296268277
-0.9619565505619287	0.27320247954767085
-0.9703394651583009	0.24174640091695793
-0.9776940546079551	0.21003412957006967
-0.9840125248248563	0.17809927284470187
-0.98928817975876	0.145975673965217
-0.9935154284914064	0.11369737617701299
-0.9966897911615414	0.08129858666891426
-0.9988079037124863	0.04881364032182614
-0.9998675214572239	0.01627696332206673
-0.9998675214572239	-0.01627696332206693
-0.9988079037124863	-0.04881364032182678
-0.9966897911615414	-0.08129858666891446
-0.9935154284914064	-0.11369737617701318
-0.9892881797587599	-0.14597567396521763
-0.9840125248248562	-0.17809927284470206
-0.9776940546079551	-0.21003412957006987
-0.9703394651583007	-0.24174640091695854
-0.9619565505619286	-0.273202479547671
-0.9525541946808187	-0.30436902962682794
-0.9421423617381506	-0.335213022149289
-0.9307320857586374	-0.36570176994290915
-0.9183354588751272	-0.3958029623090376
-0.9049656185138678	-0.4254846992640425
-0.8906367334720121	-0.454715525345577
-0.8753639889021195	-0.4834644629477642
-0.8591635702195671	-0.5117010451499655
-0.8420526459499248	-0.539395348004347
-0.8240493495344691	-0.5665180222480292
-0.8051727601131226	-0.5930403244062044
-0.7854428823051788	-0.6189341472532705
-0.7648806250092447	-0.6441720495996913
-0.7435077792448661	-0.6687272853730192
-0.7213469950593154	-0.6925738319622652
-0.6984217575240207	-0.715686417795572
-0.6747563618460708	-0.7380405491219668
-0.65037588762117	-0.7596125359688156
-0.6253061722553352	-0.7803795172474615
-0.59957378358349	-0.8003194849804535
-0.5732059917139907	-0.8194113076246754
-0.546230740128904	-0.8376347524656732
-0.5186766160706733	-0.8549705070594397
-0.49057282024655907	-0.8714001996989312
-0.46194913588295033	-0.886906418883636
-0.43283589716234516	-0.9014727317715537
-0.40326395707645896	-0.9150837015940323
-0.37326465472951265	-0.9277249040150091
-0.34286978212635966	-0.9393829424173203
-0.31211155048065486	-0.9500454620998732
-0.2810225560787561	-0.9597011633706414
-0.24963574573554198	-0.9683398135216066
-0.21798438187876173	-0.975952257672953
-0.186102007298904	-0.9825304284750263
-0.15402240960194905	-0.9880673546577731
-0.12177958540268345	-0.9925571684186008
-0.08940770429650831	-0.9959951116408293
-0.05694107264792968	-0.9983775409361446
-0.02441409723411482	-0.999701931505708
0.008138751217972574	-0.9999668798158327
0.04068297456220857	-0.9991721050853906
0.07318408379299482	-0.9973184495833715
0.10560763559526565	-0.9944078777362826
0.13791926884607422	-0.9904434740463306
0.170084741029067	-0.9854294398225959
0.2020699645232718	-0.9793710887286614
0.23384104272773418	-0.9722748411514133
0.265364305983711	-0.9641482173969848
0.2966063472563682	-0.9549998297210501
0.32753405753815995	-0.9448393732019159
0.35811466093636424	-0.9336776154660841
0.3883157494076044	-0.9215263852771719
0.41810531710253923	-0.9083985600002815
0.44745179428431753	-0.8943080519551105
0.4763240807848671	-0.8792697936722559
0.5046915789635491	-0.8632997220683438
0.5325242261332602	-0.8464147615567513
0.5597925264196052	-0.828632806111824
0.5864675820193922	-0.809972700305589
0.612521123825317	-0.7904542193370662
0.6379255413843756	-0.7700980480753417
0.6626539121582684	-0.748925759138609
0.6866800300547814	-0.7269597900324092
0.7099784331999015	-0.7042234193713051
0.7325244309212473	-0.6807407422091781
0.7542941299142115	-0.6565366445042977
0.7752644595630814	-0.6316367767462273
0.7954131963903135	-0.6060675267725079
0.8147189876080465	-0.5798559918039303
0.8331613737468888	-0.5530299497280388
0.850720810338009	-0.5256178296612867
0.8673786886255477	-0.4976486818210465
0.8831173552873949	-0.46915214673941025
0.8979201311434433	-0.4401584238513919
0.9117713288314864	-0.410698239490828
0.9246562694320257	-0.3808028143278999
0.9365612980243769	-0.3505038302827721
0.9474737981575834	-0.31983339695041707
0.9573822052208013	-0.2888240175722155
0.9662760186989915	-0.257508554590379
0.9741458133009256	-0.22592019482170736
0.9809832489477142	-0.19409241428759394
0.986781079611274	-0.16205894273753726
0.9915331609933657	-0.12985372790376162
0.9952344570370628	-0.09751089952483692
0.9978810452637543	-0.06506473317640765
0.9994701209300242	-0.03254961394737001
1.	0