112
0.9984268150178166	0.05607044723719179
0.9937122098932426	0.11196447610330786
0.9858710185182359	0.1675062233047364
0.9749279121818236	0.2225209339563144
0.9609173219450996	0.27683551142484936
0.9438833303083676	0.3302790619551671
0.9238795325112867	0.3826834323650898
0.9009688679024191	0.4338837391175581
0.8752234219087537	0.48371888710523975
0.8467241992282841	0.5320320765153366
0.8155608689592602	0.5786712961798057
0.7818314824680298	0.6234898018587335
0.7456421648831656	0.6663465779520039
0.7071067811865476	0.7071067811865475
0.6663465779520039	0.7456421648831656
0.6234898018587336	0.7818314824680298
0.5786712961798057	0.8155608689592602
0.5320320765153366	0.8467241992282841
0.4837188871052398	0.8752234219087537
0.4338837391175582	0.9009688679024191
0.38268343236508984	0.9238795325112867
0.33027906195516715	0.9438833303083676
0.2768355114248494	0.9609173219450995
0.22252093395631445	0.9749279121818236
0.16750622330473647	0.9858710185182359
0.11196447610330791	0.9937122098932426
0.056070447237191845	0.9984268150178166
0	1.
-0.05607044723719173	0.9984268150178166
-0.1119644761033078	0.9937122098932426
-0.16750622330473633	0.9858710185182359
-0.22252093395631434	0.9749279121818236
-0.2768355114248493	0.9609173219450996
-0.330279061955167	0.9438833303083676
-0.3826834323650897	0.9238795325112867
-0.43388373911755806	0.9009688679024191
-0.48371888710523975	0.8752234219087537
-0.5320320765153365	0.8467241992282842
-0.5786712961798057	0.8155608689592602
-0.6234898018587335	0.7818314824680299
-0.6663465779520039	0.7456421648831657
-0.7071067811865475	0.7071067811865476
-0.7456421648831656	0.666346577952004
-0.7818314824680298	0.6234898018587336
-0.8155608689592602	0.5786712961798058
-0.8467241992282841	0.5320320765153367
-0.8752234219087537	0.48371888710523986
-0.900968867902419	0.43388373911755823
-0.9238795325112867	0.3826834323650899
-0.9438833303083676	0.3302790619551672
-0.9609173219450995	0.27683551142484947
-0.9749279121818236	0.2225209339563145
-0.9858710185182359	0.16750622330473652
-0.9937122098932426	0.11196447610330798
-0.9984268150178166	0.05607044723719191
-1.	0
-0.9984268150178166	-0.056070447237191665
-0.9937122098932426	-0.11196447610330773
-0.9858710185182359	-0.16750622330473627
-0.9749279121818236	-0.22252093395631428
-0.9609173219450996	-0.27683551142484925
-0.9438833303083676	-0.33027906195516693
-0.9238795325112868	-0.38268343236508967
-0.9009688679024191	-0.433883739117558
-0.8752234219087538	-0.4837188871052397
-0.8467241992282842	-0.5320320765153365
-0.8155608689592603	-0.5786712961798056
-0.7818314824680299	-0.6234898018587334
-0.7456421648831657	-0.6663465779520038
-0.7071067811865477	-0.7071067811865475
-0.666346577952004	-0.7456421648831655
-0.6234898018587337	-0.7818314824680297
-0.5786712961798063	-0.8155608689592598
-0.5320320765153367	-0.8467241992282841
-0.4837188871052395	-0.8752234219087538
-0.4338837391175583	-0.900968867902419
-0.38268343236509034	-0.9238795325112865
-0.33027906195516726	-0.9438833303083675
-0.27683551142484913	-0.9609173219450996
-0.2225209339563146	-0.9749279121818236
-0.16750622330473702	-0.9858710185182358
-0.11196447610330804	-0.9937122098932426
-0.056070447237191526	-0.9984268150178166
0	-1.
0.05607044723719116	-0.9984268150178166
0.11196447610330768	-0.9937122098932426
0.16750622330473666	-0.9858710185182359
0.22252093395631423	-0.9749279121818236
0.2768355114248488	-0.9609173219450997
0.3302790619551669	-0.9438833303083676
0.38268343236509	-0.9238795325112866
0.43388373911755795	-0.9009688679024193
0.48371888710523925	-0.875223421908754
0.5320320765153363	-0.8467241992282842
0.578671296179806	-0.81556086895926
0.6234898018587334	-0.7818314824680299
0.6663465779520035	-0.745642164883166
0.7071067811865474	-0.7071067811865477
0.7456421648831658	-0.6663465779520038
0.7818314824680297	-0.6234898018587337
0.8155608689592598	-0.5786712961798063
0.846724199228284	-0.5320320765153368
0.8752234219087538	-0.4837188871052396
0.900968867902419	-0.43388373911755834
0.9238795325112865	-0.3826834323650904
0.9438833303083675	-0.3302790619551673
0.9609173219450996	-0.2768355114248492
0.9749279121818235	-0.22252093395631464
0.9858710185182358	-0.16750622330473708
0.9937122098932426	-0.11196447610330809
0.9984268150178166	-0.05607044723719159
1.	0