219
0.9995884603149401	0.028686408022048564
0.9983541799895851	0.05734920485345134
0.9962981749346078	0.08596479873744646
0.9934221374053538	0.1145096367690443
0.989728434608981	0.1429602242809376
0.9852201067560606	0.17129314418147756
0.9799008645582421	0.1994850762287988
0.9737750861740431	0.22751281622522934
0.9668478136052775	0.255353295116187
0.9591247485470881	0.28298359797784245
0.9506122476949981	0.31038098287792
0.9413173175128471	0.33752289959411325
0.9312476084659147	0.36438700817470754
0.9204114087239806	0.39095119732613354
0.9088176373395029	0.4171936026123168
0.8964758369065301	0.44309262445084385
0.8833961657063885	0.46862694589113313
0.869589389346611	0.4937755501599772
0.8550668718999872	0.518517737960015
0.8398405665510297	0.5428331445068968
0.8239230057575543	0.5667017562911175
0.8073272909354726	0.5901039275507245
0.7900670816752873	0.6130203964413378
0.7721565844991644	0.6354323008901773
0.7536105411678378	0.6573211941210466
0.7344442165469712	0.6786690598374923
0.7146733860429609	0.6994583270516471
0.6943143226185252	0.7196718845465471
0.6733837833987633	0.7392930949600216
0.6518989958787126	0.7583058084785624
0.6298776437437523	0.7766943761299026
0.6073378523145269	0.7944436626633621
0.5842981736283684	0.811539059007361
0.5607775711694979	0.8279664942938444
0.5367954042605718	0.8437124474397242
0.5123714121284237	0.8587639582758029
0.4875256976571134	0.8731086382140225
0.4622787108416584	0.8867346804442546
0.43665123195606403	0.8996308696522433
0.41066435444950905	0.9117865912506983
0.3843394675847633	0.9231918401159429
0.3576982388331257	0.9338372288229251
0.3307625960403761	0.9437139953718133
0.3035547093784186	0.9528140103998176
0.27609697309746906	0.9611297838723007
0.24841198709381024	0.9686544712476708
0.22052253830828422	0.9753818791109825
0.19245158197083018	0.9813064702716093
0.16422222270650882	0.9864233683207905
0.13585769551856275	0.9907283616453026
0.10738134666416309	0.994217906893952
0.07881661443858869	0.996889131894033
0.050187009883647195	0.9987398380153556
0.021516097436222254	0.9997685019798909
-0.007172524467127706	0.9999742771155509
-0.03585524281355709	0.9993569940530665
-0.06450844944931623	0.9979171608653922
-0.09310856051113499	0.9956559626495209
-0.12163203583761549	0.9925752605510562
-0.1500553983446526	0.9886775902323405
-0.17835525334893687	0.9839661597854047
-0.20650830782363713	0.9784448470914535
-0.23449138957040963	0.9721181966290613
-0.2622814662919558	0.9649914157337057
-0.28985566454943223	0.9570703703117169
-0.3171912885891059	0.9483615800121716
-0.3442658390227599	0.938872212860704
-0.37105703134647733	0.9286100793596521
-0.3975428142825558	0.9175836260593938
-0.4237013879294586	0.9058019286061664
-0.4495112217048658	0.8932746842720882
-0.47495107206704995	0.8800122039735357
-0.4999999999999998	0.8660254037844387
-0.5246373882478897	0.851325795951487
-0.548842958284719	0.8359254794186372
-0.5725967870051488	0.8198371298687199
-0.5958793231227978	0.8030739892903495
-0.6186714032625031	0.7856498550787147
-0.6409542677333003	0.7675790686792265
-0.662709575969136	0.7488765037833728
-0.6839194216246103	0.7295575540864878
-0.7045663473133214	0.7096381206175189
-0.7246333589766782	0.689134598651219
-0.7441039398713604	0.6680638642135338
-0.7629620641639099	0.6464432601912916
-0.7811922101212619	0.6242905820576329
-0.7987793728863647	0.6016240632249229
-0.8157090768283676	0.5784623600372044
-0.8319673874572137	0.5548245364145484
-0.8475409228928309	0.5307300481619337
-0.862416864879483	0.5061987269555739
-0.8765829693362093	0.48125076401987593
-0.8900275764346764	0.4559066935084592
-0.9027396201961426	0.43018737560291576
-0.9147086375996356	0.40411397934322757
-0.9259247771938497	0.3777079652039653
-0.9363788072056729	0.3509910674306133
-0.9460621231386677	0.3239852761505629
-0.9549667548552552	0.2967128192734903
-0.963085373136771	0.26919614419602406
-0.9704112957159938	0.24145789932575384
-0.9769384927771817	0.21352091543979612
-0.9826615919190885	0.18540818689325125
-0.9875758825768777	0.15714285269302278
-0.99167731989929	0.12874817745258088
-0.9949625280778774	0.1002475322433377
-0.9974288031255617	0.07166437535839916
-0.99907411510223	0.04302223300453059
-0.9998971097855369	0.014344679938219947
-0.9998971097855369	-0.014344679938219258
-0.99907411510223	-0.04302223300453034
-0.9974288031255617	-0.07166437535839847
-0.9949625280778774	-0.10024753224333702
-0.99167731989929	-0.12874817745258066
-0.9875758825768778	-0.15714285269302208
-0.9826615919190886	-0.18540818689325056
-0.9769384927771817	-0.2135209154397959
-0.970411295715994	-0.24145789932575318
-0.9630853731367712	-0.2691961441960234
-0.9549667548552553	-0.2967128192734901
-0.9460621231386679	-0.3239852761505622
-0.9363788072056731	-0.3509910674306127
-0.9259247771938499	-0.37770796520396466
-0.9147086375996358	-0.4041139793432269
-0.902739620196143	-0.43018737560291515
-0.8900275764346768	-0.4559066935084586
-0.8765829693362096	-0.4812507640198753
-0.8624168648794833	-0.5061987269555732
-0.8475409228928312	-0.5307300481619331
-0.831967387457214	-0.5548245364145479
-0.815709076828368	-0.5784623600372039
-0.798779372886365	-0.6016240632249223
-0.7811922101212624	-0.6242905820576324
-0.7629620641639103	-0.6464432601912911
-0.7441039398713608	-0.6680638642135333
-0.7246333589766787	-0.6891345986512185
-0.7045663473133219	-0.7096381206175183
-0.6839194216246107	-0.7295575540864874
-0.6627095759691365	-0.7488765037833723
-0.6409542677333009	-0.7675790686792261
-0.618671403262504	-0.7856498550787139
-0.595879323122798	-0.8030739892903493
-0.5725967870051494	-0.8198371298687195
-0.5488429582847199	-0.8359254794186365
-0.52463738824789	-0.8513257959514869
-0.5000000000000004	-0.8660254037844384
-0.47495107206705095	-0.8800122039735352
-0.449511221704866	-0.8932746842720881
-0.4237013879294592	-0.905801928606166
-0.3975428142825566	-0.9175836260593934
-0.3710570313464778	-0.9286100793596519
-0.3442658390227606	-0.9388722128607038
-0.3171912885891068	-0.9483615800121713
-0.2898556645494327	-0.9570703703117168
-0.2622814662919565	-0.9649914157337055
-0.23449138957041052	-0.9721181966290612
-0.2065083078236376	-0.9784448470914534
-0.17835525334893754	-0.9839661597854046
-0.15005539834465348	-0.9886775902323403
-0.12163203583761595	-0.992575260551056
-0.09310856051113568	-0.9956559626495209
-0.06450844944931713	-0.9979171608653922
-0.035855242813557564	-0.9993569940530665
-0.0071725244671283946	-0.9999742771155509
0.021516097436221345	-0.9997685019798909
0.05018700988364673	-0.9987398380153556
0.07881661443858799	-0.9968891318940332
0.10738134666416217	-0.9942179068939521
0.13585769551856228	-0.9907283616453026
0.16422222270650816	-0.9864233683207906
0.19245158197082907	-0.9813064702716096
0.22052253830828375	-0.9753818791109826
0.24841198709380954	-0.9686544712476709
0.276096973097468	-0.961129783872301
0.30355470937841816	-0.9528140103998178
0.33076259604037545	-0.9437139953718136
0.3576982388331246	-0.9338372288229255
0.38433946758476284	-0.9231918401159431
0.41066435444950844	-0.9117865912506986
0.43665123195606304	-0.8996308696522438
0.462278710841658	-0.8867346804442549
0.4875256976571128	-0.8731086382140228
0.5123714121284227	-0.8587639582758035
0.5367954042605714	-0.8437124474397244
0.5607775711694973	-0.8279664942938448
0.5842981736283677	-0.8115390590073616
0.6073378523145265	-0.7944436626633624
0.6298776437437518	-0.7766943761299031
0.6518989958787118	-0.7583058084785631
0.6733837833987629	-0.7392930949600219
0.6943143226185245	-0.7196718845465476
0.7146733860429603	-0.6994583270516478
0.7344442165469709	-0.6786690598374926
0.7536105411678373	-0.6573211941210472
0.7721565844991641	-0.6354323008901775
0.790067081675287	-0.6130203964413381
0.8073272909354722	-0.5901039275507252
0.8239230057575542	-0.5667017562911177
0.8398405665510295	-0.5428331445068971
0.8550668718999869	-0.5185177379600157
0.8695893893466109	-0.49377555015997737
0.8833961657063882	-0.46862694589113363
0.8964758369065297	-0.4430926244508446
0.9088176373395028	-0.41719360261231697
0.9204114087239804	-0.39095119732613404
0.9312476084659145	-0.3643870081747083
0.941317317512847	-0.33752289959411347
0.9506122476949979	-0.3103809828779205
0.9591247485470878	-0.2829835979778432
0.9668478136052775	-0.2553532951161872
0.973775086174043	-0.22751281622522984
0.979900864558242	-0.1994850762287996
0.9852201067560606	-0.1712931441814778
0.989728434608981	-0.14296022428093813
0.9934221374053537	-0.11450963676904512
0.9962981749346077	-0.0859647987374467
0.9983541799895851	-0.05734920485345188
0.9995884603149401	-0.0286864080220494
1.	0