216
0.9995769500822006	0.0290847187431114
0.9983081582712682	0.05814482891047582
0.9961946980917455	0.08715574274765815
0.993238357741943	0.11609291412523022
0.9894416385809445	0.14493185930724672
0.984807753012208	0.1736481776669303
0.9793406217655515	0.2022175723320379
0.9730448705798238	0.23061587074244014
0.9659258262890683	0.25881904510252074
0.9579895123154889	0.2868032327110902
0.9492426435730339	0.31454475615161365
0.9396926207859084	0.34202014332566866
0.9293475242268224	0.36920614731268436
0.918216106880274	0.39607976603915673
0.9063077870366499	0.4226182617406994
0.8936326403234123	0.4487991802004621
0.8802013911801112	0.47460036974764036
0.8660254037844387	0.49999999999999994
0.8511166724369997	0.5249765803345602
0.8354878114129365	0.549508978070806
0.8191520442889918	0.573576436351046
0.8021231927550438	0.5971585917027862
0.7844156649195757	0.62023549126826
0.7660444431189781	0.6427876096865393
0.747025071240996	0.6647958656139377
0.7273736415730488	0.6862416378687335
0.7071067811865476	0.7071067811865475
0.6862416378687337	0.7273736415730486
0.6647958656139379	0.7470250712409959
0.6427876096865395	0.7660444431189779
0.6202354912682602	0.7844156649195756
0.5971585917027863	0.8021231927550437
0.5735764363510462	0.8191520442889917
0.5495089780708061	0.8354878114129364
0.5249765803345604	0.8511166724369996
0.5000000000000001	0.8660254037844386
0.4746003697476406	0.880201391180111
0.4487991802004623	0.8936326403234122
0.4226182617406996	0.9063077870366498
0.3960797660391569	0.918216106880274
0.36920614731268464	0.9293475242268224
0.3420201433256688	0.9396926207859083
0.31454475615161387	0.9492426435730339
0.2868032327110903	0.9579895123154889
0.25881904510252096	0.9659258262890682
0.23061587074244025	0.9730448705798238
0.20221757233203813	0.9793406217655515
0.17364817766693064	0.984807753012208
0.14493185930724692	0.9894416385809445
0.11609291412523053	0.9932383577419429
0.08715574274765836	0.9961946980917455
0.05814482891047612	0.9983081582712682
0.02908471874311158	0.9995769500822006
0	1.
-0.029084718743111238	0.9995769500822006
-0.05814482891047555	0.9983081582712682
-0.08715574274765801	0.9961946980917455
-0.11609291412522996	0.993238357741943
-0.14493185930724659	0.9894416385809446
-0.17364817766693008	0.9848077530122081
-0.20221757233203777	0.9793406217655515
-0.23061587074243992	0.9730448705798239
-0.25881904510252063	0.9659258262890683
-0.28680323271109	0.9579895123154889
-0.3145447561516133	0.949242643573034
-0.3420201433256685	0.9396926207859084
-0.36920614731268414	0.9293475242268225
-0.3960797660391566	0.9182161068802741
-0.42261826174069933	0.90630778703665
-0.4487991802004618	0.8936326403234125
-0.4746003697476401	0.8802013911801113
-0.4999999999999998	0.8660254037844387
-0.5249765803345601	0.8511166724369997
-0.5495089780708057	0.8354878114129367
-0.5735764363510458	0.819152044288992
-0.597158591702786	0.802123192755044
-0.6202354912682599	0.7844156649195758
-0.642787609686539	0.7660444431189783
-0.6647958656139376	0.7470250712409962
-0.6862416378687335	0.7273736415730488
-0.7071067811865471	0.7071067811865479
-0.7273736415730484	0.6862416378687339
-0.7470250712409958	0.6647958656139381
-0.7660444431189779	0.6427876096865395
-0.7844156649195754	0.6202354912682605
-0.8021231927550435	0.5971585917027865
-0.8191520442889916	0.5735764363510464
-0.8354878114129363	0.5495089780708062
-0.8511166724369995	0.5249765803345606
-0.8660254037844385	0.5000000000000003
-0.880201391180111	0.47460036974764064
-0.8936326403234122	0.44879918020046233
-0.9063077870366497	0.4226182617406999
-0.9182161068802739	0.3960797660391572
-0.9293475242268223	0.3692061473126847
-0.9396926207859082	0.3420201433256693
-0.9492426435730338	0.31454475615161415
-0.9579895123154888	0.2868032327110906
-0.9659258262890682	0.258819045102521
-0.9730448705798237	0.23061587074244075
-0.9793406217655514	0.2022175723320384
-0.984807753012208	0.1736481776669307
-0.9894416385809445	0.14493185930724697
-0.9932383577419429	0.1160929141252308
-0.9961946980917455	0.08715574274765864
-0.9983081582712682	0.058144828910476176
-0.9995769500822006	0.029084718743111644
-1.	0
-0.9995769500822006	-0.029084718743110954
-0.9983081582712682	-0.05814482891047549
-0.9961946980917455	-0.08715574274765794
-0.993238357741943	-0.11609291412522968
-0.9894416385809446	-0.1449318593072463
-0.9848077530122081	-0.17364817766693003
-0.9793406217655516	-0.2022175723320373
-0.9730448705798239	-0.23061587074243964
-0.9659258262890684	-0.25881904510252035
-0.957989512315489	-0.28680323271108993
-0.9492426435730341	-0.31454475615161304
-0.9396926207859085	-0.3420201433256682
-0.9293475242268227	-0.3692061473126841
-0.9182161068802741	-0.39607976603915657
-0.9063077870366503	-0.4226182617406989
-0.8936326403234125	-0.4487991802004617
-0.8802013911801113	-0.47460036974764
-0.8660254037844388	-0.4999999999999997
-0.8511166724370001	-0.5249765803345596
-0.8354878114129367	-0.5495089780708056
-0.819152044288992	-0.5735764363510458
-0.8021231927550442	-0.5971585917027856
-0.784415664919576	-0.6202354912682596
-0.7660444431189783	-0.6427876096865389
-0.7470250712409963	-0.6647958656139376
-0.7273736415730492	-0.686241637868733
-0.7071067811865479	-0.7071067811865471
-0.6862416378687339	-0.7273736415730484
-0.6647958656139381	-0.7470250712409957
-0.6427876096865395	-0.7660444431189779
-0.6202354912682605	-0.7844156649195754
-0.5971585917027868	-0.8021231927550433
-0.5735764363510464	-0.8191520442889916
-0.5495089780708066	-0.835487811412936
-0.5249765803345603	-0.8511166724369996
-0.5000000000000004	-0.8660254037844384
-0.4746003697476411	-0.8802013911801108
-0.4487991802004624	-0.8936326403234122
-0.42261826174069994	-0.9063077870366497
-0.3960797660391576	-0.9182161068802737
-0.36920614731268475	-0.9293475242268223
-0.3420201433256694	-0.9396926207859082
-0.3145447561516146	-0.9492426435730336
-0.28680323271109065	-0.9579895123154888
-0.2588190451025215	-0.9659258262890681
-0.2306158707424404	-0.9730448705798238
-0.20221757233203846	-0.9793406217655514
-0.1736481776669312	-0.9848077530122079
-0.14493185930724706	-0.9894416385809445
-0.11609291412523086	-0.9932383577419429
-0.08715574274765914	-0.9961946980917454
-0.05814482891047624	-0.9983081582712682
-0.029084718743112147	-0.9995769500822006
0	-1.
0.029084718743110895	-0.9995769500822006
0.05814482891047498	-0.9983081582712683
0.08715574274765789	-0.9961946980917455
0.11609291412522962	-0.993238357741943
0.1449318593072458	-0.9894416385809447
0.17364817766692997	-0.9848077530122081
0.20221757233203722	-0.9793406217655517
0.23061587074243917	-0.973044870579824
0.2588190451025203	-0.9659258262890684
0.2868032327110895	-0.9579895123154891
0.3145447561516134	-0.949242643573034
0.34202014332566816	-0.9396926207859085
0.3692061473126836	-0.9293475242268228
0.3960797660391565	-0.9182161068802741
0.42261826174069883	-0.9063077870366503
0.4487991802004613	-0.8936326403234127
0.47460036974763997	-0.8802013911801113
0.49999999999999933	-0.866025403784439
0.5249765803345592	-0.8511166724370003
0.5495089780708056	-0.8354878114129367
0.5735764363510454	-0.8191520442889924
0.5971585917027858	-0.802123192755044
0.6202354912682595	-0.7844156649195761
0.6427876096865386	-0.7660444431189787
0.6647958656139376	-0.7470250712409963
0.686241637868733	-0.7273736415730492
0.7071067811865468	-0.7071067811865483
0.7273736415730483	-0.6862416378687339
0.7470250712409954	-0.6647958656139384
0.7660444431189772	-0.6427876096865403
0.7844156649195753	-0.6202354912682606
0.8021231927550432	-0.597158591702787
0.8191520442889916	-0.5735764363510465
0.835487811412936	-0.5495089780708067
0.8511166724369992	-0.5249765803345611
0.8660254037844384	-0.5000000000000004
0.8802013911801108	-0.47460036974764114
0.8936326403234117	-0.4487991802004632
0.9063077870366497	-0.4226182617407
0.9182161068802737	-0.3960797660391577
0.9293475242268223	-0.3692061473126848
0.9396926207859081	-0.34202014332566943
0.9492426435730336	-0.3145447561516147
0.9579895123154887	-0.2868032327110907
0.9659258262890681	-0.25881904510252157
0.9730448705798236	-0.2306158707424413
0.9793406217655514	-0.20221757233203852
0.9848077530122079	-0.17364817766693127
0.9894416385809444	-0.14493185930724797
0.9932383577419429	-0.11609291412523093
0.9961946980917454	-0.0871557427476592
0.9983081582712682	-0.0581448289104763
0.9995769500822006	-0.02908471874311221
1.	0