2500
 0.000000000  0.000000000
 1.000000000  0.000000000
-0.400000000  0.300000000
 1.076000000 -0.120000000
-0.740886400  0.322800000
 0.554322279 -0.222265920
 0.347551615  0.166296684
 0.997187709  0.104265485
-0.287871172  0.299156313
 1.183138576 -0.086361352
-1.046104998  0.354941573
-0.177128362 -0.313831499
 0.642244261 -0.053138508
 0.369392724  0.192673278
 1.001641900  0.110817817
-0.293783278  0.300492570
 1.179660510 -0.088134983
-1.036373469  0.353898153
-0.149799801 -0.310912041
 0.657671987 -0.044939940
 0.349514641  0.197301596
 1.026276918  0.104854392
-0.369687646  0.307883076
 1.116546537 -0.110906294
-0.856252932  0.334963961
 0.308527244 -0.256875880
 0.609859436  0.092558173
 0.571858230  0.182957831
 0.725127262  0.171557469
 0.435424104  0.217538179
 0.952106368  0.130627231
-0.138481919  0.285631910
 1.258783772 -0.041544576
-1.259895793  0.377635132
-0.844637242 -0.377968738
-0.376745637 -0.253391173
 0.547896642 -0.113023691
 0.466709286  0.164368993
 0.859424412  0.140012786
 0.105958337  0.257827324
 1.242109287  0.031787501
-1.128182172  0.372632786
-0.409280232 -0.338454652
 0.427030917 -0.122784070
 0.621918365  0.128109275
 0.586613841  0.186575509
 0.704813391  0.175984152
 0.480517469  0.211444017
 0.888188164  0.144155241
 0.039725741  0.266456449
 1.264247061  0.011917722
-1.225731161  0.379274118
-0.724109512 -0.367719348
-0.101787768 -0.217232854
 0.768262097 -0.030536331
 0.143146361  0.230478629
 1.201791396  0.042943908
-0.979079675  0.360537419
 0.018501604 -0.293723903
 0.705796864  0.005550481
 0.308141582  0.211739059
 1.078807331  0.092442475
-0.536912886  0.323642199
 0.920056574 -0.161073866
-0.346179605  0.276016972
 1.108240526 -0.103853881
-0.823329771  0.332472158
 0.383451482 -0.246998931
 0.547152014  0.115035445
 0.695909987  0.164145604
 0.486138609  0.208772996
 0.877909950  0.145841583
 0.066825352  0.263372985
 1.257121106  0.020047605
-1.192447261  0.377136332
-0.613566325 -0.357734178
 0.115216733 -0.184069897
 0.797345249  0.034565020
 0.144501796  0.239203575
 1.209970498  0.043350539
-1.006289510  0.362991149
-0.054674860 -0.301886853
 0.693928071 -0.016402458
 0.309446908  0.208178421
 1.074118077  0.092834072
-0.522387427  0.322235423
 0.940191349 -0.156716228
-0.394259910  0.282057405
 1.064440178 -0.118277973
-0.704524021  0.319332053
 0.624436318 -0.211357206
 0.242753792  0.187330896
 1.104829731  0.072826137
-0.636082091  0.331448919
 0.765008323 -0.190824627
-0.010157455  0.229502497
 1.229358053 -0.003047236
-1.118896949  0.368807416
-0.383895120 -0.335669085
 0.458005266 -0.115168536
 0.591155110  0.137401580
 0.648151470  0.177346533
 0.589206074  0.194445441
 0.708416124  0.176761822
 0.474167055  0.212524837
 0.897756682  0.142250117
 0.013896232  0.269327005
 1.269056657  0.004168870
-1.250537850  0.380716997
-0.808665881 -0.375161355
-0.290678065 -0.242599764
 0.639109003 -0.087203420
 0.340952136  0.191732701
 1.028984999  0.102285641
-0.380048538  0.308695500
 1.106483852 -0.114014561
-0.828043683  0.331945156
 0.372026278 -0.248413105
 0.557821923  0.111607884
 0.675976467  0.167346577
 0.527624718  0.202792940
 0.813049959  0.158287416
 0.232817085  0.243914988
 1.168029675  0.069845125
-0.840165524  0.350408902
 0.362179551 -0.252049657
 0.564306704  0.108653865
 0.662834986  0.169292011
 0.554201705  0.198850496
 0.768855155  0.166260511
 0.338666963  0.230656546
 1.070083110  0.101600089
-0.501508918  0.321024933
 0.968909260 -0.150452675
-0.464751891  0.290672778
 0.988280730 -0.139425567
-0.506803888  0.296484219
 0.936893965 -0.152041166
-0.380919590  0.281068190
 1.077928562 -0.114275877
-0.740977856  0.323378569
 0.554711113 -0.222293357
 0.346920457  0.166413334
 0.997918009  0.104076137
-0.290100358  0.299375403
 1.181553898 -0.087030107
-1.041527568  0.354466170
-0.164225375 -0.312458270
 0.649783766 -0.049267613
 0.359625867  0.194935130
 1.013872060  0.107887760
-0.331223414  0.304161618
 1.150569088 -0.099367024
-0.952699940  0.345170726
 0.074478681 -0.285809982
 0.706424115  0.022343604
 0.323694563  0.211927234
 1.065237796  0.097108369
-0.491515819  0.319571339
 0.981348419 -0.147454746
-0.495717352  0.294404526
 0.950374556 -0.148715205
-0.413211720  0.285112367
 1.046070871 -0.123963516
-0.655933489  0.313821261
 0.711473022 -0.196780047
 0.094548547  0.213441907
 1.200926708  0.028364564
-0.990750376  0.360278012
-0.013942818 -0.297225113
 0.702502724 -0.004182845
 0.304903046  0.210750817
 1.080598603  0.091470914
-0.543299762  0.324179581
 0.910935096 -0.162989929
-0.324713778  0.273280529
 1.125665876 -0.097414133
-0.871387264  0.337699763
 0.274657694 -0.261416179
 0.632972232  0.082397308
 0.521481923  0.189891670
 0.809170916  0.156444577
 0.239783977  0.242751275
 1.162256377  0.071935193
-0.819240646  0.348676913
 0.409059582 -0.245772194
 0.519966168  0.122717875
 0.744207133  0.155989850
 0.380607891  0.223262140
 1.020454827  0.114182367
-0.343676908  0.306136448
 1.140777105 -0.103103072
-0.925024435  0.342233131
 0.144294843 -0.277507331
 0.693343267  0.043288453
 0.370273613  0.208002980
 1.016059413  0.111082084
-0.334245338  0.304817824
 1.148409899 -0.100273602
-0.946657016  0.344522970
 0.089899661 -0.283997105
 0.704688167  0.026969898
 0.331750321  0.211406450
 1.057324864  0.099525096
-0.465585119  0.317197459
 1.013720155 -0.139675536
-0.578355510  0.304116047
 0.835822912 -0.173506653
-0.151546570  0.250746874
 1.218593966 -0.045463971
-1.124423725  0.365578190
-0.404482010 -0.337327118
 0.433624908 -0.121344603
 0.615412612  0.130087472
 0.599861716  0.184623784
 0.680856074  0.179958515
 0.530967524  0.204256822
 0.809559706  0.159290257
 0.241748572  0.242867912
 1.161048591  0.072524572
-0.814722790  0.348314577
 0.419032063 -0.244416837
 0.509760145  0.125709619
 0.761912051  0.152928044
 0.340214080  0.228573615
 1.066529747  0.102064224
-0.490415758  0.319958924
 0.983248263 -0.147124727
-0.500612732  0.294974479
 0.944116129 -0.150183820
-0.398081190  0.283234839
 1.061378752 -0.119424357
-0.696559153  0.318413625
 0.639141111 -0.208967746
 0.219130351  0.191742333
 1.124516978  0.065739105
-0.704614703  0.337355094
 0.642280461 -0.211384411
 0.211081722  0.192684138
 1.130306448  0.063324517
-0.725305215  0.339091934
 0.602597217 -0.217591565
 0.274035667  0.180779165
 1.075645399  0.082210700
-0.537607535  0.322693620
 0.918063014 -0.161282260
-0.341257837  0.275418904
 1.112379228 -0.102377351
-0.834719917  0.333713768
 0.358253492 -0.250415975
 0.569900235  0.107476048
 0.652775259  0.170970070
 0.574408316  0.195832578
 0.733909698  0.172322495
 0.418249671  0.220172910
 0.975267007  0.125474901
-0.206129128  0.292580102
 1.233095198 -0.061838738
-1.190572012  0.369928559
-0.614517842 -0.357171604
 0.114143347 -0.184355353
 0.797404462  0.034243004
 0.144047577  0.239221339
 1.210171753  0.043214273
-1.007107666  0.363051526
-0.056920665 -0.302132300
 0.693331753 -0.017076199
 0.309931312  0.207999526
 1.073519140  0.092979394
-0.520441289  0.322055742
 0.942852953 -0.156132387
-0.400692753  0.282855886
 1.058079330 -0.120207826
-0.687552443  0.317423799
 0.655604092 -0.206265733
 0.191990851  0.196681228
 1.145076546  0.057597255
-0.778083160  0.343522964
 0.495944198 -0.233424948
 0.422230145  0.148783259
 0.899193646  0.126669044
-0.005299854  0.269758094
 1.269718770 -0.001589956
-1.258650013  0.380915631
-0.836964166 -0.377595004
-0.358307626 -0.251089250
 0.569172654 -0.107492288
 0.438967199  0.170751796
 0.900982714  0.131690160
-0.004787632  0.270294814
 1.270262724 -0.001436290
-1.260430634  0.381078817
-0.843080718 -0.378129190
-0.373228326 -0.252924215
 0.552056647 -0.111968498
 0.461358343  0.165616994
 0.867624865  0.138407503
 0.084525434  0.260287460
 1.250285091  0.025357630
-1.163140302  0.375085527
-0.518967979 -0.348942091
 0.273999041 -0.155690394
 0.739203942  0.082199712
 0.317208258  0.221761183
 1.080891672  0.095162477
-0.540495053  0.324267502
 0.915278638 -0.162148516
-0.334977495  0.274583591
 1.117489700 -0.100493248
-0.848789771  0.335246910
 0.326625204 -0.254636931
 0.596005435  0.097987561
 0.600676090  0.178801631
 0.673665159  0.180202827
 0.544848182  0.202099548
 0.786496189  0.163454455
 0.297447697  0.235948857
 1.112083672  0.089234309
-0.642187821  0.333625102
 0.756257825 -0.192656346
 0.006647397  0.226877347
 1.226815484  0.001994219
-1.105112507  0.368044645
-0.341738469 -0.331533752
 0.504966995 -0.102521541
 0.540490127  0.151490098
 0.742508689  0.162147038
 0.390300223  0.222752607
 1.009484637  0.117090067
-0.309592859  0.302845391
 1.168658557 -0.092877858
-1.004945811  0.350597567
-0.063284949 -0.301483743
 0.692909278 -0.018985485
 0.308841941  0.207872783
 1.074336101  0.092652582
-0.523224700  0.322300830
 0.939031109 -0.156967410
-0.391458602  0.281709333
 1.067173560 -0.117437581
-0.711840752  0.320152068
 0.610747910 -0.213552226
 0.264229562  0.183224373
 1.085480207  0.079268868
-0.570305324  0.325644062
 0.870296635 -0.171091597
-0.231474324  0.261088991
 1.186076483 -0.069442297
-1.038930690  0.355822945
-0.155304826 -0.311679207
 0.654553368 -0.046591448
 0.353592396  0.196366010
 1.021327395  0.106077719
-0.354275789  0.306398219
 1.130682350 -0.106282737
-0.896102344  0.339204705
 0.215005531 -0.268830703
 0.666450967  0.064501659
 0.442682010  0.199935290
 0.925580983  0.132804603
-0.066575615  0.277674295
 1.271469057 -0.019972685
-1.283259674  0.381440717
-0.924016829 -0.384977902
-0.580307843 -0.277205049
 0.251334881 -0.174092353
 0.737470736  0.075400464
 0.313992144  0.221241221
 1.083213728  0.094197643
-0.548495128  0.324964118
 0.903778450 -0.164548539
-0.308090220  0.271133535
 1.138246118 -0.092427066
-0.906272981  0.341473835
 0.191610834 -0.271881894
 0.676717510  0.057483250
 0.416358027  0.203015253
 0.960319643  0.124907408
-0.166191935  0.288095893
 1.249428230 -0.049857581
-1.235356843  0.374828469
-0.761720671 -0.370607053
-0.182912785 -0.228516201
 0.724643877 -0.054873836
 0.209973917  0.217393163
 1.155668499  0.062992175
-0.806805377  0.346700550
 0.435391668 -0.242041613
 0.492566121  0.130617500
 0.790947564  0.147769836
 0.271932569  0.237284269
 1.133758019  0.081579771
-0.717990372  0.340127406
 0.618413162 -0.215397112
 0.249194114  0.185523949
 1.098587159  0.074758234
-0.614893012  0.329576148
 0.800245366 -0.184467903
-0.081017607  0.240073610
 1.230884216 -0.024305282
-1.145411617  0.369265265
-0.467489615 -0.343623485
 0.350411358 -0.140246885
 0.687849747  0.105123408
 0.442731223  0.206354924
 0.931939614  0.132819367
-0.083096656  0.279581884
 1.269914808 -0.024928997
-1.282686066  0.380974443
-0.922422518 -0.384805820
-0.576014441 -0.276726755
 0.258763554 -0.172804332
 0.733453660  0.077629066
 0.324493086  0.220036098
 1.072622030  0.097347926
-0.513377300  0.321786609
 0.952807856 -0.154013190
-0.424993125  0.285842357
 1.032975539 -0.127497937
-0.621351786  0.309892662
 0.769383403 -0.186405536
-0.015136685  0.230815021
 1.230494254 -0.004541005
-1.124303558  0.369148276
-0.400533611 -0.337291067
 0.438110889 -0.120160083
 0.611122305  0.131433267
 0.608574607  0.183336691
 0.664828418  0.182572382
 0.563776827  0.199448525
 0.754466491  0.169133048
 0.372225487  0.226339947
 1.032367409  0.111667646
-0.380427808  0.309710223
 1.107094779 -0.114128342
-0.830050732  0.332128434
 0.367550529 -0.249015220
 0.561854032  0.110265159
 0.668313223  0.168556210
 0.543256619  0.200493967
 0.787315111  0.162976986
 0.295165869  0.236194533
 1.114222487  0.088549761
-0.649538690  0.334266746
 0.743606032 -0.194861607
 0.031008490  0.223081810
 1.221735673  0.009302547
-1.080390728  0.366520702
-0.267621074 -0.324117218
 0.575613327 -0.080286322
 0.455850695  0.172683998
 0.881764199  0.136755209
 0.048243865  0.264529260
 1.261270801  0.014473160
-1.212652487  0.378381240
-0.680355236 -0.363795746
-0.011832291 -0.204106571
 0.795697425 -0.003549687
 0.110062164  0.238709227
 1.221750076  0.033018649
-1.056723897  0.366525023
-0.196806530 -0.317017169
 0.628756896 -0.059041959
 0.387488712  0.188627069
 0.978420566  0.116246614
-0.223982912  0.293526170
 1.223290487 -0.067194874
-1.162210336  0.366987146
-0.524038864 -0.348663101
 0.266873476 -0.157211659
 0.743078308  0.080062043
 0.307030523  0.222923492
 1.090948653  0.092109157
-0.574127393  0.327284596
 0.865813427 -0.172238218
-0.221724264  0.259744028
 1.190917719 -0.066517279
-1.052116298  0.357275316
-0.192452871 -0.315634889
 0.632511760 -0.057735861
 0.382164561  0.189753528
 0.985283876  0.114649368
-0.244448673  0.295585163
 1.211927947 -0.073334602
-1.129611691  0.363578384
-0.422853217 -0.338883507
 0.410789712 -0.126855965
 0.636896573  0.123236914
 0.555344772  0.191068972
 0.759298030  0.166603432
 0.359456534  0.227789409
 1.046896809  0.107836960
-0.426553141  0.314069043
 1.059342428 -0.127965942
-0.699054873  0.317802728
 0.633653927 -0.209716462
 0.228159319  0.190096178
 1.117216833  0.068447796
-0.678995038  0.335165050
 0.689717084 -0.203698511
 0.130307970  0.206915125
 1.183142891  0.039092391
-0.920665550  0.354942867
 0.168267789 -0.276199665
 0.684160666  0.050480337
 0.395174192  0.205248200
 0.986620501  0.118552258
-0.244235759  0.295986150
 1.212474602 -0.073270728
-1.131403251  0.363742380
-0.428360262 -0.339420975
 0.403689505 -0.128508079
 0.643340618  0.121106852
 0.541664840  0.193002185
 0.782241067  0.162499452
 0.305837930  0.234672320
 1.103720745  0.091751379
-0.613727897  0.331116223
 0.803789520 -0.184118369
-0.088626998  0.241136856
 1.230140213 -0.026588099
-1.145131021  0.369042064
-0.466813015 -0.343539306
 0.351380547 -0.140043904
 0.687100492  0.105414164
 0.444464244  0.206130147
 0.929562297  0.133339273
-0.076381216  0.278868689
 1.270700963 -0.022914365
-1.283467677  0.381210289
-0.924994699 -0.385040303
-0.582901572 -0.277498410
 0.246817650 -0.174870472
 0.739842995  0.074045295
 0.307730575  0.221952898
 1.089375549  0.092319172
-0.569115549  0.326812665
 0.873363153 -0.170734665
-0.238603142  0.262008946
 1.182304903 -0.071580943
-1.028563780  0.354691471
-0.126429358 -0.308569134
 0.669052730 -0.037928808
 0.335387014  0.200715819
 1.043237590  0.100616104
-0.423066432  0.312971277
 1.062391988 -0.126919930
-0.707067361  0.318717596
 0.618795642 -0.212120208
 0.251808526  0.185638693
 1.096868145  0.075542558
-0.608825062  0.329060444
 0.810125305 -0.182647519
-0.101471733  0.243037592
 1.228622474 -0.030441520
-1.143759977  0.368586742
-0.462874896 -0.343127993
 0.356917569 -0.138862469
 0.682791319  0.107075271
 0.454389691  0.204837396
 0.915779408  0.136316907
-0.037795787  0.274733822
 1.272733892 -0.011338736
-1.279130921  0.381820168
-0.908826111 -0.383739276
-0.540090136 -0.272647833
 0.318975870 -0.162027041
 0.695529112  0.095692761
 0.418427718  0.208658733
 0.963544277  0.125528315
-0.174256287  0.289063283
 1.246551928 -0.052276886
-1.227725279  0.373965578
-0.736267527 -0.368317584
-0.127243404 -0.220880258
 0.756452504 -0.038173021
 0.160718431  0.226935751
 1.190773172  0.048215529
-0.936901516  0.357231951
 0.128333722 -0.281070455
 0.695872184  0.038500116
 0.360566782  0.208761655
 1.026749889  0.108170035
-0.367731433  0.308024967
 1.118707997 -0.110319430
-0.862430045  0.335612399
 0.294312584 -0.258729013
 0.620003130  0.088293775
 0.550128341  0.186000939
 0.762303271  0.165038502
 0.351489715  0.228690981
 1.055727953  0.105446915
-0.454939201  0.316718386
 1.026960838 -0.136481760
-0.612989749  0.308088251
 0.782029246 -0.183896925
-0.040094563  0.234608774
 1.232358170 -0.012028369
-1.138217692  0.369707451
-0.444047870 -0.341465308
 0.382484777 -0.133214361
 0.661973192  0.114745433
 0.501253523  0.198591958
 0.846834826  0.150376057
 0.146395144  0.254050448
 1.224046294  0.043918543
-1.053686519  0.367213888
-0.187143505 -0.316105956
 0.634862276 -0.056143052
 0.379586795  0.190458683
 0.988738094  0.113876038
-0.254768187  0.296621428
 1.205751867 -0.076430456
-1.111803047  0.361725560
-0.368822862 -0.333540914
 0.476016660 -0.110646859
 0.572124536  0.142804998
 0.684547920  0.171637361
 0.515589165  0.205364376
 0.833199314  0.154676749
 0.182767213  0.249959794
 1.203194399  0.054830164
-0.971917301  0.360958320
 0.038485783 -0.291575190
 0.706351192  0.011545735
 0.313040926  0.211905358
 1.074712888  0.093912278
-0.523098629  0.322413866
 0.939328820 -0.156929589
-0.392203673  0.281798646
 1.066445436 -0.117661102
-0.709889318  0.319933631
 0.614413650 -0.212966795
 0.258527419  0.184324095
 1.090753098  0.077558226
-0.588081024  0.327225929
 0.843050922 -0.176424307
-0.171453107  0.252915277
 1.211760641 -0.051435932
-1.107145325  0.363528192
-0.352550887 -0.332143598
 0.493847424 -0.105765266
 0.552795345  0.148154227
 0.720338457  0.165838603
 0.439396114  0.216101537
 0.945805014  0.131818834
-0.120547139  0.283741504
 1.263397246 -0.036164142
-1.270805784  0.379019174
-0.881907105 -0.381241735
-0.470105933 -0.264572131
 0.426028445 -0.141031780
 0.604867889  0.127808534
 0.615597305  0.181460367
 0.650916309  0.184679191
 0.591510334  0.195274893
 0.705436628  0.177453100
 0.480755929  0.211630988
 0.888054220  0.144226779
 0.040130363  0.266416266
 1.264161641  0.012039109
-1.225307409  0.379248492
-0.722681053 -0.367592223
-0.098767290 -0.216804316
 0.769538715 -0.029630187
 0.141304045  0.230861615
 1.202908048  0.042391213
-0.983391669  0.360872415
 0.006989571 -0.295017501
 0.704914104  0.002096871
 0.306431420  0.211474231
 1.080013930  0.091929426
-0.541072697  0.324004179
 0.914140650 -0.162321809
-0.332236188  0.274242195
 1.119708957 -0.099670856
-0.854918263  0.335912687
 0.312673355 -0.256475479
 0.606654043  0.093802007
 0.578561227  0.181996213
 0.713369882  0.173568368
 0.461113144  0.214010965
 0.916335500  0.138333943
-0.037205106  0.274900650
 1.272962742 -0.011161532
-1.279769332  0.381888823
-0.911044538 -0.383930800
-0.545933811 -0.273313362
 0.309425422 -0.163780143
 0.702178128  0.092827627
 0.402551853  0.210653438
 0.983786246  0.120765556
-0.234203974  0.295135874
 1.218343772 -0.070261192
-1.148367358  0.365503132
-0.480743492 -0.344510207
 0.331929766 -0.144223047
 0.701528635  0.099578930
 0.410579534  0.210458590
 0.974452815  0.123173860
-0.206207745  0.292335845
 1.232805557 -0.061862324
-1.189595681  0.369841667
-0.611351370 -0.356878704
 0.119870599 -0.183405411
 0.796478044  0.035961180
 0.147832995  0.238943413
 1.208346981  0.044349898
-0.999793500  0.362504094
-0.036917764 -0.299938050
 0.698153860 -0.011075329
 0.306538333  0.209446158
 1.077894109  0.091961500
-0.534636493  0.323368233
 0.923197581 -0.160390948
-0.353602231  0.276959274
 1.101910922 -0.106080669
-0.805971421  0.330573277
 0.421147373 -0.241791426
 0.509897420  0.126344212
 0.762350682  0.152969226
 0.339319238  0.228705205
 1.067512641  0.101795771
-0.493620763  0.320253792
 0.979127752 -0.148086229
-0.490253845  0.293738326
 0.957249959 -0.147076154
-0.429934632  0.287174988
 1.028393685 -0.128980390
-0.609611388  0.308518105
 0.788241643 -0.182883417
-0.052738258  0.236472493
 1.232578639 -0.015821478
-1.142771620  0.369773592
-0.458524175 -0.342831486
 0.362826327 -0.137557253
 0.678142627  0.108847898
 0.465019507  0.203442788
 0.900702389  0.139505852
 0.003735141  0.270210717
 1.270191185  0.001120542
-1.257619363  0.381057355
-0.833191691 -0.377285809
-0.349177559 -0.249957507
 0.579347538 -0.104753268
 0.425345735  0.173804261
 0.920517669  0.127603721
-0.058690171  0.276155301
 1.271332950 -0.017607051
-1.280409510  0.381399885
-0.913828032 -0.384122853
-0.553237193 -0.274148410
 0.297351641 -0.165971158
 0.710243644  0.089205492
 0.382981045  0.213073093
 1.007728820  0.114894314
-0.306830011  0.302318646
 1.170516128 -0.092049003
-1.010200212  0.351154838
-0.077551418 -0.303060064
 0.688520025 -0.023265425
 0.313050820  0.206556007
 1.069354865  0.093915246
-0.507012513  0.320806460
 0.960920096 -0.152103754
-0.444818157  0.288276029
 1.011267559 -0.133445447
-0.565172353  0.303380268
 0.856192564 -0.169551706
-0.195843694  0.256857769
 1.203161115 -0.058753108
-1.085388446  0.360948335
-0.288346975 -0.325616534
 0.557981897 -0.086504093
 0.477614591  0.167394569
 0.848032592  0.143284377
 0.136461388  0.254409778
 1.228339383  0.040938417
-1.071406279  0.368501815
-0.238574166 -0.321421884
 0.598893430 -0.071572250
 0.426285073  0.179668029
 0.925261480  0.127885522
-0.070666807  0.277578444
 1.270587127 -0.021200042
-1.281348350  0.381176138
-0.917418892 -0.384404505
-0.562724897 -0.275225668
 0.281451299 -0.168817469
 0.720281764  0.084435390
 0.358107242  0.216084529
 1.036547414  0.107432173
-0.396770584  0.310964224
 1.090566569 -0.119031175
-0.784100793  0.327169971
 0.466430295 -0.235230238
 0.460189653  0.139929089
 0.843444765  0.138056896
 0.142098196  0.253033429
 1.224764773  0.042629459
-1.057438791  0.367429432
-0.198018082 -0.317231637
 0.627872738 -0.059405425
 0.388680731  0.188361821
 0.976860026  0.116604219
-0.219353497  0.293058008
 1.225695669 -0.065806049
-1.169067871  0.367708701
-0.545698861 -0.350720361
 0.232377493 -0.163709658
 0.760691323  0.069713248
 0.259601444  0.228207397
 1.133857323  0.077880433
-0.722004967  0.340157197
 0.610349556 -0.216601490
 0.261861297  0.183104867
 1.087104992  0.078558389
-0.575957781  0.326131498
 0.861713186 -0.172787334
-0.212356795  0.258513956
 1.195380384 -0.063707038
-1.064215006  0.358614115
-0.226960897 -0.319264502
 0.608619750 -0.068088269
 0.413326531  0.182585925
 0.943411576  0.123997959
-0.122037602  0.283023473
 1.262173026 -0.036611281
-1.266924327  0.378651908
-0.868484241 -0.380077298
-0.436048126 -0.260545272
 0.473261573 -0.130814438
 0.555618440  0.141978472
 0.709781881  0.166685532
 0.461379086  0.212934564
 0.914915639  0.138413726
-0.033485151  0.274474692
 1.272904934 -0.010045545
-1.278447305  0.381871480
-0.906327038 -0.383534192
-0.533534371 -0.271898111
 0.329579394 -0.160060311
 0.687868081  0.098873818
 0.436446323  0.206360424
 0.939680875  0.130933897
-0.105266308  0.281904262
 1.266390869 -0.031579892
-1.276824057  0.379917261
-0.902474282 -0.383047217
-0.523290980 -0.270742285
 0.345890886 -0.156987294
 0.675515999  0.103767266
 0.464916655  0.202654800
 0.900048305  0.139474997
 0.005353266  0.270014491
 1.269974371  0.001605980
-1.256362884  0.380992311
-0.828834465 -0.376908865
-0.338662063 -0.248650339
 0.590780870 -0.101598619
 0.409770530  0.177234261
 0.942157619  0.122931159
-0.119794213  0.282647286
 1.262556371 -0.035938264
-1.267606290  0.378766911
-0.870789078 -0.380281887
-0.441864952 -0.261236723
 0.465420787 -0.132559486
 0.564177402  0.139626236
 0.694011639  0.169253221
 0.494940204  0.208203492
 0.865251364  0.148482061
 0.100358168  0.259575409
 1.245474943  0.030107450
-1.141583516  0.373642483
-0.450855609 -0.342475055
 0.372945853 -0.135256683
 0.670019265  0.111883756
 0.483387615  0.201005779
 0.873876759  0.145016284
 0.075891459  0.262163028
 1.254099709  0.022767438
-1.179105074  0.376229913
-0.570174372 -0.353731522
 0.191130137 -0.171052312
 0.777804667  0.057339041
 0.210366900  0.233341400
 1.171385474  0.063110070
-0.857891431  0.351415642
 0.321046851 -0.257367429
 0.598333058  0.096314055
 0.595110628  0.179499917
 0.683680594  0.178533188
 0.524146371  0.205104178
 0.820482992  0.157243911
 0.214774635  0.246144898
 1.181565496  0.064432390
-0.890103441  0.354469649
 0.245271859 -0.267031032
 0.648747369  0.073581558
 0.484359150  0.194624211
 0.866178910  0.145307745
 0.094935480  0.259853673
 1.247235830  0.028480644
-1.149355457  0.374170749
-0.475254403 -0.344806637
 0.338979917 -0.142576321
 0.696553342  0.101693975
 0.422432794  0.208966002
 0.959136751  0.126729838
-0.161190791  0.287741025
 1.251365566 -0.048357237
-1.240639328  0.375409670
-0.779450650 -0.372191798
-0.222752440 -0.233835195
 0.696698696 -0.066825732
 0.253629566  0.209009609
 1.118950470  0.076088870
-0.676781345  0.335685141
 0.694438956 -0.203034404
 0.121821947  0.208331687
 1.187554865  0.036546584
-0.937854598  0.356266460
 0.124866714 -0.281356379
 0.696815246  0.037460014
 0.357687933  0.209044574
 1.029927654  0.107306380
-0.377744980  0.308978296
 1.109210518 -0.113323494
-0.835810656  0.332763155
 0.354751922 -0.250743197
 0.573068306  0.106425577
 0.646655379  0.171920492
 0.586492040  0.193996614
 0.712434535  0.175947612
 0.465359459  0.213730360
 0.910547164  0.139607838
-0.021126754  0.273164149
 1.272539273 -0.006338026
-1.273436710  0.381761782
-0.888535693 -0.382031013
-0.487324963 -0.266560708
 0.400959425 -0.146197489
 0.628726666  0.120287828
 0.566871718  0.188618000
 0.738737037  0.170061515
 0.406036141  0.221621111
 0.990809624  0.121810842
-0.252574354  0.297242887
 1.207931561 -0.075772306
-1.118510425  0.362379468
-0.389112332 -0.335553128
 0.452475103 -0.116733700
 0.596639094  0.135742531
 0.637373038  0.178991728
 0.610249582  0.191211912
 0.669845538  0.183074875
 0.554904612  0.200953661
 0.769866882  0.166471384
 0.336698362  0.230960065
 1.072247963  0.101009509
-0.508592463  0.321674389
 0.959541578 -0.152577739
-0.441585795  0.287862473
 1.014865253 -0.132475739
-0.574407813  0.304459576
 0.842537506 -0.172322344
-0.166139572  0.252761252
 1.214117951 -0.049841872
-1.113557231  0.364235385
-0.371778204 -0.334067169
 0.472426184 -0.111533461
 0.576005439  0.141727855
 0.677232683  0.172801632
 0.530699883  0.203169805
 0.808870493  0.159209965
 0.243229902  0.242661148
 1.159836049  0.072968970
-0.810338553  0.347950815
 0.428642815 -0.243101566
 0.499669906  0.128592845
 0.779054824  0.149900972
 0.300203986  0.233716447
 1.107545041  0.090061196
-0.627257229  0.332263512
 0.781431229 -0.188177169
-0.043065841  0.234429369
 1.231832835 -0.012919752
-1.137296741  0.369549851
-0.441271576 -0.341189022
 0.386202133 -0.132381473
 0.658805605  0.115860640
 0.508225885  0.197641682
 0.836030712  0.152467765
 0.173941474  0.250809214
 1.208451323  0.052182442
-0.992313998  0.362535397
-0.016026501 -0.297694199
 0.701946212 -0.004807950
 0.305372170  0.210583864
 1.080030836  0.091611651
-0.541441599  0.324009251
 0.913586643 -0.162432480
-0.330929257  0.274075993
 1.120756151 -0.099278777
-0.857810867  0.336226845
 0.306051569 -0.257343260
 0.611522152  0.091815471
 0.568272392  0.183456646
 0.731349730  0.170481717
 0.421660319  0.219404919
 0.970488525  0.126498096
-0.192089072  0.291146557
 1.239489061 -0.057626721
-1.208493108  0.371846718
-0.672791111 -0.362547932
 0.003745037 -0.201837333
 0.798143031  0.001123511
 0.109278293  0.239442909
 1.222724466  0.032783488
-1.060293679  0.366817340
-0.207094420 -0.318088104
 0.621868558 -0.062128326
 0.396462970  0.186560567
 0.966504527  0.118938891
-0.188844509  0.289951358
 1.240024210 -0.056653353
-1.209377410  0.372007263
-0.675623946 -0.362813223
-0.001868025 -0.202687184
 0.797307931 -0.000560408
 0.109459681  0.239192379
 1.222418389  0.032837904
-1.059191500  0.366725517
-0.203915771 -0.317757450
 0.624028252 -0.061174731
 0.393649506  0.187208475
 0.970264568  0.118094852
-0.199883813  0.291079370
 1.235144416 -0.059965144
-1.195779565  0.370543325
-0.631300950 -0.358733869
 0.083308886 -0.189390285
 0.800893196  0.024992666
 0.126990789  0.240267959
 1.217690634  0.038097237
-1.037781437  0.365307190
-0.142479244 -0.311334431
 0.660245100 -0.042743773
 0.346963198  0.198073530
 1.029536685  0.104088959
-0.379835141  0.308861006
 1.106876377 -0.113950542
-0.829195982  0.332062913
 0.369470546 -0.248758795
 0.560129328  0.110841164
 0.671598355  0.168038798
 0.536576708  0.201479506
 0.798399117  0.160973012
 0.268555403  0.239519735
 1.138548929  0.080566621
-0.734244509  0.341564679
 0.586803681 -0.220273353
 0.297652664  0.176041104
 1.052005153  0.089295799
-0.460104979  0.315601546
 1.019226317 -0.138031494
-0.592382694  0.305767895
 0.814483737 -0.177714808
-0.106452068  0.244345121
 1.228480261 -0.031935620
-1.144764873  0.368544078
-0.466137181 -0.343429462
 0.352373117 -0.139841154
 0.686325306  0.105711935
 0.446252539  0.205897592
 0.927099732  0.133875762
-0.069443715  0.278129919
 1.271378518 -0.020833115
-1.283797785  0.381413555
-0.925977899 -0.385139336
-0.585548433 -0.277793370
 0.242192877 -0.175664530
 0.742215125  0.072657863
 0.301421255  0.222664537
 1.095467855  0.090426376
-0.589643375  0.328640357
 0.841889323 -0.176893012
-0.169181698  0.252566797
 1.212495371 -0.050754509
-1.108957545  0.363748611
-0.357952959 -0.332687263
 0.487930288 -0.107385888
 0.559307760  0.146379086
 0.708423847  0.167792328
 0.465182242  0.212527154
 0.909574829  0.139554673
-0.018702244  0.272872449
 1.272382765 -0.005610673
-1.272151735  0.381714830
-0.884003220 -0.381645520
-0.475691892 -0.265200966
 0.418003148 -0.142707567
 0.612675148  0.125400944
 0.599881772  0.183802544
 0.680001148  0.179964532
 0.532602346  0.204000344
 0.806868982  0.159780704
 0.248328128  0.242060695
 1.155727091  0.074498439
-0.795488715  0.346718127
 0.460794913 -0.238646615
 0.464088653  0.138238474
 0.836708885  0.139226596
 0.159112134  0.251012665
 1.215569326  0.047733640
-1.020918659  0.364670798
-0.094514075 -0.306275598
 0.681218328 -0.028354222
 0.321964004  0.204365498
 1.059240351  0.096589201
-0.474196968  0.317772105
 1.002964235 -0.142259090
-0.550571249  0.300889270
 0.876509091 -0.165171375
-0.240746835  0.262952727
 1.181810073 -0.072224050
-1.027569120  0.354543022
-0.123714592 -0.308270736
 0.670301844 -0.037114378
 0.333859236  0.201090553
 1.045043768  0.100157771
-0.428805296  0.313513130
 1.056089556 -0.128641589
-0.690096799  0.316826867
 0.650099838 -0.207029040
 0.201289241  0.195029951
 1.138305649  0.060386772
-0.753648880  0.341491695
 0.546310407 -0.226094664
 0.356068251  0.163893122
 0.986394683  0.106820475
-0.255343782  0.295918405
 1.204637779 -0.076603135
-1.108216184  0.361391334
-0.358009021 -0.332464855
 0.488096503 -0.107402706
 0.559063820  0.146428951
 0.708855654  0.167719146
 0.464252272  0.212656696
 0.910914456  0.139275681
-0.022395523  0.273274337
 1.272572154 -0.006718657
-1.273934497  0.381771646
-0.890301098 -0.382180349
-0.491870813 -0.267090330
 0.394198015 -0.147561244
 0.634889851  0.118259404
 0.553940232  0.190466955
 0.760877263  0.166182070
 0.355674178  0.228263179
 1.051157410  0.106702253
-0.440202407  0.315347223
 1.044057800 -0.132060722
-0.658140087  0.313217340
 0.706809616 -0.197442026
 0.103146206  0.212042885
 1.197148089  0.030943862
-0.975485104  0.359144427
 0.026944763 -0.292645531
 0.706338040  0.008083429
 0.309604631  0.211901412
 1.077704374  0.092881389
-0.533144015  0.323311312
 0.925371755 -0.159943205
-0.358781243  0.277611526
 1.097397954 -0.107634373
-0.793629550  0.329219386
 0.447432379 -0.238088865
 0.481637108  0.134229714
 0.809465688  0.144491132
 0.227162553  0.242839706
 1.170595751  0.068148766
-0.850263411  0.351178725
 0.339051710 -0.255079023
 0.583982490  0.101715513
 0.624265745  0.175194747
 0.629603938  0.187279724
 0.632318158  0.188881181
 0.629124428  0.189695447
 0.635578883  0.188737328
 0.623192605  0.190673665
 0.646957033  0.186957781
 0.600983018  0.194087110
 0.688434287  0.180294905
 0.516776430  0.206530286
 0.832649256  0.155032929
 0.184406231  0.249794777
 1.202186856  0.055321869
-0.968032661  0.360656057
 0.048733932 -0.290409798
 0.706265207  0.014620180
 0.316285419  0.211879562
 1.071828509  0.094885626
-0.513457268  0.321548553
 0.952454840 -0.154037180
-0.424075491  0.285736452
 1.033960421 -0.127222647
-0.623926460  0.310188126
 0.765190207 -0.187177938
-0.006900413  0.229557062
 1.229490400 -0.002070124
-1.118375426  0.368847120
-0.382221910 -0.335512628
 0.459956348 -0.114666573
 0.589149648  0.137986905
 0.652050675  0.176744894
 0.581506779  0.195615202
 0.722205014  0.174452034
 0.444239918  0.216661504
 0.940372758  0.133271975
-0.104749318  0.282111827
 1.266750440 -0.031424795
-1.277944143  0.380025132
-0.906372595 -0.383383243
-0.533499036 -0.271911778
 0.329618511 -0.160049711
 0.687842581  0.098885553
 0.436507171  0.206352774
 0.939598860  0.130952151
-0.105032275  0.281879658
 1.266435168 -0.031509682
-1.276910931  0.379930550
-0.902771584 -0.383073279
-0.524068426 -0.270831475
 0.344661723 -0.157220528
 0.676471088  0.103398517
 0.462740132  0.202941326
 0.903161525  0.138822039
-0.003158997  0.270948458
 1.270934487 -0.000947699
-1.262331956  0.381280346
-0.849594408 -0.378699587
-0.389234507 -0.254878322
 0.533016775 -0.116770352
 0.485480012  0.159905033
 0.829937853  0.145644004
 0.181328427  0.248981356
 1.202949358  0.054398528
-0.971523494  0.360884807
 0.039483748 -0.291457048
 0.706360399  0.011845124
 0.313322106  0.211908120
 1.074469081  0.093996632
-0.522280695  0.322340724
 0.940452750 -0.156684209
-0.394916133  0.282135825
 1.063793572 -0.118474840
-0.702794310  0.319138072
 0.627650293 -0.210838293
 0.237638861  0.188295088
 1.109233969  0.071291658
-0.651268338  0.332770191
 0.738959564 -0.195380501
 0.040133767  0.221687869
 1.219432862  0.012040130
-1.069782977  0.365829859
-0.236380008 -0.320934893
 0.600839396 -0.070914002
 0.423674827  0.180251819
 0.928951316  0.127102448
-0.081028319  0.278685395
 1.269493571 -0.024308496
-1.280567993  0.380848071
-0.914948068 -0.384170398
-0.556152352 -0.274484420
 0.292487966 -0.166845706
 0.713385400  0.087746390
 0.375260168  0.214015620
 1.016867349  0.112578051
-0.335048836  0.305060205
 1.147899393 -0.100514651
-0.945256875  0.344369818
 0.093455036 -0.283577062
 0.704195556  0.028036511
 0.333788576  0.211258667
 1.055277928  0.100136573
-0.458919534  0.316583378
 1.021733384 -0.137675860
-0.599190611  0.306520015
 0.803878872 -0.179757183
-0.084466920  0.241163662
 1.231175137 -0.025340076
-1.147449180  0.369352541
-0.473942929 -0.344234754
 0.341294586 -0.142182879
 0.694742329  0.102388376
 0.426654711  0.208422699
 0.953574759  0.127996413
-0.145030337  0.286072428
 1.256625110 -0.043509101
-1.254258434  0.376987533
-0.825442374 -0.376277530
-0.330174689 -0.247632712
 0.599745832 -0.099052407
 0.397374504  0.179923750
 0.958854654  0.119212351
-0.167950796  0.287656396
 1.248165939 -0.050385239
-1.231470733  0.374449782
-0.748678451 -0.369441220
-0.154168412 -0.224603535
 0.742121406 -0.046250524
 0.182707623  0.222636422
 1.175901516  0.054812287
-0.881029839  0.352770455
 0.266071447 -0.264308952
 0.636579427  0.079821434
 0.512494720  0.190973828
 0.823262655  0.153748416
 0.204882457  0.246978797
 1.188211247  0.061464737
-0.915119617  0.356463374
 0.184041896 -0.274535885
 0.678044128  0.055212569
 0.411571194  0.203413238
 0.966266052  0.123471358
-0.183666757  0.289879815
 1.242652947 -0.055100027
-1.216960911  0.372795884
-0.700595519 -0.365088273
-0.052255988 -0.210178656
 0.785998381 -0.015676796
 0.119412368  0.235799514
 1.215836475  0.035823710
-1.033737958  0.364750943
-0.131308889 -0.310121387
 0.665739778 -0.039392667
 0.340114100  0.199721934
 1.037773293  0.102034230
-0.405728540  0.311331988
 1.080870081 -0.121718562
-0.757310746  0.324261024
 0.521333632 -0.227193224
 0.392302518  0.156400090
 0.940938318  0.117690755
-0.121820130  0.282281495
 1.261505294 -0.036546039
-1.264499887  0.378451588
-0.860092362 -0.379349966
-0.415012387 -0.258027709
 0.500842898 -0.124503716
 0.524315233  0.150252869
 0.765383821  0.157294570
 0.337157219  0.229615146
 1.070470160  0.101147166
-0.503121742  0.321141048
 0.966756965 -0.150936523
-0.459403164  0.290027090
 0.994555315 -0.137820949
-0.522617334  0.298366595
 0.915986166 -0.156785200
-0.331428118  0.274795850
 1.121013413 -0.099428435
-0.858767937  0.336304024
 0.303828707 -0.257630381
 0.613132982  0.091148612
 0.564843736  0.183939895
 0.737272070  0.169453121
 0.408454974  0.221181621
 0.987611969  0.122536492
-0.242991870  0.296283591
 1.213620523 -0.072897561
-1.134922243  0.364086157
-0.439181739 -0.340476673
 0.389490487 -0.131754522
 0.655861503  0.116847146
 0.514631111  0.196758451
 0.825975199  0.154389333
 0.199260292  0.247792560
 1.192206030  0.059778088
-0.930119218  0.357661809
 0.146491346 -0.279035765
 0.690920634  0.043947404
 0.375627552  0.207276190
 1.009741709  0.112688266
-0.314721382  0.302922513
 1.164253145 -0.094416415
-0.992095955  0.349275943
-0.028680193 -0.297628786
 0.701219639 -0.008604058
 0.303003368  0.210365892
 1.081830435  0.090901010
-0.547598914  0.324549130
 0.904738731 -0.164279674
-0.310252714  0.271421619
 1.136662174 -0.093075814
-0.901877072  0.340998652
 0.202263498 -0.270563122
 0.672162147  0.060679050
 0.428156318  0.201648644
 0.945003678  0.128446895
-0.121797838  0.283501104
 1.262732505 -0.036539351
-1.268830082  0.378819751
-0.875081936 -0.380649025
-0.452724776 -0.262524581
 0.450531807 -0.135817433
 0.580012094  0.135159542
 0.664179900  0.174003628
 0.556414712  0.199253970
 0.765817706  0.166924414
 0.345856952  0.229745312
 1.062281468  0.103757086
-0.476061597  0.318684440
 1.001395938 -0.142818479
-0.546729834  0.300418781
 0.881939866 -0.164018950
-0.252964049  0.264581960
 1.174994826 -0.075889215
-1.008747192  0.352498448
-0.072100809 -0.302624158
 0.690097905 -0.021630243
 0.311640591  0.207029371
 1.071061570  0.093492177
-0.512549864  0.321318471
 0.953528163 -0.153764959
-0.426667299  0.286058449
 1.031195471 -0.128000190
-0.616709929  0.309358641
 0.776895051 -0.185012979
-0.030005266  0.233068515
 1.231808073 -0.009001580
-1.133293159  0.369542422
-0.428552317 -0.339987948
 0.402892129 -0.128565695
 0.644183411  0.120867639
 0.539906466  0.193255023
 0.785156435  0.161971940
 0.298913062  0.235546930
 1.110458304  0.089673919
-0.636690786  0.333137491
 0.765612272 -0.191007236
-0.011634247  0.229683682
 1.229494184 -0.003490274
-1.119808601  0.368848255
-0.386711568 -0.335942580
 0.454693248 -0.116013471
 0.594542200  0.136407974
 0.641535375  0.178362660
 0.602167967  0.192460613
 0.684811848  0.180650390
 0.524096217  0.205443554
 0.820895972  0.157228865
 0.213810588  0.246268792
 1.182267837  0.064143176
-0.892716957  0.354680351
 0.238959359 -0.267815087
 0.652242708  0.071687808
 0.476099038  0.195672812
 0.878334400  0.142829712
 0.062769865  0.263500320
 1.257984242  0.018830960
-1.196703134  0.377395272
-0.627542473 -0.359010940
 0.089655682 -0.188262742
 0.800483860  0.026896705
 0.129812530  0.240145158
 1.216553348  0.038943759
-1.033059109  0.364966004
-0.129129567 -0.309917733
 0.666738044 -0.038738870
 0.338905663  0.200021413
 1.039221546  0.101671699
-0.410302291  0.311766464
 1.076079306 -0.123090687
-0.744216028  0.322823792
 0.547423297 -0.223264808
 0.357194019  0.164226989
 0.985604395  0.107158206
-0.252824228  0.295681319
 1.206193192 -0.075847268
-1.112710092  0.361857958
-0.371515291 -0.333813028
 0.472953916 -0.111454587
 0.575385843  0.141886175
 0.678389759  0.172615753
 0.528318022  0.203516928
 0.812749022  0.158495407
 0.233710046  0.243824706
 1.167356167  0.070113014
-0.837695575  0.350206850
 0.367779424 -0.251308672
 0.559324941  0.110333827
 0.672351681  0.167797482
 0.534917986  0.201705504
 0.801113352  0.160475396
 0.261979752  0.240334006
 1.144247259  0.078593926
-0.754428579  0.343274178
 0.546446704 -0.226328574
 0.355625826  0.163934011
 0.986876392  0.106687748
-0.256807271  0.296062918
 1.203732953 -0.077042181
-1.105604414  0.361119886
-0.350185681 -0.331681324
 0.496636660 -0.105055704
 0.549637134  0.148990998
 0.726049627  0.164891140
 0.426883855  0.217814888
 0.962693132  0.128065157
-0.169424136  0.288807940
 1.248621587 -0.050827241
-1.233505454  0.374586476
-0.755563510 -0.370051636
-0.169278341 -0.226669053
 0.733213727 -0.050783502
 0.196573180  0.219964118
 1.165866697  0.058971954
-0.843971264  0.349760009
 0.352557516 -0.253191379
 0.572793098  0.105767255
 0.646438549  0.171837929
 0.586802013  0.193931565
 0.711860322  0.176040604
 0.466597439  0.213558096
 0.908759658  0.139979232
-0.016202530  0.272627897
 1.272260367 -0.004860759
-1.270965775  0.381678110
-0.879817493 -0.381289733
-0.465000083 -0.263945248
 0.433339644 -0.139500025
 0.597603430  0.130001893
 0.630020090  0.179281029
 0.623585589  0.189006027
 0.644603445  0.187075677
 0.605356634  0.193381034
 0.680341717  0.181606990
 0.533596197  0.204102515
 0.805487654  0.160078859
 0.251744355  0.241646296
 1.152920988  0.075523306
-0.785394220  0.345876296
 0.482294584 -0.235618266
 0.438730442  0.144688375
 0.875210215  0.131619133
 0.059229045  0.262563064
 1.257651753  0.017768713
-1.196594390  0.377295526
-0.627277863 -0.358978317
 0.090153159 -0.188183359
 0.800438012  0.027045948
 0.130064531  0.240131404
 1.216447908  0.039019359
-1.032624360  0.364934373
-0.127903924 -0.309787308
 0.667309513 -0.038371177
 0.338206043  0.200192854
 1.040056196  0.101461813
-0.412941833  0.312016859
 1.073287518 -0.123882550
-0.736607085  0.321986255
 0.562360259 -0.220982125
 0.336269189  0.168708078
 1.010400324  0.100880757
-0.328391583  0.303120097
 1.152142652 -0.098517475
-0.956923243  0.345642796
 0.063659866 -0.287076973
 0.707249417  0.019097960
 0.318815527  0.212174825
 1.069874149  0.095644658
-0.506838315  0.320962245
 0.961323136 -0.152051495
-0.445850535  0.288396941
 1.010101161 -0.133755160
-0.562181259  0.303030348
 0.860563473 -0.168654378
-0.205451664  0.258169042
 1.199074501 -0.061635499
-1.074527021  0.359722350
-0.256729297 -0.322358106
 0.585367989 -0.077018789
 0.443263255  0.175610397
 0.900535158  0.132978977
-0.002370022  0.270160547
 1.270152684 -0.000711007
-1.259313982  0.381045805
-0.839174581 -0.377794195
-0.363693764 -0.251752374
 0.563065210 -0.109108129
 0.447032468  0.168919563
 0.889146325  0.134109740
 0.027296078  0.266743898
 1.265700791  0.008188823
-1.234609067  0.379710237
-0.754253131 -0.370382720
-0.166839619 -0.226275939
 0.734754419 -0.050051886
 0.194138436  0.220426326
 1.167660701  0.058241531
-0.850562586  0.350298210
 0.337458812 -0.255168776
 0.585401394  0.101237644
 0.621464934  0.175620418
 0.634914288  0.186439480
 0.622076867  0.190474286
 0.648702807  0.186623060
 0.597481595  0.194610842
 0.694832883  0.179244479
 0.503334650  0.208449865
 0.853765787  0.151000395
 0.130517969  0.256129736
 1.232280820  0.039155391
-1.086767036  0.369684246
-0.283803380 -0.326030111
 0.561207788 -0.085141014
 0.473923133  0.168362336
 0.853917946  0.142176940
 0.121330737  0.256175384
 1.235565777  0.036399221
-1.100872684  0.370669733
-0.326019201 -0.330261805
 0.520934268 -0.097805760
 0.522272724  0.156280280
 0.774403963  0.156681817
 0.317099720  0.232321189
 1.091548064  0.095129916
-0.572938129  0.327464419
 0.867903079 -0.171881439
-0.226439496  0.260370924
 1.188586140 -0.067931849
-1.045763667  0.356575842
-0.174494465 -0.313729100
 0.643643254 -0.052348339
 0.367664366  0.193092976
 1.003845056  0.110299310
-0.300487544  0.301153517
 1.174743647 -0.090146263
-1.022177953  0.352423094
-0.110363781 -0.306653386
 0.676294384 -0.033109134
 0.326567134  0.202888315
 1.053583785  0.097970140
-0.456084169  0.316075136
 1.024857259 -0.136825251
-0.607290612  0.307457178
 0.791134536 -0.182187184
-0.058438578  0.237340361
 1.232559266 -0.017531573
-1.144414856  0.369767780
-0.463791729 -0.343324457
 0.355531668 -0.139137519
 0.683898607  0.106659501
 0.451855273  0.205169582
 0.919327119  0.135556582
-0.047670710  0.275798136
 1.272616640 -0.014301213
-1.281675572  0.381784992
-0.917984188 -0.384502672
-0.564275628 -0.275395256
 0.278834965 -0.169282688
 0.721868799  0.083650490
 0.354118102  0.216560640
 1.041001157  0.106235431
-0.410921343  0.312300347
 1.075901457 -0.123276403
-0.743865926  0.322770437
 0.548099314 -0.223159778
 0.356262221  0.164429794
 0.986737917  0.106878666
-0.256233736  0.296021375
 1.204103356 -0.076870121
-1.106680971  0.361231007
-0.353408873 -0.332004291
 0.493138744 -0.106022662
 0.553517189  0.147941623
 0.719007834  0.166055157
 0.442293986  0.215702350
 0.941828793  0.132688196
-0.109169869  0.282548638
 1.265863353 -0.032750961
-1.276125002  0.379759006
-0.900134023 -0.382837501
-0.517175264 -0.270040207
 0.355501438 -0.155152579
 0.667913640  0.106650431
 0.482098349  0.200374092
 0.874987747  0.144629505
 0.072784525  0.262496324
 1.255079702  0.021835358
-1.183479725  0.376523911
-0.584350051 -0.355043917
 0.166905107 -0.175305015
 0.785694744  0.050071532
 0.185828809  0.235708423
 1.187363138  0.055748643
-0.918015068  0.356208941
 0.176356611 -0.275404520
 0.681053164  0.052906983
 0.403540206  0.204315949
 0.976333372  0.121062062
-0.213455532  0.292900012
 1.229111442 -0.064036660
-1.179037570  0.368733432
-0.577447995 -0.353711271
 0.179464068 -0.173234398
 0.781675309  0.053839220
 0.198416415  0.234502593
 1.179385889  0.059524925
-0.887806582  0.353815767
 0.250335030 -0.266341975
 0.645923348  0.075100509
 0.490996750  0.193777004
 0.856268073  0.147299025
 0.120826007  0.256880422
 1.236441928  0.036247802
-1.104056297  0.370932579
-0.335583851 -0.331216889
 0.511119981 -0.100675155
 0.533583756  0.153335994
 0.754739720  0.160075127
 0.362590263  0.226421916
 1.042361538  0.108777079
-0.412347528  0.312708461
 1.074665785 -0.123704258
-0.740573426  0.322399735
 0.554571136 -0.222172028
 0.347259169  0.166371341
 0.997546838  0.104177751
-0.288961820  0.299264051
 1.182365545 -0.086688546
-1.043872140  0.354709663
-0.170826998 -0.313161642
 0.645983750 -0.051248099
 0.364538894  0.193795125
 1.007751078  0.109361668
-0.312425461  0.302325323
 1.165671788 -0.093727638
-0.996034641  0.349701536
-0.039217472 -0.298810392
 0.699036394 -0.011765242
 0.304122127  0.209710918
 1.080224543  0.091236638
-0.542402449  0.324067363
 0.912186779 -0.162720735
-0.327639342  0.273656034
 1.123369480 -0.098291803
-0.865034386  0.337010844
 0.289412558 -0.259510316
 0.623226203  0.086823768
 0.543048507  0.186967861
 0.774105508  0.162914552
 0.323979479  0.232231653
 1.085283869  0.097193844
-0.551783663  0.325585161
 0.899333866 -0.165535099
-0.297857062  0.269800160
 1.145593798 -0.089357119
-0.926696330  0.343678139
 0.141405617 -0.278008899
 0.693997333  0.042421685
 0.368136467  0.208199200
 1.018464958  0.110440940
-0.341738279  0.305539487
 1.142040415 -0.102521484
-0.928480318  0.342612125
 0.135706144 -0.278544095
 0.695673284  0.040711843
 0.363165998  0.208701985
 1.024056627  0.108949799
-0.359218965  0.307216988
 1.126563417 -0.107765690
-0.884568875  0.337969025
 0.242522093 -0.265370662
 0.652285586  0.072756628
 0.477089549  0.195685676
 0.877025463  0.143126865
 0.066283736  0.263107639
 1.256956692  0.019885121
-1.192031055  0.377087008
-0.612226243 -0.357609317
 0.117641322 -0.183667873
 0.796956854  0.035292397
 0.146096078  0.239087056
 1.209205367  0.043828823
-1.003219843  0.362761610
-0.046268464 -0.300965953
 0.696036968 -0.013880539
 0.307865015  0.208811090
 1.076117876  0.092359505
-0.528882050  0.322835363
 0.931232650 -0.158664615
-0.372736563  0.279369795
 1.084864231 -0.111820969
-0.759523529  0.325459269
 0.517832882 -0.227857059
 0.396731691  0.155349865
 0.934995416  0.119019507
-0.104883493  0.280498625
 1.265097859 -0.031465048
-1.272126678  0.379529358
-0.886099440 -0.381638003
-0.480879109 -0.265829832
 0.410427564 -0.144263733
 0.619905168  0.123128269
 0.585132885  0.185971550
 0.706638860  0.175539865
 0.476465995  0.211991658
 0.894163876  0.142939798
 0.023599146  0.268249163
 1.267469475  0.007079744
-1.241990676  0.380240843
-0.779316331 -0.372597203
-0.222864723 -0.233794899
 0.696668942 -0.066859417
 0.253653923  0.209000683
 1.118924245  0.076096177
-0.676691876  0.335677274
 0.694600620 -0.203007563
 0.121534407  0.208380186
 1.187701329  0.036460322
-0.938427904  0.356310399
 0.123404695 -0.281528371
 0.697151423  0.037021408
 0.356593260  0.209145427
 1.031123172  0.106977978
-0.381523017  0.309336952
 1.105553214 -0.114456905
-0.825603978  0.331665964
 0.377395265 -0.247681193
 0.552920747  0.113218579
 0.685208687  0.165876224
 0.508560902  0.205562606
 0.843474738  0.152568271
 0.156538783  0.253042421
 1.218736275  0.046961635
-1.032483715  0.365620882
-0.126810787 -0.309745114
 0.667741520 -0.038043236
 0.337726532  0.200322456
 1.040639561  0.101317960
-0.414785016  0.312191868
 1.071326615 -0.124435505
-0.731272508  0.321397985
 0.572734711 -0.219381752
 0.321383179  0.171820413
 1.027218406  0.096414954
-0.380833762  0.308165522
 1.105117426 -0.114250129
-0.824048463  0.331535228
 0.380857011 -0.247214539
 0.549712573  0.114257103
 0.691199624  0.164913772
 0.496054083  0.207359887
 0.862862373  0.148816225
 0.106472161  0.258858712
 1.242987862  0.031941648
-1.131084709  0.372896359
-0.418197306 -0.339325413
 0.415830006 -0.125459192
 0.632460377  0.124749002
 0.564740422  0.189738113
 0.743233672  0.169422127
 0.396067319  0.222970102
 1.003353051  0.118820196
-0.290584088  0.301005915
 1.182791158 -0.087175226
-1.045768120  0.354837347
-0.176245997 -0.313730436
 0.642781852 -0.052873799
 0.368690288  0.192834556
 1.002529016  0.110607086
-0.296483112  0.300758705
 1.177695575 -0.088944934
-1.030698547  0.353308672
-0.133966621 -0.309209564
 0.665664558 -0.040189986
 0.339456988  0.199699367
 1.038375902  0.101837097
-0.407677222  0.311512770
 1.078831766 -0.122303167
-0.751732339  0.323649530
 0.532507417 -0.225519702
 0.377490490  0.159752225
 0.960253527  0.113247147
-0.177674424  0.288076058
 1.243880577 -0.053302327
-1.219436772  0.373164173
-0.708672285 -0.365831032
-0.068934002 -0.212601685
 0.780745659 -0.020680201
 0.125930501  0.234223698
 1.212021810  0.037779150
-1.018816465  0.363606543
-0.089575243 -0.305644940
 0.683121846 -0.026872573
 0.319809787  0.204936554
 1.061746934  0.095942936
-0.482286237  0.318524080
 0.992884061 -0.144685871
-0.524832132  0.297865218
 0.912236945 -0.157449640
-0.322496380  0.273671083
 1.128065602 -0.096748914
-0.878293717  0.338419681
 0.258459885 -0.263488115
 0.642989768  0.077537965
 0.498727787  0.192896930
 0.844675762  0.149618336
 0.150750336  0.253402729
 1.221586799  0.045225101
-1.043958931  0.366476040
-0.159314308 -0.313187679
 0.651278852 -0.047794293
 0.358375906  0.195383656
 1.015577049  0.107512772
-0.336442668  0.304673115
 1.146201978 -0.100932800
-0.940223365  0.343860593
 0.106232627 -0.282067010
 0.702133471  0.031869788
 0.341681812  0.210640041
 1.047194996  0.102504544
-0.432759760  0.314158499
 1.051965085 -0.129827928
-0.679110684  0.315589526
 0.669921676 -0.203733205
 0.167953723  0.200976503
 1.161484668  0.050386117
-0.838279172  0.348445401
 0.364648642 -0.251483752
 0.562360164  0.109394593
 0.666646058  0.168708049
 0.546524297  0.199993817
 0.781829488  0.163957289
 0.308197002  0.234548846
 1.101569297  0.092459101
-0.606377783  0.330470789
 0.815699167 -0.181913335
-0.113424518  0.244709750
 1.226698580 -0.034027355
-1.140732525  0.368009574
-0.453769396 -0.342219757
 0.369510911 -0.136130819
 0.672715542  0.110853273
 0.477288593  0.201814663
 0.882888501  0.143186578
 0.051897630  0.264866550
 1.261095841  0.015569289
-1.210938519  0.378328752
-0.674592182 -0.363281556
-0.000386013 -0.202377655
 0.797622137 -0.000115804
 0.109202694  0.239286641
 1.222591321  0.032760808
-1.059860546  0.366777396
-0.205848732 -0.317958164
 0.622718655 -0.061754620
 0.395355447  0.186815597
 0.967987295  0.118606634
-0.193192531  0.290396189
 1.238143493 -0.057957759
-1.204156792  0.371443048
-0.658547964 -0.361247038
 0.031593374 -0.197564389
 0.801038213  0.009478012
 0.111150906  0.240311464
 1.223015131  0.033345272
-1.060727142  0.366904539
-0.208294358 -0.318218143
 0.621040702 -0.062488307
 0.397543517  0.186312211
 0.965055023  0.119263055
-0.184600622  0.289516507
 1.241808161 -0.055380187
-1.214302700  0.372542448
-0.691801019 -0.364290810
-0.034314920 -0.207540306
 0.790811175 -0.010294476
 0.114170284  0.237243352
 1.218994557  0.034251085
-1.046075738  0.365698367
-0.166285863 -0.313822721
 0.647465895 -0.049885759
 0.363217322  0.194239769
 1.009542217  0.108965196
-0.317880486  0.302862665
 1.161395460 -0.095364146
-0.983739327  0.348418638
-0.006421651 -0.295121798
 0.704820469 -0.001926495
 0.302592853  0.211446141
 1.083258732  0.090777856
-0.552051416  0.324977620
 0.898312547 -0.165615425
-0.295367029  0.269493764
 1.147355410 -0.088610109
-0.931604319  0.344206623
 0.129165373 -0.279481296
 0.697161533  0.038749612
 0.358301727  0.209148460
 1.029416282  0.107490518
-0.376086515  0.308824884
 1.110807391 -0.112825954
-0.840276239  0.333242217
 0.344752397 -0.252082872
 0.581521227  0.103425719
 0.629992007  0.174456368
 0.618810467  0.188997602
 0.652900651  0.185643140
 0.588852176  0.195870195
 0.710424556  0.176655653
 0.470071384  0.213127367
 0.903773418  0.141021415
-0.002507532  0.271132025
 1.271123223 -0.000752260
-1.262808205  0.381336967
-0.851221422 -0.378842462
-0.393251535 -0.255366427
 0.528128095 -0.117975461
 0.491537540  0.158438429
 0.820185614  0.147461262
 0.205675045  0.246055684
 1.186832570  0.061702513
-0.910297656  0.356049771
 0.195951218 -0.273089297
 0.673155071  0.058785366
 0.424392516  0.201946521
 0.949793911  0.127317755
-0.135634107  0.284938173
 1.259182918 -0.040690232
-1.260448501  0.377754875
-0.846467716 -0.378134550
-0.381245183 -0.253940315
 0.542572640 -0.114373555
 0.473487348  0.162771792
 0.848905416  0.142046204
 0.133149638  0.254671625
 1.229851268  0.039944891
-1.077602907  0.368955380
-0.256763856 -0.323280872
 0.584420379 -0.077029157
 0.444804792  0.175326114
 0.898334290  0.133441438
 0.003635142  0.269500287
 1.269481787  0.001090543
-1.255127068  0.380844536
-0.824637003 -0.376538120
-0.328574782 -0.247391101
 0.601462956 -0.098572435
 0.394966802  0.180438887
 0.962040602  0.118490041
-0.177240928  0.288612181
 1.244632096 -0.053172278
-1.221924953  0.373389629
-0.716951198 -0.366577486
-0.086204115 -0.215085359
 0.774511031 -0.025861234
 0.134324493  0.232353309
 1.207093012  0.040297348
-0.999605609  0.362127904
-0.036768018 -0.299881683
 0.698225675 -0.011030406
 0.306442863  0.209467703
 1.077997583  0.091932859
-0.534977445  0.323399275
 0.922718062 -0.160493233
-0.352465304  0.276815419
 1.102890912 -0.105739591
-0.808655301  0.330867274
 0.415374519 -0.242596590
 0.515853022  0.124612356
 0.752066280  0.154755907
 0.362910742  0.225619884
 1.041233994  0.108873223
-0.408962301  0.312370198
 1.078219969 -0.122688690
-0.750270314  0.323465991
 0.535398229 -0.225081094
 0.373607136  0.160619469
 0.965204260  0.112082141
-0.192184827  0.289561278
 1.237852267 -0.057655448
-1.202844977  0.371355680
-0.654214773 -0.360853493
 0.039950750 -0.196264432
 0.801501081  0.011985225
 0.112619650  0.240450324
 1.222693864  0.033785895
-1.059186506  0.366808159
-0.203818317 -0.317755952
 0.624085380 -0.061145495
 0.393578920  0.187225614
 0.970359502  0.118073676
-0.200162911  0.291107850
 1.235016583 -0.060048873
-1.195421218  0.370504975
-0.630139667 -0.358626365
 0.085467234 -0.189041900
 0.800731592  0.025640170
 0.128000654  0.240219478
 1.217281643  0.038400196
-1.036084243  0.365184493
-0.137674288 -0.310825273
 0.662638834 -0.041302287
 0.343971400  0.198791650
 1.033148796  0.103191420
-0.391163589  0.309944639
 1.095732104 -0.117349077
-0.798229457  0.328719631
 0.436681258 -0.239468837
 0.493564433  0.131004377
 0.789956188  0.148069330
 0.274426240  0.236986856
 1.131553190  0.082327872
-0.710249800  0.339465957
 0.633229268 -0.213074940
 0.225554031  0.189968780
 1.118744311  0.067666209
-0.684558157  0.335623293
 0.679555475 -0.205367447
 0.148118652  0.203866642
 1.173151853  0.044435596
-0.882363783  0.351945556
 0.261953371 -0.264709135
 0.639223469  0.078586011
 0.506536711  0.191767041
 0.832555826  0.151961013
 0.181552129  0.249766748
 1.203621102  0.054465639
-0.973719620  0.361086331
 0.033704472 -0.292115886
 0.706293726  0.010111341
 0.311720183  0.211888118
 1.075850856  0.093516055
-0.526921035  0.322755257
 0.934051169 -0.158076311
-0.379508530  0.280215351
 1.078577936 -0.113852559
-0.742515069  0.323573381
 0.551713302 -0.222754521
 0.351102884  0.165513991
 0.992931461  0.105330865
-0.274947176  0.297879438
 1.192045109 -0.082484153
-1.071844311  0.357613533
-0.250776786 -0.321553293
 0.590402112 -0.075233036
 0.436762449  0.177120633
 0.910054621  0.131028735
-0.028450445  0.273016386
 1.271883188 -0.008535133
-1.273296713  0.381564956
-0.888233371 -0.381989014
-0.486530945 -0.266470011
 0.402132684 -0.145959283
 0.627645742  0.120639805
 0.569124956  0.188293723
 0.734829221  0.170737487
 0.414773909  0.220448766
 0.979596412  0.124432173
-0.219020610  0.293878924
 1.226720885 -0.065706183
-1.172487964  0.368016265
-0.556602970 -0.351746389
 0.214523998 -0.166980891
 0.768590345  0.064357199
 0.237333634  0.230577104
 1.151718948  0.071200090
-0.785839061  0.345515685
 0.480955444 -0.235751718
 0.440402888  0.144286633
 0.872750048  0.132120866
 0.065751161  0.261825014
 1.255772513  0.019725348
-1.188025098  0.376731754
-0.599233334 -0.356407530
 0.140879646 -0.179770000
 0.792444095  0.042263894
 0.163109192  0.237733229
 1.200486777  0.048932758
-0.968703144  0.360146033
 0.046405940 -0.290610943
 0.706374141  0.013921782
 0.315371584  0.211912242
 1.072669312  0.094611475
-0.516255759  0.321800794
 0.948672781 -0.154876728
-0.414848791  0.284601834
 1.043662507 -0.124454637
-0.649378637  0.313098752
 0.722729092 -0.194813591
 0.073914132  0.216818728
 1.209170109  0.022174240
-1.024755054  0.362751033
-0.107421056 -0.307426516
 0.676418487 -0.032226317
 0.327214926  0.202925546
 1.053028096  0.098164478
-0.454250960  0.315908429
 1.027026920 -0.136275288
-0.612973299  0.308108076
 0.782077304 -0.183891990
-0.040194863  0.234623191
 1.232361313 -0.012058459
-1.138258628  0.369708394
-0.444177393 -0.341477589
 0.382311432 -0.133253218
 0.662119938  0.114693430
 0.500929491  0.198635982
 0.847333484  0.150278847
 0.145115201  0.254200045
 1.224718255  0.043534560
-1.056374165  0.367415476
-0.194881451 -0.316912249
 0.629917459 -0.058464435
 0.386021158  0.188975238
 0.980357970  0.115806347
-0.229736101  0.294107391
 1.220217245 -0.068920830
-1.153423004  0.366065173
-0.496473303 -0.346026901
 0.308893063 -0.148941991
 0.717477115  0.092667919
 0.371985143  0.215243135
 1.021521009  0.111595543
-0.349311698  0.306456303
 1.135630176 -0.104793509
-0.910311763  0.340689053
 0.180554544 -0.273093529
 0.681266550  0.054166363
 0.404392606  0.204379965
 0.975433234  0.121317782
-0.210740209  0.292629970
 1.230453960 -0.063222063
-1.182845790  0.369136188
-0.589637640 -0.354853737
 0.158404698 -0.176891292
 0.787979840  0.047521409
 0.178244289  0.236393952
 1.191914515  0.053473287
-0.935451008  0.357574354
 0.132478330 -0.280635302
 0.694793986  0.039743499
 0.363909342  0.208438196
 1.023036183  0.109172803
-0.356071441  0.306910855
 1.129409235 -0.106821432
-0.892612741  0.338822771
 0.223362263 -0.267783822
 0.662369197  0.067008679
 0.452782545  0.198710759
 0.911693913  0.135834763
-0.027825344  0.273508174
 1.272424224 -0.008347603
-1.275036372  0.381727267
-0.894277583 -0.382510912
-0.502136266 -0.268283275
 0.378719564 -0.150640880
 0.648559209  0.113615869
 0.524735202  0.194567763
 0.809081917  0.157420561
 0.240961593  0.242724575
 1.161437090  0.072288478
-0.816222082  0.348431127
 0.415725246 -0.244866624
 0.513174903  0.124717574
 0.756029700  0.153952471
 0.353739202  0.226808910
 1.051624918  0.106121760
-0.442159195  0.315487475
 1.041780820 -0.132647759
-0.652077946  0.312534246
 0.717246339 -0.195623384
 0.084157381  0.215173902
 1.205258451  0.025247214
-1.008459893  0.361577535
-0.062210363 -0.302537968
 0.692043851 -0.018663109
 0.310842322  0.207613155
 1.072341026  0.093252697
-0.516628690  0.321702308
 0.948035023 -0.154988607
-0.413267174  0.284410507
 1.045304847 -0.123980152
-0.653707264  0.313591454
 0.715324992 -0.196112179
 0.087522039  0.214597498
 1.203873347  0.026256612
-1.002778839  0.361162004
-0.046629556 -0.300833652
 0.696122306 -0.013988867
 0.307590361  0.208836692
 1.076380129  0.092277108
-0.529754748  0.322914039
 0.930017909 -0.158926424
-0.369833059  0.279005373
 1.087518285 -0.110949918
-0.766724345  0.326255485
 0.503242776 -0.230017303
 0.415428088  0.150972833
 0.909360138  0.124628426
-0.033081777  0.272808041
 1.271275876 -0.009924533
-1.272523826  0.381382763
-0.885660881 -0.381757148
-0.479910422 -0.265698264
 0.411862117 -0.143973127
 0.618544308  0.123558635
 0.587922750  0.185563292
 0.701648869  0.176376825
 0.487141235  0.210494661
 0.878265445  0.146142371
 0.066252103  0.263479633
 1.257334556  0.019875631
-1.193370628  0.377200367
-0.616586473 -0.358011189
 0.109738382 -0.184975942
 0.798164541  0.032921514
 0.141028227  0.239449362
 1.211604817  0.042308468
-1.012872258  0.363481445
-0.072792852 -0.303861678
 0.688720004 -0.021837855
 0.314092804  0.206616001
 1.068499996  0.094227841
-0.504141296  0.320549999
 0.964728174 -0.151242389
-0.454223018  0.289418452
 1.000572482 -0.136266905
-0.537870315  0.300171745
 0.895145479 -0.161361094
-0.283160695  0.268543644
 1.156291673 -0.084948208
-0.956762815  0.346887502
 0.065334385 -0.287028844
 0.706995141  0.019600315
 0.319821334  0.212098542
 1.068898582  0.095946400
-0.503615450  0.320669575
 0.965589645 -0.151084635
-0.456393341  0.289676893
 0.998064058 -0.136918002
-0.531502613  0.299419218
 0.903926179 -0.159450784
-0.303366335  0.271177854
 1.142334267 -0.091009901
-0.917908509  0.342700280
 0.163121838 -0.275372553
 0.687375220  0.048936551
 0.387457981  0.206212566
 0.996039404  0.116237394
-0.272694898  0.298811821
 1.194704311 -0.081808469
-1.080054217  0.358411293
-0.274712663 -0.324016265
 0.570329869 -0.082413799
 0.462199578  0.171098961
 0.872019131  0.138659873
 0.074075563  0.261605739
 1.253923675  0.022222669
-1.179031746  0.376177102
-0.569985099 -0.353709524
 0.191454258 -0.170995530
 0.777687844  0.057436277
 0.210718541  0.233306353
 1.171143128  0.063215562
-0.856991155  0.351342938
 0.323135562 -0.257097347
 0.596719426  0.096940669
 0.598436966  0.179015828
 0.677638304  0.179531090
 0.536659951  0.203291491
 0.800086027  0.160997985
 0.264805274  0.240025808
 1.141855242  0.079441582
-0.745925168  0.342556573
 0.563590473 -0.223777550
 0.331534539  0.169077142
 1.015195931  0.099460362
-0.343411527  0.304558779
 1.139454711 -0.103023458
-0.920723313  0.341836413
 0.155012426 -0.276216994
 0.690142613  0.046503728
 0.379688171  0.207042784
 1.005214434  0.113906451
-0.300732029  0.301564330
 1.174948675 -0.090219609
-1.022925755  0.352484603
-0.112443337 -0.306877726
 0.675421368 -0.033733001
 0.327595365  0.202626410
 1.052380198  0.098278609
-0.452227104  0.315714059
 1.029400964 -0.135668131
-0.619201014  0.308820289
 0.772046435 -0.185760304
-0.020238281  0.231613930
 1.231040507 -0.006071484
-1.127716507  0.369312152
-0.411130176 -0.338314952
 0.425045818 -0.123339053
 0.623731421  0.127513745
 0.582856505  0.187119426
 0.711509038  0.174856952
 0.466113795  0.213452712
 0.909285813  0.139834139
-0.017686828  0.272785744
 1.272347791 -0.005306048
-1.271722509  0.381704337
-0.882485058 -0.381516753
-0.471808580 -0.264745517
 0.423609811 -0.141542574
 0.607234045  0.127082943
 0.610856485  0.182170213
 0.659766311  0.183256945
 0.573848727  0.197929893
 0.736906587  0.172154618
 0.411910773  0.221071976
 0.983533297  0.123573232
-0.230699612  0.295059989
 1.220548753 -0.069209884
-1.154844847  0.366164626
-0.500968643 -0.346453454
 0.302189132 -0.150290593
 0.721863827  0.090656740
 0.361134401  0.216559148
 1.033973870  0.108340320
-0.388402430  0.310192161
 1.098993135 -0.116520729
-0.807421003  0.329697940
 0.416997793 -0.242226301
 0.514331676  0.125099338
 0.754747436  0.154299503
 0.356798333  0.226424231
 1.048197160  0.107039500
-0.431164702  0.314459148
 1.054194948 -0.129349410
-0.685207195  0.316258484
 0.658946024 -0.205562158
 0.186544033  0.197683807
 1.148965660  0.055963210
-0.792207715  0.344689698
 0.466059410 -0.237662314
 0.458241763  0.139817823
 0.845838105  0.137472529
 0.135853589  0.253751431
 1.227912755  0.040756077
-1.070121550  0.368373826
-0.234850357 -0.321036465
 0.601746968 -0.070455107
 0.422605713  0.180524091
 0.930490266  0.126781714
-0.085355276  0.279147080
 1.268947347 -0.025606583
-1.279924902  0.380684204
-0.912806651 -0.383977471
-0.550479847 -0.273841995
 0.301918718 -0.165143954
 0.707239169  0.090575615
 0.390313477  0.212171751
 0.998889296  0.117094043
-0.279797712  0.299666789
 1.190065325 -0.083939314
-1.066696983  0.357019598
-0.235959838 -0.320009095
 0.602043042 -0.070787951
 0.421773894  0.180612913
 0.931562407  0.126532168
-0.088399758  0.279468722
 1.268528398 -0.026519927
-1.279349943  0.380558519
-0.910872268 -0.383804983
-0.545368586 -0.273261680
 0.310340667 -0.163610576
 0.701553563  0.093102200
 0.404053838  0.210466069
 0.981902763  0.121216152
-0.228570098  0.294570829
 1.221428823 -0.068571029
-1.157214747  0.366428647
-0.508375713 -0.347164424
 0.291011364 -0.152512714
 0.728924626  0.087303409
 0.343439854  0.218677388
 1.053546081  0.103031956
-0.450911127  0.316063824
 1.031414642 -0.135273338
-0.624615967  0.309424393
 0.763221243 -0.187384790
-0.002894123  0.228966373
 1.228954647 -0.000868237
-1.115329570  0.368686394
-0.372857675 -0.334598871
 0.470769145 -0.111857302
 0.577869674  0.141230743
