183	3815
1	18
1	83
1	84
1	91
1	93
1	94
1	95
1	96
1	97
1	98
1	144
1	145
1	147
1	152
2	18
2	83
2	84
2	91
2	93
2	94
2	95
2	96
2	97
2	98
2	144
2	145
2	147
2	152
3	18
3	83
3	84
3	91
3	93
3	94
3	95
3	96
3	97
3	98
3	144
3	145
3	147
3	152
4	18
4	83
4	84
4	91
4	92
4	93
4	94
4	95
4	96
4	97
4	98
4	102
4	120
4	121
4	143
4	144
4	145
4	146
4	147
4	151
4	152
5	18
5	83
5	84
5	91
5	93
5	94
5	95
5	96
5	97
5	98
5	144
5	145
5	147
5	152
6	18
6	83
6	84
6	91
6	93
6	94
6	95
6	96
6	97
6	98
6	144
6	145
6	152
7	18
7	83
7	84
7	91
7	93
7	94
7	95
7	96
7	97
7	98
7	144
7	145
7	152
8	18
8	83
8	84
8	91
8	93
8	94
8	95
8	96
8	97
8	98
8	144
8	145
8	152
9	18
9	83
9	84
9	91
9	93
9	94
9	95
9	96
9	97
9	98
9	144
9	145
9	152
10	18
10	83
10	84
10	91
10	93
10	94
10	95
10	96
10	97
10	98
10	144
10	145
10	147
10	152
11	18
11	83
11	84
11	91
11	93
11	94
11	95
11	96
11	97
11	98
11	144
11	145
11	147
11	152
12	18
12	83
12	84
12	91
12	93
12	94
12	95
12	96
12	97
12	98
12	144
12	145
12	147
12	152
13	18
13	83
13	84
13	91
13	93
13	94
13	95
13	96
13	97
13	98
13	144
13	145
13	147
13	152
14	18
14	83
14	84
14	91
14	93
14	94
14	95
14	96
14	97
14	98
14	144
14	145
14	147
14	152
15	18
15	83
15	84
15	91
15	93
15	94
15	95
15	96
15	97
15	98
15	144
15	145
15	152
16	18
16	83
16	84
16	91
16	93
16	94
16	95
16	96
16	97
16	98
16	144
16	145
16	147
16	152
17	18
17	83
17	84
17	91
17	93
17	94
17	95
17	96
17	97
17	98
17	144
17	145
17	147
17	152
18	19
18	20
18	21
18	22
18	23
18	24
18	25
18	26
18	27
18	28
18	29
18	30
18	31
18	32
18	33
18	34
18	35
18	36
18	37
18	38
18	39
18	40
18	41
18	42
18	43
18	44
18	45
18	46
18	47
18	48
18	49
18	50
18	51
18	52
18	53
18	54
18	55
18	56
18	57
18	58
18	59
18	60
18	61
18	62
18	63
18	64
18	65
18	66
18	67
18	68
18	69
18	70
18	71
18	72
18	73
18	74
18	75
18	76
18	77
18	78
18	79
18	80
18	81
18	82
18	83
18	84
18	85
18	86
18	87
18	88
18	89
18	90
18	91
18	92
18	93
18	94
18	95
18	96
18	97
18	98
18	99
18	100
18	101
18	102
18	103
18	104
18	105
18	106
18	107
18	108
18	109
18	110
18	111
18	112
18	113
18	114
18	115
18	116
18	117
18	118
18	119
18	120
18	121
18	122
18	123
18	124
18	125
18	126
18	127
18	128
18	129
18	130
18	131
18	132
18	133
18	134
18	135
18	136
18	137
18	138
18	139
18	140
18	141
18	142
18	143
18	144
18	145
18	146
18	147
18	148
18	149
18	150
18	151
18	152
18	153
18	154
18	155
18	156
18	157
18	158
18	159
18	160
18	161
18	162
18	163
18	164
18	165
18	166
18	167
18	168
18	169
18	170
18	171
18	172
18	173
18	174
18	175
18	176
18	177
18	178
18	179
18	180
18	181
18	182
18	183
19	83
19	84
19	91
19	93
19	94
19	95
19	96
19	97
19	98
19	144
19	145
19	152
20	83
20	84
20	91
20	93
20	94
20	95
20	96
20	97
20	98
20	144
20	145
20	152
21	83
21	84
21	91
21	92
21	93
21	94
21	95
21	96
21	97
21	98
21	102
21	120
21	121
21	143
21	144
21	145
21	146
21	147
21	151
21	152
22	83
22	84
22	91
22	92
22	93
22	94
22	95
22	96
22	97
22	98
22	102
22	120
22	121
22	143
22	144
22	145
22	146
22	147
22	151
22	152
23	83
23	84
23	91
23	93
23	94
23	95
23	96
23	97
23	98
23	144
23	145
23	147
23	152
24	83
24	84
24	91
24	92
24	93
24	94
24	95
24	96
24	97
24	98
24	102
24	120
24	121
24	143
24	144
24	145
24	146
24	147
24	151
24	152
25	83
25	84
25	91
25	92
25	93
25	94
25	95
25	96
25	97
25	98
25	102
25	120
25	121
25	143
25	144
25	145
25	146
25	147
25	151
25	152
26	83
26	84
26	85
26	87
26	88
26	89
26	90
26	91
26	92
26	93
26	94
26	95
26	96
26	97
26	98
26	102
26	103
26	116
26	117
26	118
26	119
26	120
26	121
26	122
26	123
26	126
26	138
26	140
26	141
26	142
26	143
26	144
26	145
26	146
26	147
26	148
26	149
26	150
26	151
26	152
26	153
26	160
26	164
26	166
26	167
26	172
26	174
26	175
26	177
26	178
26	179
26	181
26	182
27	83
27	84
27	85
27	87
27	88
27	89
27	90
27	91
27	92
27	93
27	94
27	95
27	96
27	97
27	98
27	102
27	103
27	116
27	117
27	118
27	119
27	120
27	121
27	122
27	123
27	126
27	138
27	140
27	141
27	142
27	143
27	144
27	145
27	146
27	147
27	148
27	149
27	150
27	151
27	152
27	153
27	160
27	164
27	166
27	167
27	172
27	174
27	175
27	177
27	178
27	179
27	181
27	182
28	83
28	84
28	91
28	92
28	93
28	94
28	95
28	96
28	97
28	98
28	102
28	120
28	121
28	143
28	144
28	145
28	146
28	147
28	151
28	152
29	83
29	84
29	91
29	93
29	94
29	95
29	96
29	97
29	98
29	144
29	145
29	147
29	152
30	83
30	84
30	91
30	93
30	94
30	95
30	96
30	97
30	98
30	144
30	145
30	147
30	152
31	83
31	84
31	91
31	92
31	93
31	94
31	95
31	96
31	97
31	98
31	102
31	120
31	121
31	143
31	144
31	145
31	146
31	147
31	151
31	152
32	83
32	84
32	85
32	86
32	87
32	88
32	89
32	90
32	91
32	92
32	93
32	94
32	95
32	96
32	97
32	98
32	101
32	102
32	103
32	106
32	107
32	108
32	109
32	110
32	113
32	114
32	115
32	116
32	117
32	118
32	119
32	120
32	121
32	122
32	123
32	126
32	127
32	128
32	129
32	130
32	131
32	132
32	134
32	135
32	137
32	138
32	139
32	140
32	141
32	142
32	143
32	144
32	145
32	146
32	147
32	148
32	149
32	150
32	151
32	152
32	153
32	154
32	155
32	156
32	157
32	158
32	159
32	160
32	161
32	162
32	163
32	164
32	165
32	166
32	167
32	168
32	169
32	170
32	171
32	172
32	173
32	174
32	175
32	177
32	178
32	179
32	180
32	181
32	182
32	183
33	83
33	84
33	85
33	87
33	88
33	89
33	90
33	91
33	92
33	93
33	94
33	95
33	96
33	97
33	98
33	102
33	103
33	116
33	117
33	118
33	119
33	120
33	121
33	122
33	123
33	126
33	138
33	140
33	141
33	142
33	143
33	144
33	145
33	146
33	147
33	148
33	149
33	150
33	151
33	152
33	153
33	160
33	164
33	166
33	167
33	172
33	174
33	175
33	177
33	178
33	179
33	181
33	182
34	83
34	84
34	85
34	86
34	87
34	88
34	89
34	90
34	91
34	92
34	93
34	94
34	95
34	96
34	97
34	98
34	101
34	102
34	103
34	106
34	107
34	108
34	109
34	110
34	113
34	114
34	115
34	116
34	117
34	118
34	119
34	120
34	121
34	122
34	123
34	126
34	127
34	128
34	129
34	130
34	131
34	132
34	134
34	135
34	137
34	138
34	139
34	140
34	141
34	142
34	143
34	144
34	145
34	146
34	147
34	148
34	149
34	150
34	151
34	152
34	153
34	154
34	155
34	156
34	157
34	158
34	159
34	160
34	161
34	162
34	163
34	164
34	165
34	166
34	167
34	168
34	169
34	170
34	171
34	172
34	173
34	174
34	175
34	177
34	178
34	179
34	180
34	181
34	182
34	183
35	83
35	84
35	91
35	93
35	94
35	95
35	96
35	97
35	98
35	144
35	145
35	147
35	152
36	83
36	84
36	91
36	92
36	93
36	94
36	95
36	96
36	97
36	98
36	102
36	120
36	121
36	143
36	144
36	145
36	146
36	147
36	151
36	152
37	83
37	84
37	91
37	92
37	93
37	94
37	95
37	96
37	97
37	98
37	102
37	120
37	121
37	143
37	144
37	145
37	146
37	147
37	151
37	152
38	83
38	84
38	91
38	92
38	93
38	94
38	95
38	96
38	97
38	98
38	102
38	120
38	121
38	143
38	144
38	145
38	146
38	147
38	151
38	152
39	83
39	84
39	91
39	92
39	93
39	94
39	95
39	96
39	97
39	98
39	102
39	120
39	121
39	143
39	144
39	145
39	146
39	147
39	151
39	152
40	83
40	84
40	91
40	92
40	93
40	94
40	95
40	96
40	97
40	98
40	102
40	120
40	121
40	143
40	144
40	145
40	146
40	147
40	151
40	152
41	83
41	84
41	85
41	87
41	88
41	89
41	90
41	91
41	92
41	93
41	94
41	95
41	96
41	97
41	98
41	102
41	103
41	116
41	117
41	118
41	119
41	120
41	121
41	122
41	123
41	126
41	138
41	140
41	141
41	142
41	143
41	144
41	145
41	146
41	147
41	148
41	149
41	150
41	151
41	152
41	153
41	160
41	164
41	166
41	167
41	172
41	174
41	175
41	177
41	178
41	179
41	181
41	182
42	83
42	84
42	85
42	87
42	88
42	89
42	90
42	91
42	92
42	93
42	94
42	95
42	96
42	97
42	98
42	102
42	103
42	116
42	117
42	118
42	119
42	120
42	121
42	122
42	123
42	126
42	138
42	140
42	141
42	142
42	143
42	144
42	145
42	146
42	147
42	148
42	149
42	150
42	151
42	152
42	153
42	160
42	164
42	166
42	167
42	172
42	174
42	175
42	177
42	178
42	179
42	181
42	182
43	83
43	84
43	85
43	87
43	88
43	89
43	90
43	91
43	92
43	93
43	94
43	95
43	96
43	97
43	98
43	102
43	103
43	116
43	117
43	118
43	119
43	120
43	121
43	122
43	123
43	126
43	138
43	140
43	141
43	142
43	143
43	144
43	145
43	146
43	147
43	148
43	149
43	150
43	151
43	152
43	153
43	160
43	164
43	166
43	167
43	172
43	174
43	175
43	177
43	178
43	179
43	181
43	182
44	83
44	84
44	85
44	87
44	88
44	89
44	90
44	91
44	92
44	93
44	94
44	95
44	96
44	97
44	98
44	102
44	103
44	116
44	117
44	118
44	119
44	120
44	121
44	122
44	123
44	126
44	138
44	140
44	141
44	142
44	143
44	144
44	145
44	146
44	147
44	148
44	149
44	150
44	151
44	152
44	153
44	160
44	164
44	166
44	167
44	172
44	174
44	175
44	177
44	178
44	179
44	181
44	182
45	83
45	84
45	85
45	87
45	88
45	89
45	90
45	91
45	92
45	93
45	94
45	95
45	96
45	97
45	98
45	102
45	103
45	116
45	117
45	118
45	119
45	120
45	121
45	122
45	123
45	126
45	138
45	140
45	141
45	142
45	143
45	144
45	145
45	146
45	147
45	148
45	149
45	150
45	151
45	152
45	153
45	160
45	164
45	166
45	167
45	172
45	174
45	175
45	177
45	178
45	179
45	181
45	182
46	83
46	84
46	85
46	87
46	88
46	89
46	90
46	91
46	92
46	93
46	94
46	95
46	96
46	97
46	98
46	102
46	103
46	116
46	117
46	118
46	119
46	120
46	121
46	122
46	123
46	126
46	138
46	140
46	141
46	142
46	143
46	144
46	145
46	146
46	147
46	148
46	149
46	150
46	151
46	152
46	153
46	160
46	164
46	166
46	167
46	172
46	174
46	175
46	177
46	178
46	179
46	181
46	182
47	83
47	84
47	85
47	87
47	88
47	89
47	90
47	91
47	92
47	93
47	94
47	95
47	96
47	97
47	98
47	102
47	103
47	116
47	117
47	118
47	119
47	120
47	121
47	122
47	123
47	126
47	138
47	140
47	141
47	142
47	143
47	144
47	145
47	146
47	147
47	148
47	149
47	150
47	151
47	152
47	153
47	160
47	164
47	166
47	167
47	172
47	174
47	175
47	177
47	178
47	179
47	181
47	182
48	83
48	84
48	85
48	87
48	88
48	89
48	90
48	91
48	92
48	93
48	94
48	95
48	96
48	97
48	98
48	102
48	103
48	116
48	117
48	118
48	119
48	120
48	121
48	122
48	123
48	126
48	138
48	140
48	141
48	142
48	143
48	144
48	145
48	146
48	147
48	148
48	149
48	150
48	151
48	152
48	153
48	160
48	164
48	166
48	167
48	172
48	174
48	175
48	177
48	178
48	179
48	181
48	182
49	83
49	84
49	85
49	87
49	88
49	89
49	90
49	91
49	92
49	93
49	94
49	95
49	96
49	97
49	98
49	102
49	103
49	116
49	117
49	118
49	119
49	120
49	121
49	122
49	123
49	126
49	138
49	140
49	141
49	142
49	143
49	144
49	145
49	146
49	147
49	148
49	149
49	150
49	151
49	152
49	153
49	160
49	164
49	166
49	167
49	172
49	174
49	175
49	177
49	178
49	179
49	181
49	182
50	83
50	84
50	85
50	87
50	88
50	89
50	90
50	91
50	92
50	93
50	94
50	95
50	96
50	97
50	98
50	102
50	103
50	116
50	117
50	118
50	119
50	120
50	121
50	122
50	123
50	126
50	138
50	140
50	141
50	142
50	143
50	144
50	145
50	146
50	147
50	148
50	149
50	150
50	151
50	152
50	153
50	160
50	164
50	166
50	167
50	172
50	174
50	175
50	177
50	178
50	179
50	181
50	182
51	83
51	84
51	85
51	87
51	88
51	89
51	90
51	91
51	92
51	93
51	94
51	95
51	96
51	97
51	98
51	102
51	103
51	116
51	117
51	118
51	119
51	120
51	121
51	122
51	123
51	126
51	138
51	140
51	141
51	142
51	143
51	144
51	145
51	146
51	147
51	148
51	149
51	150
51	151
51	152
51	153
51	160
51	164
51	166
51	167
51	172
51	174
51	175
51	177
51	178
51	179
51	181
51	182
52	83
52	84
52	91
52	92
52	93
52	94
52	95
52	96
52	97
52	98
52	102
52	120
52	121
52	143
52	144
52	145
52	146
52	147
52	151
52	152
53	83
53	84
53	85
53	87
53	88
53	89
53	90
53	91
53	92
53	93
53	94
53	95
53	96
53	97
53	98
53	102
53	103
53	116
53	117
53	118
53	119
53	120
53	121
53	122
53	123
53	126
53	138
53	140
53	141
53	142
53	143
53	144
53	145
53	146
53	147
53	148
53	149
53	150
53	151
53	152
53	153
53	160
53	164
53	166
53	167
53	172
53	174
53	175
53	177
53	178
53	179
53	181
53	182
54	83
54	84
54	91
54	92
54	93
54	94
54	95
54	96
54	97
54	98
54	102
54	120
54	121
54	143
54	144
54	145
54	146
54	147
54	151
54	152
55	83
55	84
55	85
55	87
55	88
55	89
55	90
55	91
55	92
55	93
55	94
55	95
55	96
55	97
55	98
55	102
55	103
55	116
55	117
55	118
55	119
55	120
55	121
55	122
55	123
55	126
55	138
55	140
55	141
55	142
55	143
55	144
55	145
55	146
55	147
55	148
55	149
55	150
55	151
55	152
55	153
55	160
55	164
55	166
55	167
55	172
55	174
55	175
55	177
55	178
55	179
55	181
55	182
56	83
56	84
56	85
56	87
56	88
56	89
56	90
56	91
56	92
56	93
56	94
56	95
56	96
56	97
56	98
56	102
56	103
56	116
56	117
56	118
56	119
56	120
56	121
56	122
56	123
56	126
56	138
56	140
56	141
56	142
56	143
56	144
56	145
56	146
56	147
56	148
56	149
56	150
56	151
56	152
56	153
56	160
56	164
56	166
56	167
56	172
56	174
56	175
56	177
56	178
56	179
56	181
56	182
57	83
57	84
57	85
57	87
57	88
57	89
57	90
57	91
57	92
57	93
57	94
57	95
57	96
57	97
57	98
57	102
57	103
57	116
57	117
57	118
57	119
57	120
57	121
57	122
57	123
57	126
57	138
57	140
57	141
57	142
57	143
57	144
57	145
57	146
57	147
57	148
57	149
57	150
57	151
57	152
57	153
57	160
57	164
57	166
57	167
57	172
57	174
57	175
57	177
57	178
57	179
57	181
57	182
58	83
58	84
58	85
58	87
58	88
58	89
58	90
58	91
58	92
58	93
58	94
58	95
58	96
58	97
58	98
58	102
58	103
58	116
58	117
58	118
58	119
58	120
58	121
58	122
58	123
58	126
58	138
58	140
58	141
58	142
58	143
58	144
58	145
58	146
58	147
58	148
58	149
58	150
58	151
58	152
58	153
58	160
58	164
58	166
58	167
58	172
58	174
58	175
58	177
58	178
58	179
58	181
58	182
59	83
59	84
59	85
59	87
59	88
59	89
59	90
59	91
59	92
59	93
59	94
59	95
59	96
59	97
59	98
59	102
59	103
59	116
59	117
59	118
59	119
59	120
59	121
59	122
59	123
59	126
59	138
59	140
59	141
59	142
59	143
59	144
59	145
59	146
59	147
59	148
59	149
59	150
59	151
59	152
59	153
59	160
59	164
59	166
59	167
59	172
59	174
59	175
59	177
59	178
59	179
59	181
59	182
60	83
60	84
60	91
60	92
60	93
60	94
60	95
60	96
60	97
60	98
60	102
60	120
60	121
60	143
60	144
60	145
60	146
60	147
60	151
60	152
61	83
61	84
61	85
61	87
61	88
61	89
61	90
61	91
61	92
61	93
61	94
61	95
61	96
61	97
61	98
61	102
61	103
61	116
61	117
61	118
61	119
61	120
61	121
61	122
61	123
61	126
61	138
61	140
61	141
61	142
61	143
61	144
61	145
61	146
61	147
61	148
61	149
61	150
61	151
61	152
61	153
61	160
61	164
61	166
61	167
61	172
61	174
61	175
61	177
61	178
61	179
61	181
61	182
62	83
62	84
62	91
62	92
62	93
62	94
62	95
62	96
62	97
62	98
62	102
62	120
62	121
62	143
62	144
62	145
62	146
62	147
62	151
62	152
63	83
63	84
63	91
63	92
63	93
63	94
63	95
63	96
63	97
63	98
63	102
63	120
63	121
63	143
63	144
63	145
63	146
63	147
63	151
63	152
64	83
64	84
64	91
64	92
64	93
64	94
64	95
64	96
64	97
64	98
64	102
64	120
64	121
64	143
64	144
64	145
64	146
64	147
64	151
64	152
65	83
65	84
65	85
65	87
65	88
65	89
65	90
65	91
65	92
65	93
65	94
65	95
65	96
65	97
65	98
65	102
65	103
65	116
65	117
65	118
65	119
65	120
65	121
65	122
65	123
65	126
65	138
65	140
65	141
65	142
65	143
65	144
65	145
65	146
65	147
65	148
65	149
65	150
65	151
65	152
65	153
65	160
65	164
65	166
65	167
65	172
65	174
65	175
65	177
65	178
65	179
65	181
65	182
66	83
66	84
66	91
66	92
66	93
66	94
66	95
66	96
66	97
66	98
66	102
66	120
66	121
66	143
66	144
66	145
66	146
66	147
66	151
66	152
67	83
67	84
67	91
67	92
67	93
67	94
67	95
67	96
67	97
67	98
67	102
67	120
67	121
67	143
67	144
67	145
67	146
67	147
67	151
67	152
68	83
68	84
68	85
68	87
68	88
68	89
68	90
68	91
68	92
68	93
68	94
68	95
68	96
68	97
68	98
68	102
68	103
68	116
68	117
68	118
68	119
68	120
68	121
68	122
68	123
68	126
68	138
68	140
68	141
68	142
68	143
68	144
68	145
68	146
68	147
68	148
68	149
68	150
68	151
68	152
68	153
68	160
68	164
68	166
68	167
68	172
68	174
68	175
68	177
68	178
68	179
68	181
68	182
69	83
69	84
69	85
69	87
69	88
69	89
69	90
69	91
69	92
69	93
69	94
69	95
69	96
69	97
69	98
69	102
69	103
69	116
69	117
69	118
69	119
69	120
69	121
69	122
69	123
69	126
69	138
69	140
69	141
69	142
69	143
69	144
69	145
69	146
69	147
69	148
69	149
69	150
69	151
69	152
69	153
69	160
69	164
69	166
69	167
69	172
69	174
69	175
69	177
69	178
69	179
69	181
69	182
70	83
70	84
70	91
70	92
70	93
70	94
70	95
70	96
70	97
70	98
70	102
70	120
70	121
70	143
70	144
70	145
70	146
70	147
70	151
70	152
71	83
71	84
71	85
71	87
71	88
71	89
71	90
71	91
71	92
71	93
71	94
71	95
71	96
71	97
71	98
71	102
71	103
71	116
71	117
71	118
71	119
71	120
71	121
71	122
71	123
71	126
71	138
71	140
71	141
71	142
71	143
71	144
71	145
71	146
71	147
71	148
71	149
71	150
71	151
71	152
71	153
71	160
71	164
71	166
71	167
71	172
71	174
71	175
71	177
71	178
71	179
71	181
71	182
72	83
72	84
72	85
72	86
72	87
72	88
72	89
72	90
72	91
72	92
72	93
72	94
72	95
72	96
72	97
72	98
72	101
72	102
72	103
72	106
72	107
72	108
72	109
72	110
72	113
72	114
72	115
72	116
72	117
72	118
72	119
72	120
72	121
72	122
72	123
72	126
72	127
72	128
72	129
72	130
72	131
72	132
72	134
72	135
72	137
72	138
72	139
72	140
72	141
72	142
72	143
72	144
72	145
72	146
72	147
72	148
72	149
72	150
72	151
72	152
72	153
72	154
72	155
72	156
72	157
72	158
72	159
72	160
72	161
72	162
72	163
72	164
72	165
72	166
72	167
72	168
72	169
72	170
72	171
72	172
72	173
72	174
72	175
72	177
72	178
72	179
72	180
72	181
72	182
72	183
73	83
73	84
73	85
73	86
73	87
73	88
73	89
73	90
73	91
73	92
73	93
73	94
73	95
73	96
73	97
73	98
73	101
73	102
73	103
73	104
73	106
73	107
73	108
73	109
73	110
73	111
73	112
73	113
73	114
73	115
73	116
73	117
73	118
73	119
73	120
73	121
73	122
73	123
73	125
73	126
73	127
73	128
73	129
73	130
73	131
73	132
73	133
73	134
73	135
73	136
73	137
73	138
73	139
73	140
73	141
73	142
73	143
73	144
73	145
73	146
73	147
73	148
73	149
73	150
73	151
73	152
73	153
73	154
73	155
73	156
73	157
73	158
73	159
73	160
73	161
73	162
73	163
73	164
73	165
73	166
73	167
73	168
73	169
73	170
73	171
73	172
73	173
73	174
73	175
73	176
73	177
73	178
73	179
73	180
73	181
73	182
73	183
74	83
74	84
74	91
74	92
74	93
74	94
74	95
74	96
74	97
74	98
74	102
74	120
74	121
74	143
74	144
74	145
74	146
74	147
74	151
74	152
75	83
75	84
75	91
75	93
75	94
75	95
75	96
75	97
75	98
75	144
75	145
75	152
76	83
76	84
76	91
76	93
76	94
76	95
76	96
76	97
76	98
76	144
76	145
76	152
77	83
77	84
77	91
77	93
77	94
77	95
77	96
77	97
77	98
77	144
77	145
77	152
78	83
78	84
78	91
78	93
78	94
78	95
78	96
78	97
78	98
78	144
78	145
78	152
79	83
79	84
79	91
79	93
79	94
79	95
79	96
79	97
79	98
79	144
79	145
79	152
80	83
80	84
80	91
80	93
80	94
80	95
80	96
80	97
80	98
80	144
80	145
80	152
81	83
81	84
81	91
81	93
81	94
81	95
81	96
81	97
81	98
81	144
81	145
81	152
82	83
82	84
82	91
82	93
82	94
82	95
82	96
82	97
82	98
82	144
82	145
82	152
83	85
83	86
83	87
83	88
83	89
83	90
83	91
83	92
83	93
83	94
83	95
83	96
83	99
83	100
83	101
83	102
83	103
83	104
83	105
83	106
83	107
83	108
83	109
83	110
83	111
83	112
83	113
83	114
83	115
83	116
83	117
83	118
83	119
83	120
83	121
83	122
83	123
83	124
83	125
83	126
83	127
83	128
83	129
83	130
83	131
83	132
83	133
83	134
83	135
83	136
83	137
83	138
83	139
83	140
83	141
83	142
83	143
83	144
83	145
83	146
83	147
83	148
83	149
83	150
83	151
83	152
83	153
83	154
83	155
83	156
83	157
83	158
83	159
83	160
83	161
83	162
83	163
83	164
83	165
83	166
83	167
83	168
83	169
83	170
83	171
83	172
83	173
83	174
83	175
83	176
83	177
83	178
83	179
83	180
83	181
83	182
83	183
84	85
84	86
84	87
84	88
84	89
84	90
84	91
84	92
84	93
84	94
84	95
84	96
84	99
84	100
84	101
84	102
84	103
84	104
84	105
84	106
84	107
84	108
84	109
84	110
84	111
84	112
84	113
84	114
84	115
84	116
84	117
84	118
84	119
84	120
84	121
84	122
84	123
84	124
84	125
84	126
84	127
84	128
84	129
84	130
84	131
84	132
84	133
84	134
84	135
84	136
84	137
84	138
84	139
84	140
84	141
84	142
84	143
84	144
84	145
84	146
84	147
84	148
84	149
84	150
84	151
84	152
84	153
84	154
84	155
84	156
84	157
84	158
84	159
84	160
84	161
84	162
84	163
84	164
84	165
84	166
84	167
84	168
84	169
84	170
84	171
84	172
84	173
84	174
84	175
84	176
84	177
84	178
84	179
84	180
84	181
84	182
84	183
85	91
85	93
85	94
85	95
85	96
85	97
85	98
85	144
85	145
85	152
86	91
86	93
86	94
86	95
86	96
86	97
86	98
86	144
86	145
86	152
87	91
87	93
87	94
87	95
87	96
87	97
87	98
87	144
87	145
87	152
88	91
88	93
88	94
88	95
88	96
88	97
88	98
88	144
88	145
88	152
89	91
89	93
89	94
89	95
89	96
89	97
89	98
89	144
89	145
89	152
90	91
90	93
90	94
90	95
90	96
90	97
90	98
90	144
90	145
90	152
91	92
91	93
91	94
91	95
91	96
91	97
91	98
91	99
91	100
91	101
91	102
91	103
91	104
91	105
91	106
91	107
91	108
91	109
91	110
91	111
91	112
91	113
91	114
91	115
91	116
91	117
91	118
91	119
91	120
91	121
91	122
91	123
91	124
91	125
91	126
91	127
91	128
91	129
91	130
91	131
91	132
91	133
91	134
91	135
91	136
91	137
91	138
91	139
91	140
91	141
91	142
91	143
91	144
91	145
91	146
91	147
91	148
91	149
91	150
91	151
91	152
91	153
91	154
91	155
91	156
91	157
91	158
91	159
91	160
91	161
91	162
91	163
91	164
91	165
91	166
91	167
91	168
91	169
91	170
91	171
91	172
91	173
91	174
91	175
91	176
91	177
91	178
91	179
91	180
91	181
91	182
91	183
92	93
92	94
92	95
92	96
92	97
92	98
92	144
92	145
92	147
92	152
93	96
93	97
93	98
93	99
93	100
93	101
93	102
93	103
93	104
93	105
93	106
93	107
93	108
93	109
93	110
93	111
93	112
93	113
93	114
93	115
93	116
93	117
93	118
93	119
93	120
93	121
93	122
93	123
93	124
93	125
93	126
93	127
93	128
93	129
93	130
93	131
93	132
93	133
93	134
93	135
93	136
93	137
93	138
93	139
93	140
93	141
93	142
93	143
93	144
93	145
93	146
93	147
93	148
93	149
93	150
93	151
93	152
93	153
93	154
93	155
93	156
93	157
93	158
93	159
93	160
93	161
93	162
93	163
93	164
93	165
93	166
93	167
93	168
93	169
93	170
93	171
93	172
93	173
93	174
93	175
93	176
93	177
93	178
93	179
93	180
93	181
93	182
93	183
94	96
94	97
94	98
94	99
94	100
94	101
94	102
94	103
94	104
94	105
94	106
94	107
94	108
94	109
94	110
94	111
94	112
94	113
94	114
94	115
94	116
94	117
94	118
94	119
94	120
94	121
94	122
94	123
94	124
94	125
94	126
94	127
94	128
94	129
94	130
94	131
94	132
94	133
94	134
94	135
94	136
94	137
94	138
94	139
94	140
94	141
94	142
94	143
94	144
94	145
94	146
94	147
94	148
94	149
94	150
94	151
94	152
94	153
94	154
94	155
94	156
94	157
94	158
94	159
94	160
94	161
94	162
94	163
94	164
94	165
94	166
94	167
94	168
94	169
94	170
94	171
94	172
94	173
94	174
94	175
94	176
94	177
94	178
94	179
94	180
94	181
94	182
94	183
95	96
95	97
95	98
95	99
95	100
95	101
95	102
95	103
95	104
95	105
95	106
95	107
95	108
95	109
95	110
95	111
95	112
95	113
95	114
95	115
95	116
95	117
95	118
95	119
95	120
95	121
95	122
95	123
95	124
95	125
95	126
95	127
95	128
95	129
95	130
95	131
95	132
95	133
95	134
95	135
95	136
95	137
95	138
95	139
95	140
95	141
95	142
95	143
95	144
95	145
95	146
95	147
95	148
95	149
95	150
95	151
95	152
95	153
95	154
95	155
95	156
95	157
95	158
95	159
95	160
95	161
95	162
95	163
95	164
95	165
95	166
95	167
95	168
95	169
95	170
95	171
95	172
95	173
95	174
95	175
95	176
95	177
95	178
95	179
95	180
95	181
95	182
95	183
96	97
96	98
96	99
96	100
96	101
96	102
96	103
96	104
96	105
96	106
96	107
96	108
96	109
96	110
96	111
96	112
96	113
96	114
96	115
96	116
96	117
96	118
96	119
96	120
96	121
96	122
96	123
96	124
96	125
96	126
96	127
96	128
96	129
96	130
96	131
96	132
96	133
96	134
96	135
96	136
96	137
96	138
96	139
96	140
96	141
96	142
96	143
96	144
96	145
96	146
96	147
96	148
96	149
96	150
96	151
96	152
96	153
96	154
96	155
96	156
96	157
96	158
96	159
96	160
96	161
96	162
96	163
96	164
96	165
96	166
96	167
96	168
96	169
96	170
96	171
96	172
96	173
96	174
96	175
96	176
96	177
96	178
96	179
96	180
96	181
96	182
96	183
97	99
97	100
97	101
97	102
97	103
97	104
97	105
97	106
97	107
97	108
97	109
97	110
97	111
97	112
97	113
97	114
97	115
97	116
97	117
97	118
97	119
97	120
97	121
97	122
97	123
97	124
97	125
97	126
97	127
97	128
97	129
97	130
97	131
97	132
97	133
97	134
97	135
97	136
97	137
97	138
97	139
97	140
97	141
97	142
97	143
97	144
97	145
97	146
97	147
97	148
97	149
97	150
97	151
97	152
97	153
97	154
97	155
97	156
97	157
97	158
97	159
97	160
97	161
97	162
97	163
97	164
97	165
97	166
97	167
97	168
97	169
97	170
97	171
97	172
97	173
97	174
97	175
97	176
97	177
97	178
97	179
97	180
97	181
97	182
97	183
98	99
98	100
98	101
98	102
98	103
98	104
98	105
98	106
98	107
98	108
98	109
98	110
98	111
98	112
98	113
98	114
98	115
98	116
98	117
98	118
98	119
98	120
98	121
98	122
98	123
98	124
98	125
98	126
98	127
98	128
98	129
98	130
98	131
98	132
98	133
98	134
98	135
98	136
98	137
98	138
98	139
98	140
98	141
98	142
98	143
98	144
98	145
98	146
98	147
98	148
98	149
98	150
98	151
98	152
98	153
98	154
98	155
98	156
98	157
98	158
98	159
98	160
98	161
98	162
98	163
98	164
98	165
98	166
98	167
98	168
98	169
98	170
98	171
98	172
98	173
98	174
98	175
98	176
98	177
98	178
98	179
98	180
98	181
98	182
98	183
99	144
99	145
99	152
100	144
100	145
100	152
101	144
101	145
101	152
102	144
102	145
102	147
102	152
103	144
103	145
103	152
104	144
104	145
104	152
105	144
105	145
105	152
106	144
106	145
106	152
107	144
107	145
107	152
108	144
108	145
108	152
109	144
109	145
109	152
110	144
110	145
110	152
111	144
111	145
111	152
112	144
112	145
112	152
113	144
113	145
113	152
114	144
114	145
114	152
115	144
115	145
115	152
116	144
116	145
116	152
117	144
117	145
117	152
118	144
118	145
118	152
119	144
119	145
119	152
120	144
120	145
120	152
121	144
121	145
121	152
122	144
122	145
122	152
123	144
123	145
123	152
124	144
124	145
124	152
125	144
125	145
125	152
126	144
126	145
126	152
127	144
127	145
127	152
128	144
128	145
128	152
129	144
129	145
129	152
130	144
130	145
130	152
131	144
131	145
131	152
132	144
132	145
132	152
133	144
133	145
133	152
134	144
134	145
134	152
135	144
135	145
135	152
136	144
136	145
136	152
137	144
137	145
137	152
138	144
138	145
138	152
139	144
139	145
139	152
140	144
140	145
140	152
141	144
141	145
141	152
142	144
142	145
142	152
143	144
143	145
143	152
144	146
144	147
144	148
144	149
144	150
144	151
144	152
144	153
144	154
144	155
144	156
144	157
144	158
144	159
144	160
144	161
144	162
144	163
144	164
144	165
144	166
144	167
144	168
144	169
144	170
144	171
144	172
144	173
144	174
144	175
144	176
144	177
144	178
144	179
144	180
144	181
144	182
144	183
145	146
145	147
145	148
145	149
145	150
145	151
145	152
145	153
145	154
145	155
145	156
145	157
145	158
145	159
145	160
145	161
145	162
145	163
145	164
145	165
145	166
145	167
145	168
145	169
145	170
145	171
145	172
145	173
145	174
145	175
145	176
145	177
145	178
145	179
145	180
145	181
145	182
145	183
146	152
147	152
148	152
149	152
150	152
151	152
152	153
152	154
152	155
152	156
152	157
152	158
152	159
152	160
152	161
152	162
152	163
152	164
152	165
152	166
152	167
152	168
152	169
152	170
152	171
152	172
152	173
152	174
152	175
152	176
152	177
152	178
152	179
152	180
152	181
152	182
152	183