133	393
1	100
1	127
1	129
2	100
2	127
2	129
3	100
3	127
3	129
4	100
4	127
4	129
5	100
5	127
5	129
6	100
6	127
6	129
7	100
7	127
7	129
8	100
8	127
8	129
9	100
9	127
9	129
10	100
10	127
10	129
11	100
11	127
11	129
12	100
12	127
12	129
13	100
13	127
13	129
14	100
14	127
14	129
15	100
15	127
15	129
16	100
16	127
16	129
17	100
17	127
17	129
18	100
18	127
18	129
19	100
19	127
19	129
20	100
20	127
20	129
21	100
21	127
21	129
22	100
22	127
22	129
23	100
23	127
23	129
24	100
24	127
24	129
25	100
25	127
25	129
26	100
26	127
26	129
27	100
27	127
27	129
28	100
28	127
28	129
29	100
29	127
29	129
30	100
30	127
30	129
31	100
31	127
31	129
32	100
32	127
32	129
33	100
33	127
33	129
34	100
34	127
34	129
35	100
35	127
35	129
36	100
36	127
36	129
37	100
37	127
37	129
38	100
38	127
38	129
39	100
39	127
39	129
40	100
40	127
40	129
41	100
41	127
41	129
42	100
42	127
42	129
43	100
43	127
43	129
44	100
44	127
44	129
45	100
45	127
45	129
46	100
46	127
46	129
47	100
47	127
47	129
48	100
48	127
48	129
49	100
49	127
49	129
50	100
50	127
50	129
51	100
51	127
51	129
52	100
52	127
52	129
53	100
53	127
53	129
54	100
54	127
54	129
55	100
55	127
55	129
56	100
56	127
56	129
57	100
57	127
57	129
58	100
58	127
58	129
59	100
59	127
59	129
60	100
60	127
60	129
61	100
61	127
61	129
62	100
62	127
62	129
63	100
63	127
63	129
64	100
64	127
64	129
65	100
65	127
65	129
66	100
66	127
66	129
67	100
67	127
67	129
68	100
68	127
68	129
69	100
69	127
69	129
70	100
70	127
70	129
71	100
71	127
71	129
72	100
72	127
72	129
73	100
73	127
73	129
74	100
74	127
74	129
75	100
75	127
75	129
76	100
76	127
76	129
77	100
77	127
77	129
78	100
78	127
78	129
79	100
79	127
79	129
80	100
80	127
80	129
81	100
81	127
81	129
82	100
82	127
82	129
83	100
83	127
83	129
84	100
84	127
84	129
85	100
85	127
85	129
86	100
86	127
86	129
87	100
87	127
87	129
88	100
88	127
88	129
89	100
89	127
89	129
90	100
90	127
90	129
91	100
91	127
91	129
92	100
92	127
92	129
93	100
93	127
93	129
94	100
94	127
94	129
95	100
95	127
95	129
96	100
96	127
96	129
97	100
97	127
97	129
98	100
98	127
98	129
99	100
99	127
99	129
100	101
100	102
100	103
100	104
100	105
100	106
100	107
100	108
100	109
100	110
100	111
100	112
100	113
100	114
100	115
100	116
100	117
100	118
100	119
100	120
100	121
100	122
100	123
100	124
100	125
100	126
100	127
100	128
100	129
100	130
100	131
100	132
100	133
101	127
101	129
102	127
102	129
103	127
103	129
104	127
104	129
105	127
105	129
106	127
106	129
107	127
107	129
108	127
108	129
109	127
109	129
110	127
110	129
111	127
111	129
112	127
112	129
113	127
113	129
114	127
114	129
115	127
115	129
116	127
116	129
117	127
117	129
118	127
118	129
119	127
119	129
120	127
120	129
121	127
121	129
122	127
122	129
123	127
123	129
124	127
124	129
125	127
125	129
126	127
126	129
127	128
127	129
127	130
127	131
127	132
127	133
128	129
129	130
129	131
129	132
129	133