133	1509
1	74
1	84
1	91
1	93
1	100
1	107
1	111
1	112
1	113
1	114
1	115
1	116
1	118
1	119
1	120
1	121
1	122
1	123
1	124
1	125
1	126
1	127
1	128
1	129
1	130
1	131
1	132
1	133
2	93
2	100
2	111
2	114
2	116
2	122
2	123
2	124
2	126
2	127
2	129
2	131
2	132
2	133
3	74
3	84
3	91
3	93
3	100
3	107
3	111
3	112
3	113
3	114
3	115
3	116
3	118
3	119
3	120
3	121
3	122
3	123
3	124
3	125
3	126
3	127
3	128
3	129
3	130
3	131
3	132
3	133
4	100
4	111
4	116
4	124
4	126
4	127
4	129
4	131
4	132
4	133
5	74
5	84
5	91
5	93
5	100
5	107
5	111
5	112
5	113
5	114
5	115
5	116
5	118
5	119
5	120
5	121
5	122
5	123
5	124
5	125
5	126
5	127
5	128
5	129
5	130
5	131
5	132
5	133
6	93
6	100
6	111
6	114
6	116
6	122
6	123
6	124
6	126
6	127
6	129
6	131
6	132
6	133
7	93
7	100
7	111
7	114
7	116
7	122
7	123
7	124
7	126
7	127
7	129
7	131
7	132
7	133
8	39
8	72
8	74
8	84
8	91
8	93
8	100
8	107
8	111
8	112
8	113
8	114
8	115
8	116
8	118
8	119
8	120
8	121
8	122
8	123
8	124
8	125
8	126
8	127
8	128
8	129
8	130
8	131
8	132
8	133
9	74
9	84
9	91
9	93
9	100
9	107
9	111
9	112
9	113
9	114
9	115
9	116
9	118
9	119
9	120
9	121
9	122
9	123
9	124
9	125
9	126
9	127
9	128
9	129
9	130
9	131
9	132
9	133
10	74
10	84
10	91
10	93
10	100
10	107
10	111
10	112
10	113
10	114
10	115
10	116
10	118
10	119
10	120
10	121
10	122
10	123
10	124
10	125
10	126
10	127
10	128
10	129
10	130
10	131
10	132
10	133
11	74
11	84
11	93
11	100
11	107
11	111
11	112
11	113
11	114
11	115
11	116
11	118
11	119
11	120
11	121
11	122
11	123
11	124
11	125
11	126
11	127
11	128
11	129
11	130
11	131
11	132
11	133
12	74
12	84
12	91
12	93
12	100
12	107
12	111
12	112
12	113
12	114
12	115
12	116
12	118
12	119
12	120
12	121
12	122
12	123
12	124
12	125
12	126
12	127
12	128
12	129
12	130
12	131
12	132
12	133
13	74
13	84
13	91
13	93
13	100
13	107
13	111
13	112
13	113
13	114
13	115
13	116
13	118
13	119
13	120
13	121
13	122
13	123
13	124
13	125
13	126
13	127
13	128
13	129
13	130
13	131
13	132
13	133
14	74
14	84
14	91
14	93
14	100
14	107
14	111
14	112
14	113
14	114
14	115
14	116
14	118
14	119
14	120
14	121
14	122
14	123
14	124
14	125
14	126
14	127
14	128
14	129
14	130
14	131
14	132
14	133
15	74
15	75
15	82
15	84
15	86
15	87
15	91
15	92
15	93
15	95
15	98
15	99
15	100
15	107
15	108
15	111
15	112
15	113
15	114
15	115
15	116
15	118
15	119
15	120
15	121
15	122
15	123
15	124
15	125
15	126
15	127
15	128
15	129
15	130
15	131
15	132
15	133
16	39
16	72
16	74
16	84
16	91
16	93
16	100
16	107
16	111
16	112
16	113
16	114
16	115
16	116
16	118
16	119
16	120
16	121
16	122
16	123
16	124
16	125
16	126
16	127
16	128
16	129
16	130
16	131
16	132
16	133
17	74
17	84
17	91
17	93
17	100
17	107
17	111
17	112
17	113
17	114
17	115
17	116
17	118
17	119
17	120
17	121
17	122
17	123
17	124
17	125
17	126
17	127
17	128
17	129
17	130
17	131
17	132
17	133
18	74
18	75
18	82
18	84
18	86
18	87
18	91
18	92
18	93
18	95
18	98
18	99
18	100
18	107
18	108
18	111
18	112
18	113
18	114
18	115
18	116
18	118
18	119
18	120
18	121
18	122
18	123
18	124
18	125
18	126
18	127
18	128
18	129
18	130
18	131
18	132
18	133
19	74
19	75
19	82
19	84
19	86
19	87
19	91
19	92
19	93
19	95
19	98
19	99
19	100
19	107
19	108
19	111
19	112
19	113
19	114
19	115
19	116
19	118
19	119
19	120
19	121
19	122
19	123
19	124
19	125
19	126
19	127
19	128
19	129
19	130
19	131
19	132
19	133
20	74
20	75
20	82
20	84
20	86
20	87
20	91
20	92
20	93
20	95
20	98
20	99
20	100
20	107
20	108
20	111
20	112
20	113
20	114
20	115
20	116
20	118
20	119
20	120
20	121
20	122
20	123
20	124
20	125
20	126
20	127
20	128
20	129
20	130
20	131
20	132
20	133
21	28
21	38
21	39
21	45
21	59
21	60
21	67
21	71
21	72
21	73
21	74
21	75
21	76
21	77
21	78
21	82
21	84
21	85
21	86
21	87
21	91
21	92
21	93
21	95
21	98
21	99
21	100
21	101
21	103
21	107
21	108
21	109
21	110
21	111
21	112
21	113
21	114
21	115
21	116
21	117
21	118
21	119
21	120
21	121
21	122
21	123
21	124
21	125
21	126
21	127
21	128
21	129
21	130
21	131
21	132
21	133
22	39
22	72
22	74
22	84
22	91
22	93
22	100
22	107
22	111
22	112
22	113
22	114
22	115
22	116
22	118
22	119
22	120
22	121
22	122
22	123
22	124
22	125
22	126
22	127
22	128
22	129
22	130
22	131
22	132
22	133
23	39
23	72
23	74
23	84
23	91
23	93
23	100
23	107
23	111
23	112
23	113
23	114
23	115
23	116
23	118
23	119
23	120
23	121
23	122
23	123
23	124
23	125
23	126
23	127
23	128
23	129
23	130
23	131
23	132
23	133
24	74
24	84
24	91
24	93
24	100
24	107
24	111
24	112
24	113
24	114
24	115
24	116
24	118
24	119
24	120
24	121
24	122
24	123
24	124
24	125
24	126
24	127
24	128
24	129
24	130
24	131
24	132
24	133
25	74
25	75
25	82
25	84
25	86
25	87
25	91
25	92
25	93
25	95
25	98
25	99
25	100
25	107
25	108
25	111
25	112
25	113
25	114
25	115
25	116
25	118
25	119
25	120
25	121
25	122
25	123
25	124
25	125
25	126
25	127
25	128
25	129
25	130
25	131
25	132
25	133
26	74
26	75
26	82
26	84
26	86
26	87
26	91
26	92
26	93
26	95
26	98
26	99
26	100
26	107
26	108
26	111
26	112
26	113
26	114
26	115
26	116
26	118
26	119
26	120
26	121
26	122
26	123
26	124
26	125
26	126
26	127
26	128
26	129
26	130
26	131
26	132
26	133
27	74
27	75
27	82
27	84
27	86
27	87
27	91
27	92
27	93
27	95
27	98
27	99
27	100
27	107
27	108
27	111
27	112
27	113
27	114
27	115
27	116
27	118
27	119
27	120
27	121
27	122
27	123
27	124
27	125
27	126
27	127
27	128
27	129
27	130
27	131
27	132
27	133
28	100
28	127
28	129
29	74
29	75
29	82
29	84
29	86
29	87
29	91
29	92
29	93
29	95
29	98
29	99
29	100
29	107
29	108
29	111
29	112
29	113
29	114
29	115
29	116
29	118
29	119
29	120
29	121
29	122
29	123
29	124
29	125
29	126
29	127
29	128
29	129
29	130
29	131
29	132
29	133
30	74
30	75
30	82
30	84
30	86
30	87
30	91
30	92
30	93
30	95
30	98
30	99
30	100
30	107
30	108
30	111
30	112
30	113
30	114
30	115
30	116
30	118
30	119
30	120
30	121
30	122
30	123
30	124
30	125
30	126
30	127
30	128
30	129
30	130
30	131
30	132
30	133
31	93
31	100
31	111
31	114
31	116
31	122
31	123
31	124
31	126
31	127
31	129
31	131
31	132
31	133
32	100
32	127
32	129
33	93
33	100
33	111
33	114
33	116
33	122
33	123
33	124
33	126
33	127
33	129
33	131
33	132
33	133
34	100
34	127
34	129
35	100
35	111
35	116
35	124
35	126
35	127
35	129
35	131
35	132
35	133
36	100
36	127
36	129
37	100
37	116
37	122
37	124
37	126
37	127
37	129
37	131
37	132
37	133
38	84
38	100
38	116
38	122
38	124
38	126
38	127
38	129
38	131
38	132
38	133
39	84
39	86
39	87
39	92
39	93
39	100
39	107
39	108
39	111
39	112
39	113
39	114
39	115
39	116
39	118
39	119
39	120
39	121
39	122
39	123
39	124
39	125
39	126
39	127
39	128
39	129
39	130
39	131
39	132
39	133
40	100
40	127
40	129
41	93
41	100
41	111
41	114
41	116
41	123
41	124
41	126
41	127
41	129
41	131
41	132
41	133
42	100
42	116
42	124
42	126
42	127
42	129
42	131
42	132
42	133
43	100
43	127
43	129
44	100
44	116
44	124
44	126
44	127
44	129
44	131
44	132
44	133
45	84
45	100
45	127
45	129
45	131
45	133
46	100
46	116
46	124
46	126
46	127
46	129
46	131
46	132
46	133
47	100
47	127
47	129
48	93
48	100
48	111
48	114
48	116
48	122
48	123
48	124
48	126
48	127
48	129
48	131
48	132
48	133
49	100
49	116
49	124
49	126
49	127
49	129
49	131
49	132
49	133
50	93
50	100
50	111
50	114
50	116
50	123
50	124
50	126
50	127
50	129
50	131
50	132
50	133
51	100
51	127
51	129
52	100
52	127
52	129
53	100
53	116
53	124
53	126
53	127
53	129
53	131
53	132
53	133
54	100
54	116
54	124
54	126
54	127
54	129
54	131
54	132
54	133
55	93
55	100
55	111
55	114
55	116
55	122
55	123
55	124
55	126
55	127
55	129
55	131
55	132
55	133
56	100
56	116
56	122
56	124
56	126
56	127
56	129
56	131
56	132
56	133
57	100
57	116
57	122
57	124
57	126
57	127
57	129
57	131
57	132
57	133
58	100
58	127
58	129
59	100
59	116
59	124
59	126
59	127
59	129
59	131
59	132
59	133
60	93
60	100
60	111
60	114
60	116
60	123
60	124
60	126
60	127
60	129
60	131
60	132
60	133
61	100
61	127
61	129
62	100
62	127
62	129
63	100
63	127
63	129
64	100
64	127
64	129
65	100
65	127
65	129
66	100
66	127
66	129
67	100
67	116
67	124
67	126
67	127
67	129
67	131
67	132
67	133
68	93
68	100
68	111
68	114
68	116
68	123
68	124
68	126
68	127
68	129
68	131
68	132
68	133
69	100
69	124
69	126
69	127
69	129
69	131
69	132
69	133
70	100
70	127
70	129
71	93
71	100
71	111
71	114
71	116
71	123
71	124
71	126
71	127
71	129
71	131
71	132
71	133
72	92
72	93
72	100
72	107
72	111
72	112
72	113
72	114
72	115
72	116
72	118
72	119
72	120
72	121
72	122
72	123
72	124
72	125
72	126
72	127
72	128
72	129
72	130
72	131
72	132
72	133
73	93
73	100
73	111
73	114
73	116
73	123
73	124
73	126
73	127
73	129
73	131
73	132
73	133
74	91
74	92
74	93
74	100
74	107
74	111
74	112
74	113
74	114
74	115
74	116
74	118
74	119
74	120
74	121
74	122
74	123
74	124
74	125
74	126
74	127
74	128
74	129
74	130
74	131
74	132
74	133
75	100
75	127
75	129
76	100
76	127
76	129
77	100
77	111
77	116
77	124
77	126
77	127
77	129
77	131
77	132
77	133
78	100
78	127
78	129
79	100
79	116
79	127
79	129
79	131
79	132
79	133
80	100
80	127
80	129
81	100
81	127
81	129
82	100
82	116
82	127
82	129
82	131
82	132
82	133
83	100
83	127
83	129
84	91
84	92
84	93
84	100
84	107
84	111
84	112
84	113
84	114
84	115
84	116
84	118
84	119
84	120
84	121
84	122
84	123
84	124
84	125
84	126
84	127
84	128
84	129
84	130
84	131
84	132
84	133
85	100
85	127
85	129
86	100
86	127
86	129
86	131
86	132
86	133
87	100
87	124
87	126
87	127
87	129
87	131
87	132
87	133
88	100
88	127
88	129
89	100
89	116
89	127
89	129
89	131
89	132
89	133
90	100
90	127
90	129
91	100
91	127
91	129
92	100
92	127
92	129
93	100
93	127
93	129
94	100
94	127
94	129
95	100
95	127
95	129
96	100
96	127
96	129
97	100
97	116
97	127
97	129
97	131
97	132
97	133
98	100
98	127
98	129
99	100
99	127
99	129
100	101
100	102
100	103
100	104
100	105
100	106
100	107
100	108
100	109
100	110
100	111
100	112
100	113
100	114
100	115
100	116
100	117
100	118
100	119
100	120
100	121
100	122
100	123
100	124
100	125
100	126
100	127
100	128
100	129
100	130
100	131
100	132
100	133
101	127
101	129
102	127
102	129
103	127
103	129
104	127
104	129
105	127
105	129
105	131
105	132
105	133
106	111
106	124
106	126
106	127
106	129
106	131
106	132
106	133
107	127
107	129
108	127
108	129
109	127
109	129
110	127
110	129
111	127
111	129
112	127
112	129
113	127
113	129
114	127
114	129
115	127
115	129
116	118
116	127
116	129
117	127
117	129
118	127
118	129
119	127
119	129
120	127
120	129
121	127
121	129
122	127
122	129
123	127
123	129
124	127
124	129
125	127
125	129
126	127
126	129
127	128
127	129
127	130
127	131
127	132
127	133
128	129
129	130
129	131
129	132
129	133