133	653
1	100
1	111
1	116
1	124
1	126
1	127
1	129
1	131
1	132
1	133
2	100
2	127
2	129
3	100
3	111
3	116
3	124
3	126
3	127
3	129
3	131
3	132
3	133
4	100
4	127
4	129
5	100
5	111
5	116
5	124
5	126
5	127
5	129
5	131
5	132
5	133
6	100
6	127
6	129
7	100
7	127
7	129
8	100
8	111
8	116
8	124
8	126
8	127
8	129
8	131
8	132
8	133
9	100
9	111
9	116
9	124
9	126
9	127
9	129
9	131
9	132
9	133
10	100
10	111
10	116
10	124
10	126
10	127
10	129
10	131
10	132
10	133
11	100
11	116
11	124
11	126
11	127
11	129
11	131
11	132
11	133
12	100
12	111
12	116
12	124
12	126
12	127
12	129
12	131
12	132
12	133
13	100
13	111
13	116
13	124
13	126
13	127
13	129
13	131
13	132
13	133
14	100
14	111
14	116
14	124
14	126
14	127
14	129
14	131
14	132
14	133
15	93
15	100
15	111
15	114
15	116
15	122
15	123
15	124
15	126
15	127
15	129
15	131
15	132
15	133
16	100
16	111
16	116
16	124
16	126
16	127
16	129
16	131
16	132
16	133
17	100
17	111
17	116
17	124
17	126
17	127
17	129
17	131
17	132
17	133
18	93
18	100
18	111
18	114
18	116
18	122
18	123
18	124
18	126
18	127
18	129
18	131
18	132
18	133
19	93
19	100
19	111
19	114
19	116
19	122
19	123
19	124
19	126
19	127
19	129
19	131
19	132
19	133
20	93
20	100
20	111
20	114
20	116
20	122
20	123
20	124
20	126
20	127
20	129
20	131
20	132
20	133
21	74
21	84
21	91
21	93
21	100
21	107
21	111
21	112
21	113
21	114
21	115
21	116
21	118
21	119
21	120
21	121
21	122
21	123
21	124
21	125
21	126
21	127
21	128
21	129
21	130
21	131
21	132
21	133
22	100
22	111
22	116
22	124
22	126
22	127
22	129
22	131
22	132
22	133
23	100
23	111
23	116
23	124
23	126
23	127
23	129
23	131
23	132
23	133
24	100
24	111
24	116
24	124
24	126
24	127
24	129
24	131
24	132
24	133
25	93
25	100
25	111
25	114
25	116
25	122
25	123
25	124
25	126
25	127
25	129
25	131
25	132
25	133
26	93
26	100
26	111
26	114
26	116
26	122
26	123
26	124
26	126
26	127
26	129
26	131
26	132
26	133
27	93
27	100
27	111
27	114
27	116
27	122
27	123
27	124
27	126
27	127
27	129
27	131
27	132
27	133
28	100
28	127
28	129
29	93
29	100
29	111
29	114
29	116
29	122
29	123
29	124
29	126
29	127
29	129
29	131
29	132
29	133
30	93
30	100
30	111
30	114
30	116
30	122
30	123
30	124
30	126
30	127
30	129
30	131
30	132
30	133
31	100
31	127
31	129
32	100
32	127
32	129
33	100
33	127
33	129
34	100
34	127
34	129
35	100
35	127
35	129
36	100
36	127
36	129
37	100
37	127
37	129
38	100
38	127
38	129
39	100
39	116
39	124
39	126
39	127
39	129
39	131
39	132
39	133
40	100
40	127
40	129
41	100
41	127
41	129
42	100
42	127
42	129
43	100
43	127
43	129
44	100
44	127
44	129
45	100
45	127
45	129
46	100
46	127
46	129
47	100
47	127
47	129
48	100
48	127
48	129
49	100
49	127
49	129
50	100
50	127
50	129
51	100
51	127
51	129
52	100
52	127
52	129
53	100
53	127
53	129
54	100
54	127
54	129
55	100
55	127
55	129
56	100
56	127
56	129
57	100
57	127
57	129
58	100
58	127
58	129
59	100
59	127
59	129
60	100
60	127
60	129
61	100
61	127
61	129
62	100
62	127
62	129
63	100
63	127
63	129
64	100
64	127
64	129
65	100
65	127
65	129
66	100
66	127
66	129
67	100
67	127
67	129
68	100
68	127
68	129
69	100
69	127
69	129
70	100
70	127
70	129
71	100
71	127
71	129
72	100
72	116
72	124
72	126
72	127
72	129
72	131
72	132
72	133
73	100
73	127
73	129
74	93
74	100
74	111
74	114
74	116
74	123
74	124
74	126
74	127
74	129
74	131
74	132
74	133
75	100
75	127
75	129
76	100
76	127
76	129
77	100
77	127
77	129
78	100
78	127
78	129
79	100
79	127
79	129
80	100
80	127
80	129
81	100
81	127
81	129
82	100
82	127
82	129
83	100
83	127
83	129
84	93
84	100
84	111
84	114
84	116
84	123
84	124
84	126
84	127
84	129
84	131
84	132
84	133
85	100
85	127
85	129
86	100
86	127
86	129
87	100
87	127
87	129
88	100
88	127
88	129
89	100
89	127
89	129
90	100
90	127
90	129
91	100
91	127
91	129
92	100
92	127
92	129
93	100
93	127
93	129
94	100
94	127
94	129
95	100
95	127
95	129
96	100
96	127
96	129
97	100
97	127
97	129
98	100
98	127
98	129
99	100
99	127
99	129
100	101
100	102
100	103
100	104
100	105
100	106
100	107
100	108
100	109
100	110
100	111
100	112
100	113
100	114
100	115
100	116
100	117
100	118
100	119
100	120
100	121
100	122
100	123
100	124
100	125
100	126
100	127
100	128
100	129
100	130
100	131
100	132
100	133
101	127
101	129
102	127
102	129
103	127
103	129
104	127
104	129
105	127
105	129
106	127
106	129
107	127
107	129
108	127
108	129
109	127
109	129
110	127
110	129
111	127
111	129
112	127
112	129
113	127
113	129
114	127
114	129
115	127
115	129
116	127
116	129
117	127
117	129
118	127
118	129
119	127
119	129
120	127
120	129
121	127
121	129
122	127
122	129
123	127
123	129
124	127
124	129
125	127
125	129
126	127
126	129
127	128
127	129
127	130
127	131
127	132
127	133
128	129
129	130
129	131
129	132
129	133