228	7781
1	15
1	91
1	95
1	96
1	98
1	100
1	101
1	103
1	104
1	108
1	109
1	110
1	112
1	113
1	114
1	115
1	116
1	117
1	119
1	121
1	122
1	123
1	124
1	125
1	126
1	127
1	128
1	130
1	131
1	132
1	134
1	135
1	136
1	137
1	138
1	139
1	140
1	141
1	142
1	143
1	144
1	145
1	146
1	147
1	148
1	149
1	150
1	151
1	152
1	153
1	154
1	155
1	156
1	157
1	158
1	159
1	160
1	161
1	162
1	163
1	164
1	165
1	166
1	167
1	168
1	169
1	170
1	171
1	172
1	173
1	174
1	175
1	176
1	177
1	178
1	179
1	180
1	181
1	182
1	183
1	184
1	185
1	186
1	187
1	188
1	189
1	190
1	191
1	192
1	193
1	194
1	195
1	196
1	197
1	198
1	199
1	200
1	201
1	202
1	203
1	204
1	205
1	206
1	207
1	208
1	209
1	210
1	211
1	212
1	213
1	214
1	215
1	216
1	217
1	218
1	219
1	220
1	221
1	222
1	223
1	224
1	225
1	226
1	227
1	228
2	15
2	101
2	119
2	127
2	128
2	132
2	136
2	137
2	139
2	140
2	141
2	142
2	143
2	144
2	146
2	148
2	149
2	150
2	157
2	158
2	159
2	161
2	162
2	163
2	164
2	165
2	169
2	170
2	172
2	173
2	174
2	175
2	176
2	177
2	178
2	180
2	181
2	182
2	183
2	184
2	185
2	186
2	188
2	189
2	190
2	191
2	192
2	193
2	194
2	195
2	196
2	197
2	198
2	199
2	200
2	201
2	202
2	203
2	204
2	205
2	206
2	207
2	208
2	209
2	210
2	211
2	212
2	213
2	214
2	215
2	216
2	217
2	218
2	219
2	220
2	221
2	222
2	223
2	224
2	225
2	226
2	227
2	228
3	15
3	54
3	79
3	80
3	84
3	85
3	87
3	88
3	89
3	90
3	91
3	92
3	93
3	94
3	95
3	96
3	97
3	98
3	99
3	100
3	101
3	102
3	103
3	104
3	105
3	106
3	107
3	108
3	109
3	110
3	111
3	112
3	113
3	114
3	115
3	116
3	117
3	118
3	119
3	120
3	121
3	122
3	123
3	124
3	125
3	126
3	127
3	128
3	129
3	130
3	131
3	132
3	133
3	134
3	135
3	136
3	137
3	138
3	139
3	140
3	141
3	142
3	143
3	144
3	145
3	146
3	147
3	148
3	149
3	150
3	151
3	152
3	153
3	154
3	155
3	156
3	157
3	158
3	159
3	160
3	161
3	162
3	163
3	164
3	165
3	166
3	167
3	168
3	169
3	170
3	171
3	172
3	173
3	174
3	175
3	176
3	177
3	178
3	179
3	180
3	181
3	182
3	183
3	184
3	185
3	186
3	187
3	188
3	189
3	190
3	191
3	192
3	193
3	194
3	195
3	196
3	197
3	198
3	199
3	200
3	201
3	202
3	203
3	204
3	205
3	206
3	207
3	208
3	209
3	210
3	211
3	212
3	213
3	214
3	215
3	216
3	217
3	218
3	219
3	220
3	221
3	222
3	223
3	224
3	225
3	226
3	227
3	228
4	15
4	91
4	95
4	96
4	98
4	100
4	101
4	103
4	104
4	108
4	109
4	110
4	112
4	113
4	114
4	115
4	116
4	117
4	119
4	121
4	122
4	123
4	124
4	125
4	126
4	127
4	128
4	130
4	131
4	132
4	134
4	135
4	136
4	137
4	138
4	139
4	140
4	141
4	142
4	143
4	144
4	145
4	146
4	147
4	148
4	149
4	150
4	151
4	152
4	153
4	154
4	155
4	156
4	157
4	158
4	159
4	160
4	161
4	162
4	163
4	164
4	165
4	166
4	167
4	168
4	169
4	170
4	171
4	172
4	173
4	174
4	175
4	176
4	177
4	178
4	179
4	180
4	181
4	182
4	183
4	184
4	185
4	186
4	187
4	188
4	189
4	190
4	191
4	192
4	193
4	194
4	195
4	196
4	197
4	198
4	199
4	200
4	201
4	202
4	203
4	204
4	205
4	206
4	207
4	208
4	209
4	210
4	211
4	212
4	213
4	214
4	215
4	216
4	217
4	218
4	219
4	220
4	221
4	222
4	223
4	224
4	225
4	226
4	227
4	228
5	15
5	54
5	79
5	80
5	84
5	85
5	87
5	88
5	89
5	90
5	91
5	92
5	93
5	94
5	95
5	96
5	97
5	98
5	99
5	100
5	101
5	102
5	103
5	104
5	105
5	106
5	107
5	108
5	109
5	110
5	111
5	112
5	113
5	114
5	115
5	116
5	117
5	118
5	119
5	120
5	121
5	122
5	123
5	124
5	125
5	126
5	127
5	128
5	129
5	130
5	131
5	132
5	133
5	134
5	135
5	136
5	137
5	138
5	139
5	140
5	141
5	142
5	143
5	144
5	145
5	146
5	147
5	148
5	149
5	150
5	151
5	152
5	153
5	154
5	155
5	156
5	157
5	158
5	159
5	160
5	161
5	162
5	163
5	164
5	165
5	166
5	167
5	168
5	169
5	170
5	171
5	172
5	173
5	174
5	175
5	176
5	177
5	178
5	179
5	180
5	181
5	182
5	183
5	184
5	185
5	186
5	187
5	188
5	189
5	190
5	191
5	192
5	193
5	194
5	195
5	196
5	197
5	198
5	199
5	200
5	201
5	202
5	203
5	204
5	205
5	206
5	207
5	208
5	209
5	210
5	211
5	212
5	213
5	214
5	215
5	216
5	217
5	218
5	219
5	220
5	221
5	222
5	223
5	224
5	225
5	226
5	227
5	228
6	15
6	47
6	48
6	49
6	50
6	53
6	54
6	55
6	57
6	58
6	59
6	60
6	61
6	62
6	63
6	65
6	66
6	67
6	68
6	70
6	71
6	72
6	73
6	75
6	76
6	77
6	79
6	80
6	81
6	82
6	83
6	84
6	85
6	86
6	87
6	88
6	89
6	90
6	91
6	92
6	93
6	94
6	95
6	96
6	97
6	98
6	99
6	100
6	101
6	102
6	103
6	104
6	105
6	106
6	107
6	108
6	109
6	110
6	111
6	112
6	113
6	114
6	115
6	116
6	117
6	118
6	119
6	120
6	121
6	122
6	123
6	124
6	125
6	126
6	127
6	128
6	129
6	130
6	131
6	132
6	133
6	134
6	135
6	136
6	137
6	138
6	139
6	140
6	141
6	142
6	143
6	144
6	145
6	146
6	147
6	148
6	149
6	150
6	151
6	152
6	153
6	154
6	155
6	156
6	157
6	158
6	159
6	160
6	161
6	162
6	163
6	164
6	165
6	166
6	167
6	168
6	169
6	170
6	171
6	172
6	173
6	174
6	175
6	176
6	177
6	178
6	179
6	180
6	181
6	182
6	183
6	184
6	185
6	186
6	187
6	188
6	189
6	190
6	191
6	192
6	193
6	194
6	195
6	196
6	197
6	198
6	199
6	200
6	201
6	202
6	203
6	204
6	205
6	206
6	207
6	208
6	209
6	210
6	211
6	212
6	213
6	214
6	215
6	216
6	217
6	218
6	219
6	220
6	221
6	222
6	223
6	224
6	225
6	226
6	227
6	228
7	15
7	91
7	95
7	96
7	98
7	100
7	101
7	103
7	104
7	108
7	109
7	110
7	112
7	113
7	114
7	115
7	116
7	117
7	119
7	121
7	122
7	123
7	124
7	125
7	126
7	127
7	128
7	130
7	131
7	132
7	134
7	135
7	136
7	137
7	138
7	139
7	140
7	141
7	142
7	143
7	144
7	145
7	146
7	147
7	148
7	149
7	150
7	151
7	152
7	153
7	154
7	155
7	156
7	157
7	158
7	159
7	160
7	161
7	162
7	163
7	164
7	165
7	166
7	167
7	168
7	169
7	170
7	171
7	172
7	173
7	174
7	175
7	176
7	177
7	178
7	179
7	180
7	181
7	182
7	183
7	184
7	185
7	186
7	187
7	188
7	189
7	190
7	191
7	192
7	193
7	194
7	195
7	196
7	197
7	198
7	199
7	200
7	201
7	202
7	203
7	204
7	205
7	206
7	207
7	208
7	209
7	210
7	211
7	212
7	213
7	214
7	215
7	216
7	217
7	218
7	219
7	220
7	221
7	222
7	223
7	224
7	225
7	226
7	227
7	228
8	15
8	54
8	79
8	80
8	84
8	87
8	88
8	90
8	91
8	93
8	94
8	95
8	96
8	97
8	98
8	99
8	100
8	101
8	102
8	103
8	104
8	105
8	106
8	107
8	108
8	109
8	110
8	111
8	112
8	113
8	114
8	115
8	116
8	117
8	118
8	119
8	120
8	121
8	122
8	123
8	124
8	125
8	126
8	127
8	128
8	129
8	130
8	131
8	132
8	133
8	134
8	135
8	136
8	137
8	138
8	139
8	140
8	141
8	142
8	143
8	144
8	145
8	146
8	147
8	148
8	149
8	150
8	151
8	152
8	153
8	154
8	155
8	156
8	157
8	158
8	159
8	160
8	161
8	162
8	163
8	164
8	165
8	166
8	167
8	168
8	169
8	170
8	171
8	172
8	173
8	174
8	175
8	176
8	177
8	178
8	179
8	180
8	181
8	182
8	183
8	184
8	185
8	186
8	187
8	188
8	189
8	190
8	191
8	192
8	193
8	194
8	195
8	196
8	197
8	198
8	199
8	200
8	201
8	202
8	203
8	204
8	205
8	206
8	207
8	208
8	209
8	210
8	211
8	212
8	213
8	214
8	215
8	216
8	217
8	218
8	219
8	220
8	221
8	222
8	223
8	224
8	225
8	226
8	227
8	228
9	15
9	91
9	95
9	96
9	98
9	100
9	101
9	103
9	104
9	108
9	109
9	110
9	112
9	113
9	114
9	115
9	116
9	117
9	119
9	121
9	122
9	123
9	124
9	125
9	126
9	127
9	128
9	130
9	131
9	132
9	134
9	135
9	136
9	137
9	138
9	139
9	140
9	141
9	142
9	143
9	144
9	145
9	146
9	147
9	148
9	149
9	150
9	151
9	152
9	153
9	154
9	155
9	156
9	157
9	158
9	159
9	160
9	161
9	162
9	163
9	164
9	165
9	166
9	167
9	168
9	169
9	170
9	171
9	172
9	173
9	174
9	175
9	176
9	177
9	178
9	179
9	180
9	181
9	182
9	183
9	184
9	185
9	186
9	187
9	188
9	189
9	190
9	191
9	192
9	193
9	194
9	195
9	196
9	197
9	198
9	199
9	200
9	201
9	202
9	203
9	204
9	205
9	206
9	207
9	208
9	209
9	210
9	211
9	212
9	213
9	214
9	215
9	216
9	217
9	218
9	219
9	220
9	221
9	222
9	223
9	224
9	225
9	226
9	227
9	228
10	15
10	54
10	79
10	80
10	84
10	85
10	87
10	88
10	89
10	90
10	91
10	92
10	93
10	94
10	95
10	96
10	97
10	98
10	99
10	100
10	101
10	102
10	103
10	104
10	105
10	106
10	107
10	108
10	109
10	110
10	111
10	112
10	113
10	114
10	115
10	116
10	117
10	118
10	119
10	120
10	121
10	122
10	123
10	124
10	125
10	126
10	127
10	128
10	129
10	130
10	131
10	132
10	133
10	134
10	135
10	136
10	137
10	138
10	139
10	140
10	141
10	142
10	143
10	144
10	145
10	146
10	147
10	148
10	149
10	150
10	151
10	152
10	153
10	154
10	155
10	156
10	157
10	158
10	159
10	160
10	161
10	162
10	163
10	164
10	165
10	166
10	167
10	168
10	169
10	170
10	171
10	172
10	173
10	174
10	175
10	176
10	177
10	178
10	179
10	180
10	181
10	182
10	183
10	184
10	185
10	186
10	187
10	188
10	189
10	190
10	191
10	192
10	193
10	194
10	195
10	196
10	197
10	198
10	199
10	200
10	201
10	202
10	203
10	204
10	205
10	206
10	207
10	208
10	209
10	210
10	211
10	212
10	213
10	214
10	215
10	216
10	217
10	218
10	219
10	220
10	221
10	222
10	223
10	224
10	225
10	226
10	227
10	228
11	15
11	54
11	79
11	80
11	84
11	85
11	87
11	88
11	89
11	90
11	91
11	92
11	93
11	94
11	95
11	96
11	97
11	98
11	99
11	100
11	101
11	102
11	103
11	104
11	105
11	106
11	107
11	108
11	109
11	110
11	111
11	112
11	113
11	114
11	115
11	116
11	117
11	118
11	119
11	120
11	121
11	122
11	123
11	124
11	125
11	126
11	127
11	128
11	129
11	130
11	131
11	132
11	133
11	134
11	135
11	136
11	137
11	138
11	139
11	140
11	141
11	142
11	143
11	144
11	145
11	146
11	147
11	148
11	149
11	150
11	151
11	152
11	153
11	154
11	155
11	156
11	157
11	158
11	159
11	160
11	161
11	162
11	163
11	164
11	165
11	166
11	167
11	168
11	169
11	170
11	171
11	172
11	173
11	174
11	175
11	176
11	177
11	178
11	179
11	180
11	181
11	182
11	183
11	184
11	185
11	186
11	187
11	188
11	189
11	190
11	191
11	192
11	193
11	194
11	195
11	196
11	197
11	198
11	199
11	200
11	201
11	202
11	203
11	204
11	205
11	206
11	207
11	208
11	209
11	210
11	211
11	212
11	213
11	214
11	215
11	216
11	217
11	218
11	219
11	220
11	221
11	222
11	223
11	224
11	225
11	226
11	227
11	228
12	15
12	91
12	95
12	96
12	98
12	100
12	101
12	103
12	104
12	108
12	109
12	110
12	112
12	113
12	114
12	115
12	116
12	117
12	119
12	121
12	122
12	123
12	124
12	125
12	126
12	127
12	128
12	130
12	131
12	132
12	134
12	135
12	136
12	137
12	138
12	139
12	140
12	141
12	142
12	143
12	144
12	145
12	146
12	147
12	148
12	149
12	150
12	151
12	152
12	153
12	154
12	155
12	156
12	157
12	158
12	159
12	160
12	161
12	162
12	163
12	164
12	165
12	166
12	167
12	168
12	169
12	170
12	171
12	172
12	173
12	174
12	175
12	176
12	177
12	178
12	179
12	180
12	181
12	182
12	183
12	184
12	185
12	186
12	187
12	188
12	189
12	190
12	191
12	192
12	193
12	194
12	195
12	196
12	197
12	198
12	199
12	200
12	201
12	202
12	203
12	204
12	205
12	206
12	207
12	208
12	209
12	210
12	211
12	212
12	213
12	214
12	215
12	216
12	217
12	218
12	219
12	220
12	221
12	222
12	223
12	224
12	225
12	226
12	227
12	228
13	15
13	91
13	95
13	96
13	98
13	100
13	101
13	103
13	104
13	108
13	109
13	110
13	112
13	113
13	114
13	115
13	116
13	117
13	119
13	121
13	122
13	123
13	124
13	125
13	126
13	127
13	128
13	130
13	131
13	132
13	134
13	135
13	136
13	137
13	138
13	139
13	140
13	141
13	142
13	143
13	144
13	145
13	146
13	147
13	148
13	149
13	150
13	151
13	152
13	153
13	154
13	155
13	156
13	157
13	158
13	159
13	160
13	161
13	162
13	163
13	164
13	165
13	166
13	167
13	168
13	169
13	170
13	171
13	172
13	173
13	174
13	175
13	176
13	177
13	178
13	179
13	180
13	181
13	182
13	183
13	184
13	185
13	186
13	187
13	188
13	189
13	190
13	191
13	192
13	193
13	194
13	195
13	196
13	197
13	198
13	199
13	200
13	201
13	202
13	203
13	204
13	205
13	206
13	207
13	208
13	209
13	210
13	211
13	212
13	213
13	214
13	215
13	216
13	217
13	218
13	219
13	220
13	221
13	222
13	223
13	224
13	225
13	226
13	227
13	228
14	15
14	98
14	101
14	102
14	103
14	104
14	108
14	109
14	111
14	112
14	113
14	114
14	116
14	117
14	119
14	121
14	122
14	123
14	124
14	125
14	126
14	127
14	128
14	131
14	132
14	134
14	135
14	136
14	137
14	138
14	139
14	140
14	141
14	142
14	143
14	144
14	145
14	146
14	147
14	148
14	149
14	150
14	151
14	152
14	153
14	154
14	155
14	156
14	157
14	158
14	159
14	160
14	161
14	162
14	163
14	164
14	165
14	166
14	167
14	168
14	169
14	170
14	171
14	172
14	173
14	174
14	175
14	176
14	177
14	178
14	180
14	181
14	182
14	183
14	184
14	185
14	186
14	187
14	188
14	189
14	190
14	191
14	192
14	193
14	194
14	195
14	196
14	197
14	198
14	199
14	200
14	201
14	202
14	203
14	204
14	205
14	206
14	207
14	208
14	209
14	210
14	211
14	212
14	213
14	214
14	215
14	216
14	217
14	218
14	219
14	220
14	221
14	222
14	223
14	224
14	225
14	226
14	227
14	228
15	16
15	17
15	18
15	19
15	20
15	21
15	22
15	23
15	24
15	25
15	26
15	27
15	28
15	29
15	30
15	31
15	32
15	33
15	34
15	35
15	36
15	37
15	38
15	39
15	40
15	41
15	42
15	43
15	44
15	45
15	46
15	47
15	48
15	49
15	50
15	51
15	52
15	53
15	54
15	55
15	56
15	57
15	58
15	59
15	60
15	61
15	62
15	63
15	64
15	65
15	66
15	67
15	68
15	69
15	70
15	71
15	72
15	73
15	74
15	75
15	76
15	77
15	78
15	79
15	80
15	81
15	82
15	83
15	84
15	85
15	86
15	87
15	88
15	89
15	90
15	91
15	92
15	93
15	94
15	95
15	96
15	97
15	98
15	99
15	100
15	101
15	102
15	103
15	104
15	105
15	106
15	107
15	108
15	109
15	110
15	111
15	112
15	113
15	114
15	115
15	116
15	117
15	118
15	119
15	120
15	121
15	122
15	123
15	124
15	125
15	126
15	127
15	128
15	129
15	130
15	131
15	132
15	133
15	134
15	135
15	136
15	137
15	138
15	139
15	140
15	141
15	142
15	143
15	144
15	145
15	146
15	147
15	148
15	149
15	150
15	151
15	152
15	153
15	154
15	155
15	156
15	157
15	158
15	159
15	160
15	161
15	162
15	163
15	164
15	165
15	166
15	167
15	168
15	169
15	170
15	171
15	172
15	173
15	174
15	175
15	176
15	177
15	178
15	179
15	180
15	181
15	182
15	183
15	184
15	185
15	186
15	187
15	188
15	189
15	190
15	191
15	192
15	193
15	194
15	195
15	196
15	197
15	198
15	199
15	200
15	201
15	202
15	203
15	204
15	205
15	206
15	207
15	208
15	209
15	210
15	211
15	212
15	213
15	214
15	215
15	216
15	217
15	218
15	219
15	220
15	221
15	222
15	223
15	224
15	225
15	226
15	227
15	228
16	101
16	119
16	121
16	127
16	128
16	132
16	136
16	137
16	139
16	140
16	141
16	142
16	143
16	144
16	146
16	148
16	149
16	150
16	157
16	158
16	159
16	161
16	162
16	163
16	164
16	165
16	169
16	170
16	172
16	173
16	174
16	175
16	176
16	177
16	178
16	180
16	181
16	182
16	183
16	184
16	185
16	186
16	188
16	189
16	190
16	191
16	192
16	193
16	194
16	195
16	196
16	197
16	198
16	199
16	200
16	201
16	202
16	203
16	204
16	205
16	206
16	207
16	208
16	209
16	210
16	211
16	212
16	213
16	214
16	215
16	216
16	217
16	218
16	219
16	220
16	221
16	222
16	223
16	224
16	225
16	226
16	227
16	228
17	98
17	101
17	103
17	104
17	108
17	109
17	112
17	113
17	114
17	116
17	117
17	119
17	121
17	122
17	123
17	124
17	125
17	126
17	127
17	128
17	131
17	132
17	134
17	135
17	136
17	137
17	138
17	139
17	140
17	141
17	142
17	143
17	144
17	145
17	146
17	147
17	148
17	149
17	150
17	151
17	152
17	153
17	154
17	155
17	156
17	157
17	158
17	159
17	160
17	161
17	162
17	163
17	164
17	165
17	166
17	167
17	168
17	169
17	170
17	171
17	172
17	173
17	174
17	175
17	176
17	177
17	178
17	180
17	181
17	182
17	183
17	184
17	185
17	186
17	187
17	188
17	189
17	190
17	191
17	192
17	193
17	194
17	195
17	196
17	197
17	198
17	199
17	200
17	201
17	202
17	203
17	204
17	205
17	206
17	207
17	208
17	209
17	210
17	211
17	212
17	213
17	214
17	215
17	216
17	217
17	218
17	219
17	220
17	221
17	222
17	223
17	224
17	225
17	226
17	227
17	228
18	101
18	117
18	119
18	122
18	123
18	124
18	125
18	126
18	127
18	128
18	131
18	132
18	134
18	135
18	136
18	137
18	138
18	139
18	140
18	141
18	142
18	143
18	144
18	145
18	146
18	147
18	148
18	149
18	150
18	151
18	152
18	153
18	154
18	155
18	156
18	157
18	158
18	159
18	160
18	161
18	162
18	163
18	164
18	165
18	166
18	167
18	168
18	169
18	170
18	171
18	172
18	173
18	174
18	175
18	176
18	177
18	178
18	180
18	181
18	182
18	183
18	184
18	185
18	186
18	187
18	188
18	189
18	190
18	191
18	192
18	193
18	194
18	195
18	196
18	197
18	198
18	199
18	200
18	201
18	202
18	203
18	204
18	205
18	206
18	207
18	208
18	209
18	210
18	211
18	212
18	213
18	214
18	215
18	216
18	217
18	218
18	219
18	220
18	221
18	222
18	223
18	224
18	225
18	226
18	227
18	228
19	98
19	101
19	103
19	104
19	108
19	109
19	112
19	113
19	114
19	116
19	117
19	119
19	121
19	122
19	123
19	124
19	125
19	126
19	127
19	128
19	131
19	132
19	133
19	134
19	135
19	136
19	137
19	138
19	139
19	140
19	141
19	142
19	143
19	144
19	145
19	146
19	147
19	148
19	149
19	150
19	151
19	152
19	153
19	154
19	155
19	156
19	157
19	158
19	159
19	160
19	161
19	162
19	163
19	164
19	165
19	166
19	167
19	168
19	169
19	170
19	171
19	172
19	173
19	174
19	175
19	176
19	177
19	178
19	180
19	181
19	182
19	183
19	184
19	185
19	186
19	187
19	188
19	189
19	190
19	191
19	192
19	193
19	194
19	195
19	196
19	197
19	198
19	199
19	200
19	201
19	202
19	203
19	204
19	205
19	206
19	207
19	208
19	209
19	210
19	211
19	212
19	213
19	214
19	215
19	216
19	217
19	218
19	219
19	220
19	221
19	222
19	223
19	224
19	225
19	226
19	227
19	228
20	119
20	127
20	132
20	136
20	137
20	139
20	146
20	150
20	158
20	159
20	161
20	162
20	163
20	164
20	165
20	170
20	173
20	174
20	175
20	176
20	177
20	178
20	181
20	182
20	183
20	184
20	185
20	186
20	188
20	189
20	191
20	192
20	193
20	194
20	195
20	196
20	197
20	198
20	199
20	200
20	201
20	202
20	203
20	204
20	205
20	206
20	207
20	208
20	209
20	210
20	211
20	212
20	213
20	214
20	215
20	216
20	217
20	218
20	219
20	220
20	221
20	222
20	223
20	224
20	225
20	226
20	227
20	228
21	98
21	101
21	103
21	104
21	108
21	109
21	112
21	113
21	114
21	116
21	117
21	119
21	121
21	122
21	123
21	124
21	125
21	126
21	127
21	128
21	131
21	132
21	134
21	135
21	136
21	137
21	138
21	139
21	140
21	141
21	142
21	143
21	144
21	145
21	146
21	147
21	148
21	149
21	150
21	151
21	152
21	153
21	154
21	155
21	156
21	157
21	158
21	159
21	160
21	161
21	162
21	163
21	164
21	165
21	166
21	167
21	168
21	169
21	170
21	171
21	172
21	173
21	174
21	175
21	176
21	177
21	178
21	180
21	181
21	182
21	183
21	184
21	185
21	186
21	187
21	188
21	189
21	190
21	191
21	192
21	193
21	194
21	195
21	196
21	197
21	198
21	199
21	200
21	201
21	202
21	203
21	204
21	205
21	206
21	207
21	208
21	209
21	210
21	211
21	212
21	213
21	214
21	215
21	216
21	217
21	218
21	219
21	220
21	221
21	222
21	223
21	224
21	225
21	226
21	227
21	228
22	54
22	79
22	80
22	84
22	87
22	88
22	90
22	91
22	93
22	94
22	95
22	96
22	97
22	98
22	99
22	100
22	101
22	102
22	103
22	104
22	105
22	106
22	107
22	108
22	109
22	110
22	111
22	112
22	113
22	114
22	115
22	116
22	117
22	118
22	119
22	120
22	121
22	122
22	123
22	124
22	125
22	126
22	127
22	128
22	129
22	130
22	131
22	132
22	133
22	134
22	135
22	136
22	137
22	138
22	139
22	140
22	141
22	142
22	143
22	144
22	145
22	146
22	147
22	148
22	149
22	150
22	151
22	152
22	153
22	154
22	155
22	156
22	157
22	158
22	159
22	160
22	161
22	162
22	163
22	164
22	165
22	166
22	167
22	168
22	169
22	170
22	171
22	172
22	173
22	174
22	175
22	176
22	177
22	178
22	179
22	180
22	181
22	182
22	183
22	184
22	185
22	186
22	187
22	188
22	189
22	190
22	191
22	192
22	193
22	194
22	195
22	196
22	197
22	198
22	199
22	200
22	201
22	202
22	203
22	204
22	205
22	206
22	207
22	208
22	209
22	210
22	211
22	212
22	213
22	214
22	215
22	216
22	217
22	218
22	219
22	220
22	221
22	222
22	223
22	224
22	225
22	226
22	227
22	228
23	84
23	87
23	88
23	91
23	93
23	94
23	95
23	96
23	97
23	98
23	99
23	100
23	101
23	103
23	104
23	108
23	109
23	110
23	112
23	113
23	114
23	115
23	116
23	117
23	118
23	119
23	120
23	121
23	122
23	123
23	124
23	125
23	126
23	127
23	128
23	129
23	130
23	131
23	132
23	133
23	134
23	135
23	136
23	137
23	138
23	139
23	140
23	141
23	142
23	143
23	144
23	145
23	146
23	147
23	148
23	149
23	150
23	151
23	152
23	153
23	154
23	155
23	156
23	157
23	158
23	159
23	160
23	161
23	162
23	163
23	164
23	165
23	166
23	167
23	168
23	169
23	170
23	171
23	172
23	173
23	174
23	175
23	176
23	177
23	178
23	179
23	180
23	181
23	182
23	183
23	184
23	185
23	186
23	187
23	188
23	189
23	190
23	191
23	192
23	193
23	194
23	195
23	196
23	197
23	198
23	199
23	200
23	201
23	202
23	203
23	204
23	205
23	206
23	207
23	208
23	209
23	210
23	211
23	212
23	213
23	214
23	215
23	216
23	217
23	218
23	219
23	220
23	221
23	222
23	223
23	224
23	225
23	226
23	227
23	228
24	48
24	54
24	55
24	57
24	58
24	63
24	67
24	68
24	71
24	73
24	79
24	80
24	81
24	82
24	83
24	84
24	85
24	86
24	87
24	88
24	89
24	90
24	91
24	92
24	93
24	94
24	95
24	96
24	97
24	98
24	99
24	100
24	101
24	102
24	103
24	104
24	105
24	106
24	107
24	108
24	109
24	110
24	111
24	112
24	113
24	114
24	115
24	116
24	117
24	118
24	119
24	120
24	121
24	122
24	123
24	124
24	125
24	126
24	127
24	128
24	129
24	130
24	131
24	132
24	133
24	134
24	135
24	136
24	137
24	138
24	139
24	140
24	141
24	142
24	143
24	144
24	145
24	146
24	147
24	148
24	149
24	150
24	151
24	152
24	153
24	154
24	155
24	156
24	157
24	158
24	159
24	160
24	161
24	162
24	163
24	164
24	165
24	166
24	167
24	168
24	169
24	170
24	171
24	172
24	173
24	174
24	175
24	176
24	177
24	178
24	179
24	180
24	181
24	182
24	183
24	184
24	185
24	186
24	187
24	188
24	189
24	190
24	191
24	192
24	193
24	194
24	195
24	196
24	197
24	198
24	199
24	200
24	201
24	202
24	203
24	204
24	205
24	206
24	207
24	208
24	209
24	210
24	211
24	212
24	213
24	214
24	215
24	216
24	217
24	218
24	219
24	220
24	221
24	222
24	223
24	224
24	225
24	226
24	227
24	228
25	101
25	119
25	122
25	123
25	125
25	127
25	128
25	131
25	132
25	135
25	136
25	137
25	139
25	140
25	141
25	142
25	143
25	144
25	145
25	146
25	147
25	148
25	149
25	150
25	151
25	152
25	153
25	154
25	155
25	156
25	157
25	158
25	159
25	160
25	161
25	162
25	163
25	164
25	165
25	166
25	167
25	168
25	169
25	170
25	171
25	172
25	173
25	174
25	175
25	176
25	177
25	178
25	180
25	181
25	182
25	183
25	184
25	185
25	186
25	187
25	188
25	189
25	190
25	191
25	192
25	193
25	194
25	195
25	196
25	197
25	198
25	199
25	200
25	201
25	202
25	203
25	204
25	205
25	206
25	207
25	208
25	209
25	210
25	211
25	212
25	213
25	214
25	215
25	216
25	217
25	218
25	219
25	220
25	221
25	222
25	223
25	224
25	225
25	226
25	227
25	228
26	98
26	101
26	103
26	104
26	108
26	109
26	112
26	113
26	114
26	116
26	117
26	119
26	121
26	122
26	123
26	124
26	125
26	126
26	127
26	128
26	131
26	132
26	134
26	135
26	136
26	137
26	138
26	139
26	140
26	141
26	142
26	143
26	144
26	145
26	146
26	147
26	148
26	149
26	150
26	151
26	152
26	153
26	154
26	155
26	156
26	157
26	158
26	159
26	160
26	161
26	162
26	163
26	164
26	165
26	166
26	167
26	168
26	169
26	170
26	171
26	172
26	173
26	174
26	175
26	176
26	177
26	178
26	180
26	181
26	182
26	183
26	184
26	185
26	186
26	187
26	188
26	189
26	190
26	191
26	192
26	193
26	194
26	195
26	196
26	197
26	198
26	199
26	200
26	201
26	202
26	203
26	204
26	205
26	206
26	207
26	208
26	209
26	210
26	211
26	212
26	213
26	214
26	215
26	216
26	217
26	218
26	219
26	220
26	221
26	222
26	223
26	224
26	225
26	226
26	227
26	228
27	91
27	95
27	96
27	98
27	100
27	101
27	103
27	104
27	108
27	109
27	110
27	112
27	113
27	114
27	115
27	116
27	117
27	119
27	121
27	122
27	123
27	124
27	125
27	126
27	127
27	128
27	130
27	131
27	132
27	134
27	135
27	136
27	137
27	138
27	139
27	140
27	141
27	142
27	143
27	144
27	145
27	146
27	147
27	148
27	149
27	150
27	151
27	152
27	153
27	154
27	155
27	156
27	157
27	158
27	159
27	160
27	161
27	162
27	163
27	164
27	165
27	166
27	167
27	168
27	169
27	170
27	171
27	172
27	173
27	174
27	175
27	176
27	177
27	178
27	179
27	180
27	181
27	182
27	183
27	184
27	185
27	186
27	187
27	188
27	189
27	190
27	191
27	192
27	193
27	194
27	195
27	196
27	197
27	198
27	199
27	200
27	201
27	202
27	203
27	204
27	205
27	206
27	207
27	208
27	209
27	210
27	211
27	212
27	213
27	214
27	215
27	216
27	217
27	218
27	219
27	220
27	221
27	222
27	223
27	224
27	225
27	226
27	227
27	228
28	54
28	79
28	80
28	84
28	85
28	87
28	88
28	89
28	90
28	91
28	92
28	93
28	94
28	95
28	96
28	97
28	98
28	99
28	100
28	101
28	102
28	103
28	104
28	105
28	106
28	107
28	108
28	109
28	110
28	111
28	112
28	113
28	114
28	115
28	116
28	117
28	118
28	119
28	120
28	121
28	122
28	123
28	124
28	125
28	126
28	127
28	128
28	129
28	130
28	131
28	132
28	133
28	134
28	135
28	136
28	137
28	138
28	139
28	140
28	141
28	142
28	143
28	144
28	145
28	146
28	147
28	148
28	149
28	150
28	151
28	152
28	153
28	154
28	155
28	156
28	157
28	158
28	159
28	160
28	161
28	162
28	163
28	164
28	165
28	166
28	167
28	168
28	169
28	170
28	171
28	172
28	173
28	174
28	175
28	176
28	177
28	178
28	179
28	180
28	181
28	182
28	183
28	184
28	185
28	186
28	187
28	188
28	189
28	190
28	191
28	192
28	193
28	194
28	195
28	196
28	197
28	198
28	199
28	200
28	201
28	202
28	203
28	204
28	205
28	206
28	207
28	208
28	209
28	210
28	211
28	212
28	213
28	214
28	215
28	216
28	217
28	218
28	219
28	220
28	221
28	222
28	223
28	224
28	225
28	226
28	227
28	228
29	54
29	79
29	80
29	84
29	85
29	87
29	88
29	89
29	90
29	91
29	92
29	93
29	94
29	95
29	96
29	97
29	98
29	99
29	100
29	101
29	102
29	103
29	104
29	105
29	106
29	107
29	108
29	109
29	110
29	111
29	112
29	113
29	114
29	115
29	116
29	117
29	118
29	119
29	120
29	121
29	122
29	123
29	124
29	125
29	126
29	127
29	128
29	129
29	130
29	131
29	132
29	133
29	134
29	135
29	136
29	137
29	138
29	139
29	140
29	141
29	142
29	143
29	144
29	145
29	146
29	147
29	148
29	149
29	150
29	151
29	152
29	153
29	154
29	155
29	156
29	157
29	158
29	159
29	160
29	161
29	162
29	163
29	164
29	165
29	166
29	167
29	168
29	169
29	170
29	171
29	172
29	173
29	174
29	175
29	176
29	177
29	178
29	179
29	180
29	181
29	182
29	183
29	184
29	185
29	186
29	187
29	188
29	189
29	190
29	191
29	192
29	193
29	194
29	195
29	196
29	197
29	198
29	199
29	200
29	201
29	202
29	203
29	204
29	205
29	206
29	207
29	208
29	209
29	210
29	211
29	212
29	213
29	214
29	215
29	216
29	217
29	218
29	219
29	220
29	221
29	222
29	223
29	224
29	225
29	226
29	227
29	228
30	98
30	101
30	103
30	104
30	108
30	109
30	112
30	113
30	114
30	116
30	117
30	119
30	121
30	122
30	123
30	124
30	125
30	126
30	127
30	128
30	131
30	132
30	134
30	135
30	136
30	137
30	138
30	139
30	140
30	141
30	142
30	143
30	144
30	145
30	146
30	147
30	148
30	149
30	150
30	151
30	152
30	153
30	154
30	155
30	156
30	157
30	158
30	159
30	160
30	161
30	162
30	163
30	164
30	165
30	166
30	167
30	168
30	169
30	170
30	171
30	172
30	173
30	174
30	175
30	176
30	177
30	178
30	180
30	181
30	182
30	183
30	184
30	185
30	186
30	187
30	188
30	189
30	190
30	191
30	192
30	193
30	194
30	195
30	196
30	197
30	198
30	199
30	200
30	201
30	202
30	203
30	204
30	205
30	206
30	207
30	208
30	209
30	210
30	211
30	212
30	213
30	214
30	215
30	216
30	217
30	218
30	219
30	220
30	221
30	222
30	223
30	224
30	225
30	226
30	227
30	228
31	101
31	119
31	127
31	128
31	132
31	136
31	137
31	139
31	140
31	141
31	142
31	143
31	144
31	146
31	148
31	149
31	150
31	157
31	158
31	159
31	161
31	162
31	163
31	164
31	165
31	169
31	170
31	172
31	173
31	174
31	175
31	176
31	177
31	178
31	180
31	181
31	182
31	183
31	184
31	185
31	186
31	188
31	189
31	190
31	191
31	192
31	193
31	194
31	195
31	196
31	197
31	198
31	199
31	200
31	201
31	202
31	203
31	204
31	205
31	206
31	207
31	208
31	209
31	210
31	211
31	212
31	213
31	214
31	215
31	216
31	217
31	218
31	219
31	220
31	221
31	222
31	223
31	224
31	225
31	226
31	227
31	228
32	119
32	127
32	132
32	136
32	137
32	139
32	146
32	150
32	158
32	159
32	161
32	162
32	163
32	164
32	165
32	170
32	173
32	174
32	175
32	176
32	177
32	178
32	181
32	182
32	183
32	184
32	185
32	186
32	188
32	189
32	191
32	192
32	193
32	194
32	195
32	196
32	197
32	198
32	199
32	200
32	201
32	202
32	203
32	204
32	205
32	206
32	207
32	208
32	209
32	210
32	211
32	212
32	213
32	214
32	215
32	216
32	217
32	218
32	219
32	220
32	221
32	222
32	223
32	224
32	225
32	226
32	227
32	228
33	119
33	177
33	178
33	193
33	200
33	204
33	205
33	208
33	209
33	210
33	212
33	214
33	215
33	216
33	217
33	218
33	219
33	220
33	221
33	222
33	223
33	224
33	225
33	226
33	227
33	228
34	119
34	176
34	177
34	178
34	192
34	193
34	200
34	202
34	204
34	205
34	206
34	207
34	208
34	209
34	210
34	211
34	212
34	213
34	214
34	215
34	216
34	217
34	218
34	219
34	220
34	221
34	222
34	223
34	224
34	225
34	226
34	227
34	228
35	119
35	127
35	132
35	136
35	137
35	139
35	146
35	150
35	158
35	159
35	161
35	162
35	163
35	164
35	165
35	170
35	173
35	174
35	175
35	176
35	177
35	178
35	181
35	182
35	183
35	184
35	185
35	186
35	188
35	189
35	191
35	192
35	193
35	194
35	195
35	196
35	197
35	198
35	199
35	200
35	201
35	202
35	203
35	204
35	205
35	206
35	207
35	208
35	209
35	210
35	211
35	212
35	213
35	214
35	215
35	216
35	217
35	218
35	219
35	220
35	221
35	222
35	223
35	224
35	225
35	226
35	227
35	228
36	101
36	119
36	121
36	127
36	128
36	132
36	136
36	137
36	139
36	140
36	141
36	142
36	143
36	144
36	146
36	148
36	149
36	150
36	157
36	158
36	159
36	161
36	162
36	163
36	164
36	165
36	169
36	170
36	172
36	173
36	174
36	175
36	176
36	177
36	178
36	180
36	181
36	182
36	183
36	184
36	185
36	186
36	188
36	189
36	190
36	191
36	192
36	193
36	194
36	195
36	196
36	197
36	198
36	199
36	200
36	201
36	202
36	203
36	204
36	205
36	206
36	207
36	208
36	209
36	210
36	211
36	212
36	213
36	214
36	215
36	216
36	217
36	218
36	219
36	220
36	221
36	222
36	223
36	224
36	225
36	226
36	227
36	228
37	119
37	176
37	177
37	178
37	192
37	193
37	200
37	202
37	204
37	205
37	206
37	207
37	208
37	209
37	210
37	211
37	212
37	213
37	214
37	215
37	216
37	217
37	218
37	219
37	220
37	221
37	222
37	223
37	224
37	225
37	226
37	227
37	228
38	101
38	119
38	127
38	128
38	132
38	136
38	137
38	139
38	140
38	141
38	142
38	143
38	144
38	146
38	148
38	149
38	150
38	157
38	158
38	159
38	161
38	162
38	163
38	164
38	165
38	169
38	170
38	172
38	173
38	174
38	175
38	176
38	177
38	178
38	180
38	181
38	182
38	183
38	184
38	185
38	186
38	188
38	189
38	190
38	191
38	192
38	193
38	194
38	195
38	196
38	197
38	198
38	199
38	200
38	201
38	202
38	203
38	204
38	205
38	206
38	207
38	208
38	209
38	210
38	211
38	212
38	213
38	214
38	215
38	216
38	217
38	218
38	219
38	220
38	221
38	222
38	223
38	224
38	225
38	226
38	227
38	228
39	101
39	119
39	127
39	132
39	137
39	139
39	146
39	150
39	158
39	159
39	161
39	162
39	163
39	164
39	165
39	169
39	170
39	172
39	173
39	174
39	175
39	176
39	177
39	178
39	181
39	182
39	183
39	184
39	185
39	186
39	188
39	189
39	191
39	192
39	193
39	194
39	195
39	196
39	197
39	198
39	199
39	200
39	201
39	202
39	203
39	204
39	205
39	206
39	207
39	208
39	209
39	210
39	211
39	212
39	213
39	214
39	215
39	216
39	217
39	218
39	219
39	220
39	221
39	222
39	223
39	224
39	225
39	226
39	227
39	228
40	101
40	119
40	127
40	128
40	132
40	136
40	137
40	139
40	140
40	141
40	142
40	143
40	144
40	146
40	148
40	149
40	150
40	157
40	158
40	159
40	161
40	162
40	163
40	164
40	165
40	169
40	170
40	172
40	173
40	174
40	175
40	176
40	177
40	178
40	180
40	181
40	182
40	183
40	184
40	185
40	186
40	188
40	189
40	190
40	191
40	192
40	193
40	194
40	195
40	196
40	197
40	198
40	199
40	200
40	201
40	202
40	203
40	204
40	205
40	206
40	207
40	208
40	209
40	210
40	211
40	212
40	213
40	214
40	215
40	216
40	217
40	218
40	219
40	220
40	221
40	222
40	223
40	224
40	225
40	226
40	227
40	228
41	101
41	117
41	119
41	122
41	123
41	124
41	125
41	126
41	127
41	128
41	131
41	132
41	134
41	135
41	136
41	137
41	138
41	139
41	140
41	141
41	142
41	143
41	144
41	145
41	146
41	147
41	148
41	149
41	150
41	151
41	152
41	153
41	154
41	155
41	156
41	157
41	158
41	159
41	160
41	161
41	162
41	163
41	164
41	165
41	166
41	167
41	168
41	169
41	170
41	171
41	172
41	173
41	174
41	175
41	176
41	177
41	178
41	180
41	181
41	182
41	183
41	184
41	185
41	186
41	187
41	188
41	189
41	190
41	191
41	192
41	193
41	194
41	195
41	196
41	197
41	198
41	199
41	200
41	201
41	202
41	203
41	204
41	205
41	206
41	207
41	208
41	209
41	210
41	211
41	212
41	213
41	214
41	215
41	216
41	217
41	218
41	219
41	220
41	221
41	222
41	223
41	224
41	225
41	226
41	227
41	228
42	119
42	127
42	132
42	136
42	137
42	139
42	146
42	150
42	158
42	159
42	161
42	162
42	163
42	164
42	165
42	170
42	173
42	174
42	175
42	176
42	177
42	178
42	181
42	182
42	183
42	184
42	185
42	186
42	188
42	189
42	191
42	192
42	193
42	194
42	195
42	196
42	197
42	198
42	199
42	200
42	201
42	202
42	203
42	204
42	205
42	206
42	207
42	208
42	209
42	210
42	211
42	212
42	213
42	214
42	215
42	216
42	217
42	218
42	219
42	220
42	221
42	222
42	223
42	224
42	225
42	226
42	227
42	228
43	119
43	146
43	158
43	159
43	162
43	164
43	165
43	170
43	173
43	174
43	175
43	176
43	177
43	178
43	182
43	183
43	184
43	185
43	186
43	188
43	189
43	191
43	192
43	193
43	194
43	195
43	196
43	197
43	198
43	199
43	200
43	201
43	202
43	203
43	204
43	205
43	206
43	207
43	208
43	209
43	210
43	211
43	212
43	213
43	214
43	215
43	216
43	217
43	218
43	219
43	220
43	221
43	222
43	223
43	224
43	225
43	226
43	227
43	228
44	91
44	95
44	96
44	98
44	100
44	101
44	103
44	104
44	108
44	109
44	110
44	112
44	113
44	114
44	115
44	116
44	117
44	119
44	121
44	122
44	123
44	124
44	125
44	126
44	127
44	128
44	130
44	131
44	132
44	134
44	135
44	136
44	137
44	138
44	139
44	140
44	141
44	142
44	143
44	144
44	145
44	146
44	147
44	148
44	149
44	150
44	151
44	152
44	153
44	154
44	155
44	156
44	157
44	158
44	159
44	160
44	161
44	162
44	163
44	164
44	165
44	166
44	167
44	168
44	169
44	170
44	171
44	172
44	173
44	174
44	175
44	176
44	177
44	178
44	179
44	180
44	181
44	182
44	183
44	184
44	185
44	186
44	187
44	188
44	189
44	190
44	191
44	192
44	193
44	194
44	195
44	196
44	197
44	198
44	199
44	200
44	201
44	202
44	203
44	204
44	205
44	206
44	207
44	208
44	209
44	210
44	211
44	212
44	213
44	214
44	215
44	216
44	217
44	218
44	219
44	220
44	221
44	222
44	223
44	224
44	225
44	226
44	227
44	228
45	96
45	100
45	101
45	117
45	119
45	122
45	123
45	124
45	125
45	126
45	127
45	128
45	130
45	131
45	132
45	134
45	135
45	136
45	137
45	138
45	139
45	140
45	141
45	142
45	143
45	144
45	145
45	146
45	147
45	148
45	149
45	150
45	151
45	152
45	153
45	154
45	155
45	156
45	157
45	158
45	159
45	160
45	161
45	162
45	163
45	164
45	165
45	166
45	167
45	168
45	169
45	170
45	171
45	172
45	173
45	174
45	175
45	176
45	177
45	178
45	179
45	180
45	181
45	182
45	183
45	184
45	185
45	186
45	187
45	188
45	189
45	190
45	191
45	192
45	193
45	194
45	195
45	196
45	197
45	198
45	199
45	200
45	201
45	202
45	203
45	204
45	205
45	206
45	207
45	208
45	209
45	210
45	211
45	212
45	213
45	214
45	215
45	216
45	217
45	218
45	219
45	220
45	221
45	222
45	223
45	224
45	225
45	226
45	227
45	228
46	84
46	85
46	87
46	88
46	89
46	91
46	92
46	93
46	94
46	95
46	96
46	97
46	98
46	99
46	100
46	101
46	103
46	104
46	108
46	109
46	110
46	112
46	113
46	114
46	115
46	116
46	117
46	118
46	119
46	120
46	121
46	122
46	123
46	124
46	125
46	126
46	127
46	128
46	129
46	130
46	131
46	132
46	133
46	134
46	135
46	136
46	137
46	138
46	139
46	140
46	141
46	142
46	143
46	144
46	145
46	146
46	147
46	148
46	149
46	150
46	151
46	152
46	153
46	154
46	155
46	156
46	157
46	158
46	159
46	160
46	161
46	162
46	163
46	164
46	165
46	166
46	167
46	168
46	169
46	170
46	171
46	172
46	173
46	174
46	175
46	176
46	177
46	178
46	179
46	180
46	181
46	182
46	183
46	184
46	185
46	186
46	187
46	188
46	189
46	190
46	191
46	192
46	193
46	194
46	195
46	196
46	197
46	198
46	199
46	200
46	201
46	202
46	203
46	204
46	205
46	206
46	207
46	208
46	209
46	210
46	211
46	212
46	213
46	214
46	215
46	216
46	217
46	218
46	219
46	220
46	221
46	222
46	223
46	224
46	225
46	226
46	227
46	228
47	101
47	119
47	127
47	132
47	137
47	139
47	146
47	150
47	158
47	159
47	161
47	162
47	163
47	164
47	165
47	169
47	170
47	172
47	173
47	174
47	175
47	176
47	177
47	178
47	181
47	182
47	183
47	184
47	185
47	186
47	188
47	189
47	191
47	192
47	193
47	194
47	195
47	196
47	197
47	198
47	199
47	200
47	201
47	202
47	203
47	204
47	205
47	206
47	207
47	208
47	209
47	210
47	211
47	212
47	213
47	214
47	215
47	216
47	217
47	218
47	219
47	220
47	221
47	222
47	223
47	224
47	225
47	226
47	227
47	228
48	119
48	192
48	200
48	208
48	209
48	210
48	212
48	214
48	215
48	216
48	217
48	218
48	219
48	220
48	221
48	222
48	223
48	224
48	225
48	226
48	227
48	228
49	119
49	176
49	177
49	178
49	192
49	193
49	200
49	202
49	204
49	205
49	206
49	207
49	208
49	209
49	210
49	211
49	212
49	213
49	214
49	215
49	216
49	217
49	218
49	219
49	220
49	221
49	222
49	223
49	224
49	225
49	226
49	227
49	228
50	119
50	127
50	150
50	158
50	159
50	161
50	162
50	163
50	164
50	165
50	173
50	174
50	176
50	177
50	178
50	181
50	183
50	184
50	185
50	186
50	188
50	189
50	191
50	192
50	193
50	194
50	195
50	196
50	197
50	198
50	199
50	200
50	201
50	202
50	203
50	204
50	205
50	206
50	207
50	208
50	209
50	210
50	211
50	212
50	213
50	214
50	215
50	216
50	217
50	218
50	219
50	220
50	221
50	222
50	223
50	224
50	225
50	226
50	227
50	228
51	119
51	177
51	178
51	185
51	186
51	193
51	194
51	196
51	200
51	204
51	205
51	208
51	209
51	210
51	212
51	214
51	215
51	216
51	217
51	218
51	219
51	220
51	221
51	222
51	223
51	224
51	225
51	226
51	227
51	228
52	119
52	177
52	178
52	186
52	193
52	194
52	196
52	200
52	204
52	205
52	208
52	209
52	210
52	212
52	214
52	215
52	216
52	217
52	218
52	219
52	220
52	221
52	222
52	223
52	224
52	225
52	226
52	227
52	228
53	119
53	212
53	214
53	217
53	219
53	220
53	221
53	222
53	223
53	224
53	225
53	226
53	227
53	228
54	119
54	177
54	178
54	193
54	200
54	204
54	205
54	208
54	209
54	210
54	212
54	214
54	215
54	216
54	217
54	218
54	219
54	220
54	221
54	222
54	223
54	224
54	225
54	226
54	227
54	228
55	119
55	158
55	159
55	162
55	164
55	165
55	170
55	173
55	174
55	175
55	176
55	177
55	178
55	182
55	183
55	184
55	185
55	186
55	188
55	189
55	191
55	192
55	193
55	194
55	195
55	196
55	197
55	198
55	199
55	200
55	201
55	202
55	203
55	204
55	205
55	206
55	207
55	208
55	209
55	210
55	211
55	212
55	213
55	214
55	215
55	216
55	217
55	218
55	219
55	220
55	221
55	222
55	223
55	224
55	225
55	226
55	227
55	228
56	119
56	177
56	178
56	200
56	208
56	209
56	210
56	212
56	214
56	215
56	216
56	217
56	218
56	219
56	220
56	221
56	222
56	223
56	224
56	225
56	226
56	227
56	228
57	119
57	177
57	178
57	193
57	200
57	204
57	205
57	208
57	209
57	210
57	212
57	214
57	215
57	216
57	217
57	218
57	219
57	220
57	221
57	222
57	223
57	224
57	225
57	226
57	227
57	228
58	119
58	177
58	178
58	193
58	200
58	204
58	205
58	208
58	209
58	210
58	212
58	214
58	215
58	216
58	217
58	218
58	219
58	220
58	221
58	222
58	223
58	224
58	225
58	226
58	227
58	228
59	119
59	177
59	178
59	193
59	200
59	204
59	205
59	208
59	209
59	210
59	212
59	214
59	215
59	216
59	217
59	218
59	219
59	220
59	221
59	222
59	223
59	224
59	225
59	226
59	227
59	228
60	119
60	177
60	178
60	193
60	200
60	204
60	205
60	208
60	209
60	210
60	212
60	214
60	215
60	216
60	217
60	218
60	219
60	220
60	221
60	222
60	223
60	224
60	225
60	226
60	227
60	228
61	119
61	176
61	177
61	178
61	192
61	193
61	200
61	202
61	204
61	205
61	206
61	207
61	208
61	209
61	210
61	211
61	212
61	213
61	214
61	215
61	216
61	217
61	218
61	219
61	220
61	221
61	222
61	223
61	224
61	225
61	226
61	227
61	228
62	119
62	127
62	132
62	137
62	139
62	146
62	150
62	158
62	159
62	161
62	162
62	163
62	164
62	165
62	170
62	173
62	174
62	175
62	176
62	177
62	178
62	181
62	182
62	183
62	184
62	185
62	186
62	188
62	189
62	191
62	192
62	193
62	194
62	195
62	196
62	197
62	198
62	199
62	200
62	201
62	202
62	203
62	204
62	205
62	206
62	207
62	208
62	209
62	210
62	211
62	212
62	213
62	214
62	215
62	216
62	217
62	218
62	219
62	220
62	221
62	222
62	223
62	224
62	225
62	226
62	227
62	228
63	119
63	212
63	214
63	217
63	219
63	220
63	221
63	222
63	223
63	224
63	225
63	226
63	227
63	228
64	119
64	177
64	178
64	193
64	200
64	204
64	205
64	208
64	209
64	210
64	212
64	214
64	215
64	216
64	217
64	218
64	219
64	220
64	221
64	222
64	223
64	224
64	225
64	226
64	227
64	228
65	119
65	212
65	214
65	217
65	219
65	220
65	221
65	222
65	223
65	224
65	225
65	226
65	227
65	228
66	119
66	177
66	178
66	193
66	200
66	204
66	205
66	208
66	209
66	210
66	212
66	214
66	215
66	216
66	217
66	218
66	219
66	220
66	221
66	222
66	223
66	224
66	225
66	226
66	227
66	228
67	119
67	127
67	132
67	137
67	139
67	150
67	158
67	159
67	161
67	162
67	163
67	164
67	165
67	170
67	173
67	174
67	175
67	176
67	177
67	178
67	181
67	182
67	183
67	184
67	185
67	186
67	188
67	189
67	191
67	192
67	193
67	194
67	195
67	196
67	197
67	198
67	199
67	200
67	201
67	202
67	203
67	204
67	205
67	206
67	207
67	208
67	209
67	210
67	211
67	212
67	213
67	214
67	215
67	216
67	217
67	218
67	219
67	220
67	221
67	222
67	223
67	224
67	225
67	226
67	227
67	228
68	119
68	208
68	212
68	214
68	217
68	219
68	220
68	221
68	222
68	223
68	224
68	225
68	226
68	227
68	228
69	119
69	208
69	212
69	214
69	217
69	219
69	220
69	221
69	222
69	223
69	224
69	225
69	226
69	227
69	228
70	119
70	212
70	214
70	217
70	219
70	220
70	221
70	222
70	223
70	224
70	225
70	226
70	227
70	228
71	119
71	177
71	178
71	193
71	200
71	204
71	205
71	208
71	209
71	210
71	212
71	214
71	215
71	216
71	217
71	218
71	219
71	220
71	221
71	222
71	223
71	224
71	225
71	226
71	227
71	228
72	119
72	177
72	178
72	193
72	200
72	204
72	205
72	208
72	209
72	210
72	212
72	214
72	215
72	216
72	217
72	218
72	219
72	220
72	221
72	222
72	223
72	224
72	225
72	226
72	227
72	228
73	119
73	177
73	178
73	193
73	200
73	204
73	205
73	208
73	209
73	210
73	212
73	214
73	215
73	216
73	217
73	218
73	219
73	220
73	221
73	222
73	223
73	224
73	225
73	226
73	227
73	228
74	119
74	177
74	178
74	193
74	200
74	204
74	205
74	208
74	209
74	210
74	212
74	214
74	215
74	216
74	217
74	218
74	219
74	220
74	221
74	222
74	223
74	224
74	225
74	226
74	227
74	228
75	119
75	177
75	178
75	193
75	200
75	204
75	205
75	208
75	209
75	210
75	212
75	214
75	215
75	216
75	217
75	218
75	219
75	220
75	221
75	222
75	223
75	224
75	225
75	226
75	227
75	228
76	119
76	177
76	178
76	193
76	200
76	204
76	205
76	208
76	209
76	210
76	212
76	214
76	215
76	216
76	217
76	218
76	219
76	220
76	221
76	222
76	223
76	224
76	225
76	226
76	227
76	228
77	119
77	127
77	132
77	137
77	139
77	146
77	150
77	158
77	159
77	161
77	162
77	163
77	164
77	165
77	170
77	173
77	174
77	175
77	176
77	177
77	178
77	181
77	182
77	183
77	184
77	185
77	186
77	188
77	189
77	191
77	192
77	193
77	194
77	195
77	196
77	197
77	198
77	199
77	200
77	201
77	202
77	203
77	204
77	205
77	206
77	207
77	208
77	209
77	210
77	211
77	212
77	213
77	214
77	215
77	216
77	217
77	218
77	219
77	220
77	221
77	222
77	223
77	224
77	225
77	226
77	227
77	228
78	119
78	177
78	178
78	200
78	208
78	209
78	210
78	212
78	214
78	215
78	216
78	217
78	218
78	219
78	220
78	221
78	222
78	223
78	224
78	225
78	226
78	227
78	228
79	119
79	212
79	214
79	217
79	219
79	220
79	221
79	222
79	223
79	224
79	225
79	226
79	227
79	228
80	119
80	208
80	212
80	214
80	217
80	219
80	220
80	221
80	222
80	223
80	224
80	225
80	226
80	227
80	228
81	119
81	177
81	178
81	193
81	200
81	204
81	205
81	208
81	209
81	210
81	212
81	214
81	215
81	216
81	217
81	218
81	219
81	220
81	221
81	222
81	223
81	224
81	225
81	226
81	227
81	228
82	119
82	176
82	177
82	178
82	192
82	193
82	200
82	202
82	204
82	205
82	206
82	207
82	208
82	209
82	210
82	211
82	212
82	213
82	214
82	215
82	216
82	217
82	218
82	219
82	220
82	221
82	222
82	223
82	224
82	225
82	226
82	227
82	228
83	119
83	208
83	212
83	214
83	217
83	219
83	220
83	221
83	222
83	223
83	224
83	225
83	226
83	227
83	228
84	119
84	212
84	214
84	221
84	222
84	223
84	224
84	225
84	226
84	227
84	228
85	119
85	212
85	214
85	221
85	222
85	223
85	224
85	225
85	226
85	227
85	228
86	119
86	212
86	214
86	221
86	222
86	223
86	224
86	225
86	226
86	227
86	228
87	119
87	212
87	214
87	217
87	219
87	220
87	221
87	222
87	223
87	224
87	225
87	226
87	227
87	228
88	119
88	212
88	214
88	221
88	222
88	223
88	224
88	225
88	226
88	227
88	228
89	119
89	212
89	214
89	217
89	219
89	220
89	221
89	222
89	223
89	224
89	225
89	226
89	227
89	228
90	119
90	212
90	214
90	217
90	219
90	220
90	221
90	222
90	223
90	224
90	225
90	226
90	227
90	228
91	119
91	200
91	208
91	209
91	210
91	212
91	214
91	215
91	216
91	217
91	218
91	219
91	220
91	221
91	222
91	223
91	224
91	225
91	226
91	227
91	228
92	119
92	212
92	214
92	221
92	222
92	223
92	224
92	225
92	226
92	227
92	228
93	119
93	212
93	214
93	217
93	219
93	220
93	221
93	222
93	223
93	224
93	225
93	226
93	227
93	228
94	119
94	212
94	214
94	217
94	219
94	220
94	221
94	222
94	223
94	224
94	225
94	226
94	227
94	228
95	119
95	212
95	214
95	217
95	219
95	220
95	221
95	222
95	223
95	224
95	225
95	226
95	227
95	228
96	119
96	200
96	208
96	209
96	210
96	212
96	214
96	215
96	216
96	217
96	218
96	219
96	220
96	221
96	222
96	223
96	224
96	225
96	226
96	227
96	228
97	119
97	212
97	214
97	221
97	222
97	223
97	224
97	225
97	226
97	227
97	228
98	119
98	212
98	214
98	217
98	219
98	220
98	221
98	222
98	223
98	224
98	225
98	226
98	227
98	228
99	119
99	212
99	214
99	217
99	219
99	220
99	221
99	222
99	223
99	224
99	225
99	226
99	227
99	228
100	119
100	212
100	214
100	221
100	222
100	223
100	224
100	225
100	226
100	227
100	228
101	119
101	212
101	214
101	221
101	222
101	223
101	224
101	225
101	226
101	227
101	228
102	119
102	212
102	214
102	221
102	222
102	223
102	224
102	225
102	226
102	227
102	228
103	119
103	212
103	214
103	221
103	222
103	223
103	224
103	225
103	226
103	227
103	228
104	119
104	212
104	214
104	217
104	219
104	220
104	221
104	222
104	223
104	224
104	225
104	226
104	227
104	228
105	119
105	212
105	214
105	217
105	219
105	220
105	221
105	222
105	223
105	224
105	225
105	226
105	227
105	228
106	119
106	212
106	214
106	217
106	219
106	220
106	221
106	222
106	223
106	224
106	225
106	226
106	227
106	228
107	119
107	212
107	214
107	221
107	222
107	223
107	224
107	225
107	226
107	227
107	228
108	119
108	212
108	214
108	221
108	222
108	223
108	224
108	225
108	226
108	227
108	228
109	119
109	212
109	214
109	217
109	219
109	220
109	221
109	222
109	223
109	224
109	225
109	226
109	227
109	228
110	119
110	212
110	214
110	221
110	222
110	223
110	224
110	225
110	226
110	227
110	228
111	119
111	212
111	214
111	221
111	222
111	223
111	224
111	225
111	226
111	227
111	228
112	119
112	212
112	214
112	217
112	219
112	220
112	221
112	222
112	223
112	224
112	225
112	226
112	227
112	228
113	119
113	212
113	214
113	221
113	222
113	223
113	224
113	225
113	226
113	227
113	228
114	119
114	212
114	214
114	219
114	220
114	221
114	222
114	223
114	224
114	225
114	226
114	227
114	228
115	119
115	212
115	214
115	221
115	222
115	223
115	224
115	225
115	226
115	227
115	228
116	119
116	212
116	214
116	217
116	219
116	220
116	221
116	222
116	223
116	224
116	225
116	226
116	227
116	228
117	119
117	212
117	214
117	221
117	222
117	223
117	224
117	225
117	226
117	227
117	228
118	119
118	212
118	214
118	217
118	219
118	220
118	221
118	222
118	223
118	224
118	225
118	226
118	227
118	228
119	120
119	121
119	122
119	123
119	124
119	125
119	126
119	127
119	128
119	129
119	130
119	131
119	132
119	133
119	134
119	135
119	136
119	137
119	138
119	139
119	140
119	141
119	142
119	143
119	144
119	145
119	146
119	147
119	148
119	149
119	150
119	151
119	152
119	153
119	154
119	155
119	156
119	157
119	158
119	159
119	160
119	161
119	162
119	163
119	164
119	165
119	166
119	167
119	168
119	169
119	170
119	171
119	172
119	173
119	174
119	175
119	176
119	177
119	178
119	179
119	180
119	181
119	182
119	183
119	184
119	185
119	186
119	187
119	188
119	189
119	190
119	191
119	192
119	193
119	194
119	195
119	196
119	197
119	198
119	199
119	200
119	201
119	202
119	203
119	204
119	205
119	206
119	207
119	208
119	209
119	210
119	211
119	212
119	213
119	214
119	215
119	216
119	217
119	218
119	219
119	220
119	221
119	222
119	223
119	224
119	225
119	226
119	227
119	228
120	212
120	214
120	221
120	222
120	223
120	224
120	225
120	226
120	227
120	228
121	212
121	214
121	221
121	222
121	223
121	224
121	225
121	226
121	227
121	228
122	212
122	214
122	221
122	222
122	223
122	224
122	225
122	226
122	227
122	228
123	212
123	214
123	221
123	222
123	223
123	224
123	225
123	226
123	227
123	228
124	212
124	214
124	221
124	222
124	223
124	224
124	225
124	226
124	227
124	228
125	212
125	214
125	221
125	222
125	223
125	224
125	225
125	226
125	227
125	228
126	212
126	214
126	221
126	222
126	223
126	224
126	225
126	226
126	227
126	228
127	212
127	214
127	221
127	222
127	223
127	224
127	225
127	226
127	227
127	228
128	212
128	214
128	221
128	222
128	223
128	224
128	225
128	226
128	227
128	228
129	212
129	214
129	221
129	222
129	223
129	224
129	225
129	226
129	227
129	228
130	212
130	214
130	221
130	222
130	223
130	224
130	225
130	226
130	227
130	228
131	212
131	214
131	221
131	222
131	223
131	224
131	225
131	226
131	227
131	228
132	212
132	214
132	221
132	222
132	223
132	224
132	225
132	226
132	227
132	228
133	212
133	214
133	221
133	222
133	223
133	224
133	225
133	226
133	227
133	228
134	212
134	214
134	221
134	222
134	223
134	224
134	225
134	226
134	227
134	228
135	212
135	214
135	221
135	222
135	223
135	224
135	225
135	226
135	227
135	228
136	212
136	214
136	221
136	222
136	223
136	224
136	225
136	226
136	227
136	228
137	212
137	214
137	217
137	219
137	220
137	221
137	222
137	223
137	224
137	225
137	226
137	227
137	228
138	212
138	214
138	221
138	222
138	223
138	224
138	225
138	226
138	227
138	228
139	212
139	214
139	221
139	222
139	223
139	224
139	225
139	226
139	227
139	228
140	212
140	214
140	221
140	222
140	223
140	224
140	225
140	226
140	227
140	228
141	212
141	214
141	221
141	222
141	223
141	224
141	225
141	226
141	227
141	228
142	212
142	214
142	221
142	222
142	223
142	224
142	225
142	226
142	227
142	228
143	212
143	214
143	221
143	222
143	223
143	224
143	225
143	226
143	227
143	228
144	212
144	214
144	221
144	222
144	223
144	224
144	225
144	226
144	227
144	228
145	212
145	214
145	221
145	222
145	223
145	224
145	225
145	226
145	227
145	228
146	212
146	214
146	221
146	222
146	223
146	224
146	225
146	226
146	227
146	228
147	212
147	214
147	221
147	222
147	223
147	224
147	225
147	226
147	227
147	228
148	212
148	214
148	221
148	222
148	223
148	224
148	225
148	226
148	227
148	228
149	212
149	214
149	221
149	222
149	223
149	224
149	225
149	226
149	227
149	228
150	212
150	214
150	221
150	222
150	223
150	224
150	225
150	226
150	227
150	228
151	212
151	214
151	221
151	222
151	223
151	224
151	225
151	226
151	227
151	228
152	212
152	214
152	221
152	222
152	223
152	224
152	225
152	226
152	227
152	228
153	212
153	214
153	221
153	222
153	223
153	224
153	225
153	226
153	227
153	228
154	212
154	214
154	221
154	222
154	223
154	224
154	225
154	226
154	227
154	228
155	212
155	214
155	221
155	222
155	223
155	224
155	225
155	226
155	227
155	228
156	212
156	214
156	221
156	222
156	223
156	224
156	225
156	226
156	227
156	228
157	212
157	214
157	221
157	222
157	223
157	224
157	225
157	226
157	227
157	228
158	212
158	214
158	221
158	222
158	223
158	224
158	225
158	226
158	227
158	228
159	212
159	214
159	221
159	222
159	223
159	224
159	225
159	226
159	227
159	228
160	212
160	214
160	221
160	222
160	223
160	224
160	225
160	226
160	227
160	228
161	212
161	214
161	221
161	222
161	223
161	224
161	225
161	226
161	227
161	228
162	212
162	214
162	221
162	222
162	223
162	224
162	225
162	226
162	227
162	228
163	212
163	214
163	221
163	222
163	223
163	224
163	225
163	226
163	227
163	228
164	212
164	214
164	221
164	222
164	223
164	224
164	225
164	226
164	227
164	228
165	212
165	214
165	221
165	222
165	223
165	224
165	225
165	226
165	227
165	228
166	212
166	214
166	221
166	222
166	223
166	224
166	225
166	226
166	227
166	228
167	212
167	214
167	221
167	222
167	223
167	224
167	225
167	226
167	227
167	228
168	212
168	214
168	221
168	222
168	223
168	224
168	225
168	226
168	227
168	228
169	212
169	214
169	221
169	222
169	223
169	224
169	225
169	226
169	227
169	228
170	212
170	214
170	221
170	222
170	223
170	224
170	225
170	226
170	227
170	228
171	212
171	214
171	221
171	222
171	223
171	224
171	225
171	226
171	227
171	228
172	212
172	214
172	221
172	222
172	223
172	224
172	225
172	226
172	227
172	228
173	212
173	214
173	221
173	222
173	223
173	224
173	225
173	226
173	227
173	228
174	212
174	214
174	221
174	222
174	223
174	224
174	225
174	226
174	227
174	228
175	212
175	214
175	221
175	222
175	223
175	224
175	225
175	226
175	227
175	228
176	212
176	214
176	221
176	222
176	223
176	224
176	225
176	226
176	227
176	228
177	212
177	214
177	219
177	220
177	221
177	222
177	223
177	224
177	225
177	226
177	227
177	228
178	212
178	214
178	219
178	220
178	221
178	222
178	223
178	224
178	225
178	226
178	227
178	228
179	212
179	214
179	221
179	222
179	223
179	224
179	225
179	226
179	227
179	228
180	212
180	214
180	221
180	222
180	223
180	224
180	225
180	226
180	227
180	228
181	212
181	214
181	221
181	222
181	223
181	224
181	225
181	226
181	227
181	228
182	212
182	214
182	221
182	222
182	223
182	224
182	225
182	226
182	227
182	228
183	212
183	214
183	221
183	222
183	223
183	224
183	225
183	226
183	227
183	228
184	212
184	214
184	221
184	222
184	223
184	224
184	225
184	226
184	227
184	228
185	212
185	214
185	221
185	222
185	223
185	224
185	225
185	226
185	227
185	228
186	212
186	214
186	221
186	222
186	223
186	224
186	225
186	226
186	227
186	228
187	212
187	214
187	221
187	222
187	223
187	224
187	225
187	226
187	227
187	228
188	212
188	214
188	221
188	222
188	223
188	224
188	225
188	226
188	227
188	228
189	212
189	214
189	221
189	222
189	223
189	224
189	225
189	226
189	227
189	228
190	212
190	214
190	221
190	222
190	223
190	224
190	225
190	226
190	227
190	228
191	212
191	214
191	221
191	222
191	223
191	224
191	225
191	226
191	227
191	228
192	212
192	214
192	221
192	222
192	223
192	224
192	225
192	226
192	227
192	228
193	212
193	214
193	221
193	222
193	223
193	224
193	225
193	226
193	227
193	228
194	212
194	214
194	221
194	222
194	223
194	224
194	225
194	226
194	227
194	228
195	212
195	214
195	221
195	222
195	223
195	224
195	225
195	226
195	227
195	228
196	212
196	214
196	221
196	222
196	223
196	224
196	225
196	226
196	227
196	228
197	212
197	214
197	221
197	222
197	223
197	224
197	225
197	226
197	227
197	228
198	212
198	214
198	221
198	222
198	223
198	224
198	225
198	226
198	227
198	228
199	212
199	214
199	221
199	222
199	223
199	224
199	225
199	226
199	227
199	228
200	212
200	214
200	221
200	222
200	223
200	224
200	225
200	226
200	227
200	228
201	212
201	214
201	221
201	222
201	223
201	224
201	225
201	226
201	227
201	228
202	212
202	214
202	221
202	222
202	223
202	224
202	225
202	226
202	227
202	228
203	212
203	214
203	221
203	222
203	223
203	224
203	225
203	226
203	227
203	228
204	212
204	214
204	221
204	222
204	223
204	224
204	225
204	226
204	227
204	228
205	212
205	214
205	221
205	222
205	223
205	224
205	225
205	226
205	227
205	228
206	212
206	214
206	221
206	222
206	223
206	224
206	225
206	226
206	227
206	228
207	212
207	214
207	221
207	222
207	223
207	224
207	225
207	226
207	227
207	228
208	212
208	214
208	221
208	222
208	223
208	224
208	225
208	226
208	227
208	228
209	212
209	214
209	221
209	222
209	223
209	224
209	225
209	226
209	227
209	228
210	212
210	214
210	221
210	222
210	223
210	224
210	225
210	226
210	227
210	228
211	212
211	214
211	221
211	222
211	223
211	224
211	225
211	226
211	227
211	228
212	213
212	214
212	215
212	216
212	217
212	218
212	219
212	220
212	221
212	222
212	223
212	224
212	225
212	226
212	227
212	228
213	214
213	221
213	222
213	223
213	224
213	225
213	226
213	227
213	228
214	215
214	216
214	217
214	218
214	219
214	220
215	221
215	222
215	223
215	224
215	225
215	226
215	227
215	228
216	221
216	222
216	223
216	224
216	225
216	226
216	227
216	228
217	221
217	222
217	223
217	224
217	225
217	226
217	227
217	228
218	221
218	222
218	223
218	224
218	225
218	226
218	227
218	228
219	221
219	222
219	223
219	224
219	225
219	226
219	227
219	228
220	221
220	222
220	223
220	224
220	225
220	226
220	227
220	228