228	3868
1	15
1	119
1	176
1	177
1	178
1	192
1	193
1	200
1	202
1	204
1	205
1	206
1	207
1	208
1	209
1	210
1	211
1	212
1	213
1	214
1	215
1	216
1	217
1	218
1	219
1	220
1	221
1	222
1	223
1	224
1	225
1	226
1	227
1	228
2	15
2	119
2	208
2	212
2	214
2	217
2	219
2	220
2	221
2	222
2	223
2	224
2	225
2	226
2	227
2	228
3	15
3	101
3	119
3	127
3	128
3	132
3	136
3	137
3	139
3	140
3	141
3	142
3	143
3	144
3	146
3	148
3	149
3	150
3	157
3	158
3	159
3	161
3	162
3	163
3	164
3	165
3	169
3	170
3	172
3	173
3	174
3	175
3	176
3	177
3	178
3	180
3	181
3	182
3	183
3	184
3	185
3	186
3	188
3	189
3	190
3	191
3	192
3	193
3	194
3	195
3	196
3	197
3	198
3	199
3	200
3	201
3	202
3	203
3	204
3	205
3	206
3	207
3	208
3	209
3	210
3	211
3	212
3	213
3	214
3	215
3	216
3	217
3	218
3	219
3	220
3	221
3	222
3	223
3	224
3	225
3	226
3	227
3	228
4	15
4	119
4	176
4	177
4	178
4	192
4	193
4	200
4	202
4	204
4	205
4	206
4	207
4	208
4	209
4	210
4	211
4	212
4	213
4	214
4	215
4	216
4	217
4	218
4	219
4	220
4	221
4	222
4	223
4	224
4	225
4	226
4	227
4	228
5	15
5	101
5	119
5	127
5	128
5	132
5	136
5	137
5	139
5	140
5	141
5	142
5	143
5	144
5	146
5	148
5	149
5	150
5	157
5	158
5	159
5	161
5	162
5	163
5	164
5	165
5	169
5	170
5	172
5	173
5	174
5	175
5	176
5	177
5	178
5	180
5	181
5	182
5	183
5	184
5	185
5	186
5	188
5	189
5	190
5	191
5	192
5	193
5	194
5	195
5	196
5	197
5	198
5	199
5	200
5	201
5	202
5	203
5	204
5	205
5	206
5	207
5	208
5	209
5	210
5	211
5	212
5	213
5	214
5	215
5	216
5	217
5	218
5	219
5	220
5	221
5	222
5	223
5	224
5	225
5	226
5	227
5	228
6	15
6	91
6	95
6	96
6	98
6	100
6	101
6	103
6	104
6	108
6	109
6	110
6	112
6	113
6	114
6	115
6	116
6	117
6	119
6	121
6	122
6	123
6	124
6	125
6	126
6	127
6	128
6	130
6	131
6	132
6	134
6	135
6	136
6	137
6	138
6	139
6	140
6	141
6	142
6	143
6	144
6	145
6	146
6	147
6	148
6	149
6	150
6	151
6	152
6	153
6	154
6	155
6	156
6	157
6	158
6	159
6	160
6	161
6	162
6	163
6	164
6	165
6	166
6	167
6	168
6	169
6	170
6	171
6	172
6	173
6	174
6	175
6	176
6	177
6	178
6	179
6	180
6	181
6	182
6	183
6	184
6	185
6	186
6	187
6	188
6	189
6	190
6	191
6	192
6	193
6	194
6	195
6	196
6	197
6	198
6	199
6	200
6	201
6	202
6	203
6	204
6	205
6	206
6	207
6	208
6	209
6	210
6	211
6	212
6	213
6	214
6	215
6	216
6	217
6	218
6	219
6	220
6	221
6	222
6	223
6	224
6	225
6	226
6	227
6	228
7	15
7	119
7	176
7	177
7	178
7	192
7	193
7	200
7	202
7	204
7	205
7	206
7	207
7	208
7	209
7	210
7	211
7	212
7	213
7	214
7	215
7	216
7	217
7	218
7	219
7	220
7	221
7	222
7	223
7	224
7	225
7	226
7	227
7	228
8	15
8	119
8	127
8	132
8	136
8	137
8	139
8	146
8	150
8	158
8	159
8	161
8	162
8	163
8	164
8	165
8	170
8	173
8	174
8	175
8	176
8	177
8	178
8	181
8	182
8	183
8	184
8	185
8	186
8	188
8	189
8	191
8	192
8	193
8	194
8	195
8	196
8	197
8	198
8	199
8	200
8	201
8	202
8	203
8	204
8	205
8	206
8	207
8	208
8	209
8	210
8	211
8	212
8	213
8	214
8	215
8	216
8	217
8	218
8	219
8	220
8	221
8	222
8	223
8	224
8	225
8	226
8	227
8	228
9	15
9	119
9	176
9	177
9	178
9	192
9	193
9	200
9	202
9	204
9	205
9	206
9	207
9	208
9	209
9	210
9	211
9	212
9	213
9	214
9	215
9	216
9	217
9	218
9	219
9	220
9	221
9	222
9	223
9	224
9	225
9	226
9	227
9	228
10	15
10	101
10	119
10	127
10	128
10	132
10	136
10	137
10	139
10	140
10	141
10	142
10	143
10	144
10	146
10	148
10	149
10	150
10	157
10	158
10	159
10	161
10	162
10	163
10	164
10	165
10	169
10	170
10	172
10	173
10	174
10	175
10	176
10	177
10	178
10	180
10	181
10	182
10	183
10	184
10	185
10	186
10	188
10	189
10	190
10	191
10	192
10	193
10	194
10	195
10	196
10	197
10	198
10	199
10	200
10	201
10	202
10	203
10	204
10	205
10	206
10	207
10	208
10	209
10	210
10	211
10	212
10	213
10	214
10	215
10	216
10	217
10	218
10	219
10	220
10	221
10	222
10	223
10	224
10	225
10	226
10	227
10	228
11	15
11	101
11	119
11	127
11	128
11	132
11	136
11	137
11	139
11	140
11	141
11	142
11	143
11	144
11	146
11	148
11	149
11	150
11	157
11	158
11	159
11	161
11	162
11	163
11	164
11	165
11	169
11	170
11	172
11	173
11	174
11	175
11	176
11	177
11	178
11	180
11	181
11	182
11	183
11	184
11	185
11	186
11	188
11	189
11	190
11	191
11	192
11	193
11	194
11	195
11	196
11	197
11	198
11	199
11	200
11	201
11	202
11	203
11	204
11	205
11	206
11	207
11	208
11	209
11	210
11	211
11	212
11	213
11	214
11	215
11	216
11	217
11	218
11	219
11	220
11	221
11	222
11	223
11	224
11	225
11	226
11	227
11	228
12	15
12	119
12	176
12	177
12	178
12	192
12	193
12	200
12	202
12	204
12	205
12	206
12	207
12	208
12	209
12	210
12	211
12	212
12	213
12	214
12	215
12	216
12	217
12	218
12	219
12	220
12	221
12	222
12	223
12	224
12	225
12	226
12	227
12	228
13	15
13	119
13	176
13	177
13	178
13	192
13	193
13	200
13	202
13	204
13	205
13	206
13	207
13	208
13	209
13	210
13	211
13	212
13	213
13	214
13	215
13	216
13	217
13	218
13	219
13	220
13	221
13	222
13	223
13	224
13	225
13	226
13	227
13	228
14	15
14	119
14	177
14	178
14	193
14	200
14	204
14	205
14	208
14	209
14	210
14	212
14	214
14	215
14	216
14	217
14	218
14	219
14	220
14	221
14	222
14	223
14	224
14	225
14	226
14	227
14	228
15	16
15	17
15	18
15	19
15	20
15	21
15	22
15	23
15	24
15	25
15	26
15	27
15	28
15	29
15	30
15	31
15	32
15	33
15	34
15	35
15	36
15	37
15	38
15	39
15	40
15	41
15	42
15	43
15	44
15	45
15	46
15	47
15	48
15	49
15	50
15	51
15	52
15	53
15	54
15	55
15	56
15	57
15	58
15	59
15	60
15	61
15	62
15	63
15	64
15	65
15	66
15	67
15	68
15	69
15	70
15	71
15	72
15	73
15	74
15	75
15	76
15	77
15	78
15	79
15	80
15	81
15	82
15	83
15	84
15	85
15	86
15	87
15	88
15	89
15	90
15	91
15	92
15	93
15	94
15	95
15	96
15	97
15	98
15	99
15	100
15	101
15	102
15	103
15	104
15	105
15	106
15	107
15	108
15	109
15	110
15	111
15	112
15	113
15	114
15	115
15	116
15	117
15	118
15	119
15	120
15	121
15	122
15	123
15	124
15	125
15	126
15	127
15	128
15	129
15	130
15	131
15	132
15	133
15	134
15	135
15	136
15	137
15	138
15	139
15	140
15	141
15	142
15	143
15	144
15	145
15	146
15	147
15	148
15	149
15	150
15	151
15	152
15	153
15	154
15	155
15	156
15	157
15	158
15	159
15	160
15	161
15	162
15	163
15	164
15	165
15	166
15	167
15	168
15	169
15	170
15	171
15	172
15	173
15	174
15	175
15	176
15	177
15	178
15	179
15	180
15	181
15	182
15	183
15	184
15	185
15	186
15	187
15	188
15	189
15	190
15	191
15	192
15	193
15	194
15	195
15	196
15	197
15	198
15	199
15	200
15	201
15	202
15	203
15	204
15	205
15	206
15	207
15	208
15	209
15	210
15	211
15	212
15	213
15	214
15	215
15	216
15	217
15	218
15	219
15	220
15	221
15	222
15	223
15	224
15	225
15	226
15	227
15	228
16	119
16	208
16	212
16	214
16	217
16	219
16	220
16	221
16	222
16	223
16	224
16	225
16	226
16	227
16	228
17	119
17	177
17	178
17	193
17	200
17	204
17	205
17	208
17	209
17	210
17	212
17	214
17	215
17	216
17	217
17	218
17	219
17	220
17	221
17	222
17	223
17	224
17	225
17	226
17	227
17	228
18	119
18	177
18	178
18	193
18	200
18	204
18	205
18	208
18	209
18	210
18	212
18	214
18	215
18	216
18	217
18	218
18	219
18	220
18	221
18	222
18	223
18	224
18	225
18	226
18	227
18	228
19	119
19	177
19	178
19	193
19	200
19	204
19	205
19	208
19	209
19	210
19	212
19	214
19	215
19	216
19	217
19	218
19	219
19	220
19	221
19	222
19	223
19	224
19	225
19	226
19	227
19	228
20	119
20	212
20	214
20	217
20	219
20	220
20	221
20	222
20	223
20	224
20	225
20	226
20	227
20	228
21	119
21	177
21	178
21	193
21	200
21	204
21	205
21	208
21	209
21	210
21	212
21	214
21	215
21	216
21	217
21	218
21	219
21	220
21	221
21	222
21	223
21	224
21	225
21	226
21	227
21	228
22	119
22	127
22	132
22	136
22	137
22	139
22	146
22	150
22	158
22	159
22	161
22	162
22	163
22	164
22	165
22	170
22	173
22	174
22	175
22	176
22	177
22	178
22	181
22	182
22	183
22	184
22	185
22	186
22	188
22	189
22	191
22	192
22	193
22	194
22	195
22	196
22	197
22	198
22	199
22	200
22	201
22	202
22	203
22	204
22	205
22	206
22	207
22	208
22	209
22	210
22	211
22	212
22	213
22	214
22	215
22	216
22	217
22	218
22	219
22	220
22	221
22	222
22	223
22	224
22	225
22	226
22	227
22	228
23	119
23	127
23	132
23	137
23	139
23	146
23	150
23	158
23	159
23	161
23	162
23	163
23	164
23	165
23	170
23	173
23	174
23	175
23	176
23	177
23	178
23	181
23	182
23	183
23	184
23	185
23	186
23	188
23	189
23	191
23	192
23	193
23	194
23	195
23	196
23	197
23	198
23	199
23	200
23	201
23	202
23	203
23	204
23	205
23	206
23	207
23	208
23	209
23	210
23	211
23	212
23	213
23	214
23	215
23	216
23	217
23	218
23	219
23	220
23	221
23	222
23	223
23	224
23	225
23	226
23	227
23	228
24	101
24	117
24	119
24	122
24	123
24	124
24	125
24	126
24	127
24	128
24	131
24	132
24	134
24	135
24	136
24	137
24	138
24	139
24	140
24	141
24	142
24	143
24	144
24	145
24	146
24	147
24	148
24	149
24	150
24	151
24	152
24	153
24	154
24	155
24	156
24	157
24	158
24	159
24	160
24	161
24	162
24	163
24	164
24	165
24	166
24	167
24	168
24	169
24	170
24	171
24	172
24	173
24	174
24	175
24	176
24	177
24	178
24	180
24	181
24	182
24	183
24	184
24	185
24	186
24	187
24	188
24	189
24	190
24	191
24	192
24	193
24	194
24	195
24	196
24	197
24	198
24	199
24	200
24	201
24	202
24	203
24	204
24	205
24	206
24	207
24	208
24	209
24	210
24	211
24	212
24	213
24	214
24	215
24	216
24	217
24	218
24	219
24	220
24	221
24	222
24	223
24	224
24	225
24	226
24	227
24	228
25	119
25	177
25	178
25	200
25	208
25	209
25	210
25	212
25	214
25	215
25	216
25	217
25	218
25	219
25	220
25	221
25	222
25	223
25	224
25	225
25	226
25	227
25	228
26	119
26	177
26	178
26	193
26	200
26	204
26	205
26	208
26	209
26	210
26	212
26	214
26	215
26	216
26	217
26	218
26	219
26	220
26	221
26	222
26	223
26	224
26	225
26	226
26	227
26	228
27	119
27	176
27	177
27	178
27	192
27	193
27	200
27	202
27	204
27	205
27	206
27	207
27	208
27	209
27	210
27	211
27	212
27	213
27	214
27	215
27	216
27	217
27	218
27	219
27	220
27	221
27	222
27	223
27	224
27	225
27	226
27	227
27	228
28	101
28	119
28	127
28	128
28	132
28	136
28	137
28	139
28	140
28	141
28	142
28	143
28	144
28	146
28	148
28	149
28	150
28	157
28	158
28	159
28	161
28	162
28	163
28	164
28	165
28	169
28	170
28	172
28	173
28	174
28	175
28	176
28	177
28	178
28	180
28	181
28	182
28	183
28	184
28	185
28	186
28	188
28	189
28	190
28	191
28	192
28	193
28	194
28	195
28	196
28	197
28	198
28	199
28	200
28	201
28	202
28	203
28	204
28	205
28	206
28	207
28	208
28	209
28	210
28	211
28	212
28	213
28	214
28	215
28	216
28	217
28	218
28	219
28	220
28	221
28	222
28	223
28	224
28	225
28	226
28	227
28	228
29	101
29	119
29	127
29	128
29	132
29	136
29	137
29	139
29	140
29	141
29	142
29	143
29	144
29	146
29	148
29	149
29	150
29	157
29	158
29	159
29	161
29	162
29	163
29	164
29	165
29	169
29	170
29	172
29	173
29	174
29	175
29	176
29	177
29	178
29	180
29	181
29	182
29	183
29	184
29	185
29	186
29	188
29	189
29	190
29	191
29	192
29	193
29	194
29	195
29	196
29	197
29	198
29	199
29	200
29	201
29	202
29	203
29	204
29	205
29	206
29	207
29	208
29	209
29	210
29	211
29	212
29	213
29	214
29	215
29	216
29	217
29	218
29	219
29	220
29	221
29	222
29	223
29	224
29	225
29	226
29	227
29	228
30	119
30	177
30	178
30	193
30	200
30	204
30	205
30	208
30	209
30	210
30	212
30	214
30	215
30	216
30	217
30	218
30	219
30	220
30	221
30	222
30	223
30	224
30	225
30	226
30	227
30	228
31	119
31	208
31	212
31	214
31	217
31	219
31	220
31	221
31	222
31	223
31	224
31	225
31	226
31	227
31	228
32	119
32	212
32	214
32	217
32	219
32	220
32	221
32	222
32	223
32	224
32	225
32	226
32	227
32	228
33	119
33	212
33	214
33	221
33	222
33	223
33	224
33	225
33	226
33	227
33	228
34	119
34	212
34	214
34	221
34	222
34	223
34	224
34	225
34	226
34	227
34	228
35	119
35	212
35	214
35	217
35	219
35	220
35	221
35	222
35	223
35	224
35	225
35	226
35	227
35	228
36	119
36	208
36	212
36	214
36	217
36	219
36	220
36	221
36	222
36	223
36	224
36	225
36	226
36	227
36	228
37	119
37	212
37	214
37	221
37	222
37	223
37	224
37	225
37	226
37	227
37	228
38	119
38	208
38	212
38	214
38	217
38	219
38	220
38	221
38	222
38	223
38	224
38	225
38	226
38	227
38	228
39	119
39	212
39	214
39	217
39	219
39	220
39	221
39	222
39	223
39	224
39	225
39	226
39	227
39	228
40	119
40	208
40	212
40	214
40	217
40	219
40	220
40	221
40	222
40	223
40	224
40	225
40	226
40	227
40	228
41	119
41	177
41	178
41	193
41	200
41	204
41	205
41	208
41	209
41	210
41	212
41	214
41	215
41	216
41	217
41	218
41	219
41	220
41	221
41	222
41	223
41	224
41	225
41	226
41	227
41	228
42	119
42	212
42	214
42	217
42	219
42	220
42	221
42	222
42	223
42	224
42	225
42	226
42	227
42	228
43	119
43	212
43	214
43	217
43	219
43	220
43	221
43	222
43	223
43	224
43	225
43	226
43	227
43	228
44	119
44	176
44	177
44	178
44	192
44	193
44	200
44	202
44	204
44	205
44	206
44	207
44	208
44	209
44	210
44	211
44	212
44	213
44	214
44	215
44	216
44	217
44	218
44	219
44	220
44	221
44	222
44	223
44	224
44	225
44	226
44	227
44	228
45	119
45	177
45	178
45	193
45	200
45	204
45	205
45	208
45	209
45	210
45	212
45	214
45	215
45	216
45	217
45	218
45	219
45	220
45	221
45	222
45	223
45	224
45	225
45	226
45	227
45	228
46	101
46	119
46	127
46	132
46	137
46	139
46	146
46	150
46	158
46	159
46	161
46	162
46	163
46	164
46	165
46	169
46	170
46	172
46	173
46	174
46	175
46	176
46	177
46	178
46	181
46	182
46	183
46	184
46	185
46	186
46	188
46	189
46	191
46	192
46	193
46	194
46	195
46	196
46	197
46	198
46	199
46	200
46	201
46	202
46	203
46	204
46	205
46	206
46	207
46	208
46	209
46	210
46	211
46	212
46	213
46	214
46	215
46	216
46	217
46	218
46	219
46	220
46	221
46	222
46	223
46	224
46	225
46	226
46	227
46	228
47	119
47	212
47	214
47	217
47	219
47	220
47	221
47	222
47	223
47	224
47	225
47	226
47	227
47	228
48	119
48	212
48	214
48	221
48	222
48	223
48	224
48	225
48	226
48	227
48	228
49	119
49	212
49	214
49	221
49	222
49	223
49	224
49	225
49	226
49	227
49	228
50	119
50	212
50	214
50	217
50	219
50	220
50	221
50	222
50	223
50	224
50	225
50	226
50	227
50	228
51	119
51	212
51	214
51	221
51	222
51	223
51	224
51	225
51	226
51	227
51	228
52	119
52	212
52	214
52	221
52	222
52	223
52	224
52	225
52	226
52	227
52	228
53	119
53	212
53	214
53	221
53	222
53	223
53	224
53	225
53	226
53	227
53	228
54	119
54	212
54	214
54	221
54	222
54	223
54	224
54	225
54	226
54	227
54	228
55	119
55	212
55	214
55	217
55	219
55	220
55	221
55	222
55	223
55	224
55	225
55	226
55	227
55	228
56	119
56	212
56	214
56	221
56	222
56	223
56	224
56	225
56	226
56	227
56	228
57	119
57	212
57	214
57	221
57	222
57	223
57	224
57	225
57	226
57	227
57	228
58	119
58	212
58	214
58	221
58	222
58	223
58	224
58	225
58	226
58	227
58	228
59	119
59	212
59	214
59	221
59	222
59	223
59	224
59	225
59	226
59	227
59	228
60	119
60	212
60	214
60	221
60	222
60	223
60	224
60	225
60	226
60	227
60	228
61	119
61	212
61	214
61	221
61	222
61	223
61	224
61	225
61	226
61	227
61	228
62	119
62	212
62	214
62	217
62	219
62	220
62	221
62	222
62	223
62	224
62	225
62	226
62	227
62	228
63	119
63	212
63	214
63	221
63	222
63	223
63	224
63	225
63	226
63	227
63	228
64	119
64	212
64	214
64	221
64	222
64	223
64	224
64	225
64	226
64	227
64	228
65	119
65	212
65	214
65	221
65	222
65	223
65	224
65	225
65	226
65	227
65	228
66	119
66	212
66	214
66	221
66	222
66	223
66	224
66	225
66	226
66	227
66	228
67	119
67	212
67	214
67	217
67	219
67	220
67	221
67	222
67	223
67	224
67	225
67	226
67	227
67	228
68	119
68	212
68	214
68	221
68	222
68	223
68	224
68	225
68	226
68	227
68	228
69	119
69	212
69	214
69	221
69	222
69	223
69	224
69	225
69	226
69	227
69	228
70	119
70	212
70	214
70	221
70	222
70	223
70	224
70	225
70	226
70	227
70	228
71	119
71	212
71	214
71	221
71	222
71	223
71	224
71	225
71	226
71	227
71	228
72	119
72	212
72	214
72	221
72	222
72	223
72	224
72	225
72	226
72	227
72	228
73	119
73	212
73	214
73	221
73	222
73	223
73	224
73	225
73	226
73	227
73	228
74	119
74	212
74	214
74	221
74	222
74	223
74	224
74	225
74	226
74	227
74	228
75	119
75	212
75	214
75	221
75	222
75	223
75	224
75	225
75	226
75	227
75	228
76	119
76	212
76	214
76	221
76	222
76	223
76	224
76	225
76	226
76	227
76	228
77	119
77	212
77	214
77	217
77	219
77	220
77	221
77	222
77	223
77	224
77	225
77	226
77	227
77	228
78	119
78	212
78	214
78	221
78	222
78	223
78	224
78	225
78	226
78	227
78	228
79	119
79	212
79	214
79	221
79	222
79	223
79	224
79	225
79	226
79	227
79	228
80	119
80	212
80	214
80	221
80	222
80	223
80	224
80	225
80	226
80	227
80	228
81	119
81	212
81	214
81	221
81	222
81	223
81	224
81	225
81	226
81	227
81	228
82	119
82	212
82	214
82	221
82	222
82	223
82	224
82	225
82	226
82	227
82	228
83	119
83	212
83	214
83	221
83	222
83	223
83	224
83	225
83	226
83	227
83	228
84	119
84	212
84	214
84	221
84	222
84	223
84	224
84	225
84	226
84	227
84	228
85	119
85	212
85	214
85	221
85	222
85	223
85	224
85	225
85	226
85	227
85	228
86	119
86	212
86	214
86	221
86	222
86	223
86	224
86	225
86	226
86	227
86	228
87	119
87	212
87	214
87	221
87	222
87	223
87	224
87	225
87	226
87	227
87	228
88	119
88	212
88	214
88	221
88	222
88	223
88	224
88	225
88	226
88	227
88	228
89	119
89	212
89	214
89	221
89	222
89	223
89	224
89	225
89	226
89	227
89	228
90	119
90	212
90	214
90	221
90	222
90	223
90	224
90	225
90	226
90	227
90	228
91	119
91	212
91	214
91	221
91	222
91	223
91	224
91	225
91	226
91	227
91	228
92	119
92	212
92	214
92	221
92	222
92	223
92	224
92	225
92	226
92	227
92	228
93	119
93	212
93	214
93	221
93	222
93	223
93	224
93	225
93	226
93	227
93	228
94	119
94	212
94	214
94	221
94	222
94	223
94	224
94	225
94	226
94	227
94	228
95	119
95	212
95	214
95	221
95	222
95	223
95	224
95	225
95	226
95	227
95	228
96	119
96	212
96	214
96	221
96	222
96	223
96	224
96	225
96	226
96	227
96	228
97	119
97	212
97	214
97	221
97	222
97	223
97	224
97	225
97	226
97	227
97	228
98	119
98	212
98	214
98	221
98	222
98	223
98	224
98	225
98	226
98	227
98	228
99	119
99	212
99	214
99	221
99	222
99	223
99	224
99	225
99	226
99	227
99	228
100	119
100	212
100	214
100	221
100	222
100	223
100	224
100	225
100	226
100	227
100	228
101	119
101	212
101	214
101	221
101	222
101	223
101	224
101	225
101	226
101	227
101	228
102	119
102	212
102	214
102	221
102	222
102	223
102	224
102	225
102	226
102	227
102	228
103	119
103	212
103	214
103	221
103	222
103	223
103	224
103	225
103	226
103	227
103	228
104	119
104	212
104	214
104	221
104	222
104	223
104	224
104	225
104	226
104	227
104	228
105	119
105	212
105	214
105	221
105	222
105	223
105	224
105	225
105	226
105	227
105	228
106	119
106	212
106	214
106	221
106	222
106	223
106	224
106	225
106	226
106	227
106	228
107	119
107	212
107	214
107	221
107	222
107	223
107	224
107	225
107	226
107	227
107	228
108	119
108	212
108	214
108	221
108	222
108	223
108	224
108	225
108	226
108	227
108	228
109	119
109	212
109	214
109	221
109	222
109	223
109	224
109	225
109	226
109	227
109	228
110	119
110	212
110	214
110	221
110	222
110	223
110	224
110	225
110	226
110	227
110	228
111	119
111	212
111	214
111	221
111	222
111	223
111	224
111	225
111	226
111	227
111	228
112	119
112	212
112	214
112	221
112	222
112	223
112	224
112	225
112	226
112	227
112	228
113	119
113	212
113	214
113	221
113	222
113	223
113	224
113	225
113	226
113	227
113	228
114	119
114	212
114	214
114	221
114	222
114	223
114	224
114	225
114	226
114	227
114	228
115	119
115	212
115	214
115	221
115	222
115	223
115	224
115	225
115	226
115	227
115	228
116	119
116	212
116	214
116	221
116	222
116	223
116	224
116	225
116	226
116	227
116	228
117	119
117	212
117	214
117	221
117	222
117	223
117	224
117	225
117	226
117	227
117	228
118	119
118	212
118	214
118	221
118	222
118	223
118	224
118	225
118	226
118	227
118	228
119	120
119	121
119	122
119	123
119	124
119	125
119	126
119	127
119	128
119	129
119	130
119	131
119	132
119	133
119	134
119	135
119	136
119	137
119	138
119	139
119	140
119	141
119	142
119	143
119	144
119	145
119	146
119	147
119	148
119	149
119	150
119	151
119	152
119	153
119	154
119	155
119	156
119	157
119	158
119	159
119	160
119	161
119	162
119	163
119	164
119	165
119	166
119	167
119	168
119	169
119	170
119	171
119	172
119	173
119	174
119	175
119	176
119	177
119	178
119	179
119	180
119	181
119	182
119	183
119	184
119	185
119	186
119	187
119	188
119	189
119	190
119	191
119	192
119	193
119	194
119	195
119	196
119	197
119	198
119	199
119	200
119	201
119	202
119	203
119	204
119	205
119	206
119	207
119	208
119	209
119	210
119	211
119	212
119	213
119	214
119	215
119	216
119	217
119	218
119	219
119	220
119	221
119	222
119	223
119	224
119	225
119	226
119	227
119	228
120	212
120	214
120	221
120	222
120	223
120	224
120	225
120	226
120	227
120	228
121	212
121	214
121	221
121	222
121	223
121	224
121	225
121	226
121	227
121	228
122	212
122	214
122	221
122	222
122	223
122	224
122	225
122	226
122	227
122	228
123	212
123	214
123	221
123	222
123	223
123	224
123	225
123	226
123	227
123	228
124	212
124	214
124	221
124	222
124	223
124	224
124	225
124	226
124	227
124	228
125	212
125	214
125	221
125	222
125	223
125	224
125	225
125	226
125	227
125	228
126	212
126	214
126	221
126	222
126	223
126	224
126	225
126	226
126	227
126	228
127	212
127	214
127	221
127	222
127	223
127	224
127	225
127	226
127	227
127	228
128	212
128	214
128	221
128	222
128	223
128	224
128	225
128	226
128	227
128	228
129	212
129	214
129	221
129	222
129	223
129	224
129	225
129	226
129	227
129	228
130	212
130	214
130	221
130	222
130	223
130	224
130	225
130	226
130	227
130	228
131	212
131	214
131	221
131	222
131	223
131	224
131	225
131	226
131	227
131	228
132	212
132	214
132	221
132	222
132	223
132	224
132	225
132	226
132	227
132	228
133	212
133	214
133	221
133	222
133	223
133	224
133	225
133	226
133	227
133	228
134	212
134	214
134	221
134	222
134	223
134	224
134	225
134	226
134	227
134	228
135	212
135	214
135	221
135	222
135	223
135	224
135	225
135	226
135	227
135	228
136	212
136	214
136	221
136	222
136	223
136	224
136	225
136	226
136	227
136	228
137	212
137	214
137	221
137	222
137	223
137	224
137	225
137	226
137	227
137	228
138	212
138	214
138	221
138	222
138	223
138	224
138	225
138	226
138	227
138	228
139	212
139	214
139	221
139	222
139	223
139	224
139	225
139	226
139	227
139	228
140	212
140	214
140	221
140	222
140	223
140	224
140	225
140	226
140	227
140	228
141	212
141	214
141	221
141	222
141	223
141	224
141	225
141	226
141	227
141	228
142	212
142	214
142	221
142	222
142	223
142	224
142	225
142	226
142	227
142	228
143	212
143	214
143	221
143	222
143	223
143	224
143	225
143	226
143	227
143	228
144	212
144	214
144	221
144	222
144	223
144	224
144	225
144	226
144	227
144	228
145	212
145	214
145	221
145	222
145	223
145	224
145	225
145	226
145	227
145	228
146	212
146	214
146	221
146	222
146	223
146	224
146	225
146	226
146	227
146	228
147	212
147	214
147	221
147	222
147	223
147	224
147	225
147	226
147	227
147	228
148	212
148	214
148	221
148	222
148	223
148	224
148	225
148	226
148	227
148	228
149	212
149	214
149	221
149	222
149	223
149	224
149	225
149	226
149	227
149	228
150	212
150	214
150	221
150	222
150	223
150	224
150	225
150	226
150	227
150	228
151	212
151	214
151	221
151	222
151	223
151	224
151	225
151	226
151	227
151	228
152	212
152	214
152	221
152	222
152	223
152	224
152	225
152	226
152	227
152	228
153	212
153	214
153	221
153	222
153	223
153	224
153	225
153	226
153	227
153	228
154	212
154	214
154	221
154	222
154	223
154	224
154	225
154	226
154	227
154	228
155	212
155	214
155	221
155	222
155	223
155	224
155	225
155	226
155	227
155	228
156	212
156	214
156	221
156	222
156	223
156	224
156	225
156	226
156	227
156	228
157	212
157	214
157	221
157	222
157	223
157	224
157	225
157	226
157	227
157	228
158	212
158	214
158	221
158	222
158	223
158	224
158	225
158	226
158	227
158	228
159	212
159	214
159	221
159	222
159	223
159	224
159	225
159	226
159	227
159	228
160	212
160	214
160	221
160	222
160	223
160	224
160	225
160	226
160	227
160	228
161	212
161	214
161	221
161	222
161	223
161	224
161	225
161	226
161	227
161	228
162	212
162	214
162	221
162	222
162	223
162	224
162	225
162	226
162	227
162	228
163	212
163	214
163	221
163	222
163	223
163	224
163	225
163	226
163	227
163	228
164	212
164	214
164	221
164	222
164	223
164	224
164	225
164	226
164	227
164	228
165	212
165	214
165	221
165	222
165	223
165	224
165	225
165	226
165	227
165	228
166	212
166	214
166	221
166	222
166	223
166	224
166	225
166	226
166	227
166	228
167	212
167	214
167	221
167	222
167	223
167	224
167	225
167	226
167	227
167	228
168	212
168	214
168	221
168	222
168	223
168	224
168	225
168	226
168	227
168	228
169	212
169	214
169	221
169	222
169	223
169	224
169	225
169	226
169	227
169	228
170	212
170	214
170	221
170	222
170	223
170	224
170	225
170	226
170	227
170	228
171	212
171	214
171	221
171	222
171	223
171	224
171	225
171	226
171	227
171	228
172	212
172	214
172	221
172	222
172	223
172	224
172	225
172	226
172	227
172	228
173	212
173	214
173	221
173	222
173	223
173	224
173	225
173	226
173	227
173	228
174	212
174	214
174	221
174	222
174	223
174	224
174	225
174	226
174	227
174	228
175	212
175	214
175	221
175	222
175	223
175	224
175	225
175	226
175	227
175	228
176	212
176	214
176	221
176	222
176	223
176	224
176	225
176	226
176	227
176	228
177	212
177	214
177	221
177	222
177	223
177	224
177	225
177	226
177	227
177	228
178	212
178	214
178	221
178	222
178	223
178	224
178	225
178	226
178	227
178	228
179	212
179	214
179	221
179	222
179	223
179	224
179	225
179	226
179	227
179	228
180	212
180	214
180	221
180	222
180	223
180	224
180	225
180	226
180	227
180	228
181	212
181	214
181	221
181	222
181	223
181	224
181	225
181	226
181	227
181	228
182	212
182	214
182	221
182	222
182	223
182	224
182	225
182	226
182	227
182	228
183	212
183	214
183	221
183	222
183	223
183	224
183	225
183	226
183	227
183	228
184	212
184	214
184	221
184	222
184	223
184	224
184	225
184	226
184	227
184	228
185	212
185	214
185	221
185	222
185	223
185	224
185	225
185	226
185	227
185	228
186	212
186	214
186	221
186	222
186	223
186	224
186	225
186	226
186	227
186	228
187	212
187	214
187	221
187	222
187	223
187	224
187	225
187	226
187	227
187	228
188	212
188	214
188	221
188	222
188	223
188	224
188	225
188	226
188	227
188	228
189	212
189	214
189	221
189	222
189	223
189	224
189	225
189	226
189	227
189	228
190	212
190	214
190	221
190	222
190	223
190	224
190	225
190	226
190	227
190	228
191	212
191	214
191	221
191	222
191	223
191	224
191	225
191	226
191	227
191	228
192	212
192	214
192	221
192	222
192	223
192	224
192	225
192	226
192	227
192	228
193	212
193	214
193	221
193	222
193	223
193	224
193	225
193	226
193	227
193	228
194	212
194	214
194	221
194	222
194	223
194	224
194	225
194	226
194	227
194	228
195	212
195	214
195	221
195	222
195	223
195	224
195	225
195	226
195	227
195	228
196	212
196	214
196	221
196	222
196	223
196	224
196	225
196	226
196	227
196	228
197	212
197	214
197	221
197	222
197	223
197	224
197	225
197	226
197	227
197	228
198	212
198	214
198	221
198	222
198	223
198	224
198	225
198	226
198	227
198	228
199	212
199	214
199	221
199	222
199	223
199	224
199	225
199	226
199	227
199	228
200	212
200	214
200	221
200	222
200	223
200	224
200	225
200	226
200	227
200	228
201	212
201	214
201	221
201	222
201	223
201	224
201	225
201	226
201	227
201	228
202	212
202	214
202	221
202	222
202	223
202	224
202	225
202	226
202	227
202	228
203	212
203	214
203	221
203	222
203	223
203	224
203	225
203	226
203	227
203	228
204	212
204	214
204	221
204	222
204	223
204	224
204	225
204	226
204	227
204	228
205	212
205	214
205	221
205	222
205	223
205	224
205	225
205	226
205	227
205	228
206	212
206	214
206	221
206	222
206	223
206	224
206	225
206	226
206	227
206	228
207	212
207	214
207	221
207	222
207	223
207	224
207	225
207	226
207	227
207	228
208	212
208	214
208	221
208	222
208	223
208	224
208	225
208	226
208	227
208	228
209	212
209	214
209	221
209	222
209	223
209	224
209	225
209	226
209	227
209	228
210	212
210	214
210	221
210	222
210	223
210	224
210	225
210	226
210	227
210	228
211	212
211	214
211	221
211	222
211	223
211	224
211	225
211	226
211	227
211	228
212	213
212	214
212	215
212	216
212	217
212	218
212	219
212	220
212	221
212	222
212	223
212	224
212	225
212	226
212	227
212	228
213	214
213	221
213	222
213	223
213	224
213	225
213	226
213	227
213	228
214	215
214	216
214	217
214	218
214	219
214	220
215	221
215	222
215	223
215	224
215	225
215	226
215	227
215	228
216	221
216	222
216	223
216	224
216	225
216	226
216	227
216	228
217	221
217	222
217	223
217	224
217	225
217	226
217	227
217	228
218	221
218	222
218	223
218	224
218	225
218	226
218	227
218	228
219	221
219	222
219	223
219	224
219	225
219	226
219	227
219	228
220	221
220	222
220	223
220	224
220	225
220	226
220	227
220	228