1000
0.7768126798 0.7768126798 0.7768126798
0.2223243031 0.2223243031 0.2223243031
0.9221169258 0.9221169258 0.9221169258
0.3324182791 0.3324182791 0.3324182791
0.9996445043 0.9996445043 0.9996445043
0.6759472522 0.6759472522 0.6759472522
0.3049482927 0.3049482927 0.3049482927
0.9136297335 0.9136297335 0.9136297335
0.9889909382 0.9889909382 0.9889909382
0.3296247564 0.3296247564 0.3296247564
0.9230680933 0.9230680933 0.9230680933
0.9163740717 0.9163740717 0.9163740717
0.6704732464 0.6704732464 0.6704732464
0.0122950613 0.0122950613 0.0122950613
0.9914479872 0.9914479872 0.9914479872
0.9877576095 0.9877576095 0.9877576095
0.9175595071 0.9175595071 0.9175595071
0.2561978257 0.2561978257 0.2561978257
0.0357711506 0.0357711506 0.0357711506
0.3076102566 0.3076102566 0.3076102566
0.0257413498 0.0257413498 0.0257413498
0.6667721869 0.6667721869 0.6667721869
0.2222353727 0.2222353727 0.2222353727
0.0771274289 0.0771274289 0.0771274289
0.9989461044 0.9989461044 0.9989461044
0.6916969335 0.6916969335 0.6916969335
0.6945122016 0.6945122016 0.6945122016
0.9221206890 0.9221206890 0.9221206890
0.2993822939 0.2993822939 0.2993822939
0.9249644375 0.9249644375 0.9249644375
0.1080138234 0.1080138234 0.1080138234
0.8925620681 0.8925620681 0.8925620681
0.7767489419 0.7767489419 0.7767489419
0.0369864385 0.0369864385 0.0369864385
0.2249813802 0.2249813802 0.2249813802
0.7764216675 0.7764216675 0.7764216675
0.6923854358 0.6923854358 0.6923854358
0.0360773201 0.0360773201 0.0360773201
0.0256449438 0.0256449438 0.0256449438
0.0330591499 0.0330591499 0.0330591499
0.3055821663 0.3055821663 0.3055821663
0.8917452963 0.8917452963 0.8917452963
0.8899063881 0.8899063881 0.8899063881
0.9742773433 0.9742773433 0.9742773433
0.8972663196 0.8972663196 0.8972663196
0.2335135370 0.2335135370 0.2335135370
0.9643183900 0.9643183900 0.9643183900
0.9999834836 0.9999834836 0.9999834836
0.0987659021 0.0987659021 0.0987659021
0.9998627070 0.9998627070 0.9998627070
0.7520664098 0.7520664098 0.7520664098
0.0833549881 0.0833549881 0.0833549881
0.0000466180 0.0000466180 0.0000466180
0.0360082247 0.0360082247 0.0360082247
0.0370255915 0.0370255915 0.0370255915
0.9989707695 0.9989707695 0.9989707695
0.6676983852 0.6676983852 0.6676983852
0.2253840036 0.2253840036 0.2253840036
0.9228612796 0.9228612796 0.9228612796
0.9670744029 0.9670744029 0.9670744029
0.7747281896 0.7747281896 0.7747281896
0.9742544171 0.9742544171 0.9742544171
0.9145061943 0.9145061943 0.9145061943
0.9218495928 0.9218495928 0.9218495928
0.9907490523 0.9907490523 0.9907490523
0.7690917666 0.7690917666 0.7690917666
0.0338815296 0.0338815296 0.0338815296
0.0370251359 0.0370251359 0.0370251359
0.7435223457 0.7435223457 0.7435223457
0.0030488948 0.0030488948 0.0030488948
0.6750476593 0.6750476593 0.6750476593
0.1107673841 0.1107673841 0.1107673841
0.0754068639 0.0754068639 0.0754068639
0.0832195848 0.0832195848 0.0832195848
0.8998679061 0.8998679061 0.8998679061
0.9724282211 0.9724282211 0.9724282211
0.9630776830 0.9630776830 0.9630776830
0.2592479204 0.2592479204 0.2592479204
0.3057474763 0.3057474763 0.3057474763
0.8972335121 0.8972335121 0.8972335121
0.7035550720 0.7035550720 0.7035550720
0.0992170397 0.0992170397 0.0992170397
0.0283548218 0.0283548218 0.0283548218
0.2591572081 0.2591572081 0.2591572081
0.0750241632 0.0750241632 0.0750241632
0.0036711017 0.0036711017 0.0036711017
0.7027427409 0.7027427409 0.7027427409
0.7411973839 0.7411973839 0.7411973839
0.2222613118 0.2222613118 0.2222613118
0.0824213353 0.0824213353 0.0824213353
0.7692381030 0.7692381030 0.7692381030
0.0037635404 0.0037635404 0.0037635404
0.1000868405 0.1000868405 0.1000868405
0.0361107876 0.0361107876 0.0361107876
0.9256047702 0.9256047702 0.9256047702
0.9254741686 0.9254741686 0.9254741686
0.7434993257 0.7434993257 0.7434993257
0.8984446018 0.8984446018 0.8984446018
0.0859752585 0.0859752585 0.0859752585
0.2478749080 0.2478749080 0.2478749080
0.9008151625 0.9008151625 0.9008151625
0.7411816728 0.7411816728 0.7411816728
0.2976561263 0.2976561263 0.2976561263
0.9739385783 0.9739385783 0.9739385783
0.7009434263 0.7009434263 0.7009434263
0.2592440645 0.2592440645 0.2592440645
0.9877723795 0.9877723795 0.9877723795
0.0039682987 0.0039682987 0.0039682987
0.0864183127 0.0864183127 0.0864183127
0.7448206873 0.7448206873 0.7448206873
0.0863842083 0.0863842083 0.0863842083
0.3249559060 0.3249559060 0.3249559060
0.6786697182 0.6786697182 0.6786697182
0.1079555870 0.1079555870 0.1079555870
0.0288022152 0.0288022152 0.0288022152
0.7521668585 0.7521668585 0.7521668585
0.1100837140 0.1100837140 0.1100837140
0.6698166414 0.6698166414 0.6698166414
0.9247010063 0.9247010063 0.9247010063
0.9989458376 0.9989458376 0.9989458376
0.3076241813 0.3076241813 0.3076241813
0.0277899036 0.0277899036 0.0277899036
0.9959350035 0.9959350035 0.9959350035
0.2225288838 0.2225288838 0.2225288838
0.0036974865 0.0036974865 0.0036974865
0.2555505378 0.2555505378 0.2555505378
0.7776295460 0.7776295460 0.7776295460
0.7410907850 0.7410907850 0.7410907850
0.7692299432 0.7692299432 0.7692299432
0.6786736414 0.6786736414 0.6786736414
0.9888904255 0.9888904255 0.9888904255
0.0040774480 0.0040774480 0.0040774480
0.3084901809 0.3084901809 0.3084901809
0.3048367865 0.3048367865 0.3048367865
0.0329675975 0.0329675975 0.0329675975
0.0094614926 0.0094614926 0.0094614926
0.0085503849 0.0085503849 0.0085503849
0.9658420676 0.9658420676 0.9658420676
0.0113968752 0.0113968752 0.0113968752
0.0743957008 0.0743957008 0.0743957008
0.0988689088 0.0988689088 0.0988689088
0.0772620992 0.0772620992 0.0772620992
0.2342254292 0.2342254292 0.2342254292
0.3329217338 0.3329217338 0.3329217338
0.0000355583 0.0000355583 0.0000355583
0.2561752090 0.2561752090 0.2561752090
0.8999117701 0.8999117701 0.8999117701
0.7767263569 0.7767263569 0.7767263569
0.1110076815 0.1110076815 0.1110076815
0.3247598520 0.3247598520 0.3247598520
0.1107554955 0.1107554955 0.1107554955
0.2336190485 0.2336190485 0.2336190485
0.3045397123 0.3045397123 0.3045397123
0.9222673842 0.9222673842 0.9222673842
0.0850971384 0.0850971384 0.0850971384
0.3082340755 0.3082340755 0.3082340755
0.7518167289 0.7518167289 0.7518167289
0.6777892490 0.6777892490 0.6777892490
0.9257865210 0.9257865210 0.9257865210
0.2252856093 0.2252856093 0.2252856093
0.8919503713 0.8919503713 0.8919503713
0.9149030188 0.9149030188 0.9149030188
0.2225611158 0.2225611158 0.2225611158
0.7000076707 0.7000076707 0.7000076707
0.6703624211 0.6703624211 0.6703624211
0.2554530979 0.2554530979 0.2554530979
0.6950555129 0.6950555129 0.6950555129
0.6789065324 0.6789065324 0.6789065324
0.6680258463 0.6680258463 0.6680258463
0.2551492418 0.2551492418 0.2551492418
0.7527659563 0.7527659563 0.7527659563
0.3222234899 0.3222234899 0.3222234899
0.3324019713 0.3324019713 0.3324019713
0.0286579853 0.0286579853 0.0286579853
0.0998154697 0.0998154697 0.0998154697
0.9990477114 0.9990477114 0.9990477114
0.2231831995 0.2231831995 0.2231831995
0.9996456661 0.9996456661 0.9996456661
0.1106883540 0.1106883540 0.1106883540
0.3320749272 0.3320749272 0.3320749272
0.3249960492 0.3249960492 0.3249960492
0.0370207079 0.0370207079 0.0370207079
0.0122271971 0.0122271971 0.0122271971
0.0742147172 0.0742147172 0.0742147172
0.8975597057 0.8975597057 0.8975597057
0.0769205833 0.0769205833 0.0769205833
0.9255741012 0.9255741012 0.9255741012
0.0259224551 0.0259224551 0.0259224551
0.3054451644 0.3054451644 0.3054451644
0.3082353399 0.3082353399 0.3082353399
0.2506748959 0.2506748959 0.2506748959
0.7035680354 0.7035680354 0.7035680354
0.6675828806 0.6675828806 0.6675828806
0.1028655510 0.1028655510 0.1028655510
0.2307926541 0.2307926541 0.2307926541
0.2253100325 0.2253100325 0.2253100325
0.9632841041 0.9632841041 0.9632841041
0.1109737661 0.1109737661 0.1109737661
0.8975272397 0.8975272397 0.8975272397
0.0256096386 0.0256096386 0.0256096386
0.3046402761 0.3046402761 0.3046402761
0.6914714906 0.6914714906 0.6914714906
0.3046402541 0.3046402541 0.3046402541
0.0835281946 0.0835281946 0.0835281946
0.6789771996 0.6789771996 0.6789771996
0.2258845280 0.2258845280 0.2258845280
0.8974743514 0.8974743514 0.8974743514
0.8998741624 0.8998741624 0.8998741624
0.2262922726 0.2262922726 0.2262922726
0.9877559374 0.9877559374 0.9877559374
0.2342165096 0.2342165096 0.2342165096
0.0094502132 0.0094502132 0.0094502132
0.9630764751 0.9630764751 0.9630764751
0.2258956940 0.2258956940 0.2258956940
0.0836649304 0.0836649304 0.0836649304
0.2554532010 0.2554532010 0.2554532010
0.9633862780 0.9633862780 0.9633862780
0.9886817172 0.9886817172 0.9886817172
0.2259968864 0.2259968864 0.2259968864
0.7749949854 0.7749949854 0.7749949854
0.2976512589 0.2976512589 0.2976512589
0.1000354166 0.1000354166 0.1000354166
0.3057799679 0.3057799679 0.3057799679
0.9629761276 0.9629761276 0.9629761276
0.7026723569 0.7026723569 0.7026723569
0.0284634991 0.0284634991 0.0284634991
0.2500114306 0.2500114306 0.2500114306
0.0010651909 0.0010651909 0.0010651909
0.0777663627 0.0777663627 0.0777663627
0.7764062223 0.7764062223 0.7764062223
0.0251443619 0.0251443619 0.0251443619
0.2589488033 0.2589488033 0.2589488033
0.2973241324 0.2973241324 0.2973241324
0.9962063537 0.9962063537 0.9962063537
0.9885706346 0.9885706346 0.9885706346
0.9740736375 0.9740736375 0.9740736375
0.6667800474 0.6667800474 0.6667800474
0.2262340099 0.2262340099 0.2262340099
0.9173863001 0.9173863001 0.9173863001
0.8929019242 0.8929019242 0.8929019242
0.2345660663 0.2345660663 0.2345660663
0.7748820224 0.7748820224 0.7748820224
0.9003199268 0.9003199268 0.9003199268
0.7035644131 0.7035644131 0.7035644131
0.9987454972 0.9987454972 0.9987454972
0.0251371235 0.0251371235 0.0251371235
0.0827274626 0.0827274626 0.0827274626
0.2975538816 0.2975538816 0.2975538816
0.9724128994 0.9724128994 0.9724128994
0.3085278183 0.3085278183 0.3085278183
0.8919389461 0.8919389461 0.8919389461
0.7739787265 0.7739787265 0.7739787265
0.8902140715 0.8902140715 0.8902140715
0.7033836636 0.7033836636 0.7033836636
0.7437946322 0.7437946322 0.7437946322
0.1106703575 0.1106703575 0.1106703575
0.2261889837 0.2261889837 0.2261889837
0.9887161666 0.9887161666 0.9887161666
0.1101838636 0.1101838636 0.1101838636
0.2973506621 0.2973506621 0.2973506621
0.0992174529 0.0992174529 0.0992174529
0.0751241031 0.0751241031 0.0751241031
0.6679217270 0.6679217270 0.6679217270
0.8983538831 0.8983538831 0.8983538831
0.8930039707 0.8930039707 0.8930039707
0.0083665072 0.0083665072 0.0083665072
0.2469141585 0.2469141585 0.2469141585
0.7447154221 0.7447154221 0.7447154221
0.2345189774 0.2345189774 0.2345189774
0.7527778247 0.7527778247 0.7527778247
0.0260461652 0.0260461652 0.0260461652
0.0781385416 0.0781385416 0.0781385416
0.2313726108 0.2313726108 0.2313726108
0.1107895464 0.1107895464 0.1107895464
0.3304844751 0.3304844751 0.3304844751
0.2308708946 0.2308708946 0.2308708946
0.0742264742 0.0742264742 0.0742264742
0.2341233843 0.2341233843 0.2341233843
0.0338376276 0.0338376276 0.0338376276
0.9231822350 0.9231822350 0.9231822350
0.0285015925 0.0285015925 0.0285015925
0.1109588556 0.1109588556 0.1109588556
0.7032579376 0.7032579376 0.7032579376
0.9164296685 0.9164296685 0.9164296685
0.7526423364 0.7526423364 0.7526423364
0.3293364642 0.3293364642 0.3293364642
0.9661243402 0.9661243402 0.9661243402
0.9722263003 0.9722263003 0.9722263003
0.7691018383 0.7691018383 0.7691018383
0.8926503112 0.8926503112 0.8926503112
0.3295271737 0.3295271737 0.3295271737
0.7036907236 0.7036907236 0.7036907236
0.0277528385 0.0277528385 0.0277528385
0.9969398295 0.9969398295 0.9969398295
0.0999897816 0.0999897816 0.0999897816
0.9138981101 0.9138981101 0.9138981101
0.9913630872 0.9913630872 0.9913630872
0.9724183348 0.9724183348 0.9724183348
0.0119950824 0.0119950824 0.0119950824
0.6703265095 0.6703265095 0.6703265095
0.0996817562 0.0996817562 0.0996817562
0.7024499026 0.7024499026 0.7024499026
0.2972464941 0.2972464941 0.2972464941
0.9961938558 0.9961938558 0.9961938558
0.7520201133 0.7520201133 0.7520201133
0.0769235106 0.0769235106 0.0769235106
0.6776896890 0.6776896890 0.6776896890
0.7027887905 0.7027887905 0.7027887905
0.3049499191 0.3049499191 0.3049499191
0.6917132256 0.6917132256 0.6917132256
0.0827611495 0.0827611495 0.0827611495
0.3331978294 0.3331978294 0.3331978294
0.7411973678 0.7411973678 0.7411973678
0.7654440003 0.7654440003 0.7654440003
0.2497028037 0.2497028037 0.2497028037
0.9259102459 0.9259102459 0.9259102459
0.9164257652 0.9164257652 0.9164257652
0.6762561615 0.6762561615 0.6762561615
0.2314702279 0.2314702279 0.2314702279
0.0333397311 0.0333397311 0.0333397311
0.7518326018 0.7518326018 0.7518326018
0.0123004663 0.0123004663 0.0123004663
0.2308604406 0.2308604406 0.2308604406
0.7749847447 0.7749847447 0.7749847447
0.9886829938 0.9886829938 0.9886829938
0.3301707160 0.3301707160 0.3301707160
0.0283947045 0.0283947045 0.0283947045
0.3324031633 0.3324031633 0.3324031633
0.7518505997 0.7518505997 0.7518505997
0.7009597833 0.7009597833 0.7009597833
0.0027547915 0.0027547915 0.0027547915
0.2226638374 0.2226638374 0.2226638374
0.2305712136 0.2305712136 0.2305712136
0.3000012483 0.3000012483 0.3000012483
0.6694268793 0.6694268793 0.6694268793
0.9643003995 0.9643003995 0.9643003995
0.2473704075 0.2473704075 0.2473704075
0.2314048705 0.2314048705 0.2314048705
0.0004232204 0.0004232204 0.0004232204
0.0028614026 0.0028614026 0.0028614026
0.9230343537 0.9230343537 0.9230343537
0.0824226379 0.0824226379 0.0824226379
0.3292570105 0.3292570105 0.3292570105
0.6703284578 0.6703284578 0.6703284578
0.2250675203 0.2250675203 0.2250675203
0.0256059017 0.0256059017 0.0256059017
0.1079267358 0.1079267358 0.1079267358
0.7663810901 0.7663810901 0.7663810901
0.2551595253 0.2551595253 0.2551595253
0.3241532123 0.3241532123 0.3241532123
0.3004063442 0.3004063442 0.3004063442
0.9886743470 0.9886743470 0.9886743470
0.9963369807 0.9963369807 0.9963369807
0.0366868385 0.0366868385 0.0366868385
0.1016495699 0.1016495699 0.1016495699
0.3249673993 0.3249673993 0.3249673993
0.3058821775 0.3058821775 0.3058821775
0.0827114049 0.0827114049 0.0827114049
0.7684816749 0.7684816749 0.7684816749
0.0989122203 0.0989122203 0.0989122203
0.7691916885 0.7691916885 0.7691916885
0.7666639926 0.7666639926 0.7666639926
0.3213314364 0.3213314364 0.3213314364
0.9995935508 0.9995935508 0.9995935508
0.9000021388 0.9000021388 0.9000021388
0.9907492548 0.9907492548 0.9907492548
0.2972272865 0.2972272865 0.2972272865
0.7767490792 0.7767490792 0.7767490792
0.6667688508 0.6667688508 0.6667688508
0.2976223204 0.2976223204 0.2976223204
0.7750287159 0.7750287159 0.7750287159
0.1083207938 0.1083207938 0.1083207938
0.9230770052 0.9230770052 0.9230770052
0.9258755873 0.9258755873 0.9258755873
0.7764413022 0.7764413022 0.7764413022
0.7777738076 0.7777738076 0.7777738076
0.0750228728 0.0750228728 0.0750228728
0.6999428368 0.6999428368 0.6999428368
0.2478669649 0.2478669649 0.2478669649
0.3301816665 0.3301816665 0.3301816665
0.0256223019 0.0256223019 0.0256223019
0.0110079935 0.0110079935 0.0110079935
0.7686285018 0.7686285018 0.7686285018
0.9670614117 0.9670614117 0.9670614117
0.0278807783 0.0278807783 0.0278807783
0.7008435377 0.7008435377 0.7008435377
0.7501906765 0.7501906765 0.7501906765
0.9996947329 0.9996947329 0.9996947329
0.7691026222 0.7691026222 0.7691026222
0.2226300814 0.2226300814 0.2226300814
0.9139308659 0.9139308659 0.9139308659
0.9231441812 0.9231441812 0.9231441812
0.9886145410 0.9886145410 0.9886145410
0.6996901505 0.6996901505 0.6996901505
0.2560710781 0.2560710781 0.2560710781
0.2226305402 0.2226305402 0.2226305402
0.0260588721 0.0260588721 0.0260588721
0.6697168486 0.6697168486 0.6697168486
0.9986447212 0.9986447212 0.9986447212
0.6925828341 0.6925828341 0.6925828341
0.9666586294 0.9666586294 0.9666586294
0.1070077814 0.1070077814 0.1070077814
0.7438229740 0.7438229740 0.7438229740
0.2232383448 0.2232383448 0.2232383448
0.0329670331 0.0329670331 0.0329670331
0.8928644317 0.8928644317 0.8928644317
0.9987353201 0.9987353201 0.9987353201
0.1079146127 0.1079146127 0.1079146127
0.1107895475 0.1107895475 0.1107895475
0.2473553036 0.2473553036 0.2473553036
0.2582393744 0.2582393744 0.2582393744
0.0754451949 0.0754451949 0.0754451949
0.2583065112 0.2583065112 0.2583065112
0.9666699126 0.9666699126 0.9666699126
0.9167646235 0.9167646235 0.9167646235
0.8926497535 0.8926497535 0.8926497535
0.0010161732 0.0010161732 0.0010161732
0.6669832553 0.6669832553 0.6669832553
0.2261869091 0.2261869091 0.2261869091
0.7685946376 0.7685946376 0.7685946376
0.8889359289 0.8889359289 0.8889359289
0.7692383066 0.7692383066 0.7692383066
0.0251359196 0.0251359196 0.0251359196
0.8980502895 0.8980502895 0.8980502895
0.2966063077 0.2966063077 0.2966063077
0.8930039698 0.8930039698 0.8930039698
0.7503073233 0.7503073233 0.7503073233
0.3219038752 0.3219038752 0.3219038752
0.0743806265 0.0743806265 0.0743806265
0.7490093079 0.7490093079 0.7490093079
0.9712993703 0.9712993703 0.9712993703
0.9175823845 0.9175823845 0.9175823845
0.6776895808 0.6776895808 0.6776895808
0.1101840713 0.1101840713 0.1101840713
0.3237478653 0.3237478653 0.3237478653
0.6922850646 0.6922850646 0.6922850646
0.9961897934 0.9961897934 0.9961897934
0.7692048064 0.7692048064 0.7692048064
0.7438058348 0.7438058348 0.7438058348
0.1070072267 0.1070072267 0.1070072267
0.9751601828 0.9751601828 0.9751601828
0.9969364839 0.9969364839 0.9969364839
0.0040987582 0.0040987582 0.0040987582
0.2335513571 0.2335513571 0.2335513571
0.2976173785 0.2976173785 0.2976173785
0.0992170362 0.0992170362 0.0992170362
0.7489730750 0.7489730750 0.7489730750
0.2964319803 0.2964319803 0.2964319803
0.7654476171 0.7654476171 0.7654476171
0.9751568480 0.9751568480 0.9751568480
0.0853580155 0.0853580155 0.0853580155
0.0082647900 0.0082647900 0.0082647900
0.0777375569 0.0777375569 0.0777375569
0.1097506771 0.1097506771 0.1097506771
0.8925976570 0.8925976570 0.8925976570
0.2508776661 0.2508776661 0.2508776661
0.9958962548 0.9958962548 0.9958962548
0.7023471768 0.7023471768 0.7023471768
0.0357671074 0.0357671074 0.0357671074
0.8919503291 0.8919503291 0.8919503291
0.3219491678 0.3219491678 0.3219491678
0.9886068835 0.9886068835 0.9886068835
0.9881101573 0.9881101573 0.9881101573
0.9995541117 0.9995541117 0.9995541117
0.9136266772 0.9136266772 0.9136266772
0.7768507207 0.7768507207 0.7768507207
0.6925824385 0.6925824385 0.6925824385
0.9166751811 0.9166751811 0.9166751811
0.2497592350 0.2497592350 0.2497592350
0.3247599335 0.3247599335 0.3247599335
0.9642213167 0.9642213167 0.9642213167
0.2250037794 0.2250037794 0.2250037794
0.3222107466 0.3222107466 0.3222107466
0.9660620632 0.9660620632 0.9660620632
0.0835276170 0.0835276170 0.0835276170
0.0826471384 0.0826471384 0.0826471384
0.8999080018 0.8999080018 0.8999080018
0.6953264795 0.6953264795 0.6953264795
0.9222321975 0.9222321975 0.9222321975
0.0009500995 0.0009500995 0.0009500995
0.0040696422 0.0040696422 0.0040696422
0.9886145515 0.9886145515 0.9886145515
0.6758243057 0.6758243057 0.6758243057
0.0750237556 0.0750237556 0.0750237556
0.9139232756 0.9139232756 0.9139232756
0.0853881240 0.0853881240 0.0853881240
0.3238670856 0.3238670856 0.3238670856
0.9166779224 0.9166779224 0.9166779224
0.7694451363 0.7694451363 0.7694451363
0.2999661303 0.2999661303 0.2999661303
0.3220380962 0.3220380962 0.3220380962
0.9246684034 0.9246684034 0.9246684034
0.7520685019 0.7520685019 0.7520685019
0.7749171649 0.7749171649 0.7749171649
0.9249656611 0.9249656611 0.9249656611
0.0012310818 0.0012310818 0.0012310818
0.2554994661 0.2554994661 0.2554994661
0.0744144968 0.0744144968 0.0744144968
0.9173792888 0.9173792888 0.9173792888
0.7421119096 0.7421119096 0.7421119096
0.2345622794 0.2345622794 0.2345622794
0.2332427665 0.2332427665 0.2332427665
0.9670313496 0.9670313496 0.9670313496
0.0012206023 0.0012206023 0.0012206023
0.2563761105 0.2563761105 0.2563761105
0.9248943414 0.9248943414 0.9248943414
0.7500263418 0.7500263418 0.7500263418
0.7655727849 0.7655727849 0.7655727849
0.0772618359 0.0772618359 0.0772618359
0.0121976021 0.0121976021 0.0121976021
0.3220188664 0.3220188664 0.3220188664
0.0744922940 0.0744922940 0.0744922940
0.9987789838 0.9987789838 0.9987789838
0.9962918215 0.9962918215 0.9962918215
0.0260591435 0.0260591435 0.0260591435
0.2482399705 0.2482399705 0.2482399705
0.8980468050 0.8980468050 0.8980468050
0.3085286508 0.3085286508 0.3085286508
0.7526334986 0.7526334986 0.7526334986
0.6677180895 0.6677180895 0.6677180895
0.1080625880 0.1080625880 0.1080625880
0.0754326671 0.0754326671 0.0754326671
0.1106581866 0.1106581866 0.1106581866
0.6749462502 0.6749462502 0.6749462502
0.6697653070 0.6697653070 0.6697653070
0.9739708326 0.9739708326 0.9739708326
0.6761521298 0.6761521298 0.6761521298
0.1098573345 0.1098573345 0.1098573345
0.9248719858 0.9248719858 0.9248719858
0.7764555693 0.7764555693 0.7764555693
0.6667850258 0.6667850258 0.6667850258
0.3240527142 0.3240527142 0.3240527142
0.9913237914 0.9913237914 0.9913237914
0.0286993445 0.0286993445 0.0286993445
0.3247624374 0.3247624374 0.3247624374
0.6923792117 0.6923792117 0.6923792117
0.8920440242 0.8920440242 0.8920440242
0.8901124593 0.8901124593 0.8901124593
0.9721210184 0.9721210184 0.9721210184
0.9639908255 0.9639908255 0.9639908255
0.9002705447 0.9002705447 0.9002705447
0.7438906826 0.7438906826 0.7438906826
0.9148373487 0.9148373487 0.9148373487
0.2344161049 0.2344161049 0.2344161049
0.0751246708 0.0751246708 0.0751246708
0.8974581076 0.8974581076 0.8974581076
0.7767497779 0.7767497779 0.7767497779
0.9716462725 0.9716462725 0.9716462725
0.6917809348 0.6917809348 0.6917809348
0.2333317024 0.2333317024 0.2333317024
0.0341793817 0.0341793817 0.0341793817
0.7447199280 0.7447199280 0.7447199280
0.3085385296 0.3085385296 0.3085385296
0.7500225839 0.7500225839 0.7500225839
0.3085277713 0.3085277713 0.3085277713
0.0333439173 0.0333439173 0.0333439173
0.0991846066 0.0991846066 0.0991846066
0.9643004161 0.9643004161 0.9643004161
0.0835615562 0.0835615562 0.0835615562
0.0256435072 0.0256435072 0.0256435072
0.0740893187 0.0740893187 0.0740893187
0.7503374835 0.7503374835 0.7503374835
0.3085348594 0.3085348594 0.3085348594
0.0859638086 0.0859638086 0.0859638086
0.7767599991 0.7767599991 0.7767599991
0.0777446447 0.0777446447 0.0777446447
0.7768166650 0.7768166650 0.7768166650
0.0036622129 0.0036622129 0.0036622129
0.0275531842 0.0275531842 0.0275531842
0.0823547530 0.0823547530 0.0823547530
0.9661281047 0.9661281047 0.9661281047
0.9230791051 0.9230791051 0.9230791051
0.7027886454 0.7027886454 0.7027886454
0.2341157390 0.2341157390 0.2341157390
0.3223579543 0.3223579543 0.3223579543
0.7776592999 0.7776592999 0.7776592999
0.7408812548 0.7408812548 0.7408812548
0.9139228568 0.9139228568 0.9139228568
0.7493149807 0.7493149807 0.7493149807
0.3212980630 0.3212980630 0.3212980630
0.7768277385 0.7768277385 0.7768277385
0.7692030299 0.7692030299 0.7692030299
0.9008914779 0.9008914779 0.9008914779
0.0853692923 0.0853692923 0.0853692923
0.2234467700 0.2234467700 0.2234467700
0.6950160731 0.6950160731 0.6950160731
0.0997177207 0.0997177207 0.0997177207
0.9886182091 0.9886182091 0.9886182091
0.0110242768 0.0110242768 0.0110242768
0.0028578305 0.0028578305 0.0028578305
0.9715037471 0.9715037471 0.9715037471
0.7517527353 0.7517527353 0.7517527353
0.7529503743 0.7529503743 0.7529503743
0.7658893402 0.7658893402 0.7658893402
0.6944457006 0.6944457006 0.6944457006
0.2336408080 0.2336408080 0.2336408080
0.6789967190 0.6789967190 0.6789967190
0.2999661701 0.2999661701 0.2999661701
0.2304652218 0.2304652218 0.2304652218
0.6996915283 0.6996915283 0.6996915283
0.9255026133 0.9255026133 0.9255026133
0.7027389819 0.7027389819 0.7027389819
0.7530857985 0.7530857985 0.7530857985
0.0850823200 0.0850823200 0.0850823200
0.9163632303 0.9163632303 0.9163632303
0.8902589061 0.8902589061 0.8902589061
0.2333095318 0.2333095318 0.2333095318
0.0110880928 0.0110880928 0.0110880928
0.3219411060 0.3219411060 0.3219411060
0.9643345020 0.9643345020 0.9643345020
0.3323831357 0.3323831357 0.3323831357
0.9135845885 0.9135845885 0.9135845885
0.0851611000 0.0851611000 0.0851611000
0.6777765495 0.6777765495 0.6777765495
0.9989445885 0.9989445885 0.9989445885
0.9752741968 0.9752741968 0.9752741968
0.2555847641 0.2555847641 0.2555847641
0.9137308019 0.9137308019 0.9137308019
0.2972260016 0.2972260016 0.2972260016
0.2482345868 0.2482345868 0.2482345868
0.9163356425 0.9163356425 0.9163356425
0.7748931885 0.7748931885 0.7748931885
0.9999873092 0.9999873092 0.9999873092
0.0028451643 0.0028451643 0.0028451643
0.2505828654 0.2505828654 0.2505828654
0.0277853922 0.0277853922 0.0277853922
0.2316876586 0.2316876586 0.2316876586
0.9227302813 0.9227302813 0.9227302813
0.9877937200 0.9877937200 0.9877937200
0.0780369025 0.0780369025 0.0780369025
0.7527351046 0.7527351046 0.7527351046
0.2473352693 0.2473352693 0.2473352693
0.7740018110 0.7740018110 0.7740018110
0.2506769849 0.2506769849 0.2506769849
0.3324175765 0.3324175765 0.3324175765
0.0259271540 0.0259271540 0.0259271540
0.7682824196 0.7682824196 0.7682824196
0.0122058544 0.0122058544 0.0122058544
0.0369880669 0.0369880669 0.0369880669
0.9256059942 0.9256059942 0.9256059942
0.9742544676 0.9742544676 0.9742544676
0.3077274788 0.3077274788 0.3077274788
0.2967418176 0.2967418176 0.2967418176
0.1028349398 0.1028349398 0.1028349398
0.9669601100 0.9669601100 0.9669601100
0.2972112611 0.2972112611 0.2972112611
0.8930001482 0.8930001482 0.8930001482
0.6670168468 0.6670168468 0.6670168468
0.6759626300 0.6759626300 0.6759626300
0.6941128686 0.6941128686 0.6941128686
0.0996838321 0.0996838321 0.0996838321
0.7774573333 0.7774573333 0.7774573333
0.2964017219 0.2964017219 0.2964017219
0.9145079076 0.9145079076 0.9145079076
0.7739799490 0.7739799490 0.7739799490
0.0120051633 0.0120051633 0.0120051633
0.0863063723 0.0863063723 0.0863063723
0.0119900447 0.0119900447 0.0119900447
0.9149129126 0.9149129126 0.9149129126
0.8889345370 0.8889345370 0.8889345370
0.0832529077 0.0832529077 0.0832529077
0.0010650967 0.0010650967 0.0010650967
0.7658742307 0.7658742307 0.7658742307
0.2344273494 0.2344273494 0.2344273494
0.2499669214 0.2499669214 0.2499669214
0.9146307799 0.9146307799 0.9146307799
0.2582941452 0.2582941452 0.2582941452
0.9725162284 0.9725162284 0.9725162284
0.1097449910 0.1097449910 0.1097449910
0.9003048107 0.9003048107 0.9003048107
0.2314806450 0.2314806450 0.2314806450
0.9010974128 0.9010974128 0.9010974128
0.6951531595 0.6951531595 0.6951531595
0.7008079439 0.7008079439 0.7008079439
0.9971498385 0.9971498385 0.9971498385
0.6758582146 0.6758582146 0.6758582146
0.9959869940 0.9959869940 0.9959869940
0.2234917905 0.2234917905 0.2234917905
0.2316883735 0.2316883735 0.2316883735
0.0118897328 0.0118897328 0.0118897328
0.9175773632 0.9175773632 0.9175773632
0.3293316279 0.3293316279 0.3293316279
0.7695308107 0.7695308107 0.7695308107
0.6789996612 0.6789996612 0.6789996612
0.2506783963 0.2506783963 0.2506783963
0.9138905371 0.9138905371 0.9138905371
0.6704317128 0.6704317128 0.6704317128
0.3301455719 0.3301455719 0.3301455719
0.9258805775 0.9258805775 0.9258805775
0.7683275178 0.7683275178 0.7683275178
0.6703637373 0.6703637373 0.6703637373
0.9885855442 0.9885855442 0.9885855442
0.7691396209 0.7691396209 0.7691396209
0.3250672705 0.3250672705 0.3250672705
0.6676832540 0.6676832540 0.6676832540
0.0330685817 0.0330685817 0.0330685817
0.7024352935 0.7024352935 0.7024352935
0.1109931302 0.1109931302 0.1109931302
0.9916227706 0.9916227706 0.9916227706
0.7527350289 0.7527350289 0.7527350289
0.9907491051 0.9907491051 0.9907491051
0.2231870556 0.2231870556 0.2231870556
0.6950629922 0.6950629922 0.6950629922
0.0329596355 0.0329596355 0.0329596355
0.9219625553 0.9219625553 0.9219625553
0.0257239595 0.0257239595 0.0257239595
0.6950164892 0.6950164892 0.6950164892
0.2578875711 0.2578875711 0.2578875711
0.9135971177 0.9135971177 0.9135971177
0.1098577212 0.1098577212 0.1098577212
0.2499631737 0.2499631737 0.2499631737
0.3085398065 0.3085398065 0.3085398065
0.2560928372 0.2560928372 0.2560928372
0.0332396264 0.0332396264 0.0332396264
0.0286919646 0.0286919646 0.0286919646
0.0754345088 0.0754345088 0.0754345088
0.8917496000 0.8917496000 0.8917496000
0.6922838612 0.6922838612 0.6922838612
0.2249673951 0.2249673951 0.2249673951
0.3293653596 0.3293653596 0.3293653596
0.3083208133 0.3083208133 0.3083208133
0.8892313767 0.8892313767 0.8892313767
0.7692261780 0.7692261780 0.7692261780
0.0781399412 0.0781399412 0.0781399412
0.6785602761 0.6785602761 0.6785602761
0.9907139959 0.9907139959 0.9907139959
0.1109639049 0.1109639049 0.1109639049
0.9167339368 0.9167339368 0.9167339368
0.9167759553 0.9167759553 0.9167759553
0.9176461083 0.9176461083 0.9176461083
0.0028807019 0.0028807019 0.0028807019
0.2561092651 0.2561092651 0.2561092651
0.7681772579 0.7681772579 0.7681772579
0.6917686708 0.6917686708 0.6917686708
0.2341145792 0.2341145792 0.2341145792
0.0257565957 0.0257565957 0.0257565957
0.2317171632 0.2317171632 0.2317171632
0.1082195842 0.1082195842 0.1082195842
0.2226777350 0.2226777350 0.2226777350
0.7749158015 0.7749158015 0.7749158015
0.0329673916 0.0329673916 0.0329673916
0.7681761585 0.7681761585 0.7681761585
0.8984407043 0.8984407043 0.8984407043
0.2341145791 0.2341145791 0.2341145791
0.7419726588 0.7419726588 0.7419726588
0.9248746443 0.9248746443 0.9248746443
0.9739483345 0.9739483345 0.9739483345
0.0287558003 0.0287558003 0.0287558003
0.7408442329 0.7408442329 0.7408442329
0.7005160954 0.7005160954 0.7005160954
0.2964021350 0.2964021350 0.2964021350
0.9254814096 0.9254814096 0.9254814096
0.7749326185 0.7749326185 0.7749326185
0.9007924258 0.9007924258 0.9007924258
0.9968449142 0.9968449142 0.9968449142
0.3220503774 0.3220503774 0.3220503774
0.2250685772 0.2250685772 0.2250685772
0.9228775479 0.9228775479 0.9228775479
0.7035519093 0.7035519093 0.7035519093
0.7666570695 0.7666570695 0.7666570695
0.9639804850 0.9639804850 0.9639804850
0.2551566446 0.2551566446 0.2551566446
0.9658550325 0.9658550325 0.9658550325
0.0860641841 0.0860641841 0.0860641841
0.8920555935 0.8920555935 0.8920555935
0.2556011385 0.2556011385 0.2556011385
0.7767122824 0.7767122824 0.7767122824
0.7526406558 0.7526406558 0.7526406558
0.3081889636 0.3081889636 0.3081889636
0.9986287386 0.9986287386 0.9986287386
0.2315140970 0.2315140970 0.2315140970
0.3213416013 0.3213416013 0.3213416013
0.1024234335 0.1024234335 0.1024234335
0.2991457326 0.2991457326 0.2991457326
0.0001480305 0.0001480305 0.0001480305
0.6777548282 0.6777548282 0.6777548282
0.6707438182 0.6707438182 0.6707438182
0.9740775396 0.9740775396 0.9740775396
0.6997365548 0.6997365548 0.6997365548
0.3003044530 0.3003044530 0.3003044530
0.6753526939 0.6753526939 0.6753526939
0.9958849345 0.9958849345 0.9958849345
0.2260207622 0.2260207622 0.2260207622
0.3246947017 0.3246947017 0.3246947017
0.8974394303 0.8974394303 0.8974394303
0.6679877609 0.6679877609 0.6679877609
0.1101575202 0.1101575202 0.1101575202
0.7521376360 0.7521376360 0.7521376360
0.7737643691 0.7737643691 0.7737643691
0.3076202325 0.3076202325 0.3076202325
0.8892403440 0.8892403440 0.8892403440
0.0777671991 0.0777671991 0.0777671991
0.0094887291 0.0094887291 0.0094887291
0.2500787018 0.2500787018 0.2500787018
0.0342779258 0.0342779258 0.0342779258
0.9007824803 0.9007824803 0.9007824803
0.0751052328 0.0751052328 0.0751052328
0.7492879346 0.7492879346 0.7492879346
0.6953371644 0.6953371644 0.6953371644
0.2583069761 0.2583069761 0.2583069761
0.7502018775 0.7502018775 0.7502018775
0.9245660317 0.9245660317 0.9245660317
0.0256172056 0.0256172056 0.0256172056
0.6676941138 0.6676941138 0.6676941138
0.6704415163 0.6704415163 0.6704415163
0.6924130859 0.6924130859 0.6924130859
0.9008162140 0.9008162140 0.9008162140
0.8899393309 0.8899393309 0.8899393309
0.0003518734 0.0003518734 0.0003518734
0.0991735958 0.0991735958 0.0991735958
0.6941397174 0.6941397174 0.6941397174
0.6749424884 0.6749424884 0.6749424884
0.1019172395 0.1019172395 0.1019172395
0.9139980023 0.9139980023 0.9139980023
0.9995553023 0.9995553023 0.9995553023
0.9986789177 0.9986789177 0.9986789177
0.7664935062 0.7664935062 0.7664935062
0.1097786811 0.1097786811 0.1097786811
0.0864079003 0.0864079003 0.0864079003
0.2505753231 0.2505753231 0.2505753231
0.2344156254 0.2344156254 0.2344156254
0.9748870946 0.9748870946 0.9748870946
0.3222458894 0.3222458894 0.3222458894
0.2235822492 0.2235822492 0.2235822492
0.2249659086 0.2249659086 0.2249659086
0.2993940166 0.2993940166 0.2993940166
0.7517276474 0.7517276474 0.7517276474
0.3000711414 0.3000711414 0.3000711414
0.1098761721 0.1098761721 0.1098761721
0.3293211269 0.3293211269 0.3293211269
0.6695456789 0.6695456789 0.6695456789
0.6749021595 0.6749021595 0.6749021595
0.2561731631 0.2561731631 0.2561731631
0.6951627798 0.6951627798 0.6951627798
0.2314851507 0.2314851507 0.2314851507
0.9248929493 0.9248929493 0.9248929493
0.2335353434 0.2335353434 0.2335353434
0.7421085781 0.7421085781 0.7421085781
0.3332942423 0.3332942423 0.3332942423
0.8999695184 0.8999695184 0.8999695184
0.2314731017 0.2314731017 0.2314731017
0.0274361662 0.0274361662 0.0274361662
0.0751405148 0.0751405148 0.0751405148
0.3332199449 0.3332199449 0.3332199449
0.9002818664 0.9002818664 0.9002818664
0.0754307162 0.0754307162 0.0754307162
0.7765126709 0.7765126709 0.7765126709
0.0001181100 0.0001181100 0.0001181100
0.0000494045 0.0000494045 0.0000494045
0.6777552440 0.6777552440 0.6777552440
0.2506850692 0.2506850692 0.2506850692
0.2344650286 0.2344650286 0.2344650286
0.6945535452 0.6945535452 0.6945535452
0.0356653020 0.0356653020 0.0356653020
0.0853906834 0.0853906834 0.0853906834
0.9149469538 0.9149469538 0.9149469538
0.9971535112 0.9971535112 0.9971535112
0.6953716330 0.6953716330 0.6953716330
0.6777552250 0.6777552250 0.6777552250
0.9218447304 0.9218447304 0.9218447304
0.0246927727 0.0246927727 0.0246927727
0.2313726236 0.2313726236 0.2313726236
0.1015479491 0.1015479491 0.1015479491
0.2259931190 0.2259931190 0.2259931190
0.1101964303 0.1101964303 0.1101964303
0.3330247364 0.3330247364 0.3330247364
0.7736663671 0.7736663671 0.7736663671
0.3246801100 0.3246801100 0.3246801100
0.0751395901 0.0751395901 0.0751395901
0.1070452748 0.1070452748 0.1070452748
0.6698560443 0.6698560443 0.6698560443
0.3048365984 0.3048365984 0.3048365984
0.0750391669 0.0750391669 0.0750391669
0.3002982031 0.3002982031 0.3002982031
0.0827466510 0.0827466510 0.0827466510
0.9752931524 0.9752931524 0.9752931524
0.2500109815 0.2500109815 0.2500109815
0.6761315524 0.6761315524 0.6761315524
0.0368863582 0.0368863582 0.0368863582
0.2499788079 0.2499788079 0.2499788079
0.2222562376 0.2222562376 0.2222562376
0.2259266624 0.2259266624 0.2259266624
0.1074405696 0.1074405696 0.1074405696
0.9167345156 0.9167345156 0.9167345156
0.9221619995 0.9221619995 0.9221619995
0.0091918344 0.0091918344 0.0091918344
0.3082877392 0.3082877392 0.3082877392
0.2589150588 0.2589150588 0.2589150588
0.7024465815 0.7024465815 0.7024465815
0.0277848554 0.0277848554 0.0277848554
0.7494228579 0.7494228579 0.7494228579
0.6676940637 0.6676940637 0.6676940637
0.2591574403 0.2591574403 0.2591574403
0.6679882282 0.6679882282 0.6679882282
0.8919748543 0.8919748543 0.8919748543
0.3076258229 0.3076258229 0.3076258229
0.9987350950 0.9987350950 0.9987350950
0.6679211850 0.6679211850 0.6679211850
0.7435863950 0.7435863950 0.7435863950
0.8891975527 0.8891975527 0.8891975527
0.7748820179 0.7748820179 0.7748820179
0.2975321240 0.2975321240 0.2975321240
0.6996905750 0.6996905750 0.6996905750
0.6695624994 0.6695624994 0.6695624994
0.1019622447 0.1019622447 0.1019622447
0.7684929597 0.7684929597 0.7684929597
0.0330587082 0.0330587082 0.0330587082
0.3054864114 0.3054864114 0.3054864114
0.3329781687 0.3329781687 0.3329781687
0.0082417607 0.0082417607 0.0082417607
0.0001355036 0.0001355036 0.0001355036
0.6671075837 0.6671075837 0.6671075837
0.9008162730 0.9008162730 0.9008162730
0.1073502597 0.1073502597 0.1073502597
0.1016257216 0.1016257216 0.1016257216
0.3210909394 0.3210909394 0.3210909394
0.1027399975 0.1027399975 0.1027399975
0.8919874352 0.8919874352 0.8919874352
0.0250431678 0.0250431678 0.0250431678
0.2990788234 0.2990788234 0.2990788234
0.9146081242 0.9146081242 0.9146081242
0.7737133548 0.7737133548 0.7737133548
0.9667728871 0.9667728871 0.9667728871
0.7416671473 0.7416671473 0.7416671473
0.3305894308 0.3305894308 0.3305894308
0.9136184455 0.9136184455 0.9136184455
0.1109931403 0.1109931403 0.1109931403
0.7737696676 0.7737696676 0.7737696676
0.1000016858 0.1000016858 0.1000016858
0.6694216431 0.6694216431 0.6694216431
0.6698167548 0.6698167548 0.6698167548
0.6945246830 0.6945246830 0.6945246830
0.9669262390 0.9669262390 0.9669262390
0.2582268304 0.2582268304 0.2582268304
0.2481496859 0.2481496859 0.2481496859
0.0826145387 0.0826145387 0.0826145387
0.0284979733 0.0284979733 0.0284979733
0.2263355740 0.2263355740 0.2263355740
0.2509267261 0.2509267261 0.2509267261
0.3002641884 0.3002641884 0.3002641884
0.9012189081 0.9012189081 0.9012189081
0.9176452281 0.9176452281 0.9176452281
0.9666378151 0.9666378151 0.9666378151
0.3000036637 0.3000036637 0.3000036637
0.9632691959 0.9632691959 0.9632691959
0.0827149235 0.0827149235 0.0827149235
0.0861144818 0.0861144818 0.0861144818
0.0860772725 0.0860772725 0.0860772725
0.9739412386 0.9739412386 0.9739412386
0.1110730129 0.1110730129 0.1110730129
0.2555995380 0.2555995380 0.2555995380
0.2226437386 0.2226437386 0.2226437386
0.6996011825 0.6996011825 0.6996011825
0.6668176826 0.6668176826 0.6668176826
0.9642857584 0.9642857584 0.9642857584
0.9752934010 0.9752934010 0.9752934010
0.0988720623 0.0988720623 0.0988720623
0.8901209060 0.8901209060 0.8901209060
0.0824218007 0.0824218007 0.0824218007
0.0342552992 0.0342552992 0.0342552992
0.0780419025 0.0780419025 0.0780419025
0.7520688562 0.7520688562 0.7520688562
0.6671083730 0.6671083730 0.6671083730
0.1000918521 0.1000918521 0.1000918521
0.0119913124 0.0119913124 0.0119913124
0.9144960187 0.9144960187 0.9144960187
0.0036931044 0.0036931044 0.0036931044
0.0341449010 0.0341449010 0.0341449010
0.3237315746 0.3237315746 0.3237315746
0.2479315148 0.2479315148 0.2479315148
0.3323685157 0.3323685157 0.3323685157
0.6694231136 0.6694231136 0.6694231136
0.7518516142 0.7518516142 0.7518516142
0.2990899609 0.2990899609 0.2990899609
0.9633022689 0.9633022689 0.9633022689
0.7768467663 0.7768467663 0.7768467663
0.2583397312 0.2583397312 0.2583397312
0.9258753239 0.9258753239 0.9258753239
0.6777472549 0.6777472549 0.6777472549
0.6790106057 0.6790106057 0.6790106057
0.9753042689 0.9753042689 0.9753042689
0.9148039171 0.9148039171 0.9148039171
0.9008954015 0.9008954015 0.9008954015
0.0082460636 0.0082460636 0.0082460636
0.1001328010 0.1001328010 0.1001328010
0.2580381907 0.2580381907 0.2580381907
0.9629634491 0.9629634491 0.9629634491
0.7008094924 0.7008094924 0.7008094924
0.3333168698 0.3333168698 0.3333168698
0.9219274171 0.9219274171 0.9219274171
0.6779907580 0.6779907580 0.6779907580
0.2262018121 0.2262018121 0.2262018121
0.6762574096 0.6762574096 0.6762574096
0.8999017832 0.8999017832 0.8999017832
0.3240829655 0.3240829655 0.3240829655
0.6676980273 0.6676980273 0.6676980273
0.3329141911 0.3329141911 0.3329141911
0.3210930972 0.3210930972 0.3210930972
0.6996350937 0.6996350937 0.6996350937
0.1018515881 0.1018515881 0.1018515881
