2000
 0.500000000
 0.892486400
 0.342552080
 0.803987993
 0.562592368
 0.878500051
 0.381047823
 0.841973025
 0.474997149
 0.890254675
 0.348788285
 0.810859656
 0.547509256
 0.884428571
 0.364900826
 0.827328514
 0.509988306
 0.892130240
 0.343549698
 0.805105924
 0.560161504
 0.879565316
 0.378164949
 0.839494914
 0.481025906
 0.891201162
 0.346147820
 0.807984026
 0.553862207
 0.882129498
 0.371192402
 0.833256014
 0.496009774
 0.892429560
 0.342711353
 0.804166951
 0.562203837
 0.878673148
 0.380579931
 0.841574860
 0.475968763
 0.890424755
 0.348314275
 0.810347096
 0.548645948
 0.884038380
 0.365971270
 0.828356966
 0.507580944
 0.892281233
 0.343126872
 0.804632973
 0.561190993
 0.879119318
 0.379372915
 0.840540502
 0.478487544
 0.890834280
 0.347172089
 0.809105428
 0.551391786
 0.883057761
 0.368656687
 0.830901033
 0.501593443
 0.892477336
 0.342577481
 0.804016545
 0.562530394
 0.878527733
 0.380973010
 0.841909466
 0.475152324
 0.890282291
 0.348711335
 0.810776557
 0.547693671
 0.884365894
 0.365072846
 0.827494337
 0.509600663
 0.892157348
 0.343473798
 0.805021120
 0.560346217
 0.879485851
 0.378380279
 0.839682062
 0.480572142
 0.891138954
 0.346321561
 0.808174771
 0.553442635
 0.882290224
 0.370753789
 0.832851947
 0.496970632
 0.892453638
 0.342643885
 0.804091166
 0.562368399
 0.878599964
 0.380777777
 0.841743413
 0.475557592
 0.890353603
 0.348512601
 0.810561745
 0.548170153
 0.884202828
 0.365520257
 0.827924644
 0.508593828
 0.892222746
 0.343290673
 0.804816343
 0.560792033
 0.879293055
 0.378902526
 0.840134583
 0.479473916
 0.890982310
 0.346758930
 0.808653991
 0.552387372
 0.882688910
 0.369665004
 0.831842980
 0.499364836
 0.892484960
 0.342556116
 0.803992530
 0.562582521
 0.878504451
 0.381035931
 0.841962924
 0.475021811
 0.890259075
 0.348776024
 0.810846418
 0.547538638
 0.884418601
 0.364928190
 0.827354906
 0.509926622
 0.892134625
 0.343537420
 0.805092208
 0.560191382
 0.879552478
 0.378199738
 0.839525172
 0.480952558
 0.891191206
 0.346175628
 0.808014570
 0.553795038
 0.882155313
 0.371121967
 0.833191219
 0.496163932
 0.892433867
 0.342699285
 0.804153398
 0.562233270
 0.878660072
 0.380615282
 0.841604997
 0.475895260
 0.890412124
 0.348349484
 0.810385223
 0.548561458
 0.884067700
 0.365890871
 0.828280005
 0.507761353
 0.892271352
 0.343154548
 0.804663968
 0.561123573
 0.879148758
 0.379293224
 0.840471844
 0.478654463
 0.890859819
 0.347100820
 0.809027643
 0.551563434
 0.882994673
 0.368829218
 0.831062723
 0.501211343
 0.892481162
 0.342566760
 0.804004494
 0.562556552
 0.878516053
 0.381004579
 0.841936290
 0.475086837
 0.890270657
 0.348743752
 0.810811569
 0.547615977
 0.884392329
 0.365000296
 0.827424427
 0.509764116
 0.892146049
 0.343505437
 0.805056475
 0.560269216
 0.879519007
 0.378290441
 0.839604022
 0.480761391
 0.891165077
 0.346248604
 0.808094700
 0.553618794
 0.882222895
 0.370937548
 0.833021400
 0.496567821
 0.892444347
 0.342669921
 0.804120415
 0.562304891
 0.878628230
 0.380701367
 0.841678349
 0.475716334
 0.890381216
 0.348435638
 0.810478481
 0.548354756
 0.884139216
 0.365694742
 0.828092070
 0.508201726
 0.892246256
 0.343224833
 0.804742660
 0.560952375
 0.879223366
 0.379091232
 0.840297615
 0.479077894
 0.890923712
 0.346922500
 0.808832861
 0.551993071
 0.882835840
 0.369263463
 0.831468740
 0.500251031
 0.892486175
 0.342552711
 0.803988702
 0.562590830
 0.878500738
 0.381045966
 0.841971447
 0.475001001
 0.890255363
 0.348786369
 0.810857587
 0.547513848
 0.884427013
 0.364905101
 0.827332637
 0.509978668
 0.892130927
 0.343547775
 0.805103775
 0.560166184
 0.879563305
 0.378170397
 0.839499653
 0.481014418
 0.891199605
 0.346152168
 0.807988803
 0.553851703
 0.882133537
 0.371181382
 0.833245879
 0.496033889
 0.892430245
 0.342709434
 0.804164796
 0.562208517
 0.878671069
 0.380585552
 0.841579652
 0.475957075
 0.890422749
 0.348319867
 0.810353151
 0.548632530
 0.884043040
 0.365958492
 0.828344738
 0.507609612
 0.892279678
 0.343131227
 0.804637850
 0.561180385
 0.879123953
 0.379360371
 0.840529697
 0.478513813
 0.890838312
 0.347160836
 0.809093149
 0.551418885
 0.883047815
 0.368683889
 0.830926540
 0.501533179
 0.892478008
 0.342575596
 0.804014427
 0.562534993
 0.878525680
 0.380978559
 0.841914182
 0.475140812
 0.890280248
 0.348717028
 0.810782706
 0.547680026
 0.884370540
 0.365060096
 0.827482055
 0.509629383
 0.892155377
 0.343479319
 0.805027289
 0.560332781
 0.879491639
 0.378364595
 0.839668442
 0.480605174
 0.891143532
 0.346308776
 0.808160742
 0.553473503
 0.882278442
 0.370785947
 0.832881619
 0.496900112
 0.892452095
 0.342648208
 0.804096024
 0.562357852
 0.878604660
 0.380765083
 0.841732607
 0.475583960
 0.890358202
 0.348499782
 0.810547881
 0.548200896
 0.884192251
 0.365549271
 0.827952498
 0.508528608
 0.892226732
 0.343279509
 0.804803851
 0.560819220
 0.879281251
 0.378934490
 0.840162215
 0.479406806
 0.890972459
 0.346786431
 0.808684077
 0.552321066
 0.882713696
 0.369597279
 0.831779941
 0.499514181
 0.892485557
 0.342554441
 0.803990648
 0.562586607
 0.878502625
 0.381040866
 0.841967116
 0.475011577
 0.890257250
 0.348781111
 0.810851910
 0.547526449
 0.884422738
 0.364916836
 0.827343956
 0.509952215
 0.892132809
 0.343542505
 0.805097889
 0.560179008
 0.879557796
 0.378185328
 0.839512640
 0.480982938
 0.891195334
 0.346164097
 0.808001906
 0.553822889
 0.882144612
 0.371151162
 0.833218081
 0.496100026
 0.892432102
 0.342704230
 0.804158951
 0.562221209
 0.878665431
 0.380600794
 0.841592647
 0.475925381
 0.890417305
 0.348335043
 0.810369586
 0.548596112
 0.884055681
 0.365923830
 0.828311561
 0.507687386
 0.892275431
 0.343143122
 0.804651173
 0.561151406
 0.879136608
 0.379326113
 0.840500184
 0.478585566
 0.890849302
 0.347130170
 0.809059681
 0.551492741
 0.883020681
 0.368758095
 0.830996095
 0.501368818
 0.892479711
 0.342570824
 0.804009063
 0.562546635
 0.878520482
 0.380992608
 0.841926120
 0.475111667
 0.890275072
 0.348731451
 0.810798284
 0.547645458
 0.884382303
 0.365027812
 0.827450946
 0.509702118
 0.892150357
 0.343493373
 0.805042995
 0.560298575
 0.879506370
 0.378324681
 0.839633773
 0.480689250
 0.891155149
 0.346276331
 0.808125136
 0.553551841
 0.882248511
 0.370867638
 0.832956962
 0.496721023
 0.892448017
 0.342659636
 0.804108862
 0.562329978
 0.878617068
 0.380731541
 0.841704048
 0.475653638
 0.890370331
 0.348465975
 0.810511308
 0.548281983
 0.884164322
 0.365625881
 0.828026021
 0.508356432
 0.892237111
 0.343250444
 0.804771325
 0.560890001
 0.879250497
 0.379017769
 0.840234177
 0.479232014
 0.890946650
 0.346858475
 0.808762870
 0.552147387
 0.882778469
 0.369420270
 0.831615022
 0.499904756
 0.892486368
 0.342552171
 0.803988095
 0.562592147
 0.878500150
 0.381047556
 0.841972798
 0.474997703
 0.890254774
 0.348788010
 0.810859358
 0.547509917
 0.884428346
 0.364901441
 0.827329107
 0.509986918
 0.892130339
 0.343549421
 0.805105614
 0.560162178
 0.879565026
 0.378165733
 0.839495596
 0.481024252
 0.891200937
 0.346148446
 0.807984714
 0.553860695
 0.882130079
 0.371190815
 0.833254555
 0.496013246
 0.892429659
 0.342711076
 0.804166640
 0.562204512
 0.878672848
 0.380580742
 0.841575552
 0.475967075
 0.890424466
 0.348315082
 0.810347970
 0.548644011
 0.884039052
 0.365969425
 0.828355201
 0.507585082
 0.892281009
 0.343127500
 0.804633676
 0.561189464
 0.879119986
 0.379371107
 0.840538944
 0.478491330
 0.890834861
 0.347170466
 0.809103658
 0.551395694
 0.883056327
 0.368660609
 0.830904711
 0.501584755
 0.892477434
 0.342577205
 0.804016235
 0.562531068
 0.878527433
 0.380973823
 0.841910157
 0.475150637
 0.890281991
 0.348712169
 0.810777458
 0.547691672
 0.884366575
 0.365070977
 0.827492538
 0.509604871
 0.892157060
 0.343474606
 0.805022023
 0.560344250
 0.879486698
 0.378377984
 0.839680069
 0.480576976
 0.891139624
 0.346319688
 0.808172717
 0.553447155
 0.882288499
 0.370758498
 0.832856292
 0.496960306
 0.892453415
 0.342644512
 0.804091870
 0.562366870
 0.878600645
 0.380775937
 0.841741846
 0.475561416
 0.890354270
 0.348510741
 0.810559734
 0.548174612
 0.884201294
 0.365524465
 0.827928683
 0.508584369
 0.892223326
 0.343289049
 0.804814526
 0.560795989
 0.879291337
 0.378907176
 0.840138603
 0.479464153
 0.890980879
 0.346762926
 0.808658362
 0.552377738
 0.882692513
 0.369655159
 0.831833818
 0.499386542
 0.892485057
 0.342555845
 0.803992225
 0.562583182
 0.878504156
 0.381036730
 0.841963603
 0.475020154
 0.890258780
 0.348776847
 0.810847307
 0.547536665
 0.884419271
 0.364926352
 0.827353134
 0.509930764
 0.892134332
 0.343538242
 0.805093126
 0.560189381
 0.879553338
 0.378197408
 0.839523146
 0.480957471
 0.891191874
 0.346173762
 0.808012521
 0.553799545
 0.882153581
 0.371126690
 0.833195565
 0.496153593
 0.892433583
 0.342700079
 0.804154290
 0.562231332
 0.878660934
 0.380612954
 0.841603013
 0.475900100
 0.890412957
 0.348347163
 0.810382709
 0.548567029
 0.884065768
 0.365896168
 0.828285077
 0.507749464
 0.892272010
 0.343152704
 0.804661903
 0.561128065
 0.879146797
 0.379298530
 0.840476417
 0.478643347
 0.890858124
 0.347105549
 0.809032806
 0.551552042
 0.882998866
 0.368817751
 0.831051983
 0.501236729
 0.892480940
 0.342567381
 0.804005193
 0.562555035
 0.878516730
 0.381002748
 0.841934735
 0.475090635
 0.890271333
 0.348741870
 0.810809536
 0.547620488
 0.884390795
 0.365004506
 0.827428484
 0.509754630
 0.892146710
 0.343503586
 0.805054407
 0.560273720
 0.879517069
 0.378295692
 0.839608585
 0.480750326
 0.891163557
 0.346252850
 0.808099362
 0.553608541
 0.882226820
 0.370926836
 0.833011529
 0.496591291
 0.892444920
 0.342668315
 0.804118611
 0.562308809
 0.878626487
 0.380706078
 0.841682362
 0.475706544
 0.890379518
 0.348440370
 0.810483602
 0.548343405
 0.884143135
 0.365683994
 0.828081763
 0.508225869
 0.892244840
 0.343228798
 0.804747098
 0.560942718
 0.879227569
 0.379079853
 0.840287791
 0.479101762
 0.890927275
 0.346912554
 0.808821990
 0.552017042
 0.882826939
 0.369287792
 0.831491447
 0.500197288
 0.892486261
 0.342552470
 0.803988431
 0.562591418
 0.878500476
 0.381046676
 0.841972051
 0.474999528
 0.890255100
 0.348787102
 0.810858378
 0.547512092
 0.884427609
 0.364903466
 0.827331061
 0.509982353
 0.892130664
 0.343548510
 0.805104597
 0.560164395
 0.879564074
 0.378168315
 0.839497842
 0.481018809
 0.891200200
 0.346150506
 0.807986977
 0.553855719
 0.882131993
 0.371185594
 0.833249753
 0.496024670
 0.892429983
 0.342710166
 0.804165618
 0.562206731
 0.878671862
 0.380583407
 0.841577824
 0.475961535
 0.890423515
 0.348317733
 0.810350840
 0.548637650
 0.884041262
 0.365963368
 0.828349404
 0.507598672
 0.892280272
 0.343129563
 0.804635986
 0.561184438
 0.879122182
 0.379365163
 0.840533825
 0.478503778
 0.890836773
 0.347165133
 0.809097838
 0.551408536
 0.883051613
 0.368673499
 0.830916798
 0.501556196
 0.892477755
 0.342576307
 0.804015226
 0.562533258
 0.878526455
 0.380976465
 0.841912402
 0.475145156
 0.890281019
 0.348714879
 0.810780385
 0.547685176
 0.884368786
 0.365064908
 0.827486690
 0.509618544
 0.892156122
 0.343477233
 0.805024959
 0.560337856
 0.879489453
 0.378370520
 0.839673587
 0.480592696
 0.891141803
 0.346313603
 0.808166039
 0.553461848
 0.882282891
 0.370773804
 0.832870415
 0.496926741
 0.892452682
 0.342646564
 0.804094176
 0.562361863
 0.878602874
 0.380769910
 0.841736716
 0.475573933
 0.890356453
 0.348504655
 0.810553152
 0.548189208
 0.884196273
 0.365538239
 0.827941907
 0.508553407
 0.892225220
 0.343283744
 0.804808590
 0.560808907
 0.879285729
 0.378922364
 0.840151733
 0.479432266
 0.890976200
 0.346775987
 0.808672652
 0.552346245
 0.882704287
 0.369622987
 0.831803874
 0.499457485
 0.892485349
 0.342555025
 0.803991303
 0.562585184
 0.878503261
 0.381039147
 0.841965656
 0.475015141
 0.890257886
 0.348779339
 0.810849997
 0.547530695
 0.884421297
 0.364920790
 0.827347770
 0.509943301
 0.892133442
 0.343540733
 0.805095908
 0.560183321
 0.879555942
 0.378190350
 0.839517008
 0.480972349
 0.891193896
 0.346168114
 0.808006318
 0.553813187
 0.882148341
 0.371140989
 0.833208722
 0.496122293
 0.892432720
 0.342702498
 0.804157006
 0.562225434
 0.878663554
 0.380605869
 0.841596973
 0.475914830
 0.890415491
 0.348340099
 0.810375061
 0.548583978
 0.884059890
 0.365912287
 0.828300510
 0.507713290
 0.892274007
 0.343147111
 0.804655640
 0.561141689
 0.879140851
 0.379314629
 0.840490289
 0.478609622
 0.890852978
 0.347119912
 0.809048484
 0.551517449
 0.883011595
 0.368782943
 0.831019376
 0.501313797
 0.892480238
 0.342569348
 0.804007404
 0.562550237
 0.878518873
 0.380996957
 0.841929815
 0.475102647
 0.890273469
 0.348735918
 0.810803109
 0.547634752
 0.884385945
 0.365017817
 0.827441314
 0.509724636
 0.892148795
 0.343497746
 0.805047881
 0.560287933
 0.879510951
 0.378312268
 0.839622988
 0.480715401
 0.891158752
 0.346266268
 0.808114090
 0.553576140
 0.882239218
 0.370893001
 0.832980343
 0.496665437
 0.892446705
 0.342663313
 0.804112993
 0.562321008
 0.878621060
 0.380720751
 0.841694859
 0.475676057
 0.890374227
 0.348455119
 0.810499561
 0.548308026
 0.884155342
 0.365650512
 0.828049650
 0.508301089
 0.892240402
 0.343241227
 0.804761010
 0.560912447
 0.879240737
 0.379044198
 0.840257003
 0.479176561
 0.890938416
 0.346881457
 0.808787997
 0.552091990
 0.882799083
 0.369363928
 0.831562482
 0.500029144
 0.892486397
 0.342552089
 0.803988003
 0.562592347
 0.878500060
 0.381047798
 0.841973004
 0.474997201
 0.890254684
 0.348788260
 0.810859628
 0.547509318
 0.884428550
 0.364900883
 0.827328569
 0.509988176
 0.892130249
 0.343549673
 0.805105895
 0.560161567
 0.879565288
 0.378165022
 0.839494978
 0.481025751
 0.891201141
 0.346147878
 0.807984091
 0.553862065
 0.882129552
 0.371192253
 0.833255877
 0.496010099
 0.892429569
 0.342711327
 0.804166922
 0.562203900
 0.878673120
 0.380580007
 0.841574925
 0.475968605
 0.890424728
 0.348314351
 0.810347177
 0.548645767
 0.884038443
 0.365971097
 0.828356801
 0.507581332
 0.892281212
 0.343126931
 0.804633039
 0.561190850
 0.879119381
 0.379372746
 0.840540356
 0.478487899
 0.890834334
 0.347171937
 0.809105262
 0.551392152
 0.883057626
 0.368657054
 0.830901378
 0.501592629
 0.892477345
 0.342577455
 0.804016516
 0.562530457
 0.878527705
 0.380973086
 0.841909531
 0.475152166
 0.890282263
 0.348711414
 0.810776641
 0.547693483
 0.884365958
 0.365072670
 0.827494168
 0.509601058
 0.892157321
 0.343473874
 0.805021205
 0.560346032
 0.879485931
 0.378380064
 0.839681875
 0.480572596
 0.891139017
 0.346321385
 0.808174578
 0.553443059
 0.882290062
 0.370754231
 0.832852355
 0.496969662
 0.892453617
 0.342643943
 0.804091232
 0.562368256
 0.878600028
 0.380777605
 0.841743266
 0.475557951
 0.890353665
 0.348512426
 0.810561557
 0.548170571
 0.884202684
 0.365520652
 0.827925022
 0.508592942
 0.892222800
 0.343290521
 0.804816173
 0.560792404
 0.879292894
 0.378902962
 0.840134960
 0.479473001
 0.890982176
 0.346759305
 0.808654401
 0.552386468
 0.882689248
 0.369664081
 0.831842121
 0.499366871
 0.892484969
 0.342556090
 0.803992501
 0.562582584
 0.878504423
 0.381036007
 0.841962989
 0.475021653
 0.890259047
 0.348776103
 0.810846502
 0.547538450
 0.884418665
 0.364928015
 0.827354738
 0.509927016
 0.892134597
 0.343537498
 0.805092295
 0.560191192
 0.879552560
 0.378199516
 0.839524979
 0.480953025
 0.891191269
 0.346175450
 0.808014375
 0.553795467
 0.882155148
 0.371122417
 0.833191633
 0.496162947
 0.892433840
 0.342699360
 0.804153482
 0.562233086
 0.878660154
 0.380615060
 0.841604809
 0.475895721
 0.890412203
 0.348349263
 0.810384984
 0.548561988
 0.884067516
 0.365891375
 0.828280488
 0.507760222
 0.892271414
 0.343154372
 0.804663771
 0.561124001
 0.879148571
 0.379293729
 0.840472279
 0.478653405
 0.890859658
 0.347101270
 0.809028135
 0.551562350
 0.882995072
 0.368828127
 0.831061701
 0.501213759
 0.892481141
 0.342566818
 0.804004560
 0.562556409
 0.878516117
 0.381004406
 0.841936144
 0.475087195
 0.890270721
 0.348743575
 0.810811377
 0.547616403
 0.884392185
 0.365000693
 0.827424809
 0.509763221
 0.892146111
 0.343505262
 0.805056280
 0.560269641
 0.879518824
 0.378290936
 0.839604452
 0.480760347
 0.891164934
 0.346249004
 0.808095140
 0.553617827
 0.882223265
 0.370936538
 0.833020469
 0.496570034
 0.892444401
 0.342669769
 0.804120245
 0.562305262
 0.878628065
 0.380701812
 0.841678729
 0.475715408
 0.890381055
 0.348436085
 0.810478966
 0.548353683
 0.884139587
 0.365693725
 0.828091095
 0.508204009
 0.892246122
 0.343225207
 0.804743079
 0.560951463
 0.879223763
 0.379090157
 0.840296687
 0.479080148
 0.890924048
 0.346921560
 0.808831834
 0.551995336
 0.882834998
 0.369265762
 0.831470886
 0.500245953
 0.892486184
 0.342552685
 0.803988674
 0.562590891
 0.878500711
 0.381046040
 0.841971510
 0.475000847
 0.890255335
 0.348786446
 0.810857670
 0.547513664
 0.884427076
 0.364904930
 0.827332472
 0.509979054
 0.892130899
 0.343547852
 0.805103861
 0.560165997
 0.879563386
 0.378170179
 0.839499464
 0.481014878
 0.891199667
 0.346151994
 0.807988612
 0.553852124
 0.882133375
 0.371181823
 0.833246285
 0.496032923
 0.892430217
 0.342709510
 0.804164882
 0.562208330
 0.878671152
 0.380585327
 0.841579461
 0.475957541
 0.890422829
 0.348319643
 0.810352909
 0.548633065
 0.884042854
 0.365959002
 0.828345226
 0.507608467
 0.892279740
 0.343131053
 0.804637655
 0.561180809
 0.879123767
 0.379360873
 0.840530129
 0.478512763
 0.890838151
 0.347161286
 0.809093640
 0.551417802
 0.883048212
 0.368682801
 0.830925520
 0.501535588
 0.892477982
 0.342575670
 0.804014510
 0.562534813
 0.878525761
 0.380978341
 0.841913997
 0.475141263
 0.890280328
 0.348716805
 0.810782464
 0.547680562
 0.884370357
 0.365060597
 0.827482537
 0.509628256
 0.892155454
 0.343479102
 0.805027047
 0.560333309
 0.879491412
 0.378365212
 0.839668977
 0.480603876
 0.891143352
 0.346309278
 0.808161293
 0.553472290
 0.882278905
 0.370784684
 0.832880454
 0.496902882
 0.892452157
 0.342648037
 0.804095831
 0.562358271
 0.878604474
 0.380765587
 0.841733036
 0.475582913
 0.890358019
 0.348500291
 0.810548431
 0.548199676
 0.884192671
 0.365548119
 0.827951393
 0.508531197
 0.892226575
 0.343279950
 0.804804345
 0.560818145
 0.879281718
 0.378933226
 0.840161122
 0.479409461
 0.890972849
 0.346785341
 0.808682885
 0.552323693
 0.882712714
 0.369599961
 0.831782438
 0.499508267
 0.892485537
 0.342554499
 0.803990713
 0.562586466
 0.878502689
 0.381040695
 0.841966971
 0.475011930
 0.890257313
 0.348780935
 0.810851720
 0.547526870
 0.884422595
 0.364917228
 0.827344334
 0.509951331
 0.892132872
 0.343542329
 0.805097692
 0.560179436
 0.879557612
 0.378185826
 0.839513073
 0.480981887
 0.891195191
 0.346164496
 0.808002343
 0.553821927
 0.882144982
 0.371150153
 0.833217153
 0.496102235
 0.892432163
 0.342704058
 0.804158758
 0.562221629
 0.878665244
 0.380601299
 0.841593078
 0.475924332
 0.890417125
 0.348335546
 0.810370130
 0.548594905
 0.884056099
 0.365922682
 0.828310462
 0.507689962
 0.892275289
 0.343143518
 0.804651616
 0.561150441
 0.879137030
 0.379324973
 0.840499202
 0.478587955
 0.890849667
 0.347129151
 0.809058569
 0.551495196
 0.883019778
 0.368760563
 0.830998408
 0.501363353
 0.892479764
 0.342570675
 0.804008896
 0.562546999
 0.878520319
 0.380993048
 0.841926494
 0.475110754
 0.890274910
 0.348731903
 0.810798772
 0.547644375
 0.884382672
 0.365026801
 0.827449972
 0.509704395
 0.892150199
 0.343493815
 0.805043489
 0.560297499
 0.879506833
 0.378323427
 0.839632683
 0.480691893
 0.891155514
 0.346275314
 0.808124019
 0.553554298
 0.882247572
 0.370870202
 0.832959326
 0.496715403
 0.892447885
 0.342660005
 0.804109276
 0.562329078
 0.878617469
 0.380730459
 0.841703126
 0.475655888
 0.890370722
 0.348464886
 0.810510129
 0.548284597
 0.884163421
 0.365628353
 0.828028392
 0.508350878
 0.892237442
 0.343249516
 0.804770287
 0.560892260
 0.879249515
 0.379020429
 0.840236474
 0.479226433
 0.890945822
 0.346860785
 0.808765396
 0.552141818
 0.882780542
 0.369414603
 0.831609739
 0.499917265
 0.892486376
 0.342552149
 0.803988070
 0.562592201
 0.878500126
 0.381047621
 0.841972854
 0.474997567
 0.890254750
 0.348788077
 0.810859431
 0.547509755
 0.884428401
 0.364901290
 0.827328962
 0.509987259
 0.892130315
 0.343549489
 0.805105690
 0.560162012
 0.879565097
 0.378165541
 0.839495429
 0.481024658
 0.891200992
 0.346148292
 0.807984545
 0.553861066
 0.882129936
 0.371191204
 0.833254913
 0.496012394
 0.892429634
 0.342711144
 0.804166716
 0.562204347
 0.878672921
 0.380580543
 0.841575382
 0.475967489
 0.890424537
 0.348314884
 0.810347755
 0.548644487
 0.884038887
 0.365969878
 0.828355634
 0.507584067
 0.892281064
 0.343127346
 0.804633503
 0.561189839
 0.879119822
 0.379371551
 0.840539327
 0.478490401
 0.890834719
 0.347170864
 0.809104092
 0.551394735
 0.883056679
 0.368659646
 0.830903808
 0.501586887
 0.892477410
 0.342577272
 0.804016311
 0.562530903
 0.878527506
 0.380973624
 0.841909988
 0.475151050
 0.890282065
 0.348711965
 0.810777237
 0.547692161
 0.884366408
 0.365071435
 0.827492978
 0.509603841
 0.892157130
 0.343474408
 0.805021802
 0.560344732
 0.879486491
 0.378378546
 0.839680557
 0.480575792
 0.891139460
 0.346320147
 0.808173220
 0.553446048
 0.882288922
 0.370757345
 0.832855228
 0.496962834
 0.892453469
 0.342644358
 0.804091698
 0.562367245
 0.878600478
 0.380776388
 0.841742231
 0.475560478
 0.890354106
 0.348511197
 0.810560227
 0.548173519
 0.884201670
 0.365523433
 0.827927693
 0.508586689
 0.892223184
 0.343289447
 0.804814971
 0.560795019
 0.879291758
 0.378906037
 0.840137617
 0.479466546
 0.890981230
 0.346761946
 0.808657290
 0.552380100
 0.882691630
 0.369657572
 0.831836064
 0.499381221
 0.892485033
 0.342555911
 0.803992299
 0.562583022
 0.878504227
 0.381036537
 0.841963439
 0.475020555
 0.890258851
 0.348776648
 0.810847092
 0.547537142
 0.884419109
 0.364926797
 0.827353563
 0.509929762
 0.892134403
 0.343538043
 0.805092904
 0.560189865
 0.879553130
 0.378197971
 0.839523636
 0.480956282
 0.891191712
 0.346174213
 0.808013017
 0.553798455
 0.882154000
 0.371125547
 0.833194514
 0.496156094
 0.892433652
 0.342699887
 0.804154074
 0.562231801
 0.878660725
 0.380613518
 0.841603494
 0.475898928
 0.890412755
 0.348347725
 0.810383318
 0.548565680
 0.884066236
 0.365894885
 0.828283849
 0.507752343
 0.892271850
 0.343153150
 0.804662403
 0.561126978
 0.879147272
 0.379297246
 0.840475310
 0.478646037
 0.890858534
 0.347104405
 0.809031556
 0.551554800
 0.882997851
 0.368820527
 0.831054583
 0.501230584
 0.892480994
 0.342567230
 0.804005023
 0.562555405
 0.878516565
 0.381003194
 0.841935114
 0.475089708
 0.890271168
 0.348742329
 0.810810032
 0.547619388
 0.884391170
 0.365003479
 0.827427494
 0.509756944
 0.892146548
 0.343504037
 0.805054911
 0.560272622
 0.879517541
 0.378294412
 0.839607472
 0.480753024
 0.891163928
 0.346251814
 0.808098225
 0.553611042
 0.882225863
 0.370929449
 0.833013937
 0.496585566
 0.892444780
 0.342668705
 0.804119050
 0.562307855
 0.878626911
 0.380704932
 0.841681386
 0.475708926
 0.890379931
 0.348439219
 0.810482356
 0.548346167
 0.884142181
 0.365686609
 0.828084271
 0.508219995
 0.892245185
 0.343227832
 0.804746017
 0.560945070
 0.879226545
 0.379082625
 0.840290184
 0.479095949
 0.890926407
 0.346914976
 0.808824637
 0.552011206
 0.882829106
 0.369281868
 0.831485918
 0.500210374
 0.892486242
 0.342552523
 0.803988491
 0.562591288
 0.878500534
 0.381046519
 0.841971917
 0.474999854
 0.890255158
 0.348786940
 0.810858203
 0.547512481
 0.884427477
 0.364903828
 0.827331410
 0.509981537
 0.892130722
 0.343548347
 0.805104415
 0.560164791
 0.879563903
 0.378168776
 0.839498243
 0.481017837
 0.891200068
 0.346150874
 0.807987381
 0.553854830
 0.882132334
 0.371184662
 0.833248895
 0.496026712
 0.892430041
 0.342710004
 0.804165436
 0.562207127
 0.878671686
 0.380583882
 0.841578229
 0.475960546
 0.890423345
 0.348318206
 0.810351352
 0.548636516
 0.884041656
 0.365962287
 0.828348370
 0.507601097
 0.892280140
 0.343129932
 0.804636399
 0.561183540
 0.879122574
 0.379364102
 0.840532911
 0.478506001
 0.890837114
 0.347164181
 0.809096799
 0.551410829
 0.883050772
 0.368675801
 0.830918957
 0.501551097
 0.892477811
 0.342576149
 0.804015048
 0.562533644
 0.878526282
 0.380976932
 0.841912798
 0.475144188
 0.890280847
 0.348715358
 0.810780902
 0.547684029
 0.884369177
 0.365063836
 0.827485658
 0.509620959
 0.892155956
 0.343477698
 0.805025478
 0.560336726
 0.879489940
 0.378369200
 0.839672441
 0.480595475
 0.891142188
 0.346312528
 0.808164859
 0.553464444
 0.882281900
 0.370776509
 0.832872911
 0.496920809
 0.892452552
 0.342646929
 0.804094587
 0.562360973
 0.878603271
 0.380768839
 0.841735804
 0.475576159
 0.890356842
 0.348503573
 0.810551981
 0.548191803
 0.884195380
 0.365540688
 0.827944259
 0.508547900
 0.892225556
 0.343282803
 0.804807537
 0.560811200
 0.879284734
 0.378925059
 0.840154063
 0.479426607
 0.890975369
 0.346778308
 0.808675190
 0.552340651
 0.882706378
 0.369617275
 0.831798556
 0.499470082
 0.892485398
 0.342554890
 0.803991151
 0.562585514
 0.878503114
 0.381039545
 0.841965994
 0.475014315
 0.890257738
 0.348779749
 0.810850440
 0.547529711
 0.884421631
 0.364919874
 0.827346886
 0.509945366
 0.892133296
 0.343541143
 0.805096367
 0.560182322
 0.879556372
 0.378189187
 0.839515996
 0.480974802
 0.891194229
 0.346167183
 0.808005296
 0.553815435
 0.882147477
 0.371143346
 0.833210890
 0.496117134
 0.892432577
 0.342702898
 0.804157456
 0.562224457
 0.878663988
 0.380604696
 0.841595973
 0.475917269
 0.890415910
 0.348338930
 0.810373795
 0.548586783
 0.884058917
 0.365914956
 0.828303065
 0.507707301
 0.892274336
 0.343146188
 0.804654606
 0.561143938
 0.879139869
 0.379317287
 0.840492580
 0.478604053
 0.890852127
 0.347122285
 0.809051075
 0.551511732
 0.883013697
 0.368777192
 0.831013989
 0.501326530
 0.892480118
 0.342569684
 0.804007782
 0.562549417
 0.878519239
 0.380995966
 0.841928973
 0.475104702
 0.890273834
 0.348734901
 0.810802010
 0.547637191
 0.884385116
 0.365020094
 0.827443508
