2187
0.00000000000000000000
0.00006103515625000000
0.00012207031250000000
0.00018310546875000000
0.00024414062500000000
0.00030517578125000000
0.00036621093750000000
0.00042724609375000000
0.00048828125000000000
0.00054931640625000000
0.00061035156250000000
0.00067138671875000000
0.00073242187500000000
0.00079345703125000000
0.00085449218750000000
0.00091552734375000000
0.00097656250000000000
0.00103759765625000000
0.00109863281250000000
0.00115966796875000000
0.00122070312500000000
0.00128173828125000000
0.00134277343750000000
0.00140380859375000000
0.00146484375000000000
0.00152587890625000000
0.00158691406250000000
0.00164794921875000000
0.00170898437500000000
0.00177001953125000000
0.00183105468750000000
0.00189208984375000000
0.00195312500000000000
0.00201416015625000000
0.00207519531250000000
0.00213623046875000000
0.00219726562500000000
0.00225830078125000000
0.00231933593750000000
0.00238037109375000000
0.00244140625000000000
0.00250244140625000000
0.00256347656250000000
0.00262451171875000000
0.00268554687500000000
0.00274658203125000000
0.00280761718750000000
0.00286865234375000000
0.00292968750000000000
0.00299072265625000000
0.00305175781250000000
0.00311279296875000000
0.00317382812500000000
0.00323486328125000000
0.00329589843750000000
0.00335693359375000000
0.00341796875000000000
0.00347900390625000000
0.00354003906250000000
0.00360107421875000000
0.00366210937500000000
0.00372314453125000000
0.00378417968750000000
0.00384521484375000000
0.00390625000000000000
0.00396728515625000000
0.00402832031250000000
0.00408935546875000000
0.00415039062500000000
0.00421142578125000000
0.00427246093750000000
0.00433349609375000000
0.00439453125000000000
0.00445556640625000000
0.00451660156250000000
0.00457763671875000000
0.00463867187500000000
0.00469970703125000000
0.00476074218750000000
0.00482177734375000000
0.00488281250000000000
0.00494384765625000000
0.00500488281250000000
0.00506591796875000000
0.00512695312500000000
0.00518798828125000000
0.00524902343750000000
0.00531005859375000000
0.00537109375000000000
0.00543212890625000000
0.00549316406250000000
0.00555419921875000000
0.00561523437500000000
0.00567626953125000000
0.00573730468750000000
0.00579833984375000000
0.00585937500000000000
0.00592041015625000000
0.00598144531250000000
0.00604248046875000000
0.00610351562500000000
0.00616455078125000000
0.00622558593750000000
0.00628662109375000000
0.00634765625000000000
0.00640869140625000000
0.00646972656250000000
0.00653076171875000000
0.00659179687500000000
0.00665283203125000000
0.00671386718750000000
0.00677490234375000000
0.00683593750000000000
0.00689697265625000000
0.00695800781250000000
0.00701904296875000000
0.00708007812500000000
0.00714111328125000000
0.00720214843750000000
0.00726318359375000000
0.00732421875000000000
0.00738525390625000000
0.00744628906250000000
0.00750732421875000000
0.00756835937500000000
0.00762939453125000000
0.00769042968750000000
0.00775146484375000000
0.00781250000000000000
0.00793457031250000000
0.00805664062500000000
0.00817871093750000000
0.00830078125000000000
0.00842285156250000000
0.00854492187500000000
0.00866699218750000000
0.00878906250000000000
0.00891113281250000000
0.00903320312500000000
0.00915527343750000000
0.00927734375000000000
0.00939941406250000000
0.00952148437500000000
0.00964355468750000000
0.00976562500000000000
0.00988769531250000000
0.01000976562500000000
0.01013183593750000000
0.01025390625000000000
0.01037597656250000000
0.01049804687500000000
0.01062011718750000000
0.01074218750000000000
0.01086425781250000000
0.01098632812500000000
0.01110839843750000000
0.01123046875000000000
0.01135253906250000000
0.01147460937500000000
0.01159667968750000000
0.01171875000000000000
0.01184082031250000000
0.01196289062500000000
0.01208496093750000000
0.01220703125000000000
0.01232910156250000000
0.01245117187500000000
0.01257324218750000000
0.01269531250000000000
0.01281738281250000000
0.01293945312500000000
0.01306152343750000000
0.01318359375000000000
0.01330566406250000000
0.01342773437500000000
0.01354980468750000000
0.01367187500000000000
0.01379394531250000000
0.01391601562500000000
0.01403808593750000000
0.01416015625000000000
0.01428222656250000000
0.01440429687500000000
0.01452636718750000000
0.01464843750000000000
0.01477050781250000000
0.01489257812500000000
0.01501464843750000000
0.01513671875000000000
0.01525878906250000000
0.01538085937500000000
0.01550292968750000000
0.01562500000000000000
0.01574707031250000000
0.01586914062500000000
0.01599121093750000000
0.01611328125000000000
0.01623535156250000000
0.01635742187500000000
0.01647949218750000000
0.01660156250000000000
0.01672363281250000000
0.01684570312500000000
0.01696777343750000000
0.01708984375000000000
0.01721191406250000000
0.01733398437500000000
0.01745605468750000000
0.01757812500000000000
0.01770019531250000000
0.01782226562500000000
0.01794433593750000000
0.01806640625000000000
0.01818847656250000000
0.01831054687500000000
0.01843261718750000000
0.01855468750000000000
0.01867675781250000000
0.01879882812500000000
0.01892089843750000000
0.01904296875000000000
0.01916503906250000000
0.01928710937500000000
0.01940917968750000000
0.01953125000000000000
0.01965332031250000000
0.01977539062500000000
0.01989746093750000000
0.02001953125000000000
0.02014160156250000000
0.02026367187500000000
0.02038574218750000000
0.02050781250000000000
0.02062988281250000000
0.02075195312500000000
0.02087402343750000000
0.02099609375000000000
0.02111816406250000000
0.02124023437500000000
0.02136230468750000000
0.02148437500000000000
0.02160644531250000000
0.02172851562500000000
0.02185058593750000000
0.02197265625000000000
0.02209472656250000000
0.02221679687500000000
0.02233886718750000000
0.02246093750000000000
0.02258300781250000000
0.02270507812500000000
0.02282714843750000000
0.02294921875000000000
0.02307128906250000000
0.02319335937500000000
0.02331542968750000000
0.02343750000000000000
0.02368164062500000000
0.02392578125000000000
0.02416992187500000000
0.02441406250000000000
0.02465820312500000000
0.02490234375000000000
0.02514648437500000000
0.02539062500000000000
0.02563476562500000000
0.02587890625000000000
0.02612304687500000000
0.02636718750000000000
0.02661132812500000000
0.02685546875000000000
0.02709960937500000000
0.02734375000000000000
0.02758789062500000000
0.02783203125000000000
0.02807617187500000000
0.02832031250000000000
0.02856445312500000000
0.02880859375000000000
0.02905273437500000000
0.02929687500000000000
0.02954101562500000000
0.02978515625000000000
0.03002929687500000000
0.03027343750000000000
0.03051757812500000000
0.03076171875000000000
0.03100585937500000000
0.03125000000000000000
0.03137207031250000000
0.03149414062500000000
0.03161621093750000000
0.03173828125000000000
0.03186035156250000000
0.03198242187500000000
0.03210449218750000000
0.03222656250000000000
0.03234863281250000000
0.03247070312500000000
0.03259277343750000000
0.03271484375000000000
0.03283691406250000000
0.03295898437500000000
0.03308105468750000000
0.03320312500000000000
0.03332519531250000000
0.03344726562500000000
0.03356933593750000000
0.03369140625000000000
0.03381347656250000000
0.03393554687500000000
0.03405761718750000000
0.03417968750000000000
0.03430175781250000000
0.03442382812500000000
0.03454589843750000000
0.03466796875000000000
0.03479003906250000000
0.03491210937500000000
0.03503417968750000000
0.03515625000000000000
0.03527832031250000000
0.03540039062500000000
0.03552246093750000000
0.03564453125000000000
0.03576660156250000000
0.03588867187500000000
0.03601074218750000000
0.03613281250000000000
0.03625488281250000000
0.03637695312500000000
0.03649902343750000000
0.03662109375000000000
0.03674316406250000000
0.03686523437500000000
0.03698730468750000000
0.03710937500000000000
0.03723144531250000000
0.03735351562500000000
0.03747558593750000000
0.03759765625000000000
0.03771972656250000000
0.03784179687500000000
0.03796386718750000000
0.03808593750000000000
0.03820800781250000000
0.03833007812500000000
0.03845214843750000000
0.03857421875000000000
0.03869628906250000000
0.03881835937500000000
0.03894042968750000000
0.03906250000000000000
0.03930664062500000000
0.03955078125000000000
0.03979492187500000000
0.04003906250000000000
0.04028320312500000000
0.04052734375000000000
0.04077148437500000000
0.04101562500000000000
0.04125976562500000000
0.04150390625000000000
0.04174804687500000000
0.04199218750000000000
0.04223632812500000000
0.04248046875000000000
0.04272460937500000000
0.04296875000000000000
0.04321289062500000000
0.04345703125000000000
0.04370117187500000000
0.04394531250000000000
0.04418945312500000000
0.04443359375000000000
0.04467773437500000000
0.04492187500000000000
0.04516601562500000000
0.04541015625000000000
0.04565429687500000000
0.04589843750000000000
0.04614257812500000000
0.04638671875000000000
0.04663085937500000000
0.04687500000000000000
0.04711914062500000000
0.04736328125000000000
0.04760742187500000000
0.04785156250000000000
0.04809570312500000000
0.04833984375000000000
0.04858398437500000000
0.04882812500000000000
0.04907226562500000000
0.04931640625000000000
0.04956054687500000000
0.04980468750000000000
0.05004882812500000000
0.05029296875000000000
0.05053710937500000000
0.05078125000000000000
0.05102539062500000000
0.05126953125000000000
0.05151367187500000000
0.05175781250000000000
0.05200195312500000000
0.05224609375000000000
0.05249023437500000000
0.05273437500000000000
0.05297851562500000000
0.05322265625000000000
0.05346679687500000000
0.05371093750000000000
0.05395507812500000000
0.05419921875000000000
0.05444335937500000000
0.05468750000000000000
0.05517578125000000000
0.05566406250000000000
0.05615234375000000000
0.05664062500000000000
0.05712890625000000000
0.05761718750000000000
0.05810546875000000000
0.05859375000000000000
0.05908203125000000000
0.05957031250000000000
0.06005859375000000000
0.06054687500000000000
0.06103515625000000000
0.06152343750000000000
0.06201171875000000000
0.06250000000000000000
0.06262207031250000000
0.06274414062500000000
0.06286621093750000000
0.06298828125000000000
0.06311035156250000000
0.06323242187500000000
0.06335449218750000000
0.06347656250000000000
0.06359863281250000000
0.06372070312500000000
0.06384277343750000000
0.06396484375000000000
0.06408691406250000000
0.06420898437500000000
0.06433105468750000000
0.06445312500000000000
0.06457519531250000000
0.06469726562500000000
0.06481933593750000000
0.06494140625000000000
0.06506347656250000000
0.06518554687500000000
0.06530761718750000000
0.06542968750000000000
0.06555175781250000000
0.06567382812500000000
0.06579589843750000000
0.06591796875000000000
0.06604003906250000000
0.06616210937500000000
0.06628417968750000000
0.06640625000000000000
0.06652832031250000000
0.06665039062500000000
0.06677246093750000000
0.06689453125000000000
0.06701660156250000000
0.06713867187500000000
0.06726074218750000000
0.06738281250000000000
0.06750488281250000000
0.06762695312500000000
0.06774902343750000000
0.06787109375000000000
0.06799316406250000000
0.06811523437500000000
0.06823730468750000000
0.06835937500000000000
0.06848144531250000000
0.06860351562500000000
0.06872558593750000000
0.06884765625000000000
0.06896972656250000000
0.06909179687500000000
0.06921386718750000000
0.06933593750000000000
0.06945800781250000000
0.06958007812500000000
0.06970214843750000000
0.06982421875000000000
0.06994628906250000000
0.07006835937500000000
0.07019042968750000000
0.07031250000000000000
0.07055664062500000000
0.07080078125000000000
0.07104492187500000000
0.07128906250000000000
0.07153320312500000000
0.07177734375000000000
0.07202148437500000000
0.07226562500000000000
0.07250976562500000000
0.07275390625000000000
0.07299804687500000000
0.07324218750000000000
0.07348632812500000000
0.07373046875000000000
0.07397460937500000000
0.07421875000000000000
0.07446289062500000000
0.07470703125000000000
0.07495117187500000000
0.07519531250000000000
0.07543945312500000000
0.07568359375000000000
0.07592773437500000000
0.07617187500000000000
0.07641601562500000000
0.07666015625000000000
0.07690429687500000000
0.07714843750000000000
0.07739257812500000000
0.07763671875000000000
0.07788085937500000000
0.07812500000000000000
0.07836914062500000000
0.07861328125000000000
0.07885742187500000000
0.07910156250000000000
0.07934570312500000000
0.07958984375000000000
0.07983398437500000000
0.08007812500000000000
0.08032226562500000000
0.08056640625000000000
0.08081054687500000000
0.08105468750000000000
0.08129882812500000000
0.08154296875000000000
0.08178710937500000000
0.08203125000000000000
0.08227539062500000000
0.08251953125000000000
0.08276367187500000000
0.08300781250000000000
0.08325195312500000000
0.08349609375000000000
0.08374023437500000000
0.08398437500000000000
0.08422851562500000000
0.08447265625000000000
0.08471679687500000000
0.08496093750000000000
0.08520507812500000000
0.08544921875000000000
0.08569335937500000000
0.08593750000000000000
0.08642578125000000000
0.08691406250000000000
0.08740234375000000000
0.08789062500000000000
0.08837890625000000000
0.08886718750000000000
0.08935546875000000000
0.08984375000000000000
0.09033203125000000000
0.09082031250000000000
0.09130859375000000000
0.09179687500000000000
0.09228515625000000000
0.09277343750000000000
0.09326171875000000000
0.09375000000000000000
0.09399414062500000000
0.09423828125000000000
0.09448242187500000000
0.09472656250000000000
0.09497070312500000000
0.09521484375000000000
0.09545898437500000000
0.09570312500000000000
0.09594726562500000000
0.09619140625000000000
0.09643554687500000000
0.09667968750000000000
0.09692382812500000000
0.09716796875000000000
0.09741210937500000000
0.09765625000000000000
0.09790039062500000000
0.09814453125000000000
0.09838867187500000000
0.09863281250000000000
0.09887695312500000000
0.09912109375000000000
0.09936523437500000000
0.09960937500000000000
0.09985351562500000000
0.10009765625000000000
0.10034179687500000000
0.10058593750000000000
0.10083007812500000000
0.10107421875000000000
0.10131835937500000000
0.10156250000000000000
0.10205078125000000000
0.10253906250000000000
0.10302734375000000000
0.10351562500000000000
0.10400390625000000000
0.10449218750000000000
0.10498046875000000000
0.10546875000000000000
0.10595703125000000000
0.10644531250000000000
0.10693359375000000000
0.10742187500000000000
0.10791015625000000000
0.10839843750000000000
0.10888671875000000000
0.10937500000000000000
0.10986328125000000000
0.11035156250000000000
0.11083984375000000000
0.11132812500000000000
0.11181640625000000000
0.11230468750000000000
0.11279296875000000000
0.11328125000000000000
0.11376953125000000000
0.11425781250000000000
0.11474609375000000000
0.11523437500000000000
0.11572265625000000000
0.11621093750000000000
0.11669921875000000000
0.11718750000000000000
0.11816406250000000000
0.11914062500000000000
0.12011718750000000000
0.12109375000000000000
0.12207031250000000000
0.12304687500000000000
0.12402343750000000000
0.12500000000000000000
0.12512207031250000000
0.12524414062500000000
0.12536621093750000000
0.12548828125000000000
0.12561035156250000000
0.12573242187500000000
0.12585449218750000000
0.12597656250000000000
0.12609863281250000000
0.12622070312500000000
0.12634277343750000000
0.12646484375000000000
0.12658691406250000000
0.12670898437500000000
0.12683105468750000000
0.12695312500000000000
0.12707519531250000000
0.12719726562500000000
0.12731933593750000000
0.12744140625000000000
0.12756347656250000000
0.12768554687500000000
0.12780761718750000000
0.12792968750000000000
0.12805175781250000000
0.12817382812500000000
0.12829589843750000000
0.12841796875000000000
0.12854003906250000000
0.12866210937500000000
0.12878417968750000000
0.12890625000000000000
0.12902832031250000000
0.12915039062500000000
0.12927246093750000000
0.12939453125000000000
0.12951660156250000000
0.12963867187500000000
0.12976074218750000000
0.12988281250000000000
0.13000488281250000000
0.13012695312500000000
0.13024902343750000000
0.13037109375000000000
0.13049316406250000000
0.13061523437500000000
0.13073730468750000000
0.13085937500000000000
0.13098144531250000000
0.13110351562500000000
0.13122558593750000000
0.13134765625000000000
0.13146972656250000000
0.13159179687500000000
0.13171386718750000000
0.13183593750000000000
0.13195800781250000000
0.13208007812500000000
0.13220214843750000000
0.13232421875000000000
0.13244628906250000000
0.13256835937500000000
0.13269042968750000000
0.13281250000000000000
0.13305664062500000000
0.13330078125000000000
0.13354492187500000000
0.13378906250000000000
0.13403320312500000000
0.13427734375000000000
0.13452148437500000000
0.13476562500000000000
0.13500976562500000000
0.13525390625000000000
0.13549804687500000000
0.13574218750000000000
0.13598632812500000000
0.13623046875000000000
0.13647460937500000000
0.13671875000000000000
0.13696289062500000000
0.13720703125000000000
0.13745117187500000000
0.13769531250000000000
0.13793945312500000000
0.13818359375000000000
0.13842773437500000000
0.13867187500000000000
0.13891601562500000000
0.13916015625000000000
0.13940429687500000000
0.13964843750000000000
0.13989257812500000000
0.14013671875000000000
0.14038085937500000000
0.14062500000000000000
0.14086914062500000000
0.14111328125000000000
0.14135742187500000000
0.14160156250000000000
0.14184570312500000000
0.14208984375000000000
0.14233398437500000000
0.14257812500000000000
0.14282226562500000000
0.14306640625000000000
0.14331054687500000000
0.14355468750000000000
0.14379882812500000000
0.14404296875000000000
0.14428710937500000000
0.14453125000000000000
0.14477539062500000000
0.14501953125000000000
0.14526367187500000000
0.14550781250000000000
0.14575195312500000000
0.14599609375000000000
0.14624023437500000000
0.14648437500000000000
0.14672851562500000000
0.14697265625000000000
0.14721679687500000000
0.14746093750000000000
0.14770507812500000000
0.14794921875000000000
0.14819335937500000000
0.14843750000000000000
0.14892578125000000000
0.14941406250000000000
0.14990234375000000000
0.15039062500000000000
0.15087890625000000000
0.15136718750000000000
0.15185546875000000000
0.15234375000000000000
0.15283203125000000000
0.15332031250000000000
0.15380859375000000000
0.15429687500000000000
0.15478515625000000000
0.15527343750000000000
0.15576171875000000000
0.15625000000000000000
0.15649414062500000000
0.15673828125000000000
0.15698242187500000000
0.15722656250000000000
0.15747070312500000000
0.15771484375000000000
0.15795898437500000000
0.15820312500000000000
0.15844726562500000000
0.15869140625000000000
0.15893554687500000000
0.15917968750000000000
0.15942382812500000000
0.15966796875000000000
0.15991210937500000000
0.16015625000000000000
0.16040039062500000000
0.16064453125000000000
0.16088867187500000000
0.16113281250000000000
0.16137695312500000000
0.16162109375000000000
0.16186523437500000000
0.16210937500000000000
0.16235351562500000000
0.16259765625000000000
0.16284179687500000000
0.16308593750000000000
0.16333007812500000000
0.16357421875000000000
0.16381835937500000000
0.16406250000000000000
0.16455078125000000000
0.16503906250000000000
0.16552734375000000000
0.16601562500000000000
0.16650390625000000000
0.16699218750000000000
0.16748046875000000000
0.16796875000000000000
0.16845703125000000000
0.16894531250000000000
0.16943359375000000000
0.16992187500000000000
0.17041015625000000000
0.17089843750000000000
0.17138671875000000000
0.17187500000000000000
0.17236328125000000000
0.17285156250000000000
0.17333984375000000000
0.17382812500000000000
0.17431640625000000000
0.17480468750000000000
0.17529296875000000000
0.17578125000000000000
0.17626953125000000000
0.17675781250000000000
0.17724609375000000000
0.17773437500000000000
0.17822265625000000000
0.17871093750000000000
0.17919921875000000000
0.17968750000000000000
0.18066406250000000000
0.18164062500000000000
0.18261718750000000000
0.18359375000000000000
0.18457031250000000000
0.18554687500000000000
0.18652343750000000000
0.18750000000000000000
0.18774414062500000000
0.18798828125000000000
0.18823242187500000000
0.18847656250000000000
0.18872070312500000000
0.18896484375000000000
0.18920898437500000000
0.18945312500000000000
0.18969726562500000000
0.18994140625000000000
0.19018554687500000000
0.19042968750000000000
0.19067382812500000000
0.19091796875000000000
0.19116210937500000000
0.19140625000000000000
0.19165039062500000000
0.19189453125000000000
0.19213867187500000000
0.19238281250000000000
0.19262695312500000000
0.19287109375000000000
0.19311523437500000000
0.19335937500000000000
0.19360351562500000000
0.19384765625000000000
0.19409179687500000000
0.19433593750000000000
0.19458007812500000000
0.19482421875000000000
0.19506835937500000000
0.19531250000000000000
0.19580078125000000000
0.19628906250000000000
0.19677734375000000000
0.19726562500000000000
0.19775390625000000000
0.19824218750000000000
0.19873046875000000000
0.19921875000000000000
0.19970703125000000000
0.20019531250000000000
0.20068359375000000000
0.20117187500000000000
0.20166015625000000000
0.20214843750000000000
0.20263671875000000000
0.20312500000000000000
0.20361328125000000000
0.20410156250000000000
0.20458984375000000000
0.20507812500000000000
0.20556640625000000000
0.20605468750000000000
0.20654296875000000000
0.20703125000000000000
0.20751953125000000000
0.20800781250000000000
0.20849609375000000000
0.20898437500000000000
0.20947265625000000000
0.20996093750000000000
0.21044921875000000000
0.21093750000000000000
0.21191406250000000000
0.21289062500000000000
0.21386718750000000000
0.21484375000000000000
0.21582031250000000000
0.21679687500000000000
0.21777343750000000000
0.21875000000000000000
0.21923828125000000000
0.21972656250000000000
0.22021484375000000000
0.22070312500000000000
0.22119140625000000000
0.22167968750000000000
0.22216796875000000000
0.22265625000000000000
0.22314453125000000000
0.22363281250000000000
0.22412109375000000000
0.22460937500000000000
0.22509765625000000000
0.22558593750000000000
0.22607421875000000000
0.22656250000000000000
0.22753906250000000000
0.22851562500000000000
0.22949218750000000000
0.23046875000000000000
0.23144531250000000000
0.23242187500000000000
0.23339843750000000000
0.23437500000000000000
0.23535156250000000000
0.23632812500000000000
0.23730468750000000000
0.23828125000000000000
0.23925781250000000000
0.24023437500000000000
0.24121093750000000000
0.24218750000000000000
0.24414062500000000000
0.24609375000000000000
0.24804687500000000000
0.25000000000000000000
0.25012207031250000000
0.25024414062500000000
0.25036621093750000000
0.25048828125000000000
0.25061035156250000000
0.25073242187500000000
0.25085449218750000000
0.25097656250000000000
0.25109863281250000000
0.25122070312500000000
0.25134277343750000000
0.25146484375000000000
0.25158691406250000000
0.25170898437500000000
0.25183105468750000000
0.25195312500000000000
0.25207519531250000000
0.25219726562500000000
0.25231933593750000000
0.25244140625000000000
0.25256347656250000000
0.25268554687500000000
0.25280761718750000000
0.25292968750000000000
0.25305175781250000000
0.25317382812500000000
0.25329589843750000000
0.25341796875000000000
0.25354003906250000000
0.25366210937500000000
0.25378417968750000000
0.25390625000000000000
0.25402832031250000000
0.25415039062500000000
0.25427246093750000000
0.25439453125000000000
0.25451660156250000000
0.25463867187500000000
0.25476074218750000000
0.25488281250000000000
0.25500488281250000000
0.25512695312500000000
0.25524902343750000000
0.25537109375000000000
0.25549316406250000000
0.25561523437500000000
0.25573730468750000000
0.25585937500000000000
0.25598144531250000000
0.25610351562500000000
0.25622558593750000000
0.25634765625000000000
0.25646972656250000000
0.25659179687500000000
0.25671386718750000000
0.25683593750000000000
0.25695800781250000000
0.25708007812500000000
0.25720214843750000000
0.25732421875000000000
0.25744628906250000000
0.25756835937500000000
0.25769042968750000000
0.25781250000000000000
0.25805664062500000000
0.25830078125000000000
0.25854492187500000000
0.25878906250000000000
0.25903320312500000000
0.25927734375000000000
0.25952148437500000000
0.25976562500000000000
0.26000976562500000000
0.26025390625000000000
0.26049804687500000000
0.26074218750000000000
0.26098632812500000000
0.26123046875000000000
0.26147460937500000000
0.26171875000000000000
0.26196289062500000000
0.26220703125000000000
0.26245117187500000000
0.26269531250000000000
0.26293945312500000000
0.26318359375000000000
0.26342773437500000000
0.26367187500000000000
0.26391601562500000000
0.26416015625000000000
0.26440429687500000000
0.26464843750000000000
0.26489257812500000000
0.26513671875000000000
0.26538085937500000000
0.26562500000000000000
0.26586914062500000000
0.26611328125000000000
0.26635742187500000000
0.26660156250000000000
0.26684570312500000000
0.26708984375000000000
0.26733398437500000000
0.26757812500000000000
0.26782226562500000000
0.26806640625000000000
0.26831054687500000000
0.26855468750000000000
0.26879882812500000000
0.26904296875000000000
0.26928710937500000000
0.26953125000000000000
0.26977539062500000000
0.27001953125000000000
0.27026367187500000000
0.27050781250000000000
0.27075195312500000000
0.27099609375000000000
0.27124023437500000000
0.27148437500000000000
0.27172851562500000000
0.27197265625000000000
0.27221679687500000000
0.27246093750000000000
0.27270507812500000000
0.27294921875000000000
0.27319335937500000000
0.27343750000000000000
0.27392578125000000000
0.27441406250000000000
0.27490234375000000000
0.27539062500000000000
0.27587890625000000000
0.27636718750000000000
0.27685546875000000000
0.27734375000000000000
0.27783203125000000000
0.27832031250000000000
0.27880859375000000000
0.27929687500000000000
0.27978515625000000000
0.28027343750000000000
0.28076171875000000000
0.28125000000000000000
0.28149414062500000000
0.28173828125000000000
0.28198242187500000000
0.28222656250000000000
0.28247070312500000000
0.28271484375000000000
0.28295898437500000000
0.28320312500000000000
0.28344726562500000000
0.28369140625000000000
0.28393554687500000000
0.28417968750000000000
0.28442382812500000000
0.28466796875000000000
0.28491210937500000000
0.28515625000000000000
0.28540039062500000000
0.28564453125000000000
0.28588867187500000000
0.28613281250000000000
0.28637695312500000000
0.28662109375000000000
0.28686523437500000000
0.28710937500000000000
0.28735351562500000000
0.28759765625000000000
0.28784179687500000000
0.28808593750000000000
0.28833007812500000000
0.28857421875000000000
0.28881835937500000000
0.28906250000000000000
0.28955078125000000000
0.29003906250000000000
0.29052734375000000000
0.29101562500000000000
0.29150390625000000000
0.29199218750000000000
0.29248046875000000000
0.29296875000000000000
0.29345703125000000000
0.29394531250000000000
0.29443359375000000000
0.29492187500000000000
0.29541015625000000000
0.29589843750000000000
0.29638671875000000000
0.29687500000000000000
0.29736328125000000000
0.29785156250000000000
0.29833984375000000000
0.29882812500000000000
0.29931640625000000000
0.29980468750000000000
0.30029296875000000000
0.30078125000000000000
0.30126953125000000000
0.30175781250000000000
0.30224609375000000000
0.30273437500000000000
0.30322265625000000000
0.30371093750000000000
0.30419921875000000000
0.30468750000000000000
0.30566406250000000000
0.30664062500000000000
0.30761718750000000000
0.30859375000000000000
0.30957031250000000000
0.31054687500000000000
0.31152343750000000000
0.31250000000000000000
0.31274414062500000000
0.31298828125000000000
0.31323242187500000000
0.31347656250000000000
0.31372070312500000000
0.31396484375000000000
0.31420898437500000000
0.31445312500000000000
0.31469726562500000000
0.31494140625000000000
0.31518554687500000000
0.31542968750000000000
0.31567382812500000000
0.31591796875000000000
0.31616210937500000000
0.31640625000000000000
0.31665039062500000000
0.31689453125000000000
0.31713867187500000000
0.31738281250000000000
0.31762695312500000000
0.31787109375000000000
0.31811523437500000000
0.31835937500000000000
0.31860351562500000000
0.31884765625000000000
0.31909179687500000000
0.31933593750000000000
0.31958007812500000000
0.31982421875000000000
0.32006835937500000000
0.32031250000000000000
0.32080078125000000000
0.32128906250000000000
0.32177734375000000000
0.32226562500000000000
0.32275390625000000000
0.32324218750000000000
0.32373046875000000000
0.32421875000000000000
0.32470703125000000000
0.32519531250000000000
0.32568359375000000000
0.32617187500000000000
0.32666015625000000000
0.32714843750000000000
0.32763671875000000000
0.32812500000000000000
0.32861328125000000000
0.32910156250000000000
0.32958984375000000000
0.33007812500000000000
0.33056640625000000000
0.33105468750000000000
0.33154296875000000000
0.33203125000000000000
0.33251953125000000000
0.33300781250000000000
0.33349609375000000000
0.33398437500000000000
0.33447265625000000000
0.33496093750000000000
0.33544921875000000000
0.33593750000000000000
0.33691406250000000000
0.33789062500000000000
0.33886718750000000000
0.33984375000000000000
0.34082031250000000000
0.34179687500000000000
0.34277343750000000000
0.34375000000000000000
0.34423828125000000000
0.34472656250000000000
0.34521484375000000000
0.34570312500000000000
0.34619140625000000000
0.34667968750000000000
0.34716796875000000000
0.34765625000000000000
0.34814453125000000000
0.34863281250000000000
0.34912109375000000000
0.34960937500000000000
0.35009765625000000000
0.35058593750000000000
0.35107421875000000000
0.35156250000000000000
0.35253906250000000000
0.35351562500000000000
0.35449218750000000000
0.35546875000000000000
0.35644531250000000000
0.35742187500000000000
0.35839843750000000000
0.35937500000000000000
0.36035156250000000000
0.36132812500000000000
0.36230468750000000000
0.36328125000000000000
0.36425781250000000000
0.36523437500000000000
0.36621093750000000000
0.36718750000000000000
0.36914062500000000000
0.37109375000000000000
0.37304687500000000000
0.37500000000000000000
0.37524414062500000000
0.37548828125000000000
0.37573242187500000000
0.37597656250000000000
0.37622070312500000000
0.37646484375000000000
0.37670898437500000000
0.37695312500000000000
0.37719726562500000000
0.37744140625000000000
0.37768554687500000000
0.37792968750000000000
0.37817382812500000000
0.37841796875000000000
0.37866210937500000000
0.37890625000000000000
0.37915039062500000000
0.37939453125000000000
0.37963867187500000000
0.37988281250000000000
0.38012695312500000000
0.38037109375000000000
0.38061523437500000000
0.38085937500000000000
0.38110351562500000000
0.38134765625000000000
0.38159179687500000000
0.38183593750000000000
0.38208007812500000000
0.38232421875000000000
0.38256835937500000000
0.38281250000000000000
0.38330078125000000000
0.38378906250000000000
0.38427734375000000000
0.38476562500000000000
0.38525390625000000000
0.38574218750000000000
0.38623046875000000000
0.38671875000000000000
0.38720703125000000000
0.38769531250000000000
0.38818359375000000000
0.38867187500000000000
0.38916015625000000000
0.38964843750000000000
0.39013671875000000000
0.39062500000000000000
0.39111328125000000000
0.39160156250000000000
0.39208984375000000000
0.39257812500000000000
0.39306640625000000000
0.39355468750000000000
0.39404296875000000000
0.39453125000000000000
0.39501953125000000000
0.39550781250000000000
0.39599609375000000000
0.39648437500000000000
0.39697265625000000000
0.39746093750000000000
0.39794921875000000000
0.39843750000000000000
0.39941406250000000000
0.40039062500000000000
0.40136718750000000000
0.40234375000000000000
0.40332031250000000000
0.40429687500000000000
0.40527343750000000000
0.40625000000000000000
0.40673828125000000000
0.40722656250000000000
0.40771484375000000000
0.40820312500000000000
0.40869140625000000000
0.40917968750000000000
0.40966796875000000000
0.41015625000000000000
0.41064453125000000000
0.41113281250000000000
0.41162109375000000000
0.41210937500000000000
0.41259765625000000000
0.41308593750000000000
0.41357421875000000000
0.41406250000000000000
0.41503906250000000000
0.41601562500000000000
0.41699218750000000000
0.41796875000000000000
0.41894531250000000000
0.41992187500000000000
0.42089843750000000000
0.42187500000000000000
0.42285156250000000000
0.42382812500000000000
0.42480468750000000000
0.42578125000000000000
0.42675781250000000000
0.42773437500000000000
0.42871093750000000000
0.42968750000000000000
0.43164062500000000000
0.43359375000000000000
0.43554687500000000000
0.43750000000000000000
0.43798828125000000000
0.43847656250000000000
0.43896484375000000000
0.43945312500000000000
0.43994140625000000000
0.44042968750000000000
0.44091796875000000000
0.44140625000000000000
0.44189453125000000000
0.44238281250000000000
0.44287109375000000000
0.44335937500000000000
0.44384765625000000000
0.44433593750000000000
0.44482421875000000000
0.44531250000000000000
0.44628906250000000000
0.44726562500000000000
0.44824218750000000000
0.44921875000000000000
0.45019531250000000000
0.45117187500000000000
0.45214843750000000000
0.45312500000000000000
0.45410156250000000000
0.45507812500000000000
0.45605468750000000000
0.45703125000000000000
0.45800781250000000000
0.45898437500000000000
0.45996093750000000000
0.46093750000000000000
0.46289062500000000000
0.46484375000000000000
0.46679687500000000000
0.46875000000000000000
0.46972656250000000000
0.47070312500000000000
0.47167968750000000000
0.47265625000000000000
0.47363281250000000000
0.47460937500000000000
0.47558593750000000000
0.47656250000000000000
0.47851562500000000000
0.48046875000000000000
0.48242187500000000000
0.48437500000000000000
0.48632812500000000000
0.48828125000000000000
0.49023437500000000000
0.49218750000000000000
0.49609375000000000000
0.50000000000000000000
0.50012207031250000000
0.50024414062500000000
0.50036621093750000000
0.50048828125000000000
0.50061035156250000000
0.50073242187500000000
0.50085449218750000000
0.50097656250000000000
0.50109863281250000000
0.50122070312500000000
0.50134277343750000000
0.50146484375000000000
0.50158691406250000000
0.50170898437500000000
0.50183105468750000000
0.50195312500000000000
0.50207519531250000000
0.50219726562500000000
0.50231933593750000000
0.50244140625000000000
0.50256347656250000000
0.50268554687500000000
0.50280761718750000000
0.50292968750000000000
0.50305175781250000000
0.50317382812500000000
0.50329589843750000000
0.50341796875000000000
0.50354003906250000000
0.50366210937500000000
0.50378417968750000000
0.50390625000000000000
0.50402832031250000000
0.50415039062500000000
0.50427246093750000000
0.50439453125000000000
0.50451660156250000000
0.50463867187500000000
0.50476074218750000000
0.50488281250000000000
0.50500488281250000000
0.50512695312500000000
0.50524902343750000000
0.50537109375000000000
0.50549316406250000000
0.50561523437500000000
0.50573730468750000000
0.50585937500000000000
0.50598144531250000000
0.50610351562500000000
0.50622558593750000000
0.50634765625000000000
0.50646972656250000000
0.50659179687500000000
0.50671386718750000000
0.50683593750000000000
0.50695800781250000000
0.50708007812500000000
0.50720214843750000000
0.50732421875000000000
0.50744628906250000000
0.50756835937500000000
0.50769042968750000000
0.50781250000000000000
0.50805664062500000000
0.50830078125000000000
0.50854492187500000000
0.50878906250000000000
0.50903320312500000000
0.50927734375000000000
0.50952148437500000000
0.50976562500000000000
0.51000976562500000000
0.51025390625000000000
0.51049804687500000000
0.51074218750000000000
0.51098632812500000000
0.51123046875000000000
0.51147460937500000000
0.51171875000000000000
0.51196289062500000000
0.51220703125000000000
0.51245117187500000000
0.51269531250000000000
0.51293945312500000000
0.51318359375000000000
0.51342773437500000000
0.51367187500000000000
0.51391601562500000000
0.51416015625000000000
0.51440429687500000000
0.51464843750000000000
0.51489257812500000000
0.51513671875000000000
0.51538085937500000000
0.51562500000000000000
0.51586914062500000000
0.51611328125000000000
0.51635742187500000000
0.51660156250000000000
0.51684570312500000000
0.51708984375000000000
0.51733398437500000000
0.51757812500000000000
0.51782226562500000000
0.51806640625000000000
0.51831054687500000000
0.51855468750000000000
0.51879882812500000000
0.51904296875000000000
0.51928710937500000000
0.51953125000000000000
0.51977539062500000000
0.52001953125000000000
0.52026367187500000000
0.52050781250000000000
0.52075195312500000000
0.52099609375000000000
0.52124023437500000000
0.52148437500000000000
0.52172851562500000000
0.52197265625000000000
0.52221679687500000000
0.52246093750000000000
0.52270507812500000000
0.52294921875000000000
0.52319335937500000000
0.52343750000000000000
0.52392578125000000000
0.52441406250000000000
0.52490234375000000000
0.52539062500000000000
0.52587890625000000000
0.52636718750000000000
0.52685546875000000000
0.52734375000000000000
0.52783203125000000000
0.52832031250000000000
0.52880859375000000000
0.52929687500000000000
0.52978515625000000000
0.53027343750000000000
0.53076171875000000000
0.53125000000000000000
0.53149414062500000000
0.53173828125000000000
0.53198242187500000000
0.53222656250000000000
0.53247070312500000000
0.53271484375000000000
0.53295898437500000000
0.53320312500000000000
0.53344726562500000000
0.53369140625000000000
0.53393554687500000000
0.53417968750000000000
0.53442382812500000000
0.53466796875000000000
0.53491210937500000000
0.53515625000000000000
0.53540039062500000000
0.53564453125000000000
0.53588867187500000000
0.53613281250000000000
0.53637695312500000000
0.53662109375000000000
0.53686523437500000000
0.53710937500000000000
0.53735351562500000000
0.53759765625000000000
0.53784179687500000000
0.53808593750000000000
0.53833007812500000000
0.53857421875000000000
0.53881835937500000000
0.53906250000000000000
0.53955078125000000000
0.54003906250000000000
0.54052734375000000000
0.54101562500000000000
0.54150390625000000000
0.54199218750000000000
0.54248046875000000000
0.54296875000000000000
0.54345703125000000000
0.54394531250000000000
0.54443359375000000000
0.54492187500000000000
0.54541015625000000000
0.54589843750000000000
0.54638671875000000000
0.54687500000000000000
0.54736328125000000000
0.54785156250000000000
0.54833984375000000000
0.54882812500000000000
0.54931640625000000000
0.54980468750000000000
0.55029296875000000000
0.55078125000000000000
0.55126953125000000000
0.55175781250000000000
0.55224609375000000000
0.55273437500000000000
0.55322265625000000000
0.55371093750000000000
0.55419921875000000000
0.55468750000000000000
0.55566406250000000000
0.55664062500000000000
0.55761718750000000000
0.55859375000000000000
0.55957031250000000000
0.56054687500000000000
0.56152343750000000000
0.56250000000000000000
0.56274414062500000000
0.56298828125000000000
0.56323242187500000000
0.56347656250000000000
0.56372070312500000000
0.56396484375000000000
0.56420898437500000000
0.56445312500000000000
0.56469726562500000000
0.56494140625000000000
0.56518554687500000000
0.56542968750000000000
0.56567382812500000000
0.56591796875000000000
0.56616210937500000000
0.56640625000000000000
0.56665039062500000000
0.56689453125000000000
0.56713867187500000000
0.56738281250000000000
0.56762695312500000000
0.56787109375000000000
0.56811523437500000000
0.56835937500000000000
0.56860351562500000000
0.56884765625000000000
0.56909179687500000000
0.56933593750000000000
0.56958007812500000000
0.56982421875000000000
0.57006835937500000000
0.57031250000000000000
0.57080078125000000000
0.57128906250000000000
0.57177734375000000000
0.57226562500000000000
0.57275390625000000000
0.57324218750000000000
0.57373046875000000000
0.57421875000000000000
0.57470703125000000000
0.57519531250000000000
0.57568359375000000000
0.57617187500000000000
0.57666015625000000000
0.57714843750000000000
0.57763671875000000000
0.57812500000000000000
0.57861328125000000000
0.57910156250000000000
0.57958984375000000000
0.58007812500000000000
0.58056640625000000000
0.58105468750000000000
0.58154296875000000000
0.58203125000000000000
0.58251953125000000000
0.58300781250000000000
0.58349609375000000000
0.58398437500000000000
0.58447265625000000000
0.58496093750000000000
0.58544921875000000000
0.58593750000000000000
0.58691406250000000000
0.58789062500000000000
0.58886718750000000000
0.58984375000000000000
0.59082031250000000000
0.59179687500000000000
0.59277343750000000000
0.59375000000000000000
0.59423828125000000000
0.59472656250000000000
0.59521484375000000000
0.59570312500000000000
0.59619140625000000000
0.59667968750000000000
0.59716796875000000000
0.59765625000000000000
0.59814453125000000000
0.59863281250000000000
0.59912109375000000000
0.59960937500000000000
0.60009765625000000000
0.60058593750000000000
0.60107421875000000000
0.60156250000000000000
0.60253906250000000000
0.60351562500000000000
0.60449218750000000000
0.60546875000000000000
0.60644531250000000000
0.60742187500000000000
0.60839843750000000000
0.60937500000000000000
0.61035156250000000000
0.61132812500000000000
0.61230468750000000000
0.61328125000000000000
0.61425781250000000000
0.61523437500000000000
0.61621093750000000000
0.61718750000000000000
0.61914062500000000000
0.62109375000000000000
0.62304687500000000000
0.62500000000000000000
0.62524414062500000000
0.62548828125000000000
0.62573242187500000000
0.62597656250000000000
0.62622070312500000000
0.62646484375000000000
0.62670898437500000000
0.62695312500000000000
0.62719726562500000000
0.62744140625000000000
0.62768554687500000000
0.62792968750000000000
0.62817382812500000000
0.62841796875000000000
0.62866210937500000000
0.62890625000000000000
0.62915039062500000000
0.62939453125000000000
0.62963867187500000000
0.62988281250000000000
0.63012695312500000000
0.63037109375000000000
0.63061523437500000000
0.63085937500000000000
0.63110351562500000000
0.63134765625000000000
0.63159179687500000000
0.63183593750000000000
0.63208007812500000000
0.63232421875000000000
0.63256835937500000000
0.63281250000000000000
0.63330078125000000000
0.63378906250000000000
0.63427734375000000000
0.63476562500000000000
0.63525390625000000000
0.63574218750000000000
0.63623046875000000000
0.63671875000000000000
0.63720703125000000000
0.63769531250000000000
0.63818359375000000000
0.63867187500000000000
0.63916015625000000000
0.63964843750000000000
0.64013671875000000000
0.64062500000000000000
0.64111328125000000000
0.64160156250000000000
0.64208984375000000000
0.64257812500000000000
0.64306640625000000000
0.64355468750000000000
0.64404296875000000000
0.64453125000000000000
0.64501953125000000000
0.64550781250000000000
0.64599609375000000000
0.64648437500000000000
0.64697265625000000000
0.64746093750000000000
0.64794921875000000000
0.64843750000000000000
0.64941406250000000000
0.65039062500000000000
0.65136718750000000000
0.65234375000000000000
0.65332031250000000000
0.65429687500000000000
0.65527343750000000000
0.65625000000000000000
0.65673828125000000000
0.65722656250000000000
0.65771484375000000000
0.65820312500000000000
0.65869140625000000000
0.65917968750000000000
0.65966796875000000000
0.66015625000000000000
0.66064453125000000000
0.66113281250000000000
0.66162109375000000000
0.66210937500000000000
0.66259765625000000000
0.66308593750000000000
0.66357421875000000000
0.66406250000000000000
0.66503906250000000000
0.66601562500000000000
0.66699218750000000000
0.66796875000000000000
0.66894531250000000000
0.66992187500000000000
0.67089843750000000000
0.67187500000000000000
0.67285156250000000000
0.67382812500000000000
0.67480468750000000000
0.67578125000000000000
0.67675781250000000000
0.67773437500000000000
0.67871093750000000000
0.67968750000000000000
0.68164062500000000000
0.68359375000000000000
0.68554687500000000000
0.68750000000000000000
0.68798828125000000000
0.68847656250000000000
0.68896484375000000000
0.68945312500000000000
0.68994140625000000000
0.69042968750000000000
0.69091796875000000000
0.69140625000000000000
0.69189453125000000000
0.69238281250000000000
0.69287109375000000000
0.69335937500000000000
0.69384765625000000000
0.69433593750000000000
0.69482421875000000000
0.69531250000000000000
0.69628906250000000000
0.69726562500000000000
0.69824218750000000000
0.69921875000000000000
0.70019531250000000000
0.70117187500000000000
0.70214843750000000000
0.70312500000000000000
0.70410156250000000000
0.70507812500000000000
0.70605468750000000000
0.70703125000000000000
0.70800781250000000000
0.70898437500000000000
0.70996093750000000000
0.71093750000000000000
0.71289062500000000000
0.71484375000000000000
0.71679687500000000000
0.71875000000000000000
0.71972656250000000000
0.72070312500000000000
0.72167968750000000000
0.72265625000000000000
0.72363281250000000000
0.72460937500000000000
0.72558593750000000000
0.72656250000000000000
0.72851562500000000000
0.73046875000000000000
0.73242187500000000000
0.73437500000000000000
0.73632812500000000000
0.73828125000000000000
0.74023437500000000000
0.74218750000000000000
0.74609375000000000000
0.75000000000000000000
0.75024414062500000000
0.75048828125000000000
0.75073242187500000000
0.75097656250000000000
0.75122070312500000000
0.75146484375000000000
0.75170898437500000000
0.75195312500000000000
0.75219726562500000000
0.75244140625000000000
0.75268554687500000000
0.75292968750000000000
0.75317382812500000000
0.75341796875000000000
0.75366210937500000000
0.75390625000000000000
0.75415039062500000000
0.75439453125000000000
0.75463867187500000000
0.75488281250000000000
0.75512695312500000000
0.75537109375000000000
0.75561523437500000000
0.75585937500000000000
0.75610351562500000000
0.75634765625000000000
0.75659179687500000000
0.75683593750000000000
0.75708007812500000000
0.75732421875000000000
0.75756835937500000000
0.75781250000000000000
0.75830078125000000000
0.75878906250000000000
0.75927734375000000000
0.75976562500000000000
0.76025390625000000000
0.76074218750000000000
0.76123046875000000000
0.76171875000000000000
0.76220703125000000000
0.76269531250000000000
0.76318359375000000000
0.76367187500000000000
0.76416015625000000000
0.76464843750000000000
0.76513671875000000000
0.76562500000000000000
0.76611328125000000000
0.76660156250000000000
0.76708984375000000000
0.76757812500000000000
0.76806640625000000000
0.76855468750000000000
0.76904296875000000000
0.76953125000000000000
0.77001953125000000000
0.77050781250000000000
0.77099609375000000000
0.77148437500000000000
0.77197265625000000000
0.77246093750000000000
0.77294921875000000000
0.77343750000000000000
0.77441406250000000000
0.77539062500000000000
0.77636718750000000000
0.77734375000000000000
0.77832031250000000000
0.77929687500000000000
0.78027343750000000000
0.78125000000000000000
0.78173828125000000000
0.78222656250000000000
0.78271484375000000000
0.78320312500000000000
0.78369140625000000000
0.78417968750000000000
0.78466796875000000000
0.78515625000000000000
0.78564453125000000000
0.78613281250000000000
0.78662109375000000000
0.78710937500000000000
0.78759765625000000000
0.78808593750000000000
0.78857421875000000000
0.78906250000000000000
0.79003906250000000000
0.79101562500000000000
0.79199218750000000000
0.79296875000000000000
0.79394531250000000000
0.79492187500000000000
0.79589843750000000000
0.79687500000000000000
0.79785156250000000000
0.79882812500000000000
0.79980468750000000000
0.80078125000000000000
0.80175781250000000000
0.80273437500000000000
0.80371093750000000000
0.80468750000000000000
0.80664062500000000000
0.80859375000000000000
0.81054687500000000000
0.81250000000000000000
0.81298828125000000000
0.81347656250000000000
0.81396484375000000000
0.81445312500000000000
0.81494140625000000000
0.81542968750000000000
0.81591796875000000000
0.81640625000000000000
0.81689453125000000000
0.81738281250000000000
0.81787109375000000000
0.81835937500000000000
0.81884765625000000000
0.81933593750000000000
0.81982421875000000000
0.82031250000000000000
0.82128906250000000000
0.82226562500000000000
0.82324218750000000000
0.82421875000000000000
0.82519531250000000000
0.82617187500000000000
0.82714843750000000000
0.82812500000000000000
0.82910156250000000000
0.83007812500000000000
0.83105468750000000000
0.83203125000000000000
0.83300781250000000000
0.83398437500000000000
0.83496093750000000000
0.83593750000000000000
0.83789062500000000000
0.83984375000000000000
0.84179687500000000000
0.84375000000000000000
0.84472656250000000000
0.84570312500000000000
0.84667968750000000000
0.84765625000000000000
0.84863281250000000000
0.84960937500000000000
0.85058593750000000000
0.85156250000000000000
0.85351562500000000000
0.85546875000000000000
0.85742187500000000000
0.85937500000000000000
0.86132812500000000000
0.86328125000000000000
0.86523437500000000000
0.86718750000000000000
0.87109375000000000000
0.87500000000000000000
0.87548828125000000000
0.87597656250000000000
0.87646484375000000000
0.87695312500000000000
0.87744140625000000000
0.87792968750000000000
0.87841796875000000000
0.87890625000000000000
0.87939453125000000000
0.87988281250000000000
0.88037109375000000000
0.88085937500000000000
0.88134765625000000000
0.88183593750000000000
0.88232421875000000000
0.88281250000000000000
0.88378906250000000000
0.88476562500000000000
0.88574218750000000000
0.88671875000000000000
0.88769531250000000000
0.88867187500000000000
0.88964843750000000000
0.89062500000000000000
0.89160156250000000000
0.89257812500000000000
0.89355468750000000000
0.89453125000000000000
0.89550781250000000000
0.89648437500000000000
0.89746093750000000000
0.89843750000000000000
0.90039062500000000000
0.90234375000000000000
0.90429687500000000000
0.90625000000000000000
0.90722656250000000000
0.90820312500000000000
0.90917968750000000000
0.91015625000000000000
0.91113281250000000000
0.91210937500000000000
0.91308593750000000000
0.91406250000000000000
0.91601562500000000000
0.91796875000000000000
0.91992187500000000000
0.92187500000000000000
0.92382812500000000000
0.92578125000000000000
0.92773437500000000000
0.92968750000000000000
0.93359375000000000000
0.93750000000000000000
0.93847656250000000000
0.93945312500000000000
0.94042968750000000000
0.94140625000000000000
0.94238281250000000000
0.94335937500000000000
0.94433593750000000000
0.94531250000000000000
0.94726562500000000000
0.94921875000000000000
0.95117187500000000000
0.95312500000000000000
0.95507812500000000000
0.95703125000000000000
0.95898437500000000000
0.96093750000000000000
0.96484375000000000000
0.96875000000000000000
0.97070312500000000000
0.97265625000000000000
0.97460937500000000000
0.97656250000000000000
0.98046875000000000000
0.98437500000000000000
0.98828125000000000000
0.99218750000000000000
