327	2610
1	95
1	229
1	235
1	240
1	260
1	264
1	282
1	283
1	299
1	301
1	302
1	306
1	308
1	309
1	310
1	313
1	314
1	315
1	316
1	318
1	319
1	320
1	321
1	322
1	323
1	324
1	325
2	95
2	229
2	235
2	240
2	258
2	259
2	260
2	261
2	264
2	268
2	271
2	273
2	274
2	275
2	276
2	277
2	278
2	279
2	280
2	282
2	283
2	284
2	285
2	286
2	287
2	288
2	290
2	291
2	292
2	295
2	296
2	298
2	299
2	300
2	301
2	302
2	303
2	304
2	305
2	306
2	307
2	308
2	309
2	310
2	311
2	312
2	313
2	314
2	315
2	316
2	317
2	318
2	319
2	320
2	321
2	322
2	323
2	324
2	325
2	326
2	327
3	95
3	229
3	235
3	240
3	260
3	264
3	282
3	283
3	299
3	301
3	302
3	306
3	308
3	309
3	310
3	313
3	314
3	315
3	316
3	318
3	319
3	320
3	321
3	322
3	323
3	324
3	325
4	95
4	229
4	235
4	240
4	258
4	259
4	260
4	261
4	264
4	268
4	271
4	273
4	274
4	275
4	276
4	277
4	278
4	279
4	280
4	282
4	283
4	284
4	285
4	286
4	287
4	288
4	290
4	291
4	292
4	295
4	296
4	298
4	299
4	300
4	301
4	302
4	303
4	304
4	305
4	306
4	307
4	308
4	309
4	310
4	311
4	312
4	313
4	314
4	315
4	316
4	317
4	318
4	319
4	320
4	321
4	322
4	323
4	324
4	325
4	326
4	327
5	95
5	229
5	235
5	240
5	258
5	259
5	260
5	261
5	264
5	268
5	271
5	273
5	274
5	275
5	276
5	277
5	278
5	279
5	280
5	282
5	283
5	284
5	285
5	286
5	287
5	288
5	290
5	291
5	292
5	295
5	296
5	298
5	299
5	300
5	301
5	302
5	303
5	304
5	305
5	306
5	307
5	308
5	309
5	310
5	311
5	312
5	313
5	314
5	315
5	316
5	317
5	318
5	319
5	320
5	321
5	322
5	323
5	324
5	325
5	326
5	327
6	95
6	229
6	235
6	240
6	258
6	259
6	260
6	261
6	264
6	268
6	271
6	273
6	274
6	275
6	276
6	277
6	278
6	279
6	280
6	282
6	283
6	284
6	285
6	286
6	287
6	288
6	290
6	291
6	292
6	295
6	296
6	298
6	299
6	300
6	301
6	302
6	303
6	304
6	305
6	306
6	307
6	308
6	309
6	310
6	311
6	312
6	313
6	314
6	315
6	316
6	317
6	318
6	319
6	320
6	321
6	322
6	323
6	324
6	325
6	326
6	327
7	95
7	229
7	235
7	240
7	282
7	283
7	301
7	302
7	306
7	308
7	309
7	310
7	313
7	314
7	315
7	316
7	318
7	319
7	320
7	321
7	322
7	323
7	324
7	325
8	95
8	229
8	235
8	240
8	282
8	283
8	301
8	302
8	306
8	308
8	309
8	310
8	313
8	314
8	315
8	316
8	318
8	319
8	320
8	321
8	322
8	323
8	324
8	325
9	95
9	229
9	235
9	240
9	282
9	308
10	95
10	229
10	235
10	240
10	282
10	283
10	301
10	302
10	306
10	308
10	309
10	310
10	313
10	314
10	315
10	316
10	318
10	319
10	320
10	321
10	322
10	323
10	324
10	325
11	95
11	229
11	235
11	240
11	282
11	283
11	301
11	302
11	306
11	308
11	309
11	310
11	313
11	314
11	315
11	316
11	318
11	319
11	320
11	321
11	322
11	323
11	324
11	325
12	95
12	229
12	235
12	240
12	260
12	264
12	282
12	283
12	299
12	301
12	302
12	306
12	308
12	309
12	310
12	313
12	314
12	315
12	316
12	318
12	319
12	320
12	321
12	322
12	323
12	324
12	325
13	95
13	229
13	235
13	240
13	282
13	283
13	301
13	302
13	306
13	308
13	309
13	310
13	313
13	314
13	315
13	316
13	318
13	319
13	320
13	321
13	322
13	323
13	324
13	325
14	95
14	229
14	235
14	240
14	282
14	283
14	301
14	302
14	306
14	308
14	309
14	310
14	313
14	314
14	315
14	316
14	318
14	319
14	320
14	321
14	322
14	323
14	324
14	325
15	95
15	229
15	235
15	240
15	282
15	283
15	301
15	302
15	306
15	308
15	309
15	310
15	313
15	314
15	315
15	316
15	318
15	319
15	320
15	321
15	322
15	323
15	324
15	325
16	95
16	229
16	235
16	240
16	282
16	283
16	301
16	302
16	306
16	308
16	309
16	310
16	313
16	314
16	315
16	316
16	318
16	319
16	320
16	321
16	322
16	323
16	324
16	325
17	95
17	229
17	235
17	240
17	282
17	283
17	301
17	302
17	306
17	308
17	309
17	310
17	313
17	314
17	315
17	316
17	318
17	319
17	320
17	321
17	322
17	323
17	324
17	325
18	95
18	229
18	235
18	240
18	282
18	308
19	95
19	229
19	235
19	240
19	260
19	264
19	282
19	283
19	299
19	301
19	302
19	306
19	308
19	309
19	310
19	313
19	314
19	315
19	316
19	318
19	319
19	320
19	321
19	322
19	323
19	324
19	325
20	95
20	229
20	235
20	240
20	282
20	283
20	301
20	302
20	306
20	308
20	309
20	310
20	313
20	314
20	315
20	316
20	318
20	319
20	320
20	321
20	322
20	323
20	324
20	325
21	95
21	229
21	235
21	240
21	282
21	283
21	301
21	302
21	306
21	308
21	309
21	310
21	313
21	314
21	315
21	316
21	318
21	319
21	320
21	321
21	322
21	323
21	324
21	325
22	95
22	229
22	235
22	240
22	282
22	308
23	95
23	229
23	235
23	240
23	282
23	308
24	95
24	229
24	235
24	240
24	282
24	283
24	301
24	302
24	306
24	308
24	309
24	310
24	313
24	314
24	315
24	316
24	318
24	319
24	320
24	321
24	322
24	323
24	324
24	325
25	95
25	229
25	235
25	240
25	282
25	283
25	301
25	302
25	306
25	308
25	309
25	310
25	313
25	314
25	315
25	316
25	318
25	319
25	320
25	321
25	322
25	323
25	324
25	325
26	95
26	229
26	235
26	240
26	282
26	308
27	95
27	229
27	235
27	240
27	282
27	283
27	301
27	302
27	306
27	308
27	309
27	310
27	313
27	314
27	315
27	316
27	318
27	319
27	320
27	321
27	322
27	323
27	324
27	325
28	95
28	229
28	235
28	240
28	282
28	283
28	301
28	302
28	306
28	308
28	309
28	310
28	313
28	314
28	315
28	316
28	318
28	319
28	320
28	321
28	322
28	323
28	324
28	325
29	95
29	229
29	235
29	240
29	282
29	283
29	301
29	302
29	306
29	308
29	309
29	310
29	313
29	314
29	315
29	316
29	318
29	319
29	320
29	321
29	322
29	323
29	324
29	325
30	95
30	229
30	235
30	240
30	282
30	283
30	301
30	302
30	306
30	308
30	309
30	310
30	313
30	314
30	315
30	316
30	318
30	319
30	320
30	321
30	322
30	323
30	324
30	325
31	95
31	229
31	235
31	240
31	282
31	283
31	301
31	302
31	306
31	308
31	309
31	310
31	313
31	314
31	315
31	316
31	318
31	319
31	320
31	321
31	322
31	323
31	324
31	325
32	95
32	229
32	235
32	240
32	282
32	283
32	301
32	302
32	306
32	308
32	309
32	310
32	313
32	314
32	315
32	316
32	318
32	319
32	320
32	321
32	322
32	323
32	324
32	325
33	95
33	229
33	235
33	240
33	282
33	308
34	95
34	229
34	235
34	240
34	282
34	308
35	95
35	229
35	235
35	240
35	282
35	283
35	301
35	302
35	306
35	308
35	309
35	310
35	313
35	314
35	315
35	316
35	318
35	319
35	320
35	321
35	322
35	323
35	324
35	325
36	95
36	229
36	235
36	240
36	282
36	283
36	301
36	302
36	306
36	308
36	309
36	310
36	313
36	314
36	315
36	316
36	318
36	319
36	320
36	321
36	322
36	323
36	324
36	325
37	95
37	229
37	235
37	240
37	282
37	283
37	301
37	302
37	306
37	308
37	309
37	310
37	313
37	314
37	315
37	316
37	318
37	319
37	320
37	321
37	322
37	323
37	324
37	325
38	95
38	229
38	235
38	240
38	282
38	308
39	95
39	229
39	235
39	240
39	282
39	283
39	301
39	302
39	306
39	308
39	309
39	310
39	313
39	314
39	315
39	316
39	318
39	319
39	320
39	321
39	322
39	323
39	324
39	325
40	95
40	229
40	235
40	240
40	282
40	308
41	95
41	229
41	235
41	240
41	282
41	283
41	301
41	302
41	306
41	308
41	309
41	310
41	313
41	314
41	315
41	316
41	318
41	319
41	320
41	321
41	322
41	323
41	324
41	325
42	95
42	229
42	235
42	240
42	282
42	283
42	301
42	302
42	306
42	308
42	309
42	310
42	313
42	314
42	315
42	316
42	318
42	319
42	320
42	321
42	322
42	323
42	324
42	325
43	95
43	229
43	235
43	240
43	282
43	283
43	301
43	302
43	306
43	308
43	309
43	310
43	313
43	314
43	315
43	316
43	318
43	319
43	320
43	321
43	322
43	323
43	324
43	325
44	95
44	229
44	235
44	240
44	282
44	283
44	301
44	302
44	306
44	308
44	309
44	310
44	313
44	314
44	315
44	316
44	318
44	319
44	320
44	321
44	322
44	323
44	324
44	325
45	95
45	229
45	235
45	240
45	282
45	308
46	95
46	229
46	235
46	240
46	282
46	283
46	301
46	302
46	306
46	308
46	309
46	310
46	313
46	314
46	315
46	316
46	318
46	319
46	320
46	321
46	322
46	323
46	324
46	325
47	95
47	229
47	235
47	240
47	282
47	283
47	301
47	302
47	306
47	308
47	309
47	310
47	313
47	314
47	315
47	316
47	318
47	319
47	320
47	321
47	322
47	323
47	324
47	325
48	95
48	229
48	235
48	240
48	282
48	308
49	95
49	229
49	235
49	240
49	282
49	283
49	301
49	302
49	306
49	308
49	309
49	310
49	313
49	314
49	315
49	316
49	318
49	319
49	320
49	321
49	322
49	323
49	324
49	325
50	95
50	229
50	235
50	240
50	282
50	308
51	95
51	229
51	235
51	240
51	282
51	308
52	95
52	229
52	235
52	240
52	282
52	283
52	301
52	302
52	306
52	308
52	309
52	310
52	313
52	314
52	315
52	316
52	318
52	319
52	320
52	321
52	322
52	323
52	324
52	325
53	95
53	229
53	235
53	240
53	282
53	283
53	301
53	302
53	306
53	308
53	309
53	310
53	313
53	314
53	315
53	316
53	318
53	319
53	320
53	321
53	322
53	323
53	324
53	325
54	95
54	229
54	235
54	240
54	282
54	308
55	95
55	229
55	235
55	240
55	282
55	308
56	95
56	229
56	235
56	240
56	282
56	308
57	95
57	229
57	235
57	240
57	282
57	308
58	95
58	229
58	235
58	240
58	308
59	95
59	229
59	235
59	240
59	282
59	308
60	95
60	229
60	235
60	240
60	308
61	95
61	229
61	235
61	240
61	308
62	95
62	229
62	235
62	240
62	308
63	95
63	229
63	235
63	240
63	282
63	308
64	95
64	229
64	235
64	240
64	282
64	308
65	95
65	229
65	235
65	240
65	282
65	308
66	95
66	229
66	235
66	240
66	282
66	283
66	301
66	302
66	306
66	308
66	309
66	310
66	313
66	314
66	315
66	316
66	318
66	319
66	320
66	321
66	322
66	323
66	324
66	325
67	95
67	229
67	235
67	240
67	282
67	308
68	95
68	229
68	235
68	240
68	282
68	283
68	301
68	302
68	306
68	308
68	309
68	310
68	313
68	314
68	315
68	316
68	318
68	319
68	320
68	321
68	322
68	323
68	324
68	325
69	95
69	229
69	235
69	240
69	308
70	95
70	229
70	235
70	240
70	308
71	95
71	229
71	235
71	240
71	308
72	95
72	229
72	235
72	240
72	308
73	95
73	229
73	235
73	240
73	282
73	308
74	95
74	229
74	235
74	240
74	282
74	308
75	95
75	229
75	235
75	240
75	308
76	95
76	229
76	235
76	240
76	282
76	308
77	95
77	229
77	235
77	240
77	282
77	308
78	95
78	229
78	235
78	240
78	282
78	308
79	95
79	229
79	235
79	240
79	282
79	308
80	95
80	229
80	235
80	240
80	308
81	95
81	229
81	235
81	240
81	282
81	308
82	95
82	229
82	235
82	240
82	308
83	95
83	229
83	235
83	240
83	308
84	95
84	229
84	235
84	240
84	308
85	95
85	229
85	235
85	240
85	308
86	95
86	229
86	235
86	240
86	282
86	308
87	95
87	229
87	235
87	240
87	308
88	95
88	229
88	235
88	240
88	308
89	95
89	229
89	235
89	240
89	282
89	308
90	95
90	229
90	235
90	240
90	308
91	95
91	229
91	235
91	240
91	308
92	95
92	229
92	235
92	240
92	308
93	95
93	229
93	235
93	240
93	308
94	95
94	229
94	235
94	240
94	282
94	308
95	96
95	97
95	98
95	99
95	100
95	101
95	102
95	103
95	104
95	105
95	106
95	107
95	108
95	109
95	110
95	111
95	112
95	113
95	114
95	115
95	116
95	117
95	118
95	119
95	120
95	121
95	122
95	123
95	124
95	125
95	126
95	127
95	128
95	129
95	130
95	131
95	132
95	133
95	134
95	135
95	136
95	137
95	138
95	139
95	140
95	141
95	142
95	143
95	144
95	145
95	146
95	147
95	148
95	149
95	150
95	151
95	152
95	153
95	154
95	155
95	156
95	157
95	158
95	159
95	160
95	161
95	162
95	163
95	164
95	165
95	166
95	167
95	168
95	169
95	170
95	171
95	172
95	173
95	174
95	175
95	176
95	177
95	178
95	179
95	180
95	181
95	182
95	183
95	184
95	185
95	186
95	187
95	188
95	189
95	190
95	191
95	192
95	193
95	194
95	195
95	196
95	197
95	198
95	199
95	200
95	201
95	202
95	203
95	204
95	205
95	206
95	207
95	208
95	209
95	210
95	211
95	212
95	213
95	214
95	215
95	216
95	217
95	218
95	219
95	220
95	221
95	222
95	223
95	224
95	225
95	226
95	227
95	228
95	229
95	230
95	231
95	232
95	233
95	234
95	235
95	236
95	237
95	238
95	239
95	240
95	241
95	242
95	243
95	244
95	245
95	246
95	247
95	248
95	249
95	250
95	251
95	252
95	253
95	254
95	255
95	256
95	257
95	258
95	259
95	260
95	261
95	262
95	263
95	264
95	265
95	266
95	267
95	268
95	269
95	270
95	271
95	272
95	273
95	274
95	275
95	276
95	277
95	278
95	279
95	280
95	281
95	282
95	283
95	284
95	285
95	286
95	287
95	288
95	289
95	290
95	291
95	292
95	293
95	294
95	295
95	296
95	297
95	298
95	299
95	300
95	301
95	302
95	303
95	304
95	305
95	306
95	307
95	308
95	309
95	310
95	311
95	312
95	313
95	314
95	315
95	316
95	317
95	318
95	319
95	320
95	321
95	322
95	323
95	324
95	325
95	326
95	327
96	229
96	235
96	240
96	308
97	229
97	235
97	240
97	308
98	229
98	235
98	240
98	308
99	229
99	235
99	240
99	308
100	229
100	235
100	240
100	308
101	229
101	235
101	240
101	308
102	229
102	235
102	240
102	308
103	229
103	235
103	240
103	308
104	229
104	235
104	240
104	308
105	229
105	235
105	240
105	308
106	229
106	235
106	240
106	308
107	229
107	235
107	240
107	308
108	229
108	235
108	240
108	308
109	229
109	235
109	240
109	308
110	229
110	235
110	240
110	308
111	229
111	235
111	240
111	308
112	229
112	235
112	240
112	308
113	229
113	235
113	240
113	308
114	229
114	235
114	240
114	308
115	229
115	235
115	240
115	308
116	229
116	235
116	240
116	308
117	229
117	235
117	240
117	308
118	229
118	235
118	240
118	308
119	229
119	235
119	240
119	308
120	229
120	235
120	240
120	308
121	229
121	235
121	240
121	308
122	229
122	235
122	240
122	308
123	229
123	235
123	240
123	308
124	229
124	235
124	240
124	308
125	229
125	235
125	240
125	308
126	229
126	235
126	240
126	308
127	229
127	235
127	240
127	308
128	229
128	235
128	240
128	308
129	229
129	235
129	240
129	308
130	229
130	235
130	240
130	308
131	229
131	235
131	240
131	308
132	229
132	235
132	240
132	308
133	229
133	235
133	240
133	308
134	229
134	235
134	240
134	308
135	229
135	235
135	240
135	308
136	229
136	235
136	240
136	308
137	229
137	235
137	240
137	308
138	229
138	235
138	240
138	308
139	229
139	235
139	240
139	308
140	229
140	235
140	240
140	308
141	229
141	235
141	240
141	308
142	229
142	235
142	240
142	308
143	229
143	235
143	240
143	308
144	229
144	235
144	240
144	308
145	229
145	235
145	240
145	308
146	229
146	235
146	240
146	308
147	229
147	235
147	240
147	308
148	229
148	235
148	240
148	308
149	229
149	235
149	240
149	308
150	229
150	235
150	240
150	308
151	229
151	235
151	240
151	308
152	229
152	235
152	240
152	308
153	229
153	235
153	240
153	308
154	229
154	235
154	240
154	308
155	229
155	235
155	240
155	308
156	229
156	235
156	240
156	308
157	229
157	235
157	240
157	308
158	229
158	235
158	240
158	308
159	229
159	235
159	240
159	308
160	229
160	235
160	240
160	308
161	229
161	235
161	240
161	308
162	229
162	235
162	240
162	308
163	229
163	235
163	240
163	308
164	229
164	235
164	240
164	308
165	229
165	235
165	240
165	308
166	229
166	235
166	240
166	308
167	229
167	235
167	240
167	308
168	229
168	235
168	240
168	308
169	229
169	235
169	240
169	308
170	229
170	235
170	240
170	308
171	229
171	235
171	240
171	308
172	229
172	235
172	240
172	308
173	229
173	235
173	240
173	308
174	229
174	235
174	240
174	308
175	229
175	235
175	240
175	308
176	229
176	235
176	240
176	308
177	229
177	235
177	240
177	308
178	229
178	235
178	240
178	308
179	229
179	235
179	240
179	308
180	229
180	235
180	240
180	308
181	229
181	235
181	240
181	308
182	229
182	235
182	240
182	308
183	229
183	235
183	240
183	308
184	229
184	235
184	240
184	308
185	229
185	235
185	240
185	308
186	229
186	235
186	240
186	308
187	229
187	235
187	240
187	308
188	229
188	235
188	240
188	308
189	229
189	235
189	240
189	308
190	229
190	235
190	240
190	308
191	229
191	235
191	240
191	308
192	229
192	235
192	240
192	308
193	229
193	235
193	240
193	308
194	229
194	235
194	240
194	308
195	229
195	235
195	240
195	308
196	229
196	235
196	240
196	308
197	229
197	235
197	240
197	308
198	229
198	235
198	240
198	308
199	229
199	235
199	240
199	308
200	229
200	235
200	240
200	308
201	229
201	235
201	240
201	308
202	229
202	235
202	240
202	308
203	229
203	235
203	240
203	308
204	229
204	235
204	240
204	308
205	229
205	235
205	240
205	308
206	229
206	235
206	240
206	308
207	229
207	235
207	240
207	308
208	229
208	235
208	240
208	308
209	229
209	235
209	240
209	308
210	229
210	235
210	240
210	308
211	229
211	235
211	240
211	308
212	229
212	235
212	240
212	308
213	229
213	235
213	240
213	308
214	229
214	235
214	240
214	308
215	229
215	235
215	240
215	308
216	229
216	235
216	240
216	308
217	229
217	235
217	240
217	308
218	229
218	235
218	240
218	308
219	229
219	235
219	240
219	308
220	229
220	235
220	240
220	308
221	229
221	235
221	240
221	308
222	229
222	235
222	240
222	308
223	229
223	235
223	240
223	308
224	229
224	235
224	240
224	308
225	229
225	235
225	240
225	308
226	229
226	235
226	240
226	308
227	229
227	235
227	240
227	308
228	229
228	235
228	240
228	308
229	230
229	231
229	232
229	233
229	234
229	235
229	236
229	237
229	238
229	239
229	240
229	241
229	242
229	243
229	244
229	245
229	246
229	247
229	248
229	249
229	250
229	251
229	252
229	253
229	254
229	255
229	256
229	257
229	258
229	259
229	260
229	261
229	262
229	263
229	264
229	265
229	266
229	267
229	268
229	269
229	270
229	271
229	272
229	273
229	274
229	275
229	276
229	277
229	278
229	279
229	280
229	281
229	282
229	283
229	284
229	285
229	286
229	287
229	288
229	289
229	290
229	291
229	292
229	293
229	294
229	295
229	296
229	297
229	298
229	299
229	300
229	301
229	302
229	303
229	304
229	305
229	306
229	307
229	308
229	309
229	310
229	311
229	312
229	313
229	314
229	315
229	316
229	317
229	318
229	319
229	320
229	321
229	322
229	323
229	324
229	325
229	326
229	327
230	235
230	240
230	308
231	235
231	240
231	308
232	235
232	240
232	308
233	235
233	240
233	308
234	235
234	240
234	308
235	236
235	237
235	238
235	239
235	240
235	241
235	242
235	243
235	244
235	245
235	246
235	247
235	248
235	249
235	250
235	251
235	252
235	253
235	254
235	255
235	256
235	257
235	258
235	259
235	260
235	261
235	262
235	263
235	264
235	265
235	266
235	267
235	268
235	269
235	270
235	271
235	272
235	273
235	274
235	275
235	276
235	277
235	278
235	279
235	280
235	281
235	282
235	283
235	284
235	285
235	286
235	287
235	288
235	289
235	290
235	291
235	292
235	293
235	294
235	295
235	296
235	297
235	298
235	299
235	300
235	301
235	302
235	303
235	304
235	305
235	306
235	307
235	308
235	309
235	310
235	311
235	312
235	313
235	314
235	315
235	316
235	317
235	318
235	319
235	320
235	321
235	322
235	323
235	324
235	325
235	326
235	327
236	240
236	308
237	240
237	308
238	240
238	308
239	240
239	308
240	241
240	242
240	243
240	244
240	245
240	246
240	247
240	248
240	249
240	250
240	251
240	252
240	253
240	254
240	255
240	256
240	257
240	258
240	259
240	260
240	261
240	262
240	263
240	264
240	265
240	266
240	267
240	268
240	269
240	270
240	271
240	272
240	273
240	274
240	275
240	276
240	277
240	278
240	279
240	280
240	281
240	282
240	283
240	284
240	285
240	286
240	287
240	288
240	289
240	290
240	291
240	292
240	293
240	294
240	295
240	296
240	297
240	298
240	299
240	300
240	301
240	302
240	303
240	304
240	305
240	306
240	307
240	308
240	309
240	310
240	311
240	312
240	313
240	314
240	315
240	316
240	317
240	318
240	319
240	320
240	321
240	322
240	323
240	324
240	325
240	326
240	327
241	308
242	308
243	308
244	308
245	308
246	308
247	308
248	308
249	308
250	308
251	308
252	308
253	308
254	308
255	308
256	308
257	308
258	308
259	308
260	308
261	308
262	308
263	308
264	308
265	308
266	308
267	308
268	308
269	308
270	308
271	308
272	308
273	308
274	308
275	308
276	308
277	308
278	308
279	308
280	308
281	308
282	308
283	308
284	308
285	308
286	308
287	308
288	308
289	308
290	308
291	308
292	308
293	308
294	308
295	308
296	308
297	308
298	308
299	308
300	308
301	308
302	308
303	308
304	308
305	308
306	308
307	308
308	309
308	310
308	311
308	312
308	313
308	314
308	315
308	316
308	317
308	318
308	319
308	320
308	321
308	322
308	323
308	324
308	325
308	326
308	327