422	8913
1	90
1	255
1	325
1	356
1	380
1	403
1	404
1	405
1	409
1	410
1	411
1	413
1	417
1	418
1	420
1	421
1	422
2	90
2	255
2	258
2	325
2	331
2	356
2	380
2	403
2	404
2	405
2	409
2	410
2	411
2	413
2	417
2	418
2	420
2	421
2	422
3	90
3	255
3	258
3	285
3	307
3	309
3	312
3	322
3	325
3	329
3	330
3	331
3	333
3	337
3	339
3	340
3	347
3	351
3	352
3	353
3	355
3	356
3	357
3	371
3	372
3	373
3	377
3	379
3	380
3	381
3	383
3	385
3	386
3	388
3	390
3	391
3	392
3	393
3	394
3	395
3	397
3	399
3	400
3	401
3	402
3	403
3	404
3	405
3	406
3	407
3	408
3	409
3	410
3	411
3	412
3	413
3	414
3	415
3	416
3	417
3	418
3	419
3	420
3	421
3	422
4	90
4	255
4	258
4	285
4	307
4	309
4	312
4	322
4	325
4	329
4	330
4	331
4	333
4	337
4	339
4	340
4	347
4	351
4	352
4	353
4	355
4	356
4	357
4	371
4	372
4	373
4	377
4	379
4	380
4	381
4	383
4	385
4	386
4	388
4	390
4	391
4	392
4	393
4	394
4	395
4	397
4	399
4	400
4	401
4	402
4	403
4	404
4	405
4	406
4	407
4	408
4	409
4	410
4	411
4	412
4	413
4	414
4	415
4	416
4	417
4	418
4	419
4	420
4	421
4	422
5	90
5	255
5	258
5	285
5	307
5	309
5	312
5	322
5	325
5	329
5	330
5	331
5	333
5	337
5	339
5	340
5	347
5	351
5	352
5	353
5	355
5	356
5	357
5	371
5	372
5	373
5	377
5	379
5	380
5	381
5	383
5	385
5	386
5	388
5	390
5	391
5	392
5	393
5	394
5	395
5	397
5	399
5	400
5	401
5	402
5	403
5	404
5	405
5	406
5	407
5	408
5	409
5	410
5	411
5	412
5	413
5	414
5	415
5	416
5	417
5	418
5	419
5	420
5	421
5	422
6	90
6	255
6	258
6	285
6	307
6	309
6	312
6	322
6	325
6	329
6	330
6	331
6	333
6	337
6	339
6	340
6	347
6	351
6	352
6	353
6	355
6	356
6	357
6	371
6	372
6	373
6	377
6	379
6	380
6	381
6	383
6	385
6	386
6	388
6	390
6	391
6	392
6	393
6	394
6	395
6	397
6	399
6	400
6	401
6	402
6	403
6	404
6	405
6	406
6	407
6	408
6	409
6	410
6	411
6	412
6	413
6	414
6	415
6	416
6	417
6	418
6	419
6	420
6	421
6	422
7	90
7	255
7	325
7	356
7	380
7	403
7	404
7	405
7	409
7	410
7	411
7	413
7	417
7	418
7	420
7	421
7	422
8	90
8	250
8	252
8	253
8	254
8	255
8	258
8	259
8	260
8	261
8	262
8	266
8	267
8	268
8	269
8	272
8	273
8	275
8	276
8	277
8	278
8	280
8	282
8	283
8	284
8	285
8	286
8	287
8	288
8	289
8	290
8	292
8	293
8	295
8	297
8	298
8	299
8	300
8	301
8	303
8	304
8	305
8	307
8	308
8	309
8	310
8	311
8	312
8	314
8	315
8	316
8	318
8	319
8	320
8	321
8	322
8	323
8	324
8	325
8	326
8	327
8	328
8	329
8	330
8	331
8	332
8	333
8	334
8	335
8	336
8	337
8	338
8	339
8	340
8	341
8	342
8	343
8	344
8	345
8	346
8	347
8	348
8	349
8	350
8	351
8	352
8	353
8	354
8	355
8	356
8	357
8	358
8	359
8	360
8	361
8	362
8	363
8	364
8	365
8	366
8	367
8	368
8	369
8	370
8	371
8	372
8	373
8	374
8	375
8	376
8	377
8	378
8	379
8	380
8	381
8	382
8	383
8	384
8	385
8	386
8	387
8	388
8	389
8	390
8	391
8	392
8	393
8	394
8	395
8	396
8	397
8	398
8	399
8	400
8	401
8	402
8	403
8	404
8	405
8	406
8	407
8	408
8	409
8	410
8	411
8	412
8	413
8	414
8	415
8	416
8	417
8	418
8	419
8	420
8	421
8	422
9	90
9	255
9	258
9	285
9	307
9	309
9	312
9	322
9	325
9	329
9	330
9	331
9	333
9	337
9	339
9	340
9	347
9	351
9	352
9	353
9	355
9	356
9	357
9	371
9	372
9	373
9	377
9	379
9	380
9	381
9	383
9	385
9	386
9	388
9	390
9	391
9	392
9	393
9	394
9	395
9	397
9	399
9	400
9	401
9	402
9	403
9	404
9	405
9	406
9	407
9	408
9	409
9	410
9	411
9	412
9	413
9	414
9	415
9	416
9	417
9	418
9	419
9	420
9	421
9	422
10	90
10	255
10	258
10	285
10	307
10	309
10	312
10	322
10	325
10	329
10	330
10	331
10	333
10	337
10	339
10	340
10	347
10	351
10	352
10	353
10	355
10	356
10	357
10	371
10	372
10	373
10	377
10	379
10	380
10	381
10	383
10	385
10	386
10	388
10	390
10	391
10	392
10	393
10	394
10	395
10	397
10	399
10	400
10	401
10	402
10	403
10	404
10	405
10	406
10	407
10	408
10	409
10	410
10	411
10	412
10	413
10	414
10	415
10	416
10	417
10	418
10	419
10	420
10	421
10	422
11	90
11	219
11	221
11	249
11	250
11	252
11	253
11	254
11	255
11	258
11	259
11	260
11	261
11	262
11	266
11	267
11	268
11	269
11	272
11	273
11	275
11	276
11	277
11	278
11	280
11	282
11	283
11	284
11	285
11	286
11	287
11	288
11	289
11	290
11	292
11	293
11	295
11	297
11	298
11	299
11	300
11	301
11	303
11	304
11	305
11	307
11	308
11	309
11	310
11	311
11	312
11	314
11	315
11	316
11	318
11	319
11	320
11	321
11	322
11	323
11	324
11	325
11	326
11	327
11	328
11	329
11	330
11	331
11	332
11	333
11	334
11	335
11	336
11	337
11	338
11	339
11	340
11	341
11	342
11	343
11	344
11	345
11	346
11	347
11	348
11	349
11	350
11	351
11	352
11	353
11	354
11	355
11	356
11	357
11	358
11	359
11	360
11	361
11	362
11	363
11	364
11	365
11	366
11	367
11	368
11	369
11	370
11	371
11	372
11	373
11	374
11	375
11	376
11	377
11	378
11	379
11	380
11	381
11	382
11	383
11	384
11	385
11	386
11	387
11	388
11	389
11	390
11	391
11	392
11	393
11	394
11	395
11	396
11	397
11	398
11	399
11	400
11	401
11	402
11	403
11	404
11	405
11	406
11	407
11	408
11	409
11	410
11	411
11	412
11	413
11	414
11	415
11	416
11	417
11	418
11	419
11	420
11	421
11	422
12	90
12	219
12	221
12	249
12	250
12	252
12	253
12	254
12	255
12	258
12	259
12	260
12	261
12	262
12	266
12	267
12	268
12	269
12	272
12	273
12	275
12	276
12	277
12	278
12	280
12	282
12	283
12	284
12	285
12	286
12	287
12	288
12	289
12	290
12	292
12	293
12	295
12	297
12	298
12	299
12	300
12	301
12	303
12	304
12	305
12	307
12	308
12	309
12	310
12	311
12	312
12	314
12	315
12	316
12	318
12	319
12	320
12	321
12	322
12	323
12	324
12	325
12	326
12	327
12	328
12	329
12	330
12	331
12	332
12	333
12	334
12	335
12	336
12	337
12	338
12	339
12	340
12	341
12	342
12	343
12	344
12	345
12	346
12	347
12	348
12	349
12	350
12	351
12	352
12	353
12	354
12	355
12	356
12	357
12	358
12	359
12	360
12	361
12	362
12	363
12	364
12	365
12	366
12	367
12	368
12	369
12	370
12	371
12	372
12	373
12	374
12	375
12	376
12	377
12	378
12	379
12	380
12	381
12	382
12	383
12	384
12	385
12	386
12	387
12	388
12	389
12	390
12	391
12	392
12	393
12	394
12	395
12	396
12	397
12	398
12	399
12	400
12	401
12	402
12	403
12	404
12	405
12	406
12	407
12	408
12	409
12	410
12	411
12	412
12	413
12	414
12	415
12	416
12	417
12	418
12	419
12	420
12	421
12	422
13	90
13	221
13	250
13	252
13	253
13	254
13	255
13	258
13	259
13	260
13	261
13	262
13	266
13	267
13	268
13	269
13	272
13	273
13	275
13	276
13	277
13	278
13	280
13	282
13	283
13	284
13	285
13	286
13	287
13	288
13	289
13	290
13	292
13	293
13	295
13	297
13	298
13	299
13	300
13	301
13	303
13	304
13	305
13	307
13	308
13	309
13	310
13	311
13	312
13	314
13	315
13	316
13	318
13	319
13	320
13	321
13	322
13	323
13	324
13	325
13	326
13	327
13	328
13	329
13	330
13	331
13	332
13	333
13	334
13	335
13	336
13	337
13	338
13	339
13	340
13	341
13	342
13	343
13	344
13	345
13	346
13	347
13	348
13	349
13	350
13	351
13	352
13	353
13	354
13	355
13	356
13	357
13	358
13	359
13	360
13	361
13	362
13	363
13	364
13	365
13	366
13	367
13	368
13	369
13	370
13	371
13	372
13	373
13	374
13	375
13	376
13	377
13	378
13	379
13	380
13	381
13	382
13	383
13	384
13	385
13	386
13	387
13	388
13	389
13	390
13	391
13	392
13	393
13	394
13	395
13	396
13	397
13	398
13	399
13	400
13	401
13	402
13	403
13	404
13	405
13	406
13	407
13	408
13	409
13	410
13	411
13	412
13	413
13	414
13	415
13	416
13	417
13	418
13	419
13	420
13	421
13	422
14	90
14	252
14	253
14	254
14	255
14	258
14	259
14	260
14	261
14	266
14	267
14	268
14	269
14	272
14	273
14	275
14	276
14	277
14	278
14	280
14	282
14	283
14	284
14	285
14	286
14	287
14	288
14	289
14	290
14	292
14	293
14	295
14	297
14	298
14	299
14	300
14	301
14	303
14	304
14	305
14	307
14	308
14	309
14	310
14	311
14	312
14	314
14	315
14	316
14	318
14	319
14	320
14	321
14	322
14	323
14	324
14	325
14	326
14	329
14	330
14	331
14	332
14	333
14	334
14	335
14	336
14	337
14	338
14	339
14	340
14	342
14	346
14	347
14	348
14	349
14	350
14	351
14	352
14	353
14	355
14	356
14	357
14	358
14	359
14	360
14	361
14	362
14	364
14	365
14	367
14	368
14	369
14	370
14	371
14	372
14	373
14	376
14	377
14	378
14	379
14	380
14	381
14	382
14	383
14	384
14	385
14	386
14	387
14	388
14	389
14	390
14	391
14	392
14	393
14	394
14	395
14	396
14	397
14	398
14	399
14	400
14	401
14	402
14	403
14	404
14	405
14	406
14	407
14	408
14	409
14	410
14	411
14	412
14	413
14	414
14	415
14	416
14	417
14	418
14	419
14	420
14	421
14	422
15	90
15	255
15	258
15	285
15	307
15	309
15	312
15	322
15	325
15	329
15	330
15	331
15	333
15	337
15	339
15	340
15	347
15	351
15	352
15	353
15	355
15	356
15	357
15	371
15	372
15	373
15	377
15	379
15	380
15	381
15	383
15	385
15	386
15	388
15	390
15	391
15	392
15	393
15	394
15	395
15	397
15	399
15	400
15	401
15	402
15	403
15	404
15	405
15	406
15	407
15	408
15	409
15	410
15	411
15	412
15	413
15	414
15	415
15	416
15	417
15	418
15	419
15	420
15	421
15	422
16	90
16	255
16	258
16	285
16	307
16	309
16	312
16	322
16	325
16	329
16	330
16	331
16	333
16	337
16	339
16	340
16	347
16	351
16	352
16	353
16	355
16	356
16	357
16	371
16	372
16	373
16	377
16	379
16	380
16	381
16	383
16	385
16	386
16	388
16	390
16	391
16	392
16	393
16	394
16	395
16	397
16	399
16	400
16	401
16	402
16	403
16	404
16	405
16	406
16	407
16	408
16	409
16	410
16	411
16	412
16	413
16	414
16	415
16	416
16	417
16	418
16	419
16	420
16	421
16	422
17	90
17	255
17	258
17	285
17	307
17	309
17	312
17	322
17	325
17	329
17	330
17	331
17	333
17	337
17	339
17	340
17	347
17	351
17	352
17	353
17	355
17	356
17	357
17	371
17	372
17	373
17	377
17	379
17	380
17	381
17	383
17	385
17	386
17	388
17	390
17	391
17	392
17	393
17	394
17	395
17	397
17	399
17	400
17	401
17	402
17	403
17	404
17	405
17	406
17	407
17	408
17	409
17	410
17	411
17	412
17	413
17	414
17	415
17	416
17	417
17	418
17	419
17	420
17	421
17	422
18	90
18	255
18	258
18	285
18	307
18	309
18	312
18	322
18	325
18	329
18	330
18	331
18	333
18	337
18	339
18	340
18	347
18	351
18	352
18	353
18	355
18	356
18	357
18	371
18	372
18	373
18	377
18	379
18	380
18	381
18	383
18	385
18	386
18	388
18	390
18	391
18	392
18	393
18	394
18	395
18	397
18	399
18	400
18	401
18	402
18	403
18	404
18	405
18	406
18	407
18	408
18	409
18	410
18	411
18	412
18	413
18	414
18	415
18	416
18	417
18	418
18	419
18	420
18	421
18	422
19	90
19	221
19	250
19	252
19	253
19	254
19	255
19	258
19	259
19	260
19	261
19	262
19	266
19	267
19	268
19	269
19	272
19	273
19	275
19	276
19	277
19	278
19	280
19	282
19	283
19	284
19	285
19	286
19	287
19	288
19	289
19	290
19	292
19	293
19	295
19	297
19	298
19	299
19	300
19	301
19	303
19	304
19	305
19	307
19	308
19	309
19	310
19	311
19	312
19	314
19	315
19	316
19	318
19	319
19	320
19	321
19	322
19	323
19	324
19	325
19	326
19	327
19	328
19	329
19	330
19	331
19	332
19	333
19	334
19	335
19	336
19	337
19	338
19	339
19	340
19	341
19	342
19	343
19	344
19	345
19	346
19	347
19	348
19	349
19	350
19	351
19	352
19	353
19	354
19	355
19	356
19	357
19	358
19	359
19	360
19	361
19	362
19	363
19	364
19	365
19	366
19	367
19	368
19	369
19	370
19	371
19	372
19	373
19	374
19	375
19	376
19	377
19	378
19	379
19	380
19	381
19	382
19	383
19	384
19	385
19	386
19	387
19	388
19	389
19	390
19	391
19	392
19	393
19	394
19	395
19	396
19	397
19	398
19	399
19	400
19	401
19	402
19	403
19	404
19	405
19	406
19	407
19	408
19	409
19	410
19	411
19	412
19	413
19	414
19	415
19	416
19	417
19	418
19	419
19	420
19	421
19	422
20	90
20	221
20	250
20	252
20	253
20	254
20	255
20	258
20	259
20	260
20	261
20	262
20	266
20	267
20	268
20	269
20	272
20	273
20	275
20	276
20	277
20	278
20	280
20	282
20	283
20	284
20	285
20	286
20	287
20	288
20	289
20	290
20	292
20	293
20	295
20	297
20	298
20	299
20	300
20	301
20	303
20	304
20	305
20	307
20	308
20	309
20	310
20	311
20	312
20	314
20	315
20	316
20	318
20	319
20	320
20	321
20	322
20	323
20	324
20	325
20	326
20	327
20	328
20	329
20	330
20	331
20	332
20	333
20	334
20	335
20	336
20	337
20	338
20	339
20	340
20	341
20	342
20	343
20	344
20	345
20	346
20	347
20	348
20	349
20	350
20	351
20	352
20	353
20	354
20	355
20	356
20	357
20	358
20	359
20	360
20	361
20	362
20	363
20	364
20	365
20	366
20	367
20	368
20	369
20	370
20	371
20	372
20	373
20	374
20	375
20	376
20	377
20	378
20	379
20	380
20	381
20	382
20	383
20	384
20	385
20	386
20	387
20	388
20	389
20	390
20	391
20	392
20	393
20	394
20	395
20	396
20	397
20	398
20	399
20	400
20	401
20	402
20	403
20	404
20	405
20	406
20	407
20	408
20	409
20	410
20	411
20	412
20	413
20	414
20	415
20	416
20	417
20	418
20	419
20	420
20	421
20	422
21	90
21	221
21	250
21	252
21	253
21	254
21	255
21	258
21	259
21	260
21	261
21	262
21	266
21	267
21	268
21	269
21	272
21	273
21	275
21	276
21	277
21	278
21	280
21	282
21	283
21	284
21	285
21	286
21	287
21	288
21	289
21	290
21	292
21	293
21	295
21	297
21	298
21	299
21	300
21	301
21	303
21	304
21	305
21	307
21	308
21	309
21	310
21	311
21	312
21	314
21	315
21	316
21	318
21	319
21	320
21	321
21	322
21	323
21	324
21	325
21	326
21	327
21	328
21	329
21	330
21	331
21	332
21	333
21	334
21	335
21	336
21	337
21	338
21	339
21	340
21	341
21	342
21	343
21	344
21	345
21	346
21	347
21	348
21	349
21	350
21	351
21	352
21	353
21	354
21	355
21	356
21	357
21	358
21	359
21	360
21	361
21	362
21	363
21	364
21	365
21	366
21	367
21	368
21	369
21	370
21	371
21	372
21	373
21	374
21	375
21	376
21	377
21	378
21	379
21	380
21	381
21	382
21	383
21	384
21	385
21	386
21	387
21	388
21	389
21	390
21	391
21	392
21	393
21	394
21	395
21	396
21	397
21	398
21	399
21	400
21	401
21	402
21	403
21	404
21	405
21	406
21	407
21	408
21	409
21	410
21	411
21	412
21	413
21	414
21	415
21	416
21	417
21	418
21	419
21	420
21	421
21	422
22	90
22	147
22	219
22	221
22	249
22	250
22	252
22	253
22	254
22	255
22	258
22	259
22	260
22	261
22	262
22	266
22	267
22	268
22	269
22	272
22	273
22	275
22	276
22	277
22	278
22	280
22	282
22	283
22	284
22	285
22	286
22	287
22	288
22	289
22	290
22	292
22	293
22	295
22	297
22	298
22	299
22	300
22	301
22	303
22	304
22	305
22	307
22	308
22	309
22	310
22	311
22	312
22	314
22	315
22	316
22	318
22	319
22	320
22	321
22	322
22	323
22	324
22	325
22	326
22	327
22	328
22	329
22	330
22	331
22	332
22	333
22	334
22	335
22	336
22	337
22	338
22	339
22	340
22	341
22	342
22	343
22	344
22	345
22	346
22	347
22	348
22	349
22	350
22	351
22	352
22	353
22	354
22	355
22	356
22	357
22	358
22	359
22	360
22	361
22	362
22	363
22	364
22	365
22	366
22	367
22	368
22	369
22	370
22	371
22	372
22	373
22	374
22	375
22	376
22	377
22	378
22	379
22	380
22	381
22	382
22	383
22	384
22	385
22	386
22	387
22	388
22	389
22	390
22	391
22	392
22	393
22	394
22	395
22	396
22	397
22	398
22	399
22	400
22	401
22	402
22	403
22	404
22	405
22	406
22	407
22	408
22	409
22	410
22	411
22	412
22	413
22	414
22	415
22	416
22	417
22	418
22	419
22	420
22	421
22	422
23	90
23	255
23	258
23	285
23	307
23	309
23	312
23	322
23	325
23	329
23	330
23	331
23	333
23	337
23	339
23	340
23	347
23	351
23	352
23	353
23	355
23	356
23	357
23	371
23	372
23	373
23	377
23	379
23	380
23	381
23	383
23	385
23	386
23	388
23	390
23	391
23	392
23	393
23	394
23	395
23	397
23	399
23	400
23	401
23	402
23	403
23	404
23	405
23	406
23	407
23	408
23	409
23	410
23	411
23	412
23	413
23	414
23	415
23	416
23	417
23	418
23	419
23	420
23	421
23	422
24	90
24	255
24	258
24	285
24	307
24	309
24	312
24	322
24	325
24	329
24	330
24	331
24	333
24	337
24	339
24	340
24	347
24	351
24	352
24	353
24	355
24	356
24	357
24	371
24	372
24	373
24	377
24	379
24	380
24	381
24	383
24	385
24	386
24	388
24	390
24	391
24	392
24	393
24	394
24	395
24	397
24	399
24	400
24	401
24	402
24	403
24	404
24	405
24	406
24	407
24	408
24	409
24	410
24	411
24	412
24	413
24	414
24	415
24	416
24	417
24	418
24	419
24	420
24	421
24	422
25	90
25	255
25	258
25	285
25	307
25	309
25	312
25	322
25	325
25	329
25	330
25	331
25	333
25	337
25	339
25	340
25	347
25	351
25	352
25	353
25	355
25	356
25	357
25	371
25	372
25	373
25	377
25	379
25	380
25	381
25	383
25	385
25	386
25	388
25	390
25	391
25	392
25	393
25	394
25	395
25	397
25	399
25	400
25	401
25	402
25	403
25	404
25	405
25	406
25	407
25	408
25	409
25	410
25	411
25	412
25	413
25	414
25	415
25	416
25	417
25	418
25	419
25	420
25	421
25	422
26	90
26	255
26	258
26	285
26	307
26	309
26	312
26	322
26	325
26	329
26	330
26	331
26	333
26	337
26	339
26	340
26	347
26	351
26	352
26	353
26	355
26	356
26	357
26	371
26	372
26	373
26	377
26	379
26	380
26	381
26	383
26	385
26	386
26	388
26	390
26	391
26	392
26	393
26	394
26	395
26	397
26	399
26	400
26	401
26	402
26	403
26	404
26	405
26	406
26	407
26	408
26	409
26	410
26	411
26	412
26	413
26	414
26	415
26	416
26	417
26	418
26	419
26	420
26	421
26	422
27	90
27	221
27	252
27	253
27	254
27	255
27	258
27	259
27	260
27	261
27	262
27	266
27	267
27	268
27	269
27	272
27	273
27	275
27	276
27	277
27	278
27	280
27	282
27	283
27	284
27	285
27	286
27	287
27	288
27	289
27	290
27	292
27	293
27	295
27	297
27	298
27	299
27	300
27	301
27	303
27	304
27	305
27	307
27	308
27	309
27	310
27	311
27	312
27	314
27	315
27	316
27	318
27	319
27	320
27	321
27	322
27	323
27	324
27	325
27	326
27	327
27	328
27	329
27	330
27	331
27	332
27	333
27	334
27	335
27	336
27	337
27	338
27	339
27	340
27	341
27	342
27	343
27	344
27	345
27	346
27	347
27	348
27	349
27	350
27	351
27	352
27	353
27	354
27	355
27	356
27	357
27	358
27	359
27	360
27	361
27	362
27	363
27	364
27	365
27	366
27	367
27	368
27	369
27	370
27	371
27	372
27	373
27	374
27	375
27	376
27	377
27	378
27	379
27	380
27	381
27	382
27	383
27	384
27	385
27	386
27	387
27	388
27	389
27	390
27	391
27	392
27	393
27	394
27	395
27	396
27	397
27	398
27	399
27	400
27	401
27	402
27	403
27	404
27	405
27	406
27	407
27	408
27	409
27	410
27	411
27	412
27	413
27	414
27	415
27	416
27	417
27	418
27	419
27	420
27	421
27	422
28	90
28	255
28	258
28	285
28	307
28	309
28	312
28	322
28	325
28	329
28	330
28	331
28	333
28	337
28	339
28	340
28	347
28	351
28	352
28	353
28	355
28	356
28	357
28	371
28	372
28	373
28	377
28	379
28	380
28	381
28	383
28	385
28	386
28	388
28	390
28	391
28	392
28	393
28	394
28	395
28	397
28	399
28	400
28	401
28	402
28	403
28	404
28	405
28	406
28	407
28	408
28	409
28	410
28	411
28	412
28	413
28	414
28	415
28	416
28	417
28	418
28	419
28	420
28	421
28	422
29	90
29	255
29	258
29	285
29	307
29	309
29	312
29	322
29	325
29	329
29	330
29	331
29	333
29	337
29	339
29	340
29	347
29	351
29	352
29	353
29	355
29	356
29	357
29	371
29	372
29	373
29	377
29	379
29	380
29	381
29	383
29	385
29	386
29	388
29	390
29	391
29	392
29	393
29	394
29	395
29	397
29	399
29	400
29	401
29	402
29	403
29	404
29	405
29	406
29	407
29	408
29	409
29	410
29	411
29	412
29	413
29	414
29	415
29	416
29	417
29	418
29	419
29	420
29	421
29	422
30	90
30	255
30	258
30	285
30	307
30	309
30	312
30	322
30	325
30	329
30	330
30	331
30	333
30	337
30	339
30	340
30	347
30	351
30	352
30	353
30	355
30	356
30	357
30	371
30	372
30	373
30	377
30	379
30	380
30	381
30	383
30	385
30	386
30	388
30	390
30	391
30	392
30	393
30	394
30	395
30	397
30	399
30	400
30	401
30	402
30	403
30	404
30	405
30	406
30	407
30	408
30	409
30	410
30	411
30	412
30	413
30	414
30	415
30	416
30	417
30	418
30	419
30	420
30	421
30	422
31	90
31	255
31	258
31	325
31	331
31	356
31	380
31	403
31	404
31	405
31	409
31	410
31	411
31	413
31	417
31	418
31	420
31	421
31	422
32	90
32	255
32	325
32	356
32	380
32	403
32	404
32	405
32	409
32	410
32	411
32	413
32	417
32	418
32	420
32	421
32	422
33	90
33	255
33	258
33	285
33	307
33	309
33	312
33	322
33	325
33	329
33	330
33	331
33	333
33	337
33	339
33	340
33	347
33	351
33	352
33	353
33	355
33	356
33	357
33	371
33	372
33	373
33	377
33	379
33	380
33	381
33	383
33	385
33	386
33	388
33	390
33	391
33	392
33	393
33	394
33	395
33	397
33	399
33	400
33	401
33	402
33	403
33	404
33	405
33	406
33	407
33	408
33	409
33	410
33	411
33	412
33	413
33	414
33	415
33	416
33	417
33	418
33	419
33	420
33	421
33	422
34	90
34	255
34	258
34	285
34	307
34	309
34	312
34	322
34	325
34	329
34	330
34	331
34	333
34	337
34	339
34	340
34	347
34	351
34	352
34	353
34	355
34	356
34	357
34	371
34	372
34	373
34	377
34	379
34	380
34	381
34	383
34	385
34	386
34	388
34	390
34	391
34	392
34	393
34	394
34	395
34	397
34	399
34	400
34	401
34	402
34	403
34	404
34	405
34	406
34	407
34	408
34	409
34	410
34	411
34	412
34	413
34	414
34	415
34	416
34	417
34	418
34	419
34	420
34	421
34	422
35	90
35	255
35	325
35	356
35	380
35	403
35	404
35	405
35	409
35	410
35	411
35	413
35	417
35	418
35	420
35	421
35	422
36	90
36	255
36	325
36	356
36	380
36	403
36	404
36	405
36	409
36	410
36	411
36	413
36	417
36	418
36	420
36	421
36	422
37	90
37	255
37	325
37	356
37	380
37	403
37	404
37	405
37	409
37	410
37	411
37	413
37	417
37	418
37	420
37	421
37	422
38	90
38	255
38	258
38	285
38	307
38	312
38	322
38	325
38	331
38	337
38	353
38	355
38	356
38	371
38	373
38	380
38	383
38	388
38	390
38	391
38	392
38	393
38	394
38	395
38	397
38	399
38	403
38	404
38	405
38	406
38	409
38	410
38	411
38	413
38	414
38	415
38	417
38	418
38	419
38	420
38	421
38	422
39	90
39	255
39	325
39	356
39	380
39	403
39	404
39	405
39	409
39	410
39	411
39	413
39	417
39	418
39	420
39	421
39	422
40	90
40	255
40	325
40	356
40	380
40	403
40	404
40	405
40	409
40	410
40	411
40	413
40	417
40	418
40	420
40	421
40	422
41	90
41	255
41	285
41	307
41	312
41	322
41	325
41	329
41	330
41	331
41	333
41	337
41	339
41	340
41	347
41	351
41	352
41	353
41	355
41	356
41	357
41	371
41	372
41	373
41	377
41	379
41	380
41	381
41	383
41	385
41	386
41	388
41	390
41	391
41	392
41	393
41	394
41	395
41	397
41	399
41	400
41	401
41	402
41	403
41	404
41	405
41	406
41	407
41	408
41	409
41	410
41	411
41	412
41	413
41	414
41	415
41	416
41	417
41	418
41	419
41	420
41	421
41	422
42	90
42	255
42	325
42	356
42	380
42	403
42	404
42	405
42	409
42	410
42	411
42	413
42	417
42	418
42	420
42	421
42	422
43	90
43	255
43	325
43	356
43	380
43	403
43	404
43	405
43	409
43	410
43	411
43	413
43	417
43	418
43	420
43	421
43	422
44	90
44	255
44	325
44	356
44	380
44	403
44	404
44	405
44	409
44	410
44	411
44	413
44	417
44	418
44	420
44	421
44	422
45	90
45	255
45	325
45	356
45	380
45	403
45	404
45	405
45	409
45	410
45	411
45	413
45	417
45	418
45	420
45	421
45	422
46	90
46	255
46	258
46	285
46	307
46	309
46	312
46	322
46	325
46	329
46	330
46	331
46	333
46	337
46	339
46	340
46	347
46	351
46	352
46	353
46	355
46	356
46	357
46	371
46	372
46	373
46	377
46	379
46	380
46	381
46	383
46	385
46	386
46	388
46	390
46	391
46	392
46	393
46	394
46	395
46	397
46	399
46	400
46	401
46	402
46	403
46	404
46	405
46	406
46	407
46	408
46	409
46	410
46	411
46	412
46	413
46	414
46	415
46	416
46	417
46	418
46	419
46	420
46	421
46	422
47	90
47	255
47	258
47	325
47	331
47	356
47	380
47	403
47	404
47	405
47	409
47	410
47	411
47	413
47	417
47	418
47	420
47	421
47	422
48	90
48	255
48	325
48	356
48	380
48	403
48	404
48	405
48	409
48	410
48	411
48	413
48	417
48	418
48	420
48	421
48	422
49	90
49	255
49	325
49	356
49	380
49	403
49	404
49	405
49	409
49	410
49	411
49	413
49	417
49	418
49	420
49	421
49	422
50	90
50	255
50	325
50	356
50	404
50	411
51	90
51	255
51	325
51	356
51	380
51	403
51	404
51	405
51	409
51	410
51	411
51	413
51	417
51	418
51	420
51	421
51	422
52	90
52	255
52	325
52	356
52	404
52	411
53	90
53	221
53	250
53	252
53	253
53	254
53	255
53	258
53	259
53	260
53	261
53	262
53	266
53	267
53	268
53	269
53	272
53	273
53	275
53	276
53	277
53	278
53	280
53	282
53	283
53	284
53	285
53	286
53	287
53	288
53	289
53	290
53	292
53	293
53	295
53	297
53	298
53	299
53	300
53	301
53	303
53	304
53	305
53	307
53	308
53	309
53	310
53	311
53	312
53	314
53	315
53	316
53	318
53	319
53	320
53	321
53	322
53	323
53	324
53	325
53	326
53	327
53	328
53	329
53	330
53	331
53	332
53	333
53	334
53	335
53	336
53	337
53	338
53	339
53	340
53	341
53	342
53	343
53	344
53	345
53	346
53	347
53	348
53	349
53	350
53	351
53	352
53	353
53	354
53	355
53	356
53	357
53	358
53	359
53	360
53	361
53	362
53	363
53	364
53	365
53	366
53	367
53	368
53	369
53	370
53	371
53	372
53	373
53	374
53	375
53	376
53	377
53	378
53	379
53	380
53	381
53	382
53	383
53	384
53	385
53	386
53	387
53	388
53	389
53	390
53	391
53	392
53	393
53	394
53	395
53	396
53	397
53	398
53	399
53	400
53	401
53	402
53	403
53	404
53	405
53	406
53	407
53	408
53	409
53	410
53	411
53	412
53	413
53	414
53	415
53	416
53	417
53	418
53	419
53	420
53	421
53	422
54	90
54	255
54	258
54	285
54	307
54	309
54	312
54	322
54	325
54	329
54	330
54	331
54	333
54	337
54	339
54	340
54	347
54	351
54	352
54	353
54	355
54	356
54	357
54	371
54	372
54	373
54	377
54	379
54	380
54	381
54	383
54	385
54	386
54	388
54	390
54	391
54	392
54	393
54	394
54	395
54	397
54	399
54	400
54	401
54	402
54	403
54	404
54	405
54	406
54	407
54	408
54	409
54	410
54	411
54	412
54	413
54	414
54	415
54	416
54	417
54	418
54	419
54	420
54	421
54	422
55	90
55	255
55	258
55	285
55	307
55	309
55	312
55	322
55	325
55	329
55	330
55	331
55	333
55	337
55	339
55	340
55	347
55	351
55	352
55	353
55	355
55	356
55	357
55	371
55	372
55	373
55	377
55	379
55	380
55	381
55	383
55	385
55	386
55	388
55	390
55	391
55	392
55	393
55	394
55	395
55	397
55	399
55	400
55	401
55	402
55	403
55	404
55	405
55	406
55	407
55	408
55	409
55	410
55	411
55	412
55	413
55	414
55	415
55	416
55	417
55	418
55	419
55	420
55	421
55	422
56	90
56	255
56	325
56	356
56	380
56	403
56	404
56	405
56	409
56	410
56	411
56	413
56	417
56	418
56	420
56	421
56	422
57	90
57	255
57	325
57	356
57	380
57	403
57	404
57	405
57	409
57	410
57	411
57	413
57	417
57	418
57	420
57	421
57	422
58	90
58	255
58	325
58	356
58	404
58	411
59	90
59	221
59	252
59	253
59	254
59	255
59	258
59	259
59	260
59	261
59	262
59	266
59	267
59	268
59	269
59	272
59	273
59	275
59	276
59	277
59	278
59	280
59	282
59	283
59	284
59	285
59	286
59	287
59	288
59	289
59	290
59	292
59	293
59	295
59	297
59	298
59	299
59	300
59	301
59	303
59	304
59	305
59	307
59	308
59	309
59	310
59	311
59	312
59	314
59	315
59	316
59	318
59	319
59	320
59	321
59	322
59	323
59	324
59	325
59	326
59	327
59	328
59	329
59	330
59	331
59	332
59	333
59	334
59	335
59	336
59	337
59	338
59	339
59	340
59	341
59	342
59	343
59	344
59	345
59	346
59	347
59	348
59	349
59	350
59	351
59	352
59	353
59	354
59	355
59	356
59	357
59	358
59	359
59	360
59	361
59	362
59	363
59	364
59	365
59	366
59	367
59	368
59	369
59	370
59	371
59	372
59	373
59	374
59	375
59	376
59	377
59	378
59	379
59	380
59	381
59	382
59	383
59	384
59	385
59	386
59	387
59	388
59	389
59	390
59	391
59	392
59	393
59	394
59	395
59	396
59	397
59	398
59	399
59	400
59	401
59	402
59	403
59	404
59	405
59	406
59	407
59	408
59	409
59	410
59	411
59	412
59	413
59	414
59	415
59	416
59	417
59	418
59	419
59	420
59	421
59	422
60	90
60	255
60	258
60	273
60	275
60	276
60	277
60	278
60	280
60	282
60	285
60	286
60	287
60	288
60	289
60	290
60	292
60	293
60	295
60	297
60	299
60	300
60	303
60	304
60	307
60	309
60	310
60	311
60	312
60	314
60	315
60	316
60	318
60	319
60	320
60	321
60	322
60	323
60	324
60	325
60	327
60	328
60	329
60	330
60	331
60	332
60	333
60	334
60	335
60	336
60	337
60	338
60	339
60	340
60	342
60	346
60	347
60	348
60	349
60	350
60	351
60	352
60	353
60	354
60	355
60	356
60	357
60	358
60	359
60	360
60	361
60	362
60	364
60	365
60	367
60	368
60	369
60	370
60	371
60	372
60	373
60	376
60	377
60	378
60	379
60	380
60	381
60	382
60	383
60	384
60	385
60	386
60	387
60	388
60	389
60	390
60	391
60	392
60	393
60	394
60	395
60	396
60	397
60	398
60	399
60	400
60	401
60	402
60	403
60	404
60	405
60	406
60	407
60	408
60	409
60	410
60	411
60	412
60	413
60	414
60	415
60	416
60	417
60	418
60	419
60	420
60	421
60	422
61	90
61	255
61	258
61	285
61	307
61	309
61	312
61	322
61	325
61	329
61	330
61	331
61	333
61	337
61	339
61	340
61	347
61	351
61	352
61	353
61	355
61	356
61	357
61	371
61	372
61	373
61	377
61	379
61	380
61	381
61	383
61	385
61	386
61	388
61	390
61	391
61	392
61	393
61	394
61	395
61	397
61	399
61	400
61	401
61	402
61	403
61	404
61	405
61	406
61	407
61	408
61	409
61	410
61	411
61	412
61	413
61	414
61	415
61	416
61	417
61	418
61	419
61	420
61	421
61	422
62	90
62	255
62	258
62	285
62	307
62	309
62	312
62	322
62	325
62	329
62	330
62	331
62	333
62	337
62	339
62	340
62	347
62	351
62	352
62	353
62	355
62	356
62	357
62	371
62	372
62	373
62	377
62	379
62	380
62	381
62	383
62	385
62	386
62	388
62	390
62	391
62	392
62	393
62	394
62	395
62	397
62	399
62	400
62	401
62	402
62	403
62	404
62	405
62	406
62	407
62	408
62	409
62	410
62	411
62	412
62	413
62	414
62	415
62	416
62	417
62	418
62	419
62	420
62	421
62	422
63	90
63	252
63	254
63	255
63	258
63	272
63	285
63	307
63	309
63	312
63	322
63	325
63	326
63	329
63	330
63	331
63	333
63	337
63	339
63	340
63	347
63	351
63	352
63	353
63	355
63	356
63	357
63	371
63	372
63	373
63	377
63	379
63	380
63	381
63	383
63	385
63	386
63	388
63	390
63	391
63	392
63	393
63	394
63	395
63	397
63	399
63	400
63	401
63	402
63	403
63	404
63	405
63	406
63	407
63	408
63	409
63	410
63	411
63	412
63	413
63	414
63	415
63	416
63	417
63	418
63	419
63	420
63	421
63	422
64	90
64	255
64	258
64	285
64	307
64	309
64	312
64	322
64	325
64	329
64	330
64	331
64	333
64	337
64	339
64	340
64	347
64	351
64	352
64	353
64	355
64	356
64	357
64	371
64	372
64	373
64	377
64	379
64	380
64	381
64	383
64	385
64	386
64	388
64	390
64	391
64	392
64	393
64	394
64	395
64	397
64	399
64	400
64	401
64	402
64	403
64	404
64	405
64	406
64	407
64	408
64	409
64	410
64	411
64	412
64	413
64	414
64	415
64	416
64	417
64	418
64	419
64	420
64	421
64	422
65	90
65	255
65	325
65	356
65	380
65	403
65	404
65	405
65	409
65	410
65	411
65	413
65	417
65	418
65	420
65	421
65	422
66	90
66	255
66	325
66	356
66	380
66	403
66	404
66	405
66	409
66	410
66	411
66	413
66	417
66	418
66	420
66	421
66	422
67	90
67	255
67	325
67	356
67	380
67	403
67	404
67	405
67	409
67	410
67	411
67	413
67	417
67	418
67	420
67	421
67	422
68	90
68	255
68	285
68	307
68	312
68	322
68	325
68	329
68	330
68	333
68	337
68	353
68	355
68	356
68	357
68	371
68	373
68	380
68	383
68	388
68	390
68	391
68	392
68	393
68	394
68	395
68	397
68	399
68	403
68	404
68	405
68	406
68	409
68	410
68	411
68	413
68	414
68	415
68	417
68	418
68	419
68	420
68	421
68	422
69	90
69	255
69	325
69	356
69	404
69	411
70	90
70	255
70	258
70	285
70	307
70	309
70	312
70	322
70	325
70	329
70	330
70	331
70	333
70	337
70	339
70	340
70	347
70	351
70	352
70	353
70	355
70	356
70	357
70	371
70	372
70	373
70	377
70	379
70	380
70	381
70	383
70	385
70	386
70	388
70	390
70	391
70	392
70	393
70	394
70	395
70	397
70	399
70	400
70	401
70	402
70	403
70	404
70	405
70	406
70	407
70	408
70	409
70	410
70	411
70	412
70	413
70	414
70	415
70	416
70	417
70	418
70	419
70	420
70	421
70	422
71	90
71	255
71	325
71	356
71	380
71	403
71	404
71	405
71	409
71	410
71	411
71	413
71	417
71	418
71	420
71	421
71	422
72	90
72	255
72	325
72	331
72	356
72	380
72	403
72	404
72	405
72	409
72	410
72	411
72	413
72	417
72	418
72	420
72	421
72	422
73	90
73	255
73	325
73	356
73	380
73	403
73	404
73	405
73	409
73	410
73	411
73	413
73	417
73	418
73	420
73	421
73	422
74	90
74	255
74	325
74	356
74	380
74	403
74	404
74	405
74	409
74	410
74	411
74	413
74	417
74	418
74	420
74	421
74	422
75	90
75	255
75	285
75	307
75	312
75	322
75	325
75	329
75	330
75	333
75	337
75	353
75	355
75	356
75	357
75	371
75	373
75	380
75	383
75	388
75	390
75	391
75	392
75	393
75	394
75	395
75	397
75	399
75	403
75	404
75	405
75	406
75	409
75	410
75	411
75	413
75	414
75	415
75	417
75	418
75	419
75	420
75	421
75	422
76	90
76	255
76	325
76	331
76	356
76	380
76	403
76	404
76	405
76	409
76	410
76	411
76	413
76	417
76	418
76	420
76	421
76	422
77	90
77	255
77	285
77	307
77	312
77	322
77	325
77	329
77	330
77	333
77	337
77	353
77	355
77	356
77	357
77	371
77	373
77	380
77	383
77	388
77	390
77	391
77	392
77	393
77	394
77	395
77	397
77	399
77	403
77	404
77	405
77	406
77	409
77	410
77	411
77	413
77	414
77	415
77	417
77	418
77	419
77	420
77	421
77	422
78	90
78	255
78	258
78	285
78	307
78	312
78	322
78	325
78	331
78	337
78	353
78	355
78	356
78	371
78	373
78	380
78	383
78	388
78	390
78	391
78	392
78	393
78	394
78	395
78	397
78	399
78	403
78	404
78	405
78	406
78	409
78	410
78	411
78	413
78	414
78	415
78	417
78	418
78	419
78	420
78	421
78	422
79	90
79	147
79	221
79	250
79	252
79	253
79	254
79	255
79	258
79	259
79	260
79	261
79	262
79	266
79	267
79	268
79	269
79	272
79	273
79	275
79	276
79	277
79	278
79	280
79	282
79	283
79	284
79	285
79	286
79	287
79	288
79	289
79	290
79	292
79	293
79	295
79	297
79	298
79	299
79	300
79	301
79	303
79	304
79	305
79	307
79	308
79	309
79	310
79	311
79	312
79	314
79	315
79	316
79	318
79	319
79	320
79	321
79	322
79	323
79	324
79	325
79	326
79	327
79	328
79	329
79	330
79	331
79	332
79	333
79	334
79	335
79	336
79	337
79	338
79	339
79	340
79	341
79	342
79	343
79	344
79	345
79	346
79	347
79	348
79	349
79	350
79	351
79	352
79	353
79	354
79	355
79	356
79	357
79	358
79	359
79	360
79	361
79	362
79	363
79	364
79	365
79	366
79	367
79	368
79	369
79	370
79	371
79	372
79	373
79	374
79	375
79	376
79	377
79	378
79	379
79	380
79	381
79	382
79	383
79	384
79	385
79	386
79	387
79	388
79	389
79	390
79	391
79	392
79	393
79	394
79	395
79	396
79	397
79	398
79	399
79	400
79	401
79	402
79	403
79	404
79	405
79	406
79	407
79	408
79	409
79	410
79	411
79	412
79	413
79	414
79	415
79	416
79	417
79	418
79	419
79	420
79	421
79	422
80	90
80	255
80	258
80	285
80	307
80	309
80	312
80	322
80	325
80	329
80	330
80	331
80	333
80	337
80	339
80	340
80	347
80	351
80	352
80	353
80	355
80	356
80	357
80	371
80	372
80	373
80	377
80	379
80	380
80	381
80	383
80	385
80	386
80	388
80	390
80	391
80	392
80	393
80	394
80	395
80	397
80	399
80	400
80	401
80	402
80	403
80	404
80	405
80	406
80	407
80	408
80	409
80	410
80	411
80	412
80	413
80	414
80	415
80	416
80	417
80	418
80	419
80	420
80	421
80	422
81	90
81	255
81	258
81	285
81	307
81	309
81	312
81	322
81	325
81	329
81	330
81	331
81	333
81	337
81	339
81	340
81	347
81	351
81	352
81	353
81	355
81	356
81	357
81	371
81	372
81	373
81	377
81	379
81	380
81	381
81	383
81	385
81	386
81	388
81	390
81	391
81	392
81	393
81	394
81	395
81	397
81	399
81	400
81	401
81	402
81	403
81	404
81	405
81	406
81	407
81	408
81	409
81	410
81	411
81	412
81	413
81	414
81	415
81	416
81	417
81	418
81	419
81	420
81	421
81	422
82	90
82	255
82	258
82	272
82	285
82	307
82	309
82	312
82	322
82	325
82	329
82	330
82	331
82	333
82	337
82	339
82	340
82	347
82	351
82	352
82	353
82	355
82	356
82	357
82	371
82	372
82	373
82	377
82	379
82	380
82	381
82	383
82	385
82	386
82	388
82	390
82	391
82	392
82	393
82	394
82	395
82	397
82	399
82	400
82	401
82	402
82	403
82	404
82	405
82	406
82	407
82	408
82	409
82	410
82	411
82	412
82	413
82	414
82	415
82	416
82	417
82	418
82	419
82	420
82	421
82	422
83	90
83	252
83	253
83	254
83	255
83	258
83	259
83	260
83	261
83	262
83	266
83	267
83	268
83	269
83	272
83	273
83	275
83	276
83	277
83	278
83	280
83	282
83	283
83	284
83	285
83	286
83	287
83	288
83	289
83	290
83	292
83	293
83	295
83	297
83	298
83	299
83	300
83	301
83	303
83	304
83	305
83	307
83	308
83	309
83	310
83	311
83	312
83	314
83	315
83	316
83	318
83	319
83	320
83	321
83	322
83	323
83	324
83	325
83	326
83	327
83	328
83	329
83	330
83	331
83	332
83	333
83	334
83	335
83	336
83	337
83	338
83	339
83	340
83	341
83	342
83	343
83	344
83	345
83	346
83	347
83	348
83	349
83	350
83	351
83	352
83	353
83	354
83	355
83	356
83	357
83	358
83	359
83	360
83	361
83	362
83	363
83	364
83	365
83	366
83	367
83	368
83	369
83	370
83	371
83	372
83	373
83	374
83	375
83	376
83	377
83	378
83	379
83	380
83	381
83	382
83	383
83	384
83	385
83	386
83	387
83	388
83	389
83	390
83	391
83	392
83	393
83	394
83	395
83	396
83	397
83	398
83	399
83	400
83	401
83	402
83	403
83	404
83	405
83	406
83	407
83	408
83	409
83	410
83	411
83	412
83	413
83	414
83	415
83	416
83	417
83	418
83	419
83	420
83	421
83	422
84	90
84	252
84	253
84	254
84	255
84	258
84	259
84	260
84	261
84	262
84	266
84	267
84	268
84	269
84	272
84	273
84	275
84	276
84	277
84	278
84	280
84	282
84	283
84	284
84	285
84	286
84	287
84	288
84	289
84	290
84	292
84	293
84	295
84	297
84	298
84	299
84	300
84	301
84	303
84	304
84	305
84	307
84	308
84	309
84	310
84	311
84	312
84	314
84	315
84	316
84	318
84	319
84	320
84	321
84	322
84	323
84	324
84	325
84	326
84	327
84	328
84	329
84	330
84	331
84	332
84	333
84	334
84	335
84	336
84	337
84	338
84	339
84	340
84	341
84	342
84	343
84	344
84	345
84	346
84	347
84	348
84	349
84	350
84	351
84	352
84	353
84	354
84	355
84	356
84	357
84	358
84	359
84	360
84	361
84	362
84	363
84	364
84	365
84	366
84	367
84	368
84	369
84	370
84	371
84	372
84	373
84	374
84	375
84	376
84	377
84	378
84	379
84	380
84	381
84	382
84	383
84	384
84	385
84	386
84	387
84	388
84	389
84	390
84	391
84	392
84	393
84	394
84	395
84	396
84	397
84	398
84	399
84	400
84	401
84	402
84	403
84	404
84	405
84	406
84	407
84	408
84	409
84	410
84	411
84	412
84	413
84	414
84	415
84	416
84	417
84	418
84	419
84	420
84	421
84	422
85	90
85	255
85	325
85	331
85	356
85	380
85	403
85	404
85	405
85	409
85	410
85	411
85	413
85	417
85	418
85	420
85	421
85	422
86	90
86	255
86	325
86	356
86	380
86	403
86	404
86	405
86	409
86	410
86	411
86	413
86	417
86	418
86	420
86	421
86	422
87	90
87	255
87	258
87	285
87	307
87	309
87	312
87	322
87	325
87	329
87	330
87	331
87	333
87	337
87	339
87	340
87	347
87	351
87	352
87	353
87	355
87	356
87	357
87	371
87	372
87	373
87	377
87	379
87	380
87	381
87	383
87	385
87	386
87	388
87	390
87	391
87	392
87	393
87	394
87	395
87	397
87	399
87	400
87	401
87	402
87	403
87	404
87	405
87	406
87	407
87	408
87	409
87	410
87	411
87	412
87	413
87	414
87	415
87	416
87	417
87	418
87	419
87	420
87	421
87	422
88	90
88	255
88	258
88	272
88	285
88	307
88	309
88	312
88	322
88	325
88	329
88	330
88	331
88	333
88	337
88	339
88	340
88	347
88	351
88	352
88	353
88	355
88	356
88	357
88	371
88	372
88	373
88	377
88	379
88	380
88	381
88	383
88	385
88	386
88	388
88	390
88	391
88	392
88	393
88	394
88	395
88	397
88	399
88	400
88	401
88	402
88	403
88	404
88	405
88	406
88	407
88	408
88	409
88	410
88	411
88	412
88	413
88	414
88	415
88	416
88	417
88	418
88	419
88	420
88	421
88	422
89	90
89	255
89	285
89	307
89	312
89	322
89	325
89	331
89	337
89	353
89	355
89	356
89	371
89	373
89	380
89	383
89	388
89	390
89	391
89	392
89	393
89	394
89	395
89	397
89	399
89	403
89	404
89	405
89	406
89	409
89	410
89	411
89	413
89	414
89	415
89	417
89	418
89	419
89	420
89	421
89	422
90	91
90	92
90	93
90	94
90	95
90	96
90	97
90	98
90	99
90	100
90	101
90	102
90	103
90	104
90	105
90	106
90	107
90	108
90	109
90	110
90	111
90	112
90	113
90	114
90	115
90	116
90	117
90	118
90	119
90	120
90	121
90	122
90	123
90	124
90	125
90	126
90	127
90	128
90	129
90	130
90	131
90	132
90	133
90	134
90	135
90	136
90	137
90	138
90	139
90	140
90	141
90	142
90	143
90	144
90	145
90	146
90	147
90	148
90	149
90	150
90	151
90	152
90	153
90	154
90	155
90	156
90	157
90	158
90	159
90	160
90	161
90	162
90	163
90	164
90	165
90	166
90	167
90	168
90	169
90	170
90	171
90	172
90	173
90	174
90	175
90	176
90	177
90	178
90	179
90	180
90	181
90	182
90	183
90	184
90	185
90	186
90	187
90	188
90	189
90	190
90	191
90	192
90	193
90	194
90	195
90	196
90	197
90	198
90	199
90	200
90	201
90	202
90	203
90	204
90	205
90	206
90	207
90	208
90	209
90	210
90	211
90	212
90	213
90	214
90	215
90	216
90	217
90	218
90	219
90	220
90	221
90	222
90	223
90	224
90	225
90	226
90	227
90	228
90	229
90	230
90	231
90	232
90	233
90	234
90	235
90	236
90	237
90	238
90	239
90	240
90	241
90	242
90	243
90	244
90	245
90	246
90	247
90	248
90	249
90	250
90	251
90	252
90	253
90	254
90	255
90	256
90	257
90	258
90	259
90	260
90	261
90	262
90	263
90	264
90	265
90	266
90	267
90	268
90	269
90	270
90	271
90	272
90	273
90	274
90	275
90	276
90	277
90	278
90	279
90	280
90	281
90	282
90	283
90	284
90	285
90	286
90	287
90	288
90	289
90	290
90	291
90	292
90	293
90	294
90	295
90	296
90	297
90	298
90	299
90	300
90	301
90	302
90	303
90	304
90	305
90	306
90	307
90	308
90	309
90	310
90	311
90	312
90	313
90	314
90	315
90	316
90	317
90	318
90	319
90	320
90	321
90	322
90	323
90	324
90	325
90	326
90	327
90	328
90	329
90	330
90	331
90	332
90	333
90	334
90	335
90	336
90	337
90	338
90	339
90	340
90	341
90	342
90	343
90	344
90	345
90	346
90	347
90	348
90	349
90	350
90	351
90	352
90	353
90	354
90	355
90	356
90	357
90	358
90	359
90	360
90	361
90	362
90	363
90	364
90	365
90	366
90	367
90	368
90	369
90	370
90	371
90	372
90	373
90	374
90	375
90	376
90	377
90	378
90	379
90	380
90	381
90	382
90	383
90	384
90	385
90	386
90	387
90	388
90	389
90	390
90	391
90	392
90	393
90	394
90	395
90	396
90	397
90	398
90	399
90	400
90	401
90	402
90	403
90	404
90	405
90	406
90	407
90	408
90	409
90	410
90	411
90	412
90	413
90	414
90	415
90	416
90	417
90	418
90	419
90	420
90	421
90	422
91	255
91	325
91	356
91	380
91	403
91	404
91	405
91	409
91	410
91	411
91	413
91	417
91	418
91	420
91	421
91	422
92	255
92	285
92	307
92	322
92	325
92	337
92	353
92	355
92	356
92	371
92	373
92	380
92	383
92	388
92	390
92	391
92	392
92	393
92	394
92	395
92	397
92	399
92	403
92	404
92	405
92	406
92	409
92	410
92	411
92	413
92	414
92	415
92	417
92	418
92	419
92	420
92	421
92	422
93	255
93	285
93	307
93	312
93	322
93	325
93	331
93	337
93	353
93	355
93	356
93	371
93	373
93	380
93	383
93	388
93	390
93	391
93	392
93	393
93	394
93	395
93	397
93	399
93	403
93	404
93	405
93	406
93	409
93	410
93	411
93	413
93	414
93	415
93	417
93	418
93	419
93	420
93	421
93	422
94	255
94	325
94	356
94	403
94	404
94	405
94	409
94	410
94	411
94	413
94	417
94	418
94	420
94	421
94	422
95	255
95	285
95	307
95	312
95	322
95	325
95	331
95	337
95	353
95	355
95	356
95	371
95	373
95	380
95	383
95	388
95	390
95	391
95	392
95	393
95	394
95	395
95	397
95	399
95	403
95	404
95	405
95	406
95	409
95	410
95	411
95	413
95	414
95	415
95	417
95	418
95	419
95	420
95	421
95	422
96	255
96	285
96	307
96	312
96	322
96	325
96	331
96	337
96	353
96	355
96	356
96	371
96	373
96	380
96	383
96	388
96	390
96	391
96	392
96	393
96	394
96	395
96	397
96	399
96	403
96	404
96	405
96	406
96	409
96	410
96	411
96	413
96	414
96	415
96	417
96	418
96	419
96	420
96	421
96	422
97	255
97	325
97	331
97	356
97	380
97	403
97	404
97	405
97	409
97	410
97	411
97	413
97	417
97	418
97	420
97	421
97	422
98	255
98	258
98	285
98	307
98	309
98	312
98	322
98	325
98	329
98	330
98	331
98	333
98	337
98	339
98	340
98	347
98	351
98	352
98	353
98	355
98	356
98	357
98	371
98	372
98	373
98	377
98	379
98	380
98	381
98	383
98	385
98	386
98	388
98	390
98	391
98	392
98	393
98	394
98	395
98	397
98	399
98	400
98	401
98	402
98	403
98	404
98	405
98	406
98	407
98	408
98	409
98	410
98	411
98	412
98	413
98	414
98	415
98	416
98	417
98	418
98	419
98	420
98	421
98	422
99	255
99	258
99	285
99	307
99	309
99	312
99	322
99	325
99	329
99	330
99	331
99	333
99	337
99	339
99	340
99	347
99	351
99	352
99	353
99	355
99	356
99	357
99	371
99	372
99	373
99	377
99	379
99	380
99	381
99	383
99	385
99	386
99	388
99	390
99	391
99	392
99	393
99	394
99	395
99	397
99	399
99	400
99	401
99	402
99	403
99	404
99	405
99	406
99	407
99	408
99	409
99	410
99	411
99	412
99	413
99	414
99	415
99	416
99	417
99	418
99	419
99	420
99	421
99	422
100	255
100	285
100	307
100	312
100	322
100	325
100	329
100	330
100	331
100	333
100	337
100	339
100	340
100	347
100	351
100	352
100	353
100	355
100	356
100	357
100	371
100	372
100	373
100	377
100	379
100	380
100	381
100	383
100	385
100	386
100	388
100	390
100	391
100	392
100	393
100	394
100	395
100	397
100	399
100	400
100	401
100	402
100	403
100	404
100	405
100	406
100	407
100	408
100	409
100	410
100	411
100	412
100	413
100	414
100	415
100	416
100	417
100	418
100	419
100	420
100	421
100	422
101	255
101	258
101	285
101	307
101	309
101	312
101	322
101	325
101	329
101	330
101	331
101	333
101	337
101	339
101	340
101	347
101	351
101	352
101	353
101	355
101	356
101	357
101	371
101	372
101	373
101	377
101	379
101	380
101	381
101	383
101	385
101	386
101	388
101	390
101	391
101	392
101	393
101	394
101	395
101	397
101	399
101	400
101	401
101	402
101	403
101	404
101	405
101	406
101	407
101	408
101	409
101	410
101	411
101	412
101	413
101	414
101	415
101	416
101	417
101	418
101	419
101	420
101	421
101	422
102	255
102	285
102	307
102	312
102	322
102	325
102	329
102	330
102	331
102	333
102	337
102	339
102	340
102	347
102	351
102	352
102	353
102	355
102	356
102	357
102	371
102	372
102	373
102	377
102	379
102	380
102	381
102	383
102	385
102	386
102	388
102	390
102	391
102	392
102	393
102	394
102	395
102	397
102	399
102	400
102	401
102	402
102	403
102	404
102	405
102	406
102	407
102	408
102	409
102	410
102	411
102	412
102	413
102	414
102	415
102	416
102	417
102	418
102	419
102	420
102	421
102	422
103	255
103	285
103	307
103	312
103	322
103	325
103	331
103	337
103	353
103	355
103	356
103	371
103	373
103	380
103	383
103	388
103	390
103	391
103	392
103	393
103	394
103	395
103	397
103	399
103	403
103	404
103	405
103	406
103	409
103	410
103	411
103	413
103	414
103	415
103	417
103	418
103	419
103	420
103	421
103	422
104	255
104	285
104	307
104	312
104	322
104	325
104	331
104	337
104	353
104	355
104	356
104	371
104	373
104	380
104	383
104	388
104	390
104	391
104	392
104	393
104	394
104	395
104	397
104	399
104	403
104	404
104	405
104	406
104	409
104	410
104	411
104	413
104	414
104	415
104	417
104	418
104	419
104	420
104	421
104	422
105	252
105	254
105	255
105	258
105	272
105	273
105	275
105	276
105	277
105	278
105	280
105	282
105	285
105	286
105	287
105	288
105	289
105	290
105	292
105	295
105	299
105	303
105	307
105	309
105	310
105	312
105	314
105	315
105	316
105	318
105	319
105	321
105	322
105	323
105	324
105	325
105	329
105	330
105	331
105	332
105	333
105	334
105	335
105	336
105	337
105	338
105	339
105	340
105	342
105	346
105	347
105	348
105	349
105	350
105	351
105	352
105	353
105	355
105	356
105	357
105	358
105	359
105	360
105	361
105	362
105	364
105	365
105	367
105	368
105	369
105	370
105	371
105	372
105	373
105	376
105	377
105	378
105	379
105	380
105	381
105	382
105	383
105	384
105	385
105	386
105	387
105	388
105	389
105	390
105	391
105	392
105	393
105	394
105	395
105	396
105	397
105	398
105	399
105	400
105	401
105	402
105	403
105	404
105	405
105	406
105	407
105	408
105	409
105	410
105	411
105	412
105	413
105	414
105	415
105	416
105	417
105	418
105	419
105	420
105	421
105	422
106	255
106	285
106	307
106	312
106	322
106	325
106	329
106	330
106	331
106	333
106	337
106	339
106	340
106	347
106	351
106	352
106	353
106	355
106	356
106	357
106	371
106	372
106	373
106	377
106	379
106	380
106	381
106	383
106	385
106	386
106	388
106	390
106	391
106	392
106	393
106	394
106	395
106	397
106	399
106	400
106	401
106	402
106	403
106	404
106	405
106	406
106	407
106	408
106	409
106	410
106	411
106	412
106	413
106	414
106	415
106	416
106	417
106	418
106	419
106	420
106	421
106	422
107	255
107	325
107	331
107	356
107	380
107	403
107	404
107	405
107	409
107	410
107	411
107	413
107	417
107	418
107	420
107	421
107	422
108	255
108	285
108	307
108	322
108	325
108	331
108	337
108	353
108	355
108	356
108	371
108	373
108	380
108	383
108	388
108	390
108	391
108	392
108	393
108	394
108	395
108	397
108	399
108	403
108	404
108	405
108	406
108	409
108	410
108	411
108	413
108	414
108	415
108	417
108	418
108	419
108	420
108	421
108	422
109	255
109	325
109	331
109	356
109	380
109	403
109	404
109	405
109	409
109	410
109	411
109	413
109	417
109	418
109	420
109	421
109	422
110	255
110	325
110	331
110	356
110	380
110	403
110	404
110	405
110	409
110	410
110	411
110	413
110	417
110	418
110	420
110	421
110	422
111	255
111	285
111	307
111	312
111	322
111	325
111	331
111	337
111	353
111	355
111	356
111	371
111	373
111	380
111	383
111	388
111	390
111	391
111	392
111	393
111	394
111	395
111	397
111	399
111	403
111	404
111	405
111	406
111	409
111	410
111	411
111	413
111	414
111	415
111	417
111	418
111	419
111	420
111	421
111	422
112	255
112	325
112	356
112	380
112	403
112	404
112	405
112	409
112	410
112	411
112	413
112	417
112	418
112	420
112	421
112	422
113	255
113	325
113	356
113	403
113	404
113	405
113	409
113	410
113	411
113	413
113	417
113	418
113	420
113	421
113	422
114	255
114	325
114	356
114	380
114	403
114	404
114	405
114	409
114	410
114	411
114	413
114	417
114	418
114	420
114	421
114	422
115	255
115	325
115	356
115	404
115	411
116	255
116	258
116	285
116	307
116	312
116	322
116	325
116	331
116	337
116	353
116	355
116	356
116	371
116	373
116	380
116	383
116	388
116	390
116	391
116	392
116	393
116	394
116	395
116	397
116	399
116	403
116	404
116	405
116	406
116	409
116	410
116	411
116	413
116	414
116	415
116	417
116	418
116	419
116	420
116	421
116	422
117	255
117	325
117	356
117	404
117	411
118	255
118	325
118	356
118	404
118	411
119	255
119	325
119	356
119	404
119	411
120	255
120	325
120	331
120	356
120	380
120	403
120	404
120	405
120	409
120	410
120	411
120	413
120	417
120	418
120	420
120	421
120	422
121	255
121	325
121	356
121	380
121	403
121	404
121	405
121	409
121	410
121	411
121	413
121	417
121	418
121	420
121	421
121	422
122	255
122	325
122	356
122	404
122	411
123	255
123	325
123	356
123	404
123	411
124	255
124	325
124	356
124	380
124	403
124	404
124	405
124	409
124	410
124	411
124	413
124	417
124	418
124	420
124	421
124	422
125	255
125	325
125	356
125	404
125	411
126	255
126	325
126	356
126	404
126	411
127	255
127	325
127	356
127	404
127	411
128	255
128	325
128	356
128	380
128	403
128	404
128	405
128	409
128	410
128	411
128	413
128	417
128	418
128	420
128	421
128	422
129	255
129	325
129	356
129	404
129	411
130	255
130	285
130	307
130	322
130	325
130	337
130	353
130	355
130	356
130	371
130	373
130	380
130	383
130	388
130	390
130	391
130	392
130	393
130	394
130	395
130	397
130	399
130	403
130	404
130	405
130	406
130	409
130	410
130	411
130	413
130	414
130	415
130	417
130	418
130	419
130	420
130	421
130	422
131	255
131	325
131	356
131	404
131	411
132	255
132	325
132	356
132	404
132	411
133	255
133	325
133	356
133	404
133	411
134	255
134	325
134	356
134	380
134	403
134	404
134	405
134	409
134	410
134	411
134	413
134	417
134	418
134	420
134	421
134	422
135	255
135	325
135	356
135	404
136	255
136	325
136	356
136	404
136	411
137	255
137	325
137	356
137	404
137	411
138	255
138	285
138	307
138	312
138	322
138	325
138	329
138	330
138	331
138	333
138	337
138	339
138	340
138	347
138	351
138	352
138	353
138	355
138	356
138	357
138	371
138	372
138	373
138	377
138	379
138	380
138	381
138	383
138	385
138	386
138	388
138	390
138	391
138	392
138	393
138	394
138	395
138	397
138	399
138	400
138	401
138	402
138	403
138	404
138	405
138	406
138	407
138	408
138	409
138	410
138	411
138	412
138	413
138	414
138	415
138	416
138	417
138	418
138	419
138	420
138	421
138	422
139	255
139	325
139	356
139	380
139	403
139	404
139	405
139	409
139	410
139	411
139	413
139	417
139	418
139	420
139	421
139	422
140	255
140	285
140	307
140	312
140	322
140	325
140	331
140	337
140	353
140	355
140	356
140	371
140	373
140	380
140	383
140	388
140	390
140	391
140	392
140	393
140	394
140	395
140	397
140	399
140	403
140	404
140	405
140	406
140	409
140	410
140	411
140	413
140	414
140	415
140	417
140	418
140	419
140	420
140	421
140	422
141	255
141	285
141	307
141	312
141	322
141	325
141	331
141	337
141	353
141	355
141	356
141	371
141	373
141	380
141	383
141	388
141	390
141	391
141	392
141	393
141	394
141	395
141	397
141	399
141	403
141	404
141	405
141	406
141	409
141	410
141	411
141	413
141	414
141	415
141	417
141	418
141	419
141	420
141	421
141	422
142	255
142	325
142	356
142	380
142	403
142	404
142	405
142	409
142	410
142	411
142	413
142	417
142	418
142	420
142	421
142	422
143	255
143	325
143	331
143	356
143	404
143	411
144	255
144	325
144	356
144	403
144	404
144	405
144	409
144	410
144	411
144	413
144	417
144	418
144	420
144	421
144	422
145	255
145	325
145	356
145	380
145	403
145	404
145	405
145	409
145	410
145	411
145	413
145	417
145	418
145	420
145	421
145	422
146	255
146	325
146	356
146	380
146	403
146	404
146	405
146	409
146	410
146	411
146	413
146	417
146	418
146	420
146	421
146	422
147	255
147	325
147	331
147	356
147	404
147	411
148	255
148	325
148	356
148	404
148	411
149	255
149	325
149	356
149	403
149	404
149	405
149	409
149	410
149	411
149	413
149	417
149	418
149	420
149	421
149	422
150	255
150	325
150	356
150	403
150	404
150	405
150	409
150	410
150	411
150	413
150	417
150	418
150	420
150	421
150	422
151	255
151	325
151	356
151	403
151	404
151	405
151	409
151	410
151	411
151	413
151	417
151	418
151	420
151	421
151	422
152	255
152	325
152	356
152	404
152	411
153	255
153	325
153	356
153	380
153	403
153	404
153	405
153	409
153	410
153	411
153	413
153	417
153	418
153	420
153	421
153	422
154	255
154	325
154	356
154	404
154	411
155	255
155	325
155	356
155	380
155	403
155	404
155	405
155	409
155	410
155	411
155	413
155	417
155	418
155	420
155	421
155	422
156	255
156	325
156	356
156	380
156	403
156	404
156	405
156	409
156	410
156	411
156	413
156	417
156	418
156	420
156	421
156	422
157	255
157	325
157	356
157	380
157	403
157	404
157	405
157	409
157	410
157	411
157	413
157	417
157	418
157	420
157	421
157	422
158	255
158	325
158	356
158	380
158	403
158	404
158	405
158	409
158	410
158	411
158	413
158	417
158	418
158	420
158	421
158	422
159	255
159	325
159	356
159	380
159	403
159	404
159	405
159	409
159	410
159	411
159	413
159	417
159	418
159	420
159	421
159	422
160	255
160	325
160	356
160	403
160	404
160	405
160	409
160	410
160	411
160	413
160	417
160	418
160	420
160	421
160	422
161	255
161	325
161	356
161	404
161	411
162	255
162	325
162	356
162	380
162	403
162	404
162	405
162	409
162	410
162	411
162	413
162	417
162	418
162	420
162	421
162	422
163	255
163	325
163	356
163	380
163	403
163	404
163	405
163	409
163	410
163	411
163	413
163	417
163	418
163	420
163	421
163	422
164	255
164	325
164	356
164	380
164	403
164	404
164	405
164	409
164	410
164	411
164	413
164	417
164	418
164	420
164	421
164	422
165	255
165	325
165	356
165	404
165	411
166	255
166	325
166	356
166	380
166	403
166	404
166	405
166	409
166	410
166	411
166	413
166	417
166	418
166	420
166	421
166	422
167	255
167	325
167	356
167	404
167	411
168	255
168	285
168	307
168	312
168	322
168	325
168	337
168	347
168	353
168	355
168	356
168	371
168	372
168	373
168	377
168	379
168	380
168	381
168	383
168	385
168	386
168	388
168	390
168	391
168	392
168	393
168	394
168	395
168	397
168	399
168	400
168	401
168	402
168	403
168	404
168	405
168	406
168	407
168	408
168	409
168	410
168	411
168	412
168	413
168	414
168	415
168	416
168	417
168	418
168	419
168	420
168	421
168	422
169	255
169	325
169	356
169	403
169	404
169	405
169	409
169	410
169	411
169	413
169	417
169	418
169	420
169	421
169	422
170	255
170	325
170	356
170	404
170	411
171	255
171	325
171	356
171	404
171	411
172	255
172	325
172	356
172	403
172	404
172	405
172	409
172	410
172	411
172	413
172	417
172	418
172	420
172	421
172	422
173	255
173	325
173	356
173	403
173	404
173	405
173	409
173	410
173	411
173	413
173	417
173	418
173	420
173	421
173	422
174	255
174	325
174	356
174	403
174	404
174	405
174	409
174	410
174	411
174	413
174	417
174	418
174	420
174	421
174	422
175	255
175	325
175	356
175	404
175	411
176	255
176	325
176	356
176	403
176	404
176	405
176	409
176	410
176	411
176	413
176	417
176	418
176	420
176	421
176	422
177	255
177	325
177	356
177	403
177	404
177	405
177	409
177	410
177	411
177	413
177	417
177	418
177	420
177	421
177	422
178	255
178	325
178	356
178	404
178	411
179	255
179	325
179	337
179	353
179	356
179	371
179	373
179	388
179	390
179	391
179	392
179	393
179	394
179	395
179	397
179	399
179	403
179	404
179	405
179	406
179	409
179	410
179	411
179	413
179	414
179	415
179	417
179	418
179	419
179	420
179	421
179	422
180	255
180	325
180	356
180	403
180	404
180	405
180	409
180	410
180	411
180	413
180	417
180	418
180	420
180	421
180	422
181	255
181	325
181	356
181	403
181	404
181	405
181	409
181	410
181	411
181	413
181	417
181	418
181	420
181	421
181	422
182	255
182	325
182	356
182	403
182	404
182	405
182	409
182	410
182	411
182	413
182	417
182	418
182	420
182	421
182	422
183	255
183	325
183	356
183	403
183	404
183	405
183	409
183	410
183	411
183	413
183	417
183	418
183	420
183	421
183	422
184	255
184	325
184	353
184	356
184	371
184	380
184	390
184	397
184	399
184	403
184	404
184	405
184	406
184	409
184	410
184	411
184	413
184	414
184	415
184	417
184	418
184	419
184	420
184	421
184	422
185	255
185	325
185	356
185	404
185	411
186	255
186	325
186	356
186	404
186	411
187	255
187	325
187	356
187	404
187	411
188	255
188	285
188	312
188	322
188	325
188	331
188	337
188	353
188	355
188	356
188	371
188	373
188	383
188	388
188	390
188	391
188	392
188	393
188	394
188	395
188	397
188	399
188	403
188	404
188	405
188	406
188	409
188	410
188	411
188	413
188	414
188	415
188	417
188	418
188	419
188	420
188	421
188	422
189	255
189	325
189	356
189	403
189	404
189	405
189	409
189	410
189	411
189	413
189	417
189	418
189	420
189	421
189	422
190	255
190	325
190	356
190	404
191	255
191	325
191	356
191	404
191	411
192	255
192	325
192	356
192	404
192	411
193	255
193	325
193	356
193	403
193	404
193	405
193	409
193	410
193	411
193	413
193	417
193	418
193	420
193	421
193	422
194	255
194	325
194	356
194	404
194	411
195	255
195	325
195	356
195	404
195	411
196	255
196	325
196	356
196	404
196	411
197	255
197	325
197	356
197	404
197	411
198	255
198	325
198	356
198	404
198	411
199	255
199	325
199	356
199	404
199	411
200	255
200	325
200	356
200	404
200	411
201	255
201	325
201	356
201	404
201	411
202	255
202	325
202	356
202	404
202	411
203	255
203	325
203	356
203	404
203	411
204	255
204	325
204	356
204	404
204	411
205	255
205	325
205	356
205	404
205	411
206	255
206	325
206	356
206	404
206	411
207	255
207	325
207	356
207	404
208	255
208	325
208	356
208	404
208	411
209	255
209	325
209	356
209	404
209	411
210	255
210	325
210	356
210	404
210	411
211	255
211	325
211	356
211	404
211	411
212	255
212	325
212	356
212	404
212	411
213	255
213	325
213	356
213	404
213	411
214	255
214	325
214	356
214	404
215	255
215	325
215	356
215	404
215	411
216	255
216	325
216	356
216	404
216	411
217	255
217	325
217	356
217	404
217	411
218	255
218	325
218	356
218	404
218	411
219	255
219	325
219	356
219	404
220	255
220	325
220	356
220	404
221	255
221	325
221	356
221	404
221	411
222	255
222	325
222	356
222	404
223	255
223	325
223	356
223	404
223	411
224	255
224	325
224	356
224	404
225	255
225	325
225	356
225	404
225	411
226	255
226	325
226	356
226	404
226	411
227	255
227	325
227	356
227	404
228	255
228	325
228	356
228	404
229	255
229	325
229	356
229	404
229	411
230	255
230	325
230	356
230	404
231	255
231	325
231	356
231	404
232	255
232	325
232	356
232	404
233	255
233	325
233	356
233	404
233	411
234	255
234	325
234	356
234	404
234	411
235	255
235	325
235	356
235	404
235	411
236	255
236	325
236	356
236	404
236	411
237	255
237	325
237	356
237	404
237	411
238	255
238	325
238	356
238	404
238	411
239	255
239	325
239	356
239	404
239	411
240	255
240	325
240	356
240	404
240	411
241	255
241	325
241	356
241	404
241	411
242	255
242	325
242	356
242	404
242	411
243	255
243	325
243	356
243	404
244	255
244	325
244	356
244	404
244	411
245	255
245	325
245	356
245	404
246	255
246	325
246	356
246	404
246	411
247	255
247	325
247	356
247	404
248	255
248	325
248	356
248	404
248	411
249	255
249	325
249	356
249	404
249	411
250	255
250	325
250	356
250	404
250	409
250	410
250	411
250	413
250	417
250	418
251	255
251	325
251	356
251	404
251	411
252	255
252	325
252	356
252	404
252	411
253	255
253	325
253	356
253	404
253	411
254	255
254	325
254	356
254	404
254	411
255	256
255	257
255	258
255	259
255	260
255	261
255	262
255	263
255	264
255	265
255	266
255	267
255	268
255	269
255	270
255	271
255	272
255	273
255	274
255	275
255	276
255	277
255	278
255	279
255	280
255	281
255	282
255	283
255	284
255	285
255	286
255	287
255	288
255	289
255	290
255	291
255	292
255	293
255	294
255	295
255	296
255	297
255	298
255	299
255	300
255	301
255	302
255	303
255	304
255	305
255	306
255	307
255	308
255	309
255	310
255	311
255	312
255	313
255	314
255	315
255	316
255	317
255	318
255	319
255	320
255	321
255	322
255	323
255	324
255	325
255	326
255	327
255	328
255	329
255	330
255	331
255	332
255	333
255	334
255	335
255	336
255	337
255	338
255	339
255	340
255	341
255	342
255	343
255	344
255	345
255	346
255	347
255	348
255	349
255	350
255	351
255	352
255	353
255	354
255	355
255	356
255	357
255	358
255	359
255	360
255	361
255	362
255	363
255	364
255	365
255	366
255	367
255	368
255	369
255	370
255	371
255	372
255	373
255	374
255	375
255	376
255	377
255	378
255	379
255	380
255	381
255	382
255	383
255	384
255	385
255	386
255	387
255	388
255	389
255	390
255	391
255	392
255	393
255	394
255	395
255	396
255	397
255	398
255	399
255	400
255	401
255	402
255	403
255	404
255	405
255	406
255	407
255	408
255	409
255	410
255	411
255	412
255	413
255	414
255	415
255	416
255	417
255	418
255	419
255	420
255	421
255	422
256	307
256	322
256	325
256	337
256	353
256	356
256	371
256	373
256	380
256	388
256	390
256	391
256	392
256	393
256	394
256	395
256	397
256	399
256	403
256	404
256	405
256	406
256	409
256	410
256	411
256	413
256	414
256	415
256	417
256	418
256	419
256	420
256	421
256	422
257	307
257	322
257	325
257	337
257	353
257	356
257	371
257	373
257	380
257	388
257	390
257	391
257	392
257	393
257	394
257	395
257	397
257	399
257	403
257	404
257	405
257	406
257	409
257	410
257	411
257	413
257	414
257	415
257	417
257	418
257	419
257	420
257	421
257	422
258	325
258	356
258	403
258	404
258	410
258	411
258	413
258	417
258	420
258	422
259	325
259	356
259	404
259	411
260	325
260	356
260	404
260	411
261	325
261	356
261	404
261	411
262	325
262	356
262	404
263	325
263	356
263	404
264	325
264	356
264	404
265	325
265	356
265	404
266	325
266	356
266	404
266	411
267	325
267	356
267	404
267	411
268	325
268	356
268	404
268	411
269	325
269	356
269	404
270	325
270	356
270	404
270	411
271	325
271	356
271	404
272	325
272	356
272	403
272	404
272	405
272	409
272	410
272	411
272	413
272	417
272	418
272	420
272	421
272	422
273	325
273	356
273	404
273	411
274	325
274	356
274	404
274	411
275	325
275	356
275	404
275	411
276	325
276	356
276	404
276	411
277	325
277	356
277	404
277	411
278	325
278	356
278	404
278	411
279	325
279	356
279	404
280	325
280	356
280	404
280	409
280	410
280	411
280	413
280	417
280	418
281	325
281	356
281	404
281	411
282	325
282	356
282	404
283	325
283	356
283	404
283	411
284	325
284	356
284	404
284	411
285	325
285	356
285	404
285	411
286	325
286	356
286	404
286	411
287	325
287	356
287	404
287	411
288	325
288	356
288	404
288	411
289	325
289	356
289	404
289	411
290	325
290	356
290	404
291	325
291	356
291	404
291	411
292	325
292	356
292	404
292	411
293	325
293	356
293	404
293	411
294	325
294	356
294	404
294	411
295	325
295	356
295	404
295	411
296	325
296	356
296	404
296	411
297	325
297	356
297	404
297	411
298	325
298	356
298	404
299	325
299	356
299	404
299	411
300	325
300	356
300	404
301	325
301	356
301	404
301	411
302	325
302	356
302	404
303	325
303	356
303	404
304	325
304	356
304	404
304	411
305	325
305	356
305	404
305	411
306	325
306	356
306	404
306	411
307	325
307	356
307	404
307	411
308	325
308	356
308	404
309	325
309	356
309	404
310	325
310	356
310	404
310	411
311	325
311	356
311	404
312	325
312	356
312	404
312	411
313	325
313	356
313	404
313	411
314	325
314	356
314	404
315	325
315	356
315	404
315	411
316	325
316	356
316	404
317	325
317	356
317	404
318	325
318	356
318	404
319	325
319	356
319	404
320	325
320	356
320	404
321	325
321	356
321	404
322	325
322	356
322	404
323	325
323	356
323	404
323	411
324	325
324	356
324	404
325	326
325	327
325	328
325	329
325	330
325	331
325	332
325	333
325	334
325	335
325	336
325	337
325	338
325	339
325	340
325	341
325	342
325	343
325	344
325	345
325	346
325	347
325	348
325	349
325	350
325	351
325	352
325	353
325	354
325	355
325	356
325	357
325	358
325	359
325	360
325	361
325	362
325	363
325	364
325	365
325	366
325	367
325	368
325	369
325	370
325	371
325	372
325	373
325	374
325	375
325	376
325	377
325	378
325	379
325	380
325	381
325	382
325	383
325	384
325	385
325	386
325	387
325	388
325	389
325	390
325	391
325	392
325	393
325	394
325	395
325	396
325	397
325	398
325	399
325	400
325	401
325	402
325	403
325	404
325	405
325	406
325	407
325	408
325	409
325	410
325	411
325	412
325	413
325	414
325	415
325	416
325	417
325	418
325	419
325	420
325	421
325	422
326	356
326	404
326	411
327	356
327	404
328	356
328	404
329	356
329	404
329	411
330	356
330	404
330	411
331	356
331	403
331	404
331	405
331	407
331	408
331	409
331	410
331	411
331	413
331	416
331	417
331	418
331	420
331	421
331	422
332	356
332	404
333	356
333	404
333	411
334	356
334	404
335	356
335	404
336	356
336	404
337	356
337	404
338	356
338	404
339	356
339	404
340	356
340	404
341	356
341	404
342	356
342	404
343	356
343	404
344	356
344	404
345	356
345	404
346	356
346	404
347	356
347	404
348	356
348	404
349	356
349	404
350	356
350	404
351	356
351	404
352	356
352	404
353	356
353	404
354	356
354	404
355	356
355	404
356	357
356	358
356	359
356	360
356	361
356	362
356	363
356	364
356	365
356	366
356	367
356	368
356	369
356	370
356	371
356	372
356	373
356	374
356	375
356	376
356	377
356	378
356	379
356	380
356	381
356	382
356	383
356	384
356	385
356	386
356	387
356	388
356	389
356	390
356	391
356	392
356	393
356	394
356	395
356	396
356	397
356	398
356	399
356	400
356	401
356	402
356	403
356	404
356	405
356	406
356	407
356	408
356	409
356	410
356	411
356	412
356	413
356	414
356	415
356	416
356	417
356	418
356	419
356	420
356	421
356	422
357	404
358	404
359	404
360	404
361	404
362	404
363	404
364	404
365	404
366	404
367	404
368	404
369	404
370	404
371	404
372	404
373	404
374	404
375	404
376	404
377	404
378	404
379	404
380	404
381	404
382	404
383	404
384	404
385	404
386	404
387	404
388	404
389	404
390	404
391	404
392	404
393	404
394	404
395	404
396	404
397	404
398	404
399	404
400	404
401	404
402	404
403	404
404	405
404	406
404	407
404	408
404	409
404	410
404	411
404	412
404	413
404	414
404	415
404	416
404	417
404	418
404	419
404	420
404	421
404	422