158	4163
1	66
1	89
1	94
1	97
1	100
1	104
1	105
1	107
1	110
1	111
1	112
1	113
1	115
1	118
1	120
1	121
1	122
1	123
1	124
1	125
1	126
1	127
1	128
1	129
1	130
1	131
1	132
1	133
1	134
1	135
1	136
1	137
1	138
1	139
1	140
1	141
1	142
1	143
1	144
1	145
1	146
1	147
1	148
1	149
1	150
1	151
1	152
1	153
1	154
1	155
1	156
1	157
1	158
2	23
2	33
2	37
2	38
2	39
2	40
2	46
2	47
2	55
2	56
2	65
2	66
2	67
2	68
2	69
2	74
2	75
2	76
2	77
2	81
2	82
2	83
2	84
2	85
2	89
2	90
2	91
2	93
2	94
2	95
2	96
2	97
2	98
2	99
2	100
2	101
2	102
2	103
2	104
2	105
2	106
2	107
2	108
2	109
2	110
2	111
2	112
2	113
2	114
2	115
2	116
2	117
2	118
2	119
2	120
2	121
2	122
2	123
2	124
2	125
2	126
2	127
2	128
2	129
2	130
2	131
2	132
2	133
2	134
2	135
2	136
2	137
2	138
2	139
2	140
2	141
2	142
2	143
2	144
2	145
2	146
2	147
2	148
2	149
2	150
2	151
2	152
2	153
2	154
2	155
2	156
2	157
2	158
3	23
3	33
3	37
3	38
3	39
3	40
3	42
3	44
3	46
3	47
3	49
3	55
3	56
3	57
3	65
3	66
3	67
3	68
3	69
3	74
3	75
3	76
3	77
3	81
3	82
3	83
3	84
3	85
3	89
3	90
3	91
3	93
3	94
3	95
3	96
3	97
3	98
3	99
3	100
3	101
3	102
3	103
3	104
3	105
3	106
3	107
3	108
3	109
3	110
3	111
3	112
3	113
3	114
3	115
3	116
3	117
3	118
3	119
3	120
3	121
3	122
3	123
3	124
3	125
3	126
3	127
3	128
3	129
3	130
3	131
3	132
3	133
3	134
3	135
3	136
3	137
3	138
3	139
3	140
3	141
3	142
3	143
3	144
3	145
3	146
3	147
3	148
3	149
3	150
3	151
3	152
3	153
3	154
3	155
3	156
3	157
3	158
4	20
4	22
4	23
4	26
4	28
4	29
4	32
4	33
4	34
4	35
4	36
4	37
4	38
4	39
4	40
4	42
4	44
4	46
4	47
4	48
4	49
4	52
4	54
4	55
4	56
4	57
4	58
4	59
4	60
4	61
4	62
4	63
4	65
4	66
4	67
4	68
4	69
4	70
4	71
4	72
4	73
4	74
4	75
4	76
4	77
4	78
4	79
4	80
4	81
4	82
4	83
4	84
4	85
4	86
4	87
4	88
4	89
4	90
4	91
4	92
4	93
4	94
4	95
4	96
4	97
4	98
4	99
4	100
4	101
4	102
4	103
4	104
4	105
4	106
4	107
4	108
4	109
4	110
4	111
4	112
4	113
4	114
4	115
4	116
4	117
4	118
4	119
4	120
4	121
4	122
4	123
4	124
4	125
4	126
4	127
4	128
4	129
4	130
4	131
4	132
4	133
4	134
4	135
4	136
4	137
4	138
4	139
4	140
4	141
4	142
4	143
4	144
4	145
4	146
4	147
4	148
4	149
4	150
4	151
4	152
4	153
4	154
4	155
4	156
4	157
4	158
5	20
5	22
5	23
5	26
5	28
5	29
5	32
5	33
5	34
5	35
5	36
5	37
5	38
5	39
5	40
5	42
5	44
5	46
5	47
5	48
5	49
5	52
5	54
5	55
5	56
5	57
5	58
5	59
5	60
5	61
5	62
5	63
5	65
5	66
5	67
5	68
5	69
5	70
5	71
5	72
5	73
5	74
5	75
5	76
5	77
5	78
5	79
5	80
5	81
5	82
5	83
5	84
5	85
5	86
5	87
5	88
5	89
5	90
5	91
5	92
5	93
5	94
5	95
5	96
5	97
5	98
5	99
5	100
5	101
5	102
5	103
5	104
5	105
5	106
5	107
5	108
5	109
5	110
5	111
5	112
5	113
5	114
5	115
5	116
5	117
5	118
5	119
5	120
5	121
5	122
5	123
5	124
5	125
5	126
5	127
5	128
5	129
5	130
5	131
5	132
5	133
5	134
5	135
5	136
5	137
5	138
5	139
5	140
5	141
5	142
5	143
5	144
5	145
5	146
5	147
5	148
5	149
5	150
5	151
5	152
5	153
5	154
5	155
5	156
5	157
5	158
6	23
6	32
6	33
6	37
6	38
6	39
6	40
6	46
6	47
6	48
6	55
6	56
6	65
6	66
6	67
6	68
6	69
6	74
6	75
6	76
6	77
6	81
6	82
6	83
6	84
6	85
6	89
6	90
6	91
6	93
6	94
6	95
6	96
6	97
6	98
6	99
6	100
6	101
6	102
6	103
6	104
6	105
6	106
6	107
6	108
6	109
6	110
6	111
6	112
6	113
6	114
6	115
6	116
6	117
6	118
6	119
6	120
6	121
6	122
6	123
6	124
6	125
6	126
6	127
6	128
6	129
6	130
6	131
6	132
6	133
6	134
6	135
6	136
6	137
6	138
6	139
6	140
6	141
6	142
6	143
6	144
6	145
6	146
6	147
6	148
6	149
6	150
6	151
6	152
6	153
6	154
6	155
6	156
6	157
6	158
7	23
7	33
7	37
7	38
7	39
7	40
7	46
7	47
7	55
7	56
7	65
7	66
7	67
7	68
7	69
7	74
7	75
7	76
7	77
7	81
7	82
7	83
7	84
7	85
7	89
7	90
7	91
7	93
7	94
7	95
7	96
7	97
7	98
7	99
7	100
7	101
7	102
7	103
7	104
7	105
7	106
7	107
7	108
7	109
7	110
7	111
7	112
7	113
7	114
7	115
7	116
7	117
7	118
7	119
7	120
7	121
7	122
7	123
7	124
7	125
7	126
7	127
7	128
7	129
7	130
7	131
7	132
7	133
7	134
7	135
7	136
7	137
7	138
7	139
7	140
7	141
7	142
7	143
7	144
7	145
7	146
7	147
7	148
7	149
7	150
7	151
7	152
7	153
7	154
7	155
7	156
7	157
7	158
8	97
8	107
8	112
8	118
8	124
8	125
8	126
8	127
8	128
8	129
8	130
8	131
8	132
8	133
8	134
8	135
8	136
8	137
8	138
8	139
8	140
8	141
8	142
8	143
8	144
8	145
8	146
8	147
8	148
8	149
8	150
8	151
8	152
8	153
8	154
8	155
8	156
8	157
8	158
9	66
9	67
9	69
9	83
9	89
9	91
9	94
9	95
9	97
9	98
9	99
9	100
9	103
9	104
9	105
9	106
9	107
9	108
9	109
9	110
9	111
9	112
9	113
9	115
9	116
9	118
9	119
9	120
9	121
9	122
9	123
9	124
9	125
9	126
9	127
9	128
9	129
9	130
9	131
9	132
9	133
9	134
9	135
9	136
9	137
9	138
9	139
9	140
9	141
9	142
9	143
9	144
9	145
9	146
9	147
9	148
9	149
9	150
9	151
9	152
9	153
9	154
9	155
9	156
9	157
9	158
10	33
10	39
10	47
10	66
10	67
10	69
10	83
10	89
10	91
10	94
10	95
10	97
10	98
10	99
10	100
10	103
10	104
10	105
10	106
10	107
10	108
10	109
10	110
10	111
10	112
10	113
10	115
10	116
10	118
10	119
10	120
10	121
10	122
10	123
10	124
10	125
10	126
10	127
10	128
10	129
10	130
10	131
10	132
10	133
10	134
10	135
10	136
10	137
10	138
10	139
10	140
10	141
10	142
10	143
10	144
10	145
10	146
10	147
10	148
10	149
10	150
10	151
10	152
10	153
10	154
10	155
10	156
10	157
10	158
11	33
11	47
11	66
11	89
11	94
11	97
11	100
11	104
11	105
11	107
11	110
11	111
11	112
11	113
11	115
11	118
11	120
11	121
11	122
11	123
11	124
11	125
11	126
11	127
11	128
11	129
11	130
11	131
11	132
11	133
11	134
11	135
11	136
11	137
11	138
11	139
11	140
11	141
11	142
11	143
11	144
11	145
11	146
11	147
11	148
11	149
11	150
11	151
11	152
11	153
11	154
11	155
11	156
11	157
11	158
12	23
12	33
12	37
12	38
12	39
12	40
12	42
12	44
12	46
12	47
12	49
12	55
12	56
12	57
12	65
12	66
12	67
12	68
12	69
12	74
12	75
12	76
12	77
12	81
12	82
12	83
12	84
12	85
12	89
12	90
12	91
12	93
12	94
12	95
12	96
12	97
12	98
12	99
12	100
12	101
12	102
12	103
12	104
12	105
12	106
12	107
12	108
12	109
12	110
12	111
12	112
12	113
12	114
12	115
12	116
12	117
12	118
12	119
12	120
12	121
12	122
12	123
12	124
12	125
12	126
12	127
12	128
12	129
12	130
12	131
12	132
12	133
12	134
12	135
12	136
12	137
12	138
12	139
12	140
12	141
12	142
12	143
12	144
12	145
12	146
12	147
12	148
12	149
12	150
12	151
12	152
12	153
12	154
12	155
12	156
12	157
12	158
13	23
13	32
13	33
13	37
13	38
13	39
13	40
13	46
13	47
13	48
13	55
13	56
13	65
13	66
13	67
13	68
13	69
13	74
13	75
13	76
13	77
13	81
13	82
13	83
13	84
13	85
13	89
13	90
13	91
13	93
13	94
13	95
13	96
13	97
13	98
13	99
13	100
13	101
13	102
13	103
13	104
13	105
13	106
13	107
13	108
13	109
13	110
13	111
13	112
13	113
13	114
13	115
13	116
13	117
13	118
13	119
13	120
13	121
13	122
13	123
13	124
13	125
13	126
13	127
13	128
13	129
13	130
13	131
13	132
13	133
13	134
13	135
13	136
13	137
13	138
13	139
13	140
13	141
13	142
13	143
13	144
13	145
13	146
13	147
13	148
13	149
13	150
13	151
13	152
13	153
13	154
13	155
13	156
13	157
13	158
14	23
14	32
14	33
14	37
14	38
14	39
14	40
14	46
14	47
14	48
14	55
14	56
14	65
14	66
14	67
14	68
14	69
14	74
14	75
14	76
14	77
14	81
14	82
14	83
14	84
14	85
14	89
14	90
14	91
14	93
14	94
14	95
14	96
14	97
14	98
14	99
14	100
14	101
14	102
14	103
14	104
14	105
14	106
14	107
14	108
14	109
14	110
14	111
14	112
14	113
14	114
14	115
14	116
14	117
14	118
14	119
14	120
14	121
14	122
14	123
14	124
14	125
14	126
14	127
14	128
14	129
14	130
14	131
14	132
14	133
14	134
14	135
14	136
14	137
14	138
14	139
14	140
14	141
14	142
14	143
14	144
14	145
14	146
14	147
14	148
14	149
14	150
14	151
14	152
14	153
14	154
14	155
14	156
14	157
14	158
15	23
15	26
15	33
15	40
15	42
15	44
15	47
15	66
15	74
15	76
15	77
15	84
15	85
15	89
15	90
15	94
15	97
15	100
15	104
15	105
15	107
15	110
15	111
15	112
15	113
15	115
15	118
15	120
15	121
15	122
15	123
15	124
15	125
15	126
15	127
15	128
15	129
15	130
15	131
15	132
15	133
15	134
15	135
15	136
15	137
15	138
15	139
15	140
15	141
15	142
15	143
15	144
15	145
15	146
15	147
15	148
15	149
15	150
15	151
15	152
15	153
15	154
15	155
15	156
15	157
15	158
16	23
16	26
16	33
16	40
16	42
16	44
16	47
16	66
16	74
16	76
16	77
16	84
16	85
16	89
16	90
16	94
16	97
16	100
16	104
16	105
16	107
16	110
16	111
16	112
16	113
16	115
16	118
16	120
16	121
16	122
16	123
16	124
16	125
16	126
16	127
16	128
16	129
16	130
16	131
16	132
16	133
16	134
16	135
16	136
16	137
16	138
16	139
16	140
16	141
16	142
16	143
16	144
16	145
16	146
16	147
16	148
16	149
16	150
16	151
16	152
16	153
16	154
16	155
16	156
16	157
16	158
17	125
17	128
17	134
17	135
17	138
17	139
17	140
17	142
17	143
17	144
17	145
17	146
17	147
17	148
17	149
17	150
17	151
17	152
17	153
17	154
17	155
17	156
17	157
17	158
18	33
18	47
18	66
18	89
18	94
18	97
18	100
18	104
18	105
18	107
18	110
18	111
18	112
18	113
18	115
18	118
18	120
18	121
18	122
18	123
18	124
18	125
18	126
18	127
18	128
18	129
18	130
18	131
18	132
18	133
18	134
18	135
18	136
18	137
18	138
18	139
18	140
18	141
18	142
18	143
18	144
18	145
18	146
18	147
18	148
18	149
18	150
18	151
18	152
18	153
18	154
18	155
18	156
18	157
18	158
19	125
19	128
19	134
19	135
19	138
19	139
19	140
19	142
19	143
19	144
19	145
19	146
19	147
19	148
19	149
19	150
19	151
19	152
19	153
19	154
19	155
19	156
19	157
19	158
20	47
20	97
20	107
20	112
20	118
20	124
20	125
20	126
20	127
20	128
20	129
20	130
20	131
20	132
20	133
20	134
20	135
20	136
20	137
20	138
20	139
20	140
20	141
20	142
20	143
20	144
20	145
20	146
20	147
20	148
20	149
20	150
20	151
20	152
20	153
20	154
20	155
20	156
20	157
20	158
21	47
21	97
21	107
21	112
21	118
21	124
21	125
21	126
21	127
21	128
21	129
21	130
21	131
21	132
21	133
21	134
21	135
21	136
21	137
21	138
21	139
21	140
21	141
21	142
21	143
21	144
21	145
21	146
21	147
21	148
21	149
21	150
21	151
21	152
21	153
21	154
21	155
21	156
21	157
21	158
22	97
22	107
22	112
22	118
22	124
22	125
22	126
22	127
22	128
22	129
22	130
22	131
22	132
22	133
22	134
22	135
22	136
22	137
22	138
22	139
22	140
22	141
22	142
22	143
22	144
22	145
22	146
22	147
22	148
22	149
22	150
22	151
22	152
22	153
22	154
22	155
22	156
22	157
22	158
23	42
23	44
23	66
23	67
23	69
23	83
23	89
23	91
23	94
23	95
23	97
23	98
23	99
23	100
23	103
23	104
23	105
23	106
23	107
23	108
23	109
23	110
23	111
23	112
23	113
23	115
23	116
23	118
23	119
23	120
23	121
23	122
23	123
23	124
23	125
23	126
23	127
23	128
23	129
23	130
23	131
23	132
23	133
23	134
23	135
23	136
23	137
23	138
23	139
23	140
23	141
23	142
23	143
23	144
23	145
23	146
23	147
23	148
23	149
23	150
23	151
23	152
23	153
23	154
23	155
23	156
23	157
23	158
24	44
24	66
24	89
24	94
24	97
24	100
24	104
24	105
24	107
24	110
24	111
24	112
24	113
24	115
24	118
24	120
24	121
24	122
24	123
24	124
24	125
24	126
24	127
24	128
24	129
24	130
24	131
24	132
24	133
24	134
24	135
24	136
24	137
24	138
24	139
24	140
24	141
24	142
24	143
24	144
24	145
24	146
24	147
24	148
24	149
24	150
24	151
24	152
24	153
24	154
24	155
24	156
24	157
24	158
25	97
25	107
25	112
25	118
25	124
25	125
25	126
25	127
25	128
25	129
25	130
25	131
25	132
25	133
25	134
25	135
25	136
25	137
25	138
25	139
25	140
25	141
25	142
25	143
25	144
25	145
25	146
25	147
25	148
25	149
25	150
25	151
25	152
25	153
25	154
25	155
25	156
25	157
25	158
26	66
26	67
26	69
26	83
26	89
26	91
26	94
26	95
26	97
26	98
26	99
26	100
26	103
26	104
26	105
26	106
26	107
26	108
26	109
26	110
26	111
26	112
26	113
26	115
26	116
26	118
26	119
26	120
26	121
26	122
26	123
26	124
26	125
26	126
26	127
26	128
26	129
26	130
26	131
26	132
26	133
26	134
26	135
26	136
26	137
26	138
26	139
26	140
26	141
26	142
26	143
26	144
26	145
26	146
26	147
26	148
26	149
26	150
26	151
26	152
26	153
26	154
26	155
26	156
26	157
26	158
27	97
27	107
27	112
27	118
27	124
27	125
27	126
27	127
27	128
27	129
27	130
27	131
27	132
27	133
27	134
27	135
27	136
27	137
27	138
27	139
27	140
27	141
27	142
27	143
27	144
27	145
27	146
27	147
27	148
27	149
27	150
27	151
27	152
27	153
27	154
27	155
27	156
27	157
27	158
28	66
28	67
28	69
28	83
28	89
28	91
28	94
28	95
28	97
28	100
28	103
28	104
28	105
28	106
28	107
28	109
28	110
28	111
28	112
28	113
28	115
28	118
28	120
28	121
28	122
28	123
28	124
28	125
28	126
28	127
28	128
28	129
28	130
28	131
28	132
28	133
28	134
28	135
28	136
28	137
28	138
28	139
28	140
28	141
28	142
28	143
28	144
28	145
28	146
28	147
28	148
28	149
28	150
28	151
28	152
28	153
28	154
28	155
28	156
28	157
28	158
29	91
29	94
29	100
29	107
29	125
29	127
29	128
29	131
29	133
29	134
29	135
29	138
29	139
29	140
29	142
29	143
29	144
29	145
29	146
29	147
29	148
29	149
29	150
29	151
29	152
29	153
29	154
29	155
29	156
29	157
29	158
30	66
30	67
30	69
30	83
30	89
30	91
30	94
30	95
30	97
30	100
30	103
30	104
30	105
30	106
30	107
30	109
30	110
30	111
30	112
30	113
30	115
30	118
30	120
30	121
30	122
30	123
30	124
30	125
30	126
30	127
30	128
30	129
30	130
30	131
30	132
30	133
30	134
30	135
30	136
30	137
30	138
30	139
30	140
30	141
30	142
30	143
30	144
30	145
30	146
30	147
30	148
30	149
30	150
30	151
30	152
30	153
30	154
30	155
30	156
30	157
30	158
31	66
31	67
31	69
31	83
31	89
31	91
31	94
31	95
31	97
31	100
31	103
31	104
31	105
31	106
31	107
31	109
31	110
31	111
31	112
31	113
31	115
31	118
31	120
31	121
31	122
31	123
31	124
31	125
31	126
31	127
31	128
31	129
31	130
31	131
31	132
31	133
31	134
31	135
31	136
31	137
31	138
31	139
31	140
31	141
31	142
31	143
31	144
31	145
31	146
31	147
31	148
31	149
31	150
31	151
31	152
31	153
31	154
31	155
31	156
31	157
31	158
32	44
32	66
32	67
32	69
32	83
32	89
32	91
32	94
32	95
32	97
32	100
32	103
32	104
32	105
32	106
32	107
32	109
32	110
32	111
32	112
32	113
32	115
32	118
32	120
32	121
32	122
32	123
32	124
32	125
32	126
32	127
32	128
32	129
32	130
32	131
32	132
32	133
32	134
32	135
32	136
32	137
32	138
32	139
32	140
32	141
32	142
32	143
32	144
32	145
32	146
32	147
32	148
32	149
32	150
32	151
32	152
32	153
32	154
32	155
32	156
32	157
32	158
33	41
33	42
33	43
33	44
33	65
33	66
33	67
33	68
33	69
33	70
33	71
33	74
33	75
33	76
33	77
33	80
33	81
33	82
33	83
33	84
33	85
33	86
33	87
33	88
33	89
33	90
33	91
33	92
33	93
33	94
33	95
33	96
33	97
33	98
33	99
33	100
33	101
33	102
33	103
33	104
33	105
33	106
33	107
33	108
33	109
33	110
33	111
33	112
33	113
33	114
33	115
33	116
33	117
33	118
33	119
33	120
33	121
33	122
33	123
33	124
33	125
33	126
33	127
33	128
33	129
33	130
33	131
33	132
33	133
33	134
33	135
33	136
33	137
33	138
33	139
33	140
33	141
33	142
33	143
33	144
33	145
33	146
33	147
33	148
33	149
33	150
33	151
33	152
33	153
33	154
33	155
33	156
33	157
33	158
34	107
34	125
34	127
34	128
34	131
34	133
34	134
34	135
34	138
34	139
34	140
34	142
34	143
34	144
34	145
34	146
34	147
34	148
34	149
34	150
34	151
34	152
34	153
34	154
34	155
34	156
34	157
34	158
35	125
35	128
35	134
35	135
35	138
35	139
35	140
35	142
35	143
35	144
35	145
35	146
35	147
35	148
35	149
35	150
35	151
35	152
35	153
35	154
35	155
35	156
35	157
35	158
36	125
36	127
36	128
36	133
36	134
36	135
36	138
36	139
36	140
36	142
36	143
36	144
36	145
36	146
36	147
36	148
36	149
36	150
36	151
36	152
36	153
36	154
36	155
36	156
36	157
36	158
37	44
37	69
37	91
37	94
37	100
37	107
37	125
37	127
37	128
37	131
37	133
37	134
37	135
37	138
37	139
37	140
37	142
37	143
37	144
37	145
37	146
37	147
37	148
37	149
37	150
37	151
37	152
37	153
37	154
37	155
37	156
37	157
37	158
38	89
38	91
38	94
38	97
38	100
38	104
38	105
38	107
38	109
38	110
38	112
38	118
38	121
38	123
38	124
38	125
38	126
38	127
38	128
38	129
38	130
38	131
38	132
38	133
38	134
38	135
38	136
38	137
38	138
38	139
38	140
38	141
38	142
38	143
38	144
38	145
38	146
38	147
38	148
38	149
38	150
38	151
38	152
38	153
38	154
38	155
38	156
38	157
38	158
39	74
39	75
39	76
39	77
39	84
39	85
39	89
39	90
39	91
39	94
39	96
39	97
39	100
39	104
39	105
39	107
39	109
39	110
39	112
39	118
39	121
39	123
39	124
39	125
39	126
39	127
39	128
39	129
39	130
39	131
39	132
39	133
39	134
39	135
39	136
39	137
39	138
39	139
39	140
39	141
39	142
39	143
39	144
39	145
39	146
39	147
39	148
39	149
39	150
39	151
39	152
39	153
39	154
39	155
39	156
39	157
39	158
40	44
40	66
40	67
40	69
40	83
40	89
40	91
40	94
40	95
40	97
40	98
40	99
40	100
40	103
40	104
40	105
40	106
40	107
40	108
40	109
40	110
40	111
40	112
40	113
40	115
40	116
40	118
40	119
40	120
40	121
40	122
40	123
40	124
40	125
40	126
40	127
40	128
40	129
40	130
40	131
40	132
40	133
40	134
40	135
40	136
40	137
40	138
40	139
40	140
40	141
40	142
40	143
40	144
40	145
40	146
40	147
40	148
40	149
40	150
40	151
40	152
40	153
40	154
40	155
40	156
40	157
40	158
41	66
41	67
41	69
41	83
41	89
41	91
41	94
41	95
41	97
41	98
41	99
41	100
41	103
41	104
41	105
41	106
41	107
41	108
41	109
41	110
41	111
41	112
41	113
41	115
41	116
41	118
41	119
41	120
41	121
41	122
41	123
41	124
41	125
41	126
41	127
41	128
41	129
41	130
41	131
41	132
41	133
41	134
41	135
41	136
41	137
41	138
41	139
41	140
41	141
41	142
41	143
41	144
41	145
41	146
41	147
41	148
41	149
41	150
41	151
41	152
41	153
41	154
41	155
41	156
41	157
41	158
42	55
42	56
42	66
42	67
42	69
42	71
42	74
42	75
42	76
42	77
42	80
42	81
42	82
42	83
42	84
42	85
42	86
42	87
42	88
42	89
42	90
42	91
42	92
42	93
42	94
42	95
42	96
42	97
42	98
42	99
42	100
42	101
42	102
42	103
42	104
42	105
42	106
42	107
42	108
42	109
42	110
42	111
42	112
42	113
42	115
42	116
42	118
42	119
42	120
42	121
42	122
42	123
42	124
42	125
42	126
42	127
42	128
42	129
42	130
42	131
42	132
42	133
42	134
42	135
42	136
42	137
42	138
42	139
42	140
42	141
42	142
42	143
42	144
42	145
42	146
42	147
42	148
42	149
42	150
42	151
42	152
42	153
42	154
42	155
42	156
42	157
42	158
43	66
43	67
43	69
43	83
43	89
43	91
43	94
43	95
43	97
43	98
43	99
43	100
43	103
43	104
43	105
43	106
43	107
43	108
43	109
43	110
43	111
43	112
43	113
43	115
43	116
43	118
43	119
43	120
43	121
43	122
43	123
43	124
43	125
43	126
43	127
43	128
43	129
43	130
43	131
43	132
43	133
43	134
43	135
43	136
43	137
43	138
43	139
43	140
43	141
43	142
43	143
43	144
43	145
43	146
43	147
43	148
43	149
43	150
43	151
43	152
43	153
43	154
43	155
43	156
43	157
43	158
44	52
44	55
44	56
44	60
44	65
44	66
44	67
44	68
44	69
44	70
44	71
44	74
44	75
44	76
44	77
44	80
44	81
44	82
44	83
44	84
44	85
44	86
44	87
44	88
44	89
44	90
44	91
44	92
44	93
44	94
44	95
44	96
44	97
44	98
44	99
44	100
44	101
44	102
44	103
44	104
44	105
44	106
44	107
44	108
44	109
44	110
44	111
44	112
44	113
44	114
44	115
44	116
44	117
44	118
44	119
44	120
44	121
44	122
44	123
44	124
44	125
44	126
44	127
44	128
44	129
44	130
44	131
44	132
44	133
44	134
44	135
44	136
44	137
44	138
44	139
44	140
44	141
44	142
44	143
44	144
44	145
44	146
44	147
44	148
44	149
44	150
44	151
44	152
44	153
44	154
44	155
44	156
44	157
44	158
45	125
45	128
45	134
45	135
45	138
45	139
45	140
45	142
45	143
45	144
45	145
45	146
45	147
45	148
45	149
45	150
45	151
45	152
45	153
45	154
45	155
45	156
45	157
45	158
46	74
46	75
46	76
46	77
46	84
46	85
46	89
46	90
46	91
46	94
46	96
46	97
46	100
46	104
46	105
46	107
46	109
46	110
46	112
46	118
46	121
46	123
46	124
46	125
46	126
46	127
46	128
46	129
46	130
46	131
46	132
46	133
46	134
46	135
46	136
46	137
46	138
46	139
46	140
46	141
46	142
46	143
46	144
46	145
46	146
46	147
46	148
46	149
46	150
46	151
46	152
46	153
46	154
46	155
46	156
46	157
46	158
47	62
47	66
47	67
47	69
47	71
47	72
47	73
47	74
47	75
47	76
47	77
47	78
47	79
47	80
47	81
47	82
47	83
47	84
47	85
47	86
47	87
47	88
47	89
47	90
47	91
47	92
47	93
47	94
47	95
47	96
47	97
47	98
47	99
47	100
47	101
47	102
47	103
47	104
47	105
47	106
47	107
47	108
47	109
47	110
47	111
47	112
47	113
47	115
47	116
47	118
47	119
47	120
47	121
47	122
47	123
47	124
47	125
47	126
47	127
47	128
47	129
47	130
47	131
47	132
47	133
47	134
47	135
47	136
47	137
47	138
47	139
47	140
47	141
47	142
47	143
47	144
47	145
47	146
47	147
47	148
47	149
47	150
47	151
47	152
47	153
47	154
47	155
47	156
47	157
47	158
48	66
48	67
48	69
48	71
48	74
48	75
48	76
48	77
48	81
48	82
48	83
48	84
48	85
48	86
48	87
48	88
48	89
48	90
48	91
48	92
48	93
48	94
48	95
48	96
48	97
48	100
48	101
48	102
48	103
48	104
48	105
48	106
48	107
48	109
48	110
48	111
48	112
48	113
48	115
48	118
48	120
48	121
48	122
48	123
48	124
48	125
48	126
48	127
48	128
48	129
48	130
48	131
48	132
48	133
48	134
48	135
48	136
48	137
48	138
48	139
48	140
48	141
48	142
48	143
48	144
48	145
48	146
48	147
48	148
48	149
48	150
48	151
48	152
48	153
48	154
48	155
48	156
48	157
48	158
49	94
49	100
49	107
49	125
49	127
49	128
49	131
49	133
49	134
49	135
49	138
49	139
49	140
49	142
49	143
49	144
49	145
49	146
49	147
49	148
49	149
49	150
49	151
49	152
49	153
49	154
49	155
49	156
49	157
49	158
50	107
50	125
50	128
50	134
50	135
50	138
50	139
50	140
50	142
50	143
50	144
50	145
50	146
50	147
50	148
50	149
50	150
50	151
50	152
50	153
50	154
50	155
50	156
50	157
50	158
51	125
51	128
51	134
51	135
51	138
51	139
51	140
51	142
51	143
51	144
51	145
51	146
51	147
51	148
51	149
51	150
51	151
51	152
51	153
51	154
51	155
51	156
51	157
51	158
52	134
52	138
52	145
52	147
52	148
52	150
52	151
52	152
52	153
52	154
52	155
52	156
52	157
52	158
53	134
53	138
53	145
53	147
53	148
53	150
53	151
53	152
53	153
53	154
53	155
53	156
53	157
53	158
54	107
54	125
54	127
54	128
54	131
54	133
54	134
54	135
54	138
54	139
54	140
54	142
54	143
54	144
54	145
54	146
54	147
54	148
54	149
54	150
54	151
54	152
54	153
54	154
54	155
54	156
54	157
54	158
55	125
55	127
55	128
55	131
55	133
55	134
55	135
55	138
55	139
55	140
55	142
55	143
55	144
55	145
55	146
55	147
55	148
55	149
55	150
55	151
55	152
55	153
55	154
55	155
55	156
55	157
55	158
56	134
56	138
56	145
56	147
56	148
56	150
56	151
56	152
56	153
56	154
56	155
56	156
56	157
56	158
57	134
57	138
57	145
57	147
57	148
57	150
57	151
57	152
57	153
57	154
57	155
57	156
57	157
57	158
58	134
58	138
58	145
58	147
58	148
58	150
58	151
58	152
58	153
58	154
58	155
58	156
58	157
58	158
59	107
59	125
59	127
59	128
59	131
59	133
59	134
59	135
59	138
59	139
59	140
59	142
59	143
59	144
59	145
59	146
59	147
59	148
59	149
59	150
59	151
59	152
59	153
59	154
59	155
59	156
59	157
59	158
60	134
60	154
60	157
60	158
61	134
61	138
61	145
61	147
61	148
61	150
61	151
61	152
61	153
61	154
61	155
61	156
61	157
61	158
62	134
62	138
62	145
62	147
62	148
62	150
62	151
62	152
62	153
62	154
62	155
62	156
62	157
62	158
63	134
63	138
63	145
63	147
63	148
63	150
63	151
63	152
63	153
63	154
63	155
63	156
63	157
63	158
64	134
64	138
64	145
64	147
64	148
64	150
64	151
64	152
64	153
64	154
64	155
64	156
64	157
64	158
65	134
65	154
65	157
65	158
66	134
66	138
66	145
66	147
66	148
66	150
66	151
66	152
66	153
66	154
66	155
66	156
66	157
66	158
67	134
67	154
67	157
67	158
68	134
68	138
68	145
68	147
68	148
68	150
68	151
68	152
68	153
68	154
68	155
68	156
68	157
68	158
69	97
69	107
69	120
69	124
69	125
69	127
69	128
69	131
69	133
69	134
69	135
69	138
69	139
69	140
69	141
69	142
69	143
69	144
69	145
69	146
69	147
69	148
69	149
69	150
69	151
69	152
69	153
69	154
69	155
69	156
69	157
69	158
70	134
70	138
70	140
70	145
70	147
70	148
70	150
70	151
70	152
70	153
70	154
70	155
70	156
70	157
70	158
71	125
71	128
71	134
71	135
71	138
71	139
71	140
71	142
71	143
71	144
71	145
71	146
71	147
71	148
71	149
71	150
71	151
71	152
71	153
71	154
71	155
71	156
71	157
71	158
72	134
72	138
72	145
72	147
72	148
72	150
72	151
72	152
72	153
72	154
72	155
72	156
72	157
72	158
73	125
73	128
73	134
73	135
73	138
73	139
73	140
73	142
73	143
73	144
73	145
73	146
73	147
73	148
73	149
73	150
73	151
73	152
73	153
73	154
73	155
73	156
73	157
73	158
74	125
74	128
74	134
74	135
74	136
74	138
74	139
74	140
74	142
74	143
74	144
74	145
74	146
74	147
74	148
74	149
74	150
74	151
74	152
74	153
74	154
74	155
74	156
74	157
74	158
75	125
75	134
75	138
75	139
75	140
75	142
75	143
75	144
75	145
75	146
75	147
75	148
75	149
75	150
75	151
75	152
75	153
75	154
75	155
75	156
75	157
75	158
76	125
76	128
76	134
76	135
76	136
76	138
76	139
76	140
76	142
76	143
76	144
76	145
76	146
76	147
76	148
76	149
76	150
76	151
76	152
76	153
76	154
76	155
76	156
76	157
76	158
77	97
77	98
77	107
77	124
77	125
77	128
77	134
77	135
77	136
77	138
77	139
77	140
77	141
77	142
77	143
77	144
77	145
77	146
77	147
77	148
77	149
77	150
77	151
77	152
77	153
77	154
77	155
77	156
77	157
77	158
78	134
78	138
78	139
78	145
78	147
78	148
78	150
78	151
78	152
78	153
78	154
78	155
78	156
78	157
78	158
79	134
79	138
79	139
79	145
79	147
79	148
79	150
79	151
79	152
79	153
79	154
79	155
79	156
79	157
79	158
80	134
80	138
80	154
80	157
80	158
81	134
81	138
81	145
81	147
81	148
81	150
81	151
81	152
81	153
81	154
81	155
81	156
81	157
81	158
82	134
82	138
82	145
82	147
82	148
82	150
82	151
82	152
82	153
82	154
82	155
82	156
82	157
82	158
83	134
83	138
83	145
83	147
83	148
83	150
83	151
83	152
83	153
83	154
83	155
83	156
83	157
83	158
84	125
84	134
84	138
84	139
84	140
84	142
84	143
84	144
84	145
84	146
84	147
84	148
84	149
84	150
84	151
84	152
84	153
84	154
84	155
84	156
84	157
84	158
85	134
85	138
85	139
85	142
85	143
85	144
85	145
85	146
85	147
85	148
85	149
85	150
85	151
85	152
85	153
85	154
85	155
85	156
85	157
85	158
86	134
86	138
86	145
86	147
86	148
86	150
86	151
86	152
86	153
86	154
86	155
86	156
86	157
86	158
87	134
87	138
87	154
87	157
87	158
88	134
88	138
88	145
88	147
88	148
88	150
88	151
88	152
88	153
88	154
88	155
88	156
88	157
88	158
89	134
89	138
89	145
89	147
89	148
89	150
89	151
89	152
89	153
89	154
89	155
89	156
89	157
89	158
90	134
90	138
90	145
90	147
90	148
90	150
90	151
90	152
90	153
90	154
90	155
90	156
90	157
90	158
91	125
91	128
91	134
91	135
91	138
91	139
91	140
91	142
91	143
91	144
91	145
91	146
91	147
91	148
91	149
91	150
91	151
91	152
91	153
91	154
91	155
91	156
91	157
91	158
92	134
92	138
92	139
92	142
92	143
92	144
92	145
92	146
92	147
92	148
92	149
92	150
92	151
92	152
92	153
92	154
92	155
92	156
92	157
92	158
93	134
93	138
93	145
93	147
93	148
93	150
93	151
93	152
93	153
93	154
93	155
93	156
93	157
93	158
94	134
94	138
94	142
94	143
94	144
94	145
94	146
94	147
94	148
94	149
94	150
94	151
94	152
94	153
94	154
94	155
94	156
94	157
94	158
95	134
95	138
95	145
95	147
95	148
95	150
95	151
95	152
95	153
95	154
95	155
95	156
95	157
95	158
96	134
96	138
96	139
96	145
96	147
96	148
96	150
96	151
96	152
96	153
96	154
96	155
96	156
96	157
96	158
97	134
97	138
97	139
97	140
97	142
97	143
97	144
97	145
97	146
97	147
97	148
97	149
97	150
97	151
97	152
97	153
97	154
97	155
97	156
97	157
97	158
98	134
98	154
98	157
98	158
99	134
99	154
99	157
99	158
100	134
100	138
100	145
100	147
100	148
100	150
100	151
100	152
100	153
100	154
100	155
100	156
100	157
100	158
101	134
101	138
101	154
101	157
101	158
102	134
102	138
102	145
102	147
102	148
102	150
102	151
102	152
102	153
102	154
102	155
102	156
102	157
102	158
103	134
103	154
103	157
103	158
104	134
104	154
104	157
104	158
105	134
105	145
105	147
105	148
105	150
105	151
105	152
105	153
105	154
105	155
105	156
105	157
105	158
106	134
106	154
106	157
106	158
107	134
107	138
107	145
107	147
107	148
107	150
107	151
107	152
107	153
107	154
107	155
107	156
107	157
107	158
108	134
108	154
108	157
108	158
109	134
110	134
110	138
110	145
110	147
110	148
110	150
110	151
110	152
110	153
110	154
110	155
110	156
110	157
110	158
111	134
111	154
111	157
111	158
112	134
112	138
112	145
112	147
112	148
112	150
112	151
112	152
112	153
112	154
112	155
112	156
112	157
112	158
113	134
113	138
113	145
113	147
113	148
113	150
113	151
113	152
113	153
113	154
113	155
113	156
113	157
113	158
114	134
114	138
114	154
114	157
114	158
115	134
115	154
115	157
115	158
116	134
116	138
116	145
116	147
116	148
116	150
116	151
116	152
116	153
116	154
116	155
116	156
116	157
116	158
117	134
117	154
117	157
117	158
118	134
119	134
120	134
120	138
120	154
120	157
120	158
121	134
121	138
121	154
121	157
121	158
122	134
123	134
123	154
123	157
123	158
124	134
124	154
124	157
124	158
125	134
125	145
125	147
125	148
125	150
125	151
125	152
125	153
125	154
125	155
125	156
125	157
125	158
126	134
127	134
127	154
127	157
127	158
128	134
128	154
128	157
128	158
129	134
129	154
129	157
129	158
130	134
131	134
131	154
131	157
131	158
132	134
132	154
132	157
132	158
133	134
133	138
133	154
133	157
133	158
134	135
134	136
134	137
134	138
134	139
134	140
134	141
134	142
134	143
134	144
134	145
134	146
134	147
134	148
134	149
134	150
134	151
134	152
134	153
134	154
134	155
134	156
134	157
134	158
135	154
135	157
135	158
136	154
136	157
136	158
138	142
138	143
138	144
138	145
138	146
138	147
138	148
138	149
138	150
138	151
138	152
138	153
138	154
138	155
138	156
138	157
138	158
139	145
139	147
139	148
139	150
139	151
139	152
139	153
139	154
139	155
139	156
139	157
139	158
140	154
140	157
140	158