158	1049
1	134
1	138
1	145
1	147
1	148
1	150
1	151
1	152
1	153
1	154
1	155
1	156
1	157
1	158
2	125
2	128
2	134
2	135
2	138
2	139
2	140
2	142
2	143
2	144
2	145
2	146
2	147
2	148
2	149
2	150
2	151
2	152
2	153
2	154
2	155
2	156
2	157
2	158
3	125
3	128
3	134
3	135
3	138
3	139
3	140
3	142
3	143
3	144
3	145
3	146
3	147
3	148
3	149
3	150
3	151
3	152
3	153
3	154
3	155
3	156
3	157
3	158
4	33
4	47
4	66
4	89
4	94
4	97
4	100
4	104
4	105
4	107
4	110
4	111
4	112
4	113
4	115
4	118
4	120
4	121
4	122
4	123
4	124
4	125
4	126
4	127
4	128
4	129
4	130
4	131
4	132
4	133
4	134
4	135
4	136
4	137
4	138
4	139
4	140
4	141
4	142
4	143
4	144
4	145
4	146
4	147
4	148
4	149
4	150
4	151
4	152
4	153
4	154
4	155
4	156
4	157
4	158
5	33
5	47
5	66
5	89
5	94
5	97
5	100
5	104
5	105
5	107
5	110
5	111
5	112
5	113
5	115
5	118
5	120
5	121
5	122
5	123
5	124
5	125
5	126
5	127
5	128
5	129
5	130
5	131
5	132
5	133
5	134
5	135
5	136
5	137
5	138
5	139
5	140
5	141
5	142
5	143
5	144
5	145
5	146
5	147
5	148
5	149
5	150
5	151
5	152
5	153
5	154
5	155
5	156
5	157
5	158
6	125
6	128
6	134
6	135
6	138
6	139
6	140
6	142
6	143
6	144
6	145
6	146
6	147
6	148
6	149
6	150
6	151
6	152
6	153
6	154
6	155
6	156
6	157
6	158
7	125
7	128
7	134
7	135
7	138
7	139
7	140
7	142
7	143
7	144
7	145
7	146
7	147
7	148
7	149
7	150
7	151
7	152
7	153
7	154
7	155
7	156
7	157
7	158
8	134
8	138
8	145
8	147
8	148
8	150
8	151
8	152
8	153
8	154
8	155
8	156
8	157
8	158
9	125
9	128
9	134
9	135
9	138
9	139
9	140
9	142
9	143
9	144
9	145
9	146
9	147
9	148
9	149
9	150
9	151
9	152
9	153
9	154
9	155
9	156
9	157
9	158
10	125
10	128
10	134
10	135
10	138
10	139
10	140
10	142
10	143
10	144
10	145
10	146
10	147
10	148
10	149
10	150
10	151
10	152
10	153
10	154
10	155
10	156
10	157
10	158
11	134
11	138
11	145
11	147
11	148
11	150
11	151
11	152
11	153
11	154
11	155
11	156
11	157
11	158
12	125
12	128
12	134
12	135
12	138
12	139
12	140
12	142
12	143
12	144
12	145
12	146
12	147
12	148
12	149
12	150
12	151
12	152
12	153
12	154
12	155
12	156
12	157
12	158
13	125
13	128
13	134
13	135
13	138
13	139
13	140
13	142
13	143
13	144
13	145
13	146
13	147
13	148
13	149
13	150
13	151
13	152
13	153
13	154
13	155
13	156
13	157
13	158
14	125
14	128
14	134
14	135
14	138
14	139
14	140
14	142
14	143
14	144
14	145
14	146
14	147
14	148
14	149
14	150
14	151
14	152
14	153
14	154
14	155
14	156
14	157
14	158
15	134
15	138
15	145
15	147
15	148
15	150
15	151
15	152
15	153
15	154
15	155
15	156
15	157
15	158
16	134
16	138
16	145
16	147
16	148
16	150
16	151
16	152
16	153
16	154
16	155
16	156
16	157
16	158
17	134
17	154
17	157
17	158
18	134
18	138
18	145
18	147
18	148
18	150
18	151
18	152
18	153
18	154
18	155
18	156
18	157
18	158
19	134
19	154
19	157
19	158
20	134
20	138
20	145
20	147
20	148
20	150
20	151
20	152
20	153
20	154
20	155
20	156
20	157
20	158
21	134
21	138
21	145
21	147
21	148
21	150
21	151
21	152
21	153
21	154
21	155
21	156
21	157
21	158
22	134
22	138
22	145
22	147
22	148
22	150
22	151
22	152
22	153
22	154
22	155
22	156
22	157
22	158
23	125
23	128
23	134
23	135
23	138
23	139
23	140
23	142
23	143
23	144
23	145
23	146
23	147
23	148
23	149
23	150
23	151
23	152
23	153
23	154
23	155
23	156
23	157
23	158
24	134
24	138
24	145
24	147
24	148
24	150
24	151
24	152
24	153
24	154
24	155
24	156
24	157
24	158
25	134
25	138
25	145
25	147
25	148
25	150
25	151
25	152
25	153
25	154
25	155
25	156
25	157
25	158
26	125
26	128
26	134
26	135
26	138
26	139
26	140
26	142
26	143
26	144
26	145
26	146
26	147
26	148
26	149
26	150
26	151
26	152
26	153
26	154
26	155
26	156
26	157
26	158
27	134
27	138
27	145
27	147
27	148
27	150
27	151
27	152
27	153
27	154
27	155
27	156
27	157
27	158
28	134
28	138
28	145
28	147
28	148
28	150
28	151
28	152
28	153
28	154
28	155
28	156
28	157
28	158
29	134
29	154
29	157
29	158
30	134
30	138
30	145
30	147
30	148
30	150
30	151
30	152
30	153
30	154
30	155
30	156
30	157
30	158
31	134
31	138
31	145
31	147
31	148
31	150
31	151
31	152
31	153
31	154
31	155
31	156
31	157
31	158
32	134
32	138
32	145
32	147
32	148
32	150
32	151
32	152
32	153
32	154
32	155
32	156
32	157
32	158
33	107
33	125
33	127
33	128
33	131
33	133
33	134
33	135
33	138
33	139
33	140
33	142
33	143
33	144
33	145
33	146
33	147
33	148
33	149
33	150
33	151
33	152
33	153
33	154
33	155
33	156
33	157
33	158
34	134
34	154
34	157
34	158
35	134
35	154
35	157
35	158
36	134
36	154
36	157
36	158
37	134
37	154
37	157
37	158
38	134
38	138
38	145
38	147
38	148
38	150
38	151
38	152
38	153
38	154
38	155
38	156
38	157
38	158
39	134
39	138
39	145
39	147
39	148
39	150
39	151
39	152
39	153
39	154
39	155
39	156
39	157
39	158
40	125
40	128
40	134
40	135
40	138
40	139
40	140
40	142
40	143
40	144
40	145
40	146
40	147
40	148
40	149
40	150
40	151
40	152
40	153
40	154
40	155
40	156
40	157
40	158
41	125
41	128
41	134
41	135
41	138
41	139
41	140
41	142
41	143
41	144
41	145
41	146
41	147
41	148
41	149
41	150
41	151
41	152
41	153
41	154
41	155
41	156
41	157
41	158
42	125
42	127
42	128
42	133
42	134
42	135
42	138
42	139
42	140
42	142
42	143
42	144
42	145
42	146
42	147
42	148
42	149
42	150
42	151
42	152
42	153
42	154
42	155
42	156
42	157
42	158
43	125
43	128
43	134
43	135
43	138
43	139
43	140
43	142
43	143
43	144
43	145
43	146
43	147
43	148
43	149
43	150
43	151
43	152
43	153
43	154
43	155
43	156
43	157
43	158
44	97
44	107
44	112
44	118
44	124
44	125
44	126
44	127
44	128
44	129
44	130
44	131
44	132
44	133
44	134
44	135
44	136
44	137
44	138
44	139
44	140
44	141
44	142
44	143
44	144
44	145
44	146
44	147
44	148
44	149
44	150
44	151
44	152
44	153
44	154
44	155
44	156
44	157
44	158
45	134
45	154
45	157
45	158
46	134
46	138
46	145
46	147
46	148
46	150
46	151
46	152
46	153
46	154
46	155
46	156
46	157
46	158
47	125
47	127
47	128
47	133
47	134
47	135
47	138
47	139
47	140
47	142
47	143
47	144
47	145
47	146
47	147
47	148
47	149
47	150
47	151
47	152
47	153
47	154
47	155
47	156
47	157
47	158
48	134
48	138
48	145
48	147
48	148
48	150
48	151
48	152
48	153
48	154
48	155
48	156
48	157
48	158
49	134
49	154
49	157
49	158
50	134
50	154
50	157
50	158
51	134
51	154
51	157
51	158
52	134
53	134
54	134
54	154
54	157
54	158
55	134
55	154
55	157
55	158
56	134
57	134
58	134
59	134
59	154
59	157
59	158
60	134
61	134
62	134
63	134
64	134
65	134
66	134
67	134
68	134
69	134
69	154
69	157
69	158
70	134
71	134
71	154
71	157
71	158
72	134
73	134
73	154
73	157
73	158
74	134
74	138
74	154
74	157
74	158
75	134
75	154
75	157
75	158
76	134
76	138
76	154
76	157
76	158
77	134
77	138
77	154
77	157
77	158
78	134
79	134
80	134
81	134
82	134
83	134
84	134
84	154
84	157
84	158
85	134
85	154
85	157
85	158
86	134
87	134
88	134
89	134
90	134
91	134
91	154
91	157
91	158
92	134
92	154
92	157
92	158
93	134
94	134
94	154
94	157
94	158
95	134
96	134
97	134
97	154
97	157
97	158
98	134
99	134
100	134
101	134
102	134
103	134
104	134
105	134
106	134
107	134
108	134
109	134
110	134
111	134
112	134
113	134
114	134
115	134
116	134
117	134
118	134
119	134
120	134
121	134
122	134
123	134
124	134
125	134
126	134
127	134
128	134
129	134
130	134
131	134
132	134
133	134
134	135
134	136
134	137
134	138
134	139
134	140
134	141
134	142
134	143
134	144
134	145
134	146
134	147
134	148
134	149
134	150
134	151
134	152
134	153
134	154
134	155
134	156
134	157
134	158
138	154
138	157
138	158