158	247
1	134
2	134
2	154
2	157
2	158
3	134
3	154
3	157
3	158
4	134
4	138
4	145
4	147
4	148
4	150
4	151
4	152
4	153
4	154
4	155
4	156
4	157
4	158
5	134
5	138
5	145
5	147
5	148
5	150
5	151
5	152
5	153
5	154
5	155
5	156
5	157
5	158
6	134
6	154
6	157
6	158
7	134
7	154
7	157
7	158
8	134
9	134
9	154
9	157
9	158
10	134
10	154
10	157
10	158
11	134
12	134
12	154
12	157
12	158
13	134
13	154
13	157
13	158
14	134
14	154
14	157
14	158
15	134
16	134
17	134
18	134
19	134
20	134
21	134
22	134
23	134
23	154
23	157
23	158
24	134
25	134
26	134
26	154
26	157
26	158
27	134
28	134
29	134
30	134
31	134
32	134
33	134
33	154
33	157
33	158
34	134
35	134
36	134
37	134
38	134
39	134
40	134
40	154
40	157
40	158
41	134
41	154
41	157
41	158
42	134
42	154
42	157
42	158
43	134
43	154
43	157
43	158
44	134
44	138
44	145
44	147
44	148
44	150
44	151
44	152
44	153
44	154
44	155
44	156
44	157
44	158
45	134
46	134
47	134
47	154
47	157
47	158
48	134
49	134
50	134
51	134
52	134
53	134
54	134
55	134
56	134
57	134
58	134
59	134
60	134
61	134
62	134
63	134
64	134
65	134
66	134
67	134
68	134
69	134
70	134
71	134
72	134
73	134
74	134
75	134
76	134
77	134
78	134
79	134
80	134
81	134
82	134
83	134
84	134
85	134
86	134
87	134
88	134
89	134
90	134
91	134
92	134
93	134
94	134
95	134
96	134
97	134
98	134
99	134
100	134
101	134
102	134
103	134
104	134
105	134
106	134
107	134
108	134
109	134
110	134
111	134
112	134
113	134
114	134
115	134
116	134
117	134
118	134
119	134
120	134
121	134
122	134
123	134
124	134
125	134
126	134
127	134
128	134
129	134
130	134
131	134
132	134
133	134
134	135
134	136
134	137
134	138
134	139
134	140
134	141
134	142
134	143
134	144
134	145
134	146
134	147
134	148
134	149
134	150
134	151
134	152
134	153
134	154
134	155
134	156
134	157
134	158