158	2174
1	125
1	128
1	134
1	135
1	138
1	139
1	140
1	142
1	143
1	144
1	145
1	146
1	147
1	148
1	149
1	150
1	151
1	152
1	153
1	154
1	155
1	156
1	157
1	158
2	66
2	89
2	94
2	97
2	100
2	104
2	105
2	107
2	110
2	111
2	112
2	113
2	115
2	118
2	120
2	121
2	122
2	123
2	124
2	125
2	126
2	127
2	128
2	129
2	130
2	131
2	132
2	133
2	134
2	135
2	136
2	137
2	138
2	139
2	140
2	141
2	142
2	143
2	144
2	145
2	146
2	147
2	148
2	149
2	150
2	151
2	152
2	153
2	154
2	155
2	156
2	157
2	158
3	66
3	89
3	94
3	97
3	100
3	104
3	105
3	107
3	110
3	111
3	112
3	113
3	115
3	118
3	120
3	121
3	122
3	123
3	124
3	125
3	126
3	127
3	128
3	129
3	130
3	131
3	132
3	133
3	134
3	135
3	136
3	137
3	138
3	139
3	140
3	141
3	142
3	143
3	144
3	145
3	146
3	147
3	148
3	149
3	150
3	151
3	152
3	153
3	154
3	155
3	156
3	157
3	158
4	23
4	32
4	33
4	37
4	38
4	39
4	40
4	46
4	47
4	48
4	55
4	56
4	65
4	66
4	67
4	68
4	69
4	74
4	75
4	76
4	77
4	81
4	82
4	83
4	84
4	85
4	89
4	90
4	91
4	93
4	94
4	95
4	96
4	97
4	98
4	99
4	100
4	101
4	102
4	103
4	104
4	105
4	106
4	107
4	108
4	109
4	110
4	111
4	112
4	113
4	114
4	115
4	116
4	117
4	118
4	119
4	120
4	121
4	122
4	123
4	124
4	125
4	126
4	127
4	128
4	129
4	130
4	131
4	132
4	133
4	134
4	135
4	136
4	137
4	138
4	139
4	140
4	141
4	142
4	143
4	144
4	145
4	146
4	147
4	148
4	149
4	150
4	151
4	152
4	153
4	154
4	155
4	156
4	157
4	158
5	23
5	32
5	33
5	37
5	38
5	39
5	40
5	46
5	47
5	48
5	55
5	56
5	65
5	66
5	67
5	68
5	69
5	74
5	75
5	76
5	77
5	81
5	82
5	83
5	84
5	85
5	89
5	90
5	91
5	93
5	94
5	95
5	96
5	97
5	98
5	99
5	100
5	101
5	102
5	103
5	104
5	105
5	106
5	107
5	108
5	109
5	110
5	111
5	112
5	113
5	114
5	115
5	116
5	117
5	118
5	119
5	120
5	121
5	122
5	123
5	124
5	125
5	126
5	127
5	128
5	129
5	130
5	131
5	132
5	133
5	134
5	135
5	136
5	137
5	138
5	139
5	140
5	141
5	142
5	143
5	144
5	145
5	146
5	147
5	148
5	149
5	150
5	151
5	152
5	153
5	154
5	155
5	156
5	157
5	158
6	33
6	47
6	66
6	89
6	94
6	97
6	100
6	104
6	105
6	107
6	110
6	111
6	112
6	113
6	115
6	118
6	120
6	121
6	122
6	123
6	124
6	125
6	126
6	127
6	128
6	129
6	130
6	131
6	132
6	133
6	134
6	135
6	136
6	137
6	138
6	139
6	140
6	141
6	142
6	143
6	144
6	145
6	146
6	147
6	148
6	149
6	150
6	151
6	152
6	153
6	154
6	155
6	156
6	157
6	158
7	66
7	89
7	94
7	97
7	100
7	104
7	105
7	107
7	110
7	111
7	112
7	113
7	115
7	118
7	120
7	121
7	122
7	123
7	124
7	125
7	126
7	127
7	128
7	129
7	130
7	131
7	132
7	133
7	134
7	135
7	136
7	137
7	138
7	139
7	140
7	141
7	142
7	143
7	144
7	145
7	146
7	147
7	148
7	149
7	150
7	151
7	152
7	153
7	154
7	155
7	156
7	157
7	158
8	125
8	128
8	134
8	135
8	138
8	139
8	140
8	142
8	143
8	144
8	145
8	146
8	147
8	148
8	149
8	150
8	151
8	152
8	153
8	154
8	155
8	156
8	157
8	158
9	97
9	107
9	112
9	118
9	124
9	125
9	126
9	127
9	128
9	129
9	130
9	131
9	132
9	133
9	134
9	135
9	136
9	137
9	138
9	139
9	140
9	141
9	142
9	143
9	144
9	145
9	146
9	147
9	148
9	149
9	150
9	151
9	152
9	153
9	154
9	155
9	156
9	157
9	158
10	97
10	107
10	112
10	118
10	124
10	125
10	126
10	127
10	128
10	129
10	130
10	131
10	132
10	133
10	134
10	135
10	136
10	137
10	138
10	139
10	140
10	141
10	142
10	143
10	144
10	145
10	146
10	147
10	148
10	149
10	150
10	151
10	152
10	153
10	154
10	155
10	156
10	157
10	158
11	125
11	128
11	134
11	135
11	138
11	139
11	140
11	142
11	143
11	144
11	145
11	146
11	147
11	148
11	149
11	150
11	151
11	152
11	153
11	154
11	155
11	156
11	157
11	158
12	66
12	89
12	94
12	97
12	100
12	104
12	105
12	107
12	110
12	111
12	112
12	113
12	115
12	118
12	120
12	121
12	122
12	123
12	124
12	125
12	126
12	127
12	128
12	129
12	130
12	131
12	132
12	133
12	134
12	135
12	136
12	137
12	138
12	139
12	140
12	141
12	142
12	143
12	144
12	145
12	146
12	147
12	148
12	149
12	150
12	151
12	152
12	153
12	154
12	155
12	156
12	157
12	158
13	33
13	47
13	66
13	89
13	94
13	97
13	100
13	104
13	105
13	107
13	110
13	111
13	112
13	113
13	115
13	118
13	120
13	121
13	122
13	123
13	124
13	125
13	126
13	127
13	128
13	129
13	130
13	131
13	132
13	133
13	134
13	135
13	136
13	137
13	138
13	139
13	140
13	141
13	142
13	143
13	144
13	145
13	146
13	147
13	148
13	149
13	150
13	151
13	152
13	153
13	154
13	155
13	156
13	157
13	158
14	33
14	47
14	66
14	89
14	94
14	97
14	100
14	104
14	105
14	107
14	110
14	111
14	112
14	113
14	115
14	118
14	120
14	121
14	122
14	123
14	124
14	125
14	126
14	127
14	128
14	129
14	130
14	131
14	132
14	133
14	134
14	135
14	136
14	137
14	138
14	139
14	140
14	141
14	142
14	143
14	144
14	145
14	146
14	147
14	148
14	149
14	150
14	151
14	152
14	153
14	154
14	155
14	156
14	157
14	158
15	125
15	128
15	134
15	135
15	138
15	139
15	140
15	142
15	143
15	144
15	145
15	146
15	147
15	148
15	149
15	150
15	151
15	152
15	153
15	154
15	155
15	156
15	157
15	158
16	125
16	128
16	134
16	135
16	138
16	139
16	140
16	142
16	143
16	144
16	145
16	146
16	147
16	148
16	149
16	150
16	151
16	152
16	153
16	154
16	155
16	156
16	157
16	158
17	134
17	138
17	145
17	147
17	148
17	150
17	151
17	152
17	153
17	154
17	155
17	156
17	157
17	158
18	125
18	128
18	134
18	135
18	138
18	139
18	140
18	142
18	143
18	144
18	145
18	146
18	147
18	148
18	149
18	150
18	151
18	152
18	153
18	154
18	155
18	156
18	157
18	158
19	134
19	138
19	145
19	147
19	148
19	150
19	151
19	152
19	153
19	154
19	155
19	156
19	157
19	158
20	125
20	128
20	134
20	135
20	138
20	139
20	140
20	142
20	143
20	144
20	145
20	146
20	147
20	148
20	149
20	150
20	151
20	152
20	153
20	154
20	155
20	156
20	157
20	158
21	125
21	128
21	134
21	135
21	138
21	139
21	140
21	142
21	143
21	144
21	145
21	146
21	147
21	148
21	149
21	150
21	151
21	152
21	153
21	154
21	155
21	156
21	157
21	158
22	125
22	128
22	134
22	135
22	138
22	139
22	140
22	142
22	143
22	144
22	145
22	146
22	147
22	148
22	149
22	150
22	151
22	152
22	153
22	154
22	155
22	156
22	157
22	158
23	97
23	107
23	112
23	118
23	124
23	125
23	126
23	127
23	128
23	129
23	130
23	131
23	132
23	133
23	134
23	135
23	136
23	137
23	138
23	139
23	140
23	141
23	142
23	143
23	144
23	145
23	146
23	147
23	148
23	149
23	150
23	151
23	152
23	153
23	154
23	155
23	156
23	157
23	158
24	125
24	128
24	134
24	135
24	138
24	139
24	140
24	142
24	143
24	144
24	145
24	146
24	147
24	148
24	149
24	150
24	151
24	152
24	153
24	154
24	155
24	156
24	157
24	158
25	125
25	128
25	134
25	135
25	138
25	139
25	140
25	142
25	143
25	144
25	145
25	146
25	147
25	148
25	149
25	150
25	151
25	152
25	153
25	154
25	155
25	156
25	157
25	158
26	97
26	107
26	112
26	118
26	124
26	125
26	126
26	127
26	128
26	129
26	130
26	131
26	132
26	133
26	134
26	135
26	136
26	137
26	138
26	139
26	140
26	141
26	142
26	143
26	144
26	145
26	146
26	147
26	148
26	149
26	150
26	151
26	152
26	153
26	154
26	155
26	156
26	157
26	158
27	125
27	128
27	134
27	135
27	138
27	139
27	140
27	142
27	143
27	144
27	145
27	146
27	147
27	148
27	149
27	150
27	151
27	152
27	153
27	154
27	155
27	156
27	157
27	158
28	107
28	125
28	127
28	128
28	131
28	133
28	134
28	135
28	138
28	139
28	140
28	142
28	143
28	144
28	145
28	146
28	147
28	148
28	149
28	150
28	151
28	152
28	153
28	154
28	155
28	156
28	157
28	158
29	134
29	138
29	145
29	147
29	148
29	150
29	151
29	152
29	153
29	154
29	155
29	156
29	157
29	158
30	107
30	125
30	127
30	128
30	131
30	133
30	134
30	135
30	138
30	139
30	140
30	142
30	143
30	144
30	145
30	146
30	147
30	148
30	149
30	150
30	151
30	152
30	153
30	154
30	155
30	156
30	157
30	158
31	107
31	125
31	127
31	128
31	131
31	133
31	134
31	135
31	138
31	139
31	140
31	142
31	143
31	144
31	145
31	146
31	147
31	148
31	149
31	150
31	151
31	152
31	153
31	154
31	155
31	156
31	157
31	158
32	107
32	125
32	127
32	128
32	131
32	133
32	134
32	135
32	138
32	139
32	140
32	142
32	143
32	144
32	145
32	146
32	147
32	148
32	149
32	150
32	151
32	152
32	153
32	154
32	155
32	156
32	157
32	158
33	44
33	66
33	67
33	69
33	83
33	89
33	91
33	94
33	95
33	97
33	100
33	103
33	104
33	105
33	106
33	107
33	109
33	110
33	111
33	112
33	113
33	115
33	118
33	120
33	121
33	122
33	123
33	124
33	125
33	126
33	127
33	128
33	129
33	130
33	131
33	132
33	133
33	134
33	135
33	136
33	137
33	138
33	139
33	140
33	141
33	142
33	143
33	144
33	145
33	146
33	147
33	148
33	149
33	150
33	151
33	152
33	153
33	154
33	155
33	156
33	157
33	158
34	134
34	138
34	145
34	147
34	148
34	150
34	151
34	152
34	153
34	154
34	155
34	156
34	157
34	158
35	134
35	138
35	145
35	147
35	148
35	150
35	151
35	152
35	153
35	154
35	155
35	156
35	157
35	158
36	134
36	138
36	145
36	147
36	148
36	150
36	151
36	152
36	153
36	154
36	155
36	156
36	157
36	158
37	134
37	138
37	145
37	147
37	148
37	150
37	151
37	152
37	153
37	154
37	155
37	156
37	157
37	158
38	125
38	127
38	128
38	133
38	134
38	135
38	138
38	139
38	140
38	142
38	143
38	144
38	145
38	146
38	147
38	148
38	149
38	150
38	151
38	152
38	153
38	154
38	155
38	156
38	157
38	158
39	125
39	127
39	128
39	133
39	134
39	135
39	138
39	139
39	140
39	142
39	143
39	144
39	145
39	146
39	147
39	148
39	149
39	150
39	151
39	152
39	153
39	154
39	155
39	156
39	157
39	158
40	97
40	107
40	112
40	118
40	124
40	125
40	126
40	127
40	128
40	129
40	130
40	131
40	132
40	133
40	134
40	135
40	136
40	137
40	138
40	139
40	140
40	141
40	142
40	143
40	144
40	145
40	146
40	147
40	148
40	149
40	150
40	151
40	152
40	153
40	154
40	155
40	156
40	157
40	158
41	97
41	107
41	112
41	118
41	124
41	125
41	126
41	127
41	128
41	129
41	130
41	131
41	132
41	133
41	134
41	135
41	136
41	137
41	138
41	139
41	140
41	141
41	142
41	143
41	144
41	145
41	146
41	147
41	148
41	149
41	150
41	151
41	152
41	153
41	154
41	155
41	156
41	157
41	158
42	89
42	91
42	94
42	97
42	100
42	104
42	105
42	107
42	109
42	110
42	112
42	118
42	121
42	123
42	124
42	125
42	126
42	127
42	128
42	129
42	130
42	131
42	132
42	133
42	134
42	135
42	136
42	137
42	138
42	139
42	140
42	141
42	142
42	143
42	144
42	145
42	146
42	147
42	148
42	149
42	150
42	151
42	152
42	153
42	154
42	155
42	156
42	157
42	158
43	97
43	107
43	112
43	118
43	124
43	125
43	126
43	127
43	128
43	129
43	130
43	131
43	132
43	133
43	134
43	135
43	136
43	137
43	138
43	139
43	140
43	141
43	142
43	143
43	144
43	145
43	146
43	147
43	148
43	149
43	150
43	151
43	152
43	153
43	154
43	155
43	156
43	157
43	158
44	66
44	67
44	69
44	83
44	89
44	91
44	94
44	95
44	97
44	98
44	99
44	100
44	103
44	104
44	105
44	106
44	107
44	108
44	109
44	110
44	111
44	112
44	113
44	115
44	116
44	118
44	119
44	120
44	121
44	122
44	123
44	124
44	125
44	126
44	127
44	128
44	129
44	130
44	131
44	132
44	133
44	134
44	135
44	136
44	137
44	138
44	139
44	140
44	141
44	142
44	143
44	144
44	145
44	146
44	147
44	148
44	149
44	150
44	151
44	152
44	153
44	154
44	155
44	156
44	157
44	158
45	134
45	138
45	145
45	147
45	148
45	150
45	151
45	152
45	153
45	154
45	155
45	156
45	157
45	158
46	125
46	127
46	128
46	133
46	134
46	135
46	138
46	139
46	140
46	142
46	143
46	144
46	145
46	146
46	147
46	148
46	149
46	150
46	151
46	152
46	153
46	154
46	155
46	156
46	157
46	158
47	74
47	75
47	76
47	77
47	84
47	85
47	89
47	90
47	91
47	94
47	96
47	97
47	100
47	104
47	105
47	107
47	109
47	110
47	112
47	118
47	121
47	123
47	124
47	125
47	126
47	127
47	128
47	129
47	130
47	131
47	132
47	133
47	134
47	135
47	136
47	137
47	138
47	139
47	140
47	141
47	142
47	143
47	144
47	145
47	146
47	147
47	148
47	149
47	150
47	151
47	152
47	153
47	154
47	155
47	156
47	157
47	158
48	91
48	94
48	100
48	107
48	125
48	127
48	128
48	131
48	133
48	134
48	135
48	138
48	139
48	140
48	142
48	143
48	144
48	145
48	146
48	147
48	148
48	149
48	150
48	151
48	152
48	153
48	154
48	155
48	156
48	157
48	158
49	134
49	138
49	145
49	147
49	148
49	150
49	151
49	152
49	153
49	154
49	155
49	156
49	157
49	158
50	134
50	138
50	145
50	147
50	148
50	150
50	151
50	152
50	153
50	154
50	155
50	156
50	157
50	158
51	134
51	138
51	145
51	147
51	148
51	150
51	151
51	152
51	153
51	154
51	155
51	156
51	157
51	158
52	134
52	154
52	157
52	158
53	134
53	154
53	157
53	158
54	134
54	138
54	145
54	147
54	148
54	150
54	151
54	152
54	153
54	154
54	155
54	156
54	157
54	158
55	134
55	138
55	145
55	147
55	148
55	150
55	151
55	152
55	153
55	154
55	155
55	156
55	157
55	158
56	134
56	154
56	157
56	158
57	134
57	154
57	157
57	158
58	134
58	154
58	157
58	158
59	134
59	138
59	145
59	147
59	148
59	150
59	151
59	152
59	153
59	154
59	155
59	156
59	157
59	158
60	134
61	134
61	154
61	157
61	158
62	134
62	154
62	157
62	158
63	134
63	154
63	157
63	158
64	134
64	154
64	157
64	158
65	134
66	134
66	154
66	157
66	158
67	134
68	134
68	154
68	157
68	158
69	134
69	138
69	140
69	145
69	147
69	148
69	150
69	151
69	152
69	153
69	154
69	155
69	156
69	157
69	158
70	134
70	154
70	157
70	158
71	134
71	138
71	145
71	147
71	148
71	150
71	151
71	152
71	153
71	154
71	155
71	156
71	157
71	158
72	134
72	154
72	157
72	158
73	134
73	138
73	145
73	147
73	148
73	150
73	151
73	152
73	153
73	154
73	155
73	156
73	157
73	158
74	134
74	138
74	139
74	145
74	147
74	148
74	150
74	151
74	152
74	153
74	154
74	155
74	156
74	157
74	158
75	134
75	138
75	145
75	147
75	148
75	150
75	151
75	152
75	153
75	154
75	155
75	156
75	157
75	158
76	134
76	138
76	139
76	145
76	147
76	148
76	150
76	151
76	152
76	153
76	154
76	155
76	156
76	157
76	158
77	134
77	138
77	139
77	145
77	147
77	148
77	150
77	151
77	152
77	153
77	154
77	155
77	156
77	157
77	158
78	134
78	138
78	154
78	157
78	158
79	134
79	138
79	154
79	157
79	158
80	134
81	134
81	154
81	157
81	158
82	134
82	154
82	157
82	158
83	134
83	154
83	157
83	158
84	134
84	138
84	145
84	147
84	148
84	150
84	151
84	152
84	153
84	154
84	155
84	156
84	157
84	158
85	134
85	138
85	145
85	147
85	148
85	150
85	151
85	152
85	153
85	154
85	155
85	156
85	157
85	158
86	134
86	154
86	157
86	158
87	134
88	134
88	154
88	157
88	158
89	134
89	154
89	157
89	158
90	134
90	154
90	157
90	158
91	134
91	138
91	145
91	147
91	148
91	150
91	151
91	152
91	153
91	154
91	155
91	156
91	157
91	158
92	134
92	138
92	145
92	147
92	148
92	150
92	151
92	152
92	153
92	154
92	155
92	156
92	157
92	158
93	134
93	154
93	157
93	158
94	134
94	145
94	147
94	148
94	150
94	151
94	152
94	153
94	154
94	155
94	156
94	157
94	158
95	134
95	154
95	157
95	158
96	134
96	138
96	154
96	157
96	158
97	134
97	138
97	145
97	147
97	148
97	150
97	151
97	152
97	153
97	154
97	155
97	156
97	157
97	158
98	134
99	134
100	134
100	154
100	157
100	158
101	134
102	134
102	154
102	157
102	158
103	134
104	134
105	134
105	154
105	157
105	158
106	134
107	134
107	154
107	157
107	158
108	134
109	134
110	134
110	154
110	157
110	158
111	134
112	134
112	154
112	157
112	158
113	134
113	154
113	157
113	158
114	134
115	134
116	134
116	154
116	157
116	158
117	134
118	134
119	134
120	134
121	134
122	134
123	134
124	134
125	134
125	154
125	157
125	158
126	134
127	134
128	134
129	134
130	134
131	134
132	134
133	134
134	135
134	136
134	137
134	138
134	139
134	140
134	141
134	142
134	143
134	144
134	145
134	146
134	147
134	148
134	149
134	150
134	151
134	152
134	153
134	154
134	155
134	156
134	157
134	158
138	145
138	147
138	148
138	150
138	151
138	152
138	153
138	154
138	155
138	156
138	157
138	158
139	154
139	157
139	158