158	507
1	134
1	154
1	157
1	158
2	134
2	138
2	145
2	147
2	148
2	150
2	151
2	152
2	153
2	154
2	155
2	156
2	157
2	158
3	134
3	138
3	145
3	147
3	148
3	150
3	151
3	152
3	153
3	154
3	155
3	156
3	157
3	158
4	125
4	128
4	134
4	135
4	138
4	139
4	140
4	142
4	143
4	144
4	145
4	146
4	147
4	148
4	149
4	150
4	151
4	152
4	153
4	154
4	155
4	156
4	157
4	158
5	125
5	128
5	134
5	135
5	138
5	139
5	140
5	142
5	143
5	144
5	145
5	146
5	147
5	148
5	149
5	150
5	151
5	152
5	153
5	154
5	155
5	156
5	157
5	158
6	134
6	138
6	145
6	147
6	148
6	150
6	151
6	152
6	153
6	154
6	155
6	156
6	157
6	158
7	134
7	138
7	145
7	147
7	148
7	150
7	151
7	152
7	153
7	154
7	155
7	156
7	157
7	158
8	134
8	154
8	157
8	158
9	134
9	138
9	145
9	147
9	148
9	150
9	151
9	152
9	153
9	154
9	155
9	156
9	157
9	158
10	134
10	138
10	145
10	147
10	148
10	150
10	151
10	152
10	153
10	154
10	155
10	156
10	157
10	158
11	134
11	154
11	157
11	158
12	134
12	138
12	145
12	147
12	148
12	150
12	151
12	152
12	153
12	154
12	155
12	156
12	157
12	158
13	134
13	138
13	145
13	147
13	148
13	150
13	151
13	152
13	153
13	154
13	155
13	156
13	157
13	158
14	134
14	138
14	145
14	147
14	148
14	150
14	151
14	152
14	153
14	154
14	155
14	156
14	157
14	158
15	134
15	154
15	157
15	158
16	134
16	154
16	157
16	158
17	134
18	134
18	154
18	157
18	158
19	134
20	134
20	154
20	157
20	158
21	134
21	154
21	157
21	158
22	134
22	154
22	157
22	158
23	134
23	138
23	145
23	147
23	148
23	150
23	151
23	152
23	153
23	154
23	155
23	156
23	157
23	158
24	134
24	154
24	157
24	158
25	134
25	154
25	157
25	158
26	134
26	138
26	145
26	147
26	148
26	150
26	151
26	152
26	153
26	154
26	155
26	156
26	157
26	158
27	134
27	154
27	157
27	158
28	134
28	154
28	157
28	158
29	134
30	134
30	154
30	157
30	158
31	134
31	154
31	157
31	158
32	134
32	154
32	157
32	158
33	134
33	138
33	145
33	147
33	148
33	150
33	151
33	152
33	153
33	154
33	155
33	156
33	157
33	158
34	134
35	134
36	134
37	134
38	134
38	154
38	157
38	158
39	134
39	154
39	157
39	158
40	134
40	138
40	145
40	147
40	148
40	150
40	151
40	152
40	153
40	154
40	155
40	156
40	157
40	158
41	134
41	138
41	145
41	147
41	148
41	150
41	151
41	152
41	153
41	154
41	155
41	156
41	157
41	158
42	134
42	138
42	145
42	147
42	148
42	150
42	151
42	152
42	153
42	154
42	155
42	156
42	157
42	158
43	134
43	138
43	145
43	147
43	148
43	150
43	151
43	152
43	153
43	154
43	155
43	156
43	157
43	158
44	125
44	128
44	134
44	135
44	138
44	139
44	140
44	142
44	143
44	144
44	145
44	146
44	147
44	148
44	149
44	150
44	151
44	152
44	153
44	154
44	155
44	156
44	157
44	158
45	134
46	134
46	154
46	157
46	158
47	134
47	138
47	145
47	147
47	148
47	150
47	151
47	152
47	153
47	154
47	155
47	156
47	157
47	158
48	134
48	154
48	157
48	158
49	134
50	134
51	134
52	134
53	134
54	134
55	134
56	134
57	134
58	134
59	134
60	134
61	134
62	134
63	134
64	134
65	134
66	134
67	134
68	134
69	134
70	134
71	134
72	134
73	134
74	134
75	134
76	134
77	134
78	134
79	134
80	134
81	134
82	134
83	134
84	134
85	134
86	134
87	134
88	134
89	134
90	134
91	134
92	134
93	134
94	134
95	134
96	134
97	134
98	134
99	134
100	134
101	134
102	134
103	134
104	134
105	134
106	134
107	134
108	134
109	134
110	134
111	134
112	134
113	134
114	134
115	134
116	134
117	134
118	134
119	134
120	134
121	134
122	134
123	134
124	134
125	134
126	134
127	134
128	134
129	134
130	134
131	134
132	134
133	134
134	135
134	136
134	137
134	138
134	139
134	140
134	141
134	142
134	143
134	144
134	145
134	146
134	147
134	148
134	149
134	150
134	151
134	152
134	153
134	154
134	155
134	156
134	157
134	158