242	532
1	50
1	99
2	50
2	99
3	50
3	99
4	50
4	99
5	50
5	99
6	50
6	99
7	50
7	99
8	50
8	99
9	50
9	99
10	50
10	99
11	50
11	99
12	50
12	99
13	50
13	99
14	50
14	99
15	50
15	99
16	50
16	99
17	50
17	99
18	50
18	99
19	50
19	99
20	50
20	99
21	50
21	99
22	50
22	99
23	50
23	99
23	240
24	50
24	99
25	50
25	99
25	240
25	241
25	242
26	50
26	99
27	50
27	99
28	50
28	99
29	50
29	99
30	50
30	99
30	240
30	241
30	242
31	50
31	99
32	50
32	99
32	240
33	50
33	99
33	240
34	50
34	99
35	50
35	99
36	50
36	99
36	184
36	204
36	214
36	219
36	221
36	222
36	223
36	224
36	225
36	226
36	227
36	228
36	229
36	231
36	232
36	233
36	234
36	235
36	236
36	237
36	238
36	239
36	240
36	241
36	242
37	50
37	99
37	226
37	234
37	236
37	240
37	241
37	242
38	50
38	99
39	50
39	99
40	50
40	99
40	240
40	241
40	242
41	50
41	99
42	50
42	99
42	240
43	50
43	99
44	50
44	99
45	50
45	99
45	240
46	50
46	99
47	50
47	99
48	50
48	99
49	50
49	99
50	51
50	52
50	53
50	54
50	55
50	56
50	57
50	58
50	59
50	60
50	61
50	62
50	63
50	64
50	65
50	66
50	67
50	68
50	69
50	70
50	71
50	72
50	73
50	74
50	75
50	76
50	77
50	78
50	79
50	80
50	81
50	82
50	83
50	84
50	85
50	86
50	87
50	88
50	89
50	90
50	91
50	92
50	93
50	94
50	95
50	96
50	97
50	98
50	99
50	100
50	101
50	102
50	103
50	104
50	105
50	106
50	107
50	108
50	109
50	110
50	111
50	112
50	113
50	114
50	115
50	116
50	117
50	118
50	119
50	120
50	121
50	122
50	123
50	124
50	125
50	126
50	127
50	128
50	129
50	130
50	131
50	132
50	133
50	134
50	135
50	136
50	137
50	138
50	139
50	140
50	141
50	142
50	143
50	144
50	145
50	146
50	147
50	148
50	149
50	150
50	151
50	152
50	153
50	154
50	155
50	156
50	157
50	158
50	159
50	160
50	161
50	162
50	163
50	164
50	165
50	166
50	167
50	168
50	169
50	170
50	171
50	172
50	173
50	174
50	175
50	176
50	177
50	178
50	179
50	180
50	181
50	182
50	183
50	184
50	185
50	186
50	187
50	188
50	189
50	190
50	191
50	192
50	193
50	194
50	195
50	196
50	197
50	198
50	199
50	200
50	201
50	202
50	203
50	204
50	205
50	206
50	207
50	208
50	209
50	210
50	211
50	212
50	213
50	214
50	215
50	216
50	217
50	218
50	219
50	220
50	221
50	222
50	223
50	224
50	225
50	226
50	227
50	228
50	229
50	230
50	231
50	232
50	233
50	234
50	235
50	236
50	237
50	238
50	239
50	240
50	241
50	242
51	99
52	99
53	99
53	240
53	241
53	242
54	99
55	99
56	99
57	99
58	99
59	99
60	99
61	99
62	99
63	99
64	99
64	240
64	241
64	242
65	99
66	99
67	99
68	99
69	99
70	99
71	99
72	99
73	99
74	99
75	99
76	99
77	99
78	99
79	99
80	99
81	99
82	99
83	99
84	99
85	99
86	99
87	99
88	99
89	99
90	99
91	99
92	99
93	99
94	99
95	99
96	99
97	99
98	99
99	100
99	101
99	102
99	103
99	104
99	105
99	106
99	107
99	108
99	109
99	110
99	111
99	112
99	113
99	114
99	115
99	116
99	117
99	118
99	119
99	120
99	121
99	122
99	123
99	124
99	125
99	126
99	127
99	128
99	129
99	130
99	131
99	132
99	133
99	134
99	135
99	136
99	137
99	138
99	139
99	140
99	141
99	142
99	143
99	144
99	145
99	146
99	147
99	148
99	149
99	150
99	151
99	152
99	153
99	154
99	155
99	156
99	157
99	158
99	159
99	160
99	161
99	162
99	163
99	164
99	165
99	166
99	167
99	168
99	169
99	170
99	171
99	172
99	173
99	174
99	175
99	176
99	177
99	178
99	179
99	180
99	181
99	182
99	183
99	184
99	185
99	186
99	187
99	188
99	189
99	190
99	191
99	192
99	193
99	194
99	195
99	196
99	197
99	198
99	199
99	200
99	201
99	202
99	203
99	204
99	205
99	206
99	207
99	208
99	209
99	210
99	211
99	212
99	213
99	214
99	215
99	216
99	217
99	218
99	219
99	220
99	221
99	222
99	223
99	224
99	225
99	226
99	227
99	228
99	229
99	230
99	231
99	232
99	233
99	234
99	235
99	236
99	237
99	238
99	239
99	240
99	241
99	242