161	1456
1	6
1	7
1	11
1	28
1	72
1	102
1	144
1	145
2	6
2	7
2	11
2	28
2	72
2	102
2	135
2	136
2	144
2	145
3	6
3	7
3	11
3	28
3	72
3	101
3	102
3	110
3	111
3	113
3	117
3	118
3	119
3	120
3	121
3	122
3	124
3	125
3	126
3	128
3	129
3	133
3	134
3	135
3	136
3	137
3	138
3	139
3	140
3	141
3	143
3	144
3	145
3	146
3	150
3	152
3	153
3	154
3	157
3	158
3	159
3	160
3	161
4	6
4	7
4	11
4	28
4	72
4	102
4	106
4	113
4	117
4	118
4	119
4	120
4	121
4	125
4	132
4	135
4	136
4	144
4	145
4	157
4	158
4	159
4	160
4	161
5	6
5	7
5	11
5	28
5	72
5	102
5	144
5	145
6	7
6	8
6	9
6	10
6	11
6	12
6	13
6	14
6	15
6	16
6	17
6	18
6	19
6	20
6	21
6	22
6	23
6	24
6	25
6	26
6	27
6	28
6	29
6	30
6	31
6	32
6	33
6	34
6	35
6	36
6	37
6	38
6	39
6	40
6	41
6	42
6	43
6	44
6	45
6	46
6	47
6	48
6	49
6	50
6	51
6	52
6	53
6	54
6	55
6	56
6	57
6	58
6	59
6	60
6	61
6	62
6	63
6	64
6	65
6	66
6	67
6	68
6	69
6	70
6	71
6	72
6	73
6	74
6	75
6	76
6	77
6	78
6	79
6	80
6	81
6	82
6	83
6	84
6	85
6	86
6	87
6	88
6	89
6	90
6	91
6	92
6	93
6	94
6	95
6	96
6	97
6	98
6	99
6	100
6	101
6	102
6	103
6	104
6	105
6	106
6	107
6	108
6	109
6	110
6	111
6	112
6	113
6	114
6	115
6	116
6	117
6	118
6	119
6	120
6	121
6	122
6	123
6	124
6	125
6	126
6	127
6	128
6	129
6	130
6	131
6	132
6	133
6	134
6	135
6	136
6	137
6	138
6	139
6	140
6	141
6	142
6	143
6	144
6	145
6	146
6	147
6	148
6	149
6	150
6	151
6	152
6	153
6	154
6	155
6	156
6	157
6	158
6	159
6	160
6	161
7	8
7	9
7	10
7	11
7	12
7	13
7	14
7	15
7	16
7	17
7	18
7	19
7	20
7	21
7	22
7	23
7	24
7	25
7	26
7	27
7	28
7	29
7	30
7	31
7	32
7	33
7	34
7	35
7	36
7	37
7	38
7	39
7	40
7	41
7	42
7	43
7	44
7	45
7	46
7	47
7	48
7	49
7	50
7	51
7	52
7	53
7	54
7	55
7	56
7	57
7	58
7	59
7	60
7	61
7	62
7	63
7	64
7	65
7	66
7	67
7	68
7	69
7	70
7	71
7	72
7	73
7	74
7	75
7	76
7	77
7	78
7	79
7	80
7	81
7	82
7	83
7	84
7	85
7	86
7	87
7	88
7	89
7	90
7	91
7	92
7	93
7	94
7	95
7	96
7	97
7	98
7	99
7	100
7	101
7	102
7	103
7	104
7	105
7	106
7	107
7	108
7	109
7	110
7	111
7	112
7	113
7	114
7	115
7	116
7	117
7	118
7	119
7	120
7	121
7	122
7	123
7	124
7	125
7	126
7	127
7	128
7	129
7	130
7	131
7	132
7	133
7	134
7	135
7	136
7	137
7	138
7	139
7	140
7	141
7	142
7	143
7	144
7	145
7	146
7	147
7	148
7	149
7	150
7	151
7	152
7	153
7	154
7	155
7	156
7	157
7	158
7	159
7	160
7	161
8	11
8	28
8	72
8	102
8	113
8	117
8	118
8	119
8	120
8	121
8	125
8	135
8	136
8	144
8	145
8	157
8	158
8	159
8	160
8	161
9	11
9	28
9	72
9	102
9	144
9	145
10	11
10	28
10	72
10	102
10	113
10	117
10	118
10	119
10	120
10	121
10	125
10	135
10	136
10	144
10	145
10	157
10	158
10	159
10	160
10	161
11	12
11	13
11	14
11	15
11	16
11	17
11	18
11	19
11	20
11	21
11	22
11	23
11	24
11	25
11	26
11	27
11	28
11	29
11	30
11	31
11	32
11	33
11	34
11	35
11	36
11	37
11	38
11	39
11	40
11	41
11	42
11	43
11	44
11	45
11	46
11	47
11	48
11	49
11	50
11	51
11	52
11	53
11	54
11	55
11	56
11	57
11	58
11	59
11	60
11	61
11	62
11	63
11	64
11	65
11	66
11	67
11	68
11	69
11	70
11	71
11	72
11	73
11	74
11	75
11	76
11	77
11	78
11	79
11	80
11	81
11	82
11	83
11	84
11	85
11	86
11	87
11	88
11	89
11	90
11	91
11	92
11	93
11	94
11	95
11	96
11	97
11	98
11	99
11	100
11	101
11	102
11	103
11	104
11	105
11	106
11	107
11	108
11	109
11	110
11	111
11	112
11	113
11	114
11	115
11	116
11	117
11	118
11	119
11	120
11	121
11	122
11	123
11	124
11	125
11	126
11	127
11	128
11	129
11	130
11	131
11	132
11	133
11	134
11	135
11	136
11	137
11	138
11	139
11	140
11	141
11	142
11	143
11	144
11	145
11	146
11	147
11	148
11	149
11	150
11	151
11	152
11	153
11	154
11	155
11	156
11	157
11	158
11	159
11	160
11	161
12	28
12	72
12	102
12	113
12	117
12	118
12	119
12	120
12	121
12	125
12	135
12	136
12	144
12	145
12	157
12	158
12	159
12	160
12	161
13	28
13	72
13	102
13	113
13	117
13	118
13	119
13	120
13	121
13	125
13	135
13	136
13	144
13	145
13	157
13	158
13	159
13	160
13	161
14	28
14	72
14	101
14	102
14	106
14	109
14	110
14	111
14	113
14	114
14	115
14	116
14	117
14	118
14	119
14	120
14	121
14	122
14	123
14	124
14	125
14	126
14	128
14	129
14	130
14	131
14	132
14	133
14	134
14	135
14	136
14	137
14	138
14	139
14	140
14	141
14	142
14	143
14	144
14	145
14	146
14	147
14	148
14	149
14	150
14	151
14	152
14	153
14	154
14	155
14	156
14	157
14	158
14	159
14	160
14	161
15	28
15	72
15	101
15	102
15	106
15	109
15	110
15	111
15	113
15	114
15	115
15	116
15	117
15	118
15	119
15	120
15	121
15	122
15	123
15	124
15	125
15	126
15	128
15	129
15	130
15	131
15	132
15	133
15	134
15	135
15	136
15	137
15	138
15	139
15	140
15	141
15	142
15	143
15	144
15	145
15	146
15	147
15	148
15	149
15	150
15	151
15	152
15	153
15	154
15	155
15	156
15	157
15	158
15	159
15	160
15	161
16	28
16	72
16	102
16	135
16	136
16	144
16	145
16	157
16	158
16	159
16	160
16	161
17	28
17	72
17	102
17	113
17	117
17	118
17	119
17	120
17	121
17	125
17	135
17	136
17	144
17	145
17	157
17	158
17	159
17	160
17	161
18	28
18	72
18	102
18	135
18	136
18	144
18	145
18	157
18	158
18	159
18	160
18	161
19	28
19	72
19	102
19	144
19	145
20	28
20	72
20	102
20	113
20	117
20	118
20	119
20	120
20	121
20	125
20	135
20	136
20	144
20	145
20	157
20	158
20	159
20	160
20	161
21	28
21	72
21	102
21	144
21	145
22	28
22	72
22	102
22	145
23	28
23	72
23	102
23	113
23	117
23	118
23	119
23	120
23	121
23	125
23	135
23	136
23	144
23	145
23	157
23	158
23	159
23	160
23	161
24	28
24	72
24	102
24	135
24	136
24	144
24	145
24	157
24	158
24	159
24	160
24	161
25	28
25	72
25	102
25	144
25	145
26	28
26	72
26	102
26	145
27	28
27	72
27	102
27	144
27	145
28	29
28	30
28	31
28	32
28	33
28	34
28	35
28	36
28	37
28	38
28	39
28	40
28	41
28	42
28	43
28	44
28	45
28	46
28	47
28	48
28	49
28	50
28	51
28	52
28	53
28	54
28	55
28	56
28	57
28	58
28	59
28	60
28	61
28	62
28	63
28	64
28	65
28	66
28	67
28	68
28	69
28	70
28	71
28	72
28	73
28	74
28	75
28	76
28	77
28	78
28	79
28	80
28	81
28	82
28	83
28	84
28	85
28	86
28	87
28	88
28	89
28	90
28	91
28	92
28	93
28	94
28	95
28	96
28	97
28	98
28	99
28	100
28	101
28	102
28	103
28	104
28	105
28	106
28	107
28	108
28	109
28	110
28	111
28	112
28	113
28	114
28	115
28	116
28	117
28	118
28	119
28	120
28	121
28	122
28	123
28	124
28	125
28	126
28	127
28	128
28	129
28	130
28	131
28	132
28	133
28	134
28	135
28	136
28	137
28	138
28	139
28	140
28	141
28	142
28	143
28	144
28	145
28	146
28	147
28	148
28	149
28	150
28	151
28	152
28	153
28	154
28	155
28	156
28	157
28	158
28	159
28	160
28	161
29	72
29	102
29	144
29	145
30	72
30	102
30	144
30	145
31	72
31	102
31	144
31	145
32	72
32	102
32	144
32	145
33	72
33	102
33	113
33	117
33	118
33	119
33	120
33	121
33	125
33	135
33	136
33	144
33	145
33	157
33	158
33	159
33	160
33	161
34	72
34	102
34	144
34	145
35	72
35	102
35	144
35	145
36	72
36	102
36	144
36	145
37	72
37	102
37	144
37	145
38	72
38	102
38	144
38	145
39	72
39	102
39	135
39	136
39	144
39	145
39	157
39	158
39	159
39	160
39	161
40	72
40	102
40	144
40	145
41	72
41	102
41	144
41	145
42	72
42	102
42	145
43	72
43	102
43	144
43	145
44	72
44	102
44	144
44	145
45	72
45	102
45	145
46	72
46	102
46	145
47	72
47	101
47	102
47	106
47	110
47	111
47	113
47	114
47	117
47	118
47	119
47	120
47	121
47	122
47	123
47	124
47	125
47	126
47	128
47	129
47	130
47	132
47	133
47	134
47	135
47	136
47	137
47	138
47	139
47	140
47	141
47	142
47	143
47	144
47	145
47	146
47	147
47	148
47	149
47	150
47	151
47	152
47	153
47	154
47	155
47	156
47	157
47	158
47	159
47	160
47	161
48	72
48	101
48	102
48	104
48	105
48	106
48	107
48	108
48	109
48	110
48	111
48	112
48	113
48	114
48	115
48	116
48	117
48	118
48	119
48	120
48	121
48	122
48	123
48	124
48	125
48	126
48	127
48	128
48	129
48	130
48	131
48	132
48	133
48	134
48	135
48	136
48	137
48	138
48	139
48	140
48	141
48	142
48	143
48	144
48	145
48	146
48	147
48	148
48	149
48	150
48	151
48	152
48	153
48	154
48	155
48	156
48	157
48	158
48	159
48	160
48	161
49	72
49	102
49	144
49	145
50	72
50	102
50	144
50	145
51	72
51	102
51	144
51	145
52	72
52	102
52	145
53	72
53	102
54	72
54	102
54	145
55	72
55	102
55	145
56	72
56	102
56	144
56	145
57	72
57	102
57	144
57	145
58	72
58	102
59	72
59	102
60	72
60	102
60	145
61	72
61	102
61	145
62	72
62	102
63	72
63	102
63	145
64	72
64	102
65	72
65	102
66	72
66	102
66	145
67	72
67	102
67	145
68	72
68	102
69	72
69	102
70	72
70	102
70	144
70	145
71	72
71	102
72	73
72	74
72	75
72	76
72	77
72	78
72	79
72	80
72	81
72	82
72	83
72	84
72	85
72	86
72	87
72	88
72	89
72	90
72	91
72	92
72	93
72	94
72	95
72	96
72	97
72	98
72	99
72	100
72	101
72	102
72	103
72	104
72	105
72	106
72	107
72	108
72	109
72	110
72	111
72	112
72	113
72	114
72	115
72	116
72	117
72	118
72	119
72	120
72	121
72	122
72	123
72	124
72	125
72	126
72	127
72	128
72	129
72	130
72	131
72	132
72	133
72	134
72	135
72	136
72	137
72	138
72	139
72	140
72	141
72	142
72	143
72	144
72	145
72	146
72	147
72	148
72	149
72	150
72	151
72	152
72	153
72	154
72	155
72	156
72	157
72	158
72	159
72	160
72	161
73	102
73	145
74	102
74	145
75	102
76	102
76	145
77	102
78	102
79	102
80	102
80	145
81	102
82	102
83	102
84	102
85	102
86	102
86	145
87	102
87	145
88	102
89	102
90	102
90	145
91	102
92	102
93	102
93	145
94	102
95	102
96	102
97	102
98	102
99	102
100	102
101	102
102	103
102	104
102	105
102	106
102	107
102	108
102	109
102	110
102	111
102	112
102	113
102	114
102	115
102	116
102	117
102	118
102	119
102	120
102	121
102	122
102	123
102	124
102	125
102	126
102	127
102	128
102	129
102	130
102	131
102	132
102	133
102	134
102	135
102	136
102	137
102	138
102	139
102	140
102	141
102	142
102	143
102	144
102	145
102	146
102	147
102	148
102	149
102	150
102	151
102	152
102	153
102	154
102	155
102	156
102	157
102	158
102	159
102	160
102	161
106	145