161	4491
1	6
1	7
1	11
1	28
1	48
1	72
1	101
1	102
1	106
1	109
1	110
1	111
1	113
1	114
1	115
1	116
1	117
1	118
1	119
1	120
1	121
1	122
1	123
1	124
1	125
1	126
1	128
1	129
1	130
1	131
1	132
1	133
1	134
1	135
1	136
1	137
1	138
1	139
1	140
1	141
1	142
1	143
1	144
1	145
1	146
1	147
1	148
1	149
1	150
1	151
1	152
1	153
1	154
1	155
1	156
1	157
1	158
1	159
1	160
1	161
2	6
2	7
2	11
2	14
2	15
2	28
2	72
2	101
2	102
2	104
2	106
2	109
2	110
2	111
2	112
2	113
2	114
2	115
2	116
2	117
2	118
2	119
2	120
2	121
2	122
2	123
2	124
2	125
2	126
2	127
2	128
2	129
2	130
2	131
2	132
2	133
2	134
2	135
2	136
2	137
2	138
2	139
2	140
2	141
2	142
2	143
2	144
2	145
2	146
2	147
2	148
2	149
2	150
2	151
2	152
2	153
2	154
2	155
2	156
2	157
2	158
2	159
2	160
2	161
3	6
3	7
3	10
3	11
3	12
3	13
3	14
3	15
3	17
3	28
3	48
3	64
3	68
3	69
3	71
3	72
3	74
3	80
3	81
3	82
3	85
3	89
3	91
3	95
3	96
3	98
3	100
3	101
3	102
3	103
3	104
3	105
3	106
3	107
3	108
3	109
3	110
3	111
3	112
3	113
3	114
3	115
3	116
3	117
3	118
3	119
3	120
3	121
3	122
3	123
3	124
3	125
3	126
3	127
3	128
3	129
3	130
3	131
3	132
3	133
3	134
3	135
3	136
3	137
3	138
3	139
3	140
3	141
3	142
3	143
3	144
3	145
3	146
3	147
3	148
3	149
3	150
3	151
3	152
3	153
3	154
3	155
3	156
3	157
3	158
3	159
3	160
3	161
4	6
4	7
4	10
4	11
4	12
4	13
4	14
4	15
4	16
4	17
4	18
4	20
4	24
4	28
4	33
4	47
4	48
4	52
4	54
4	60
4	61
4	63
4	64
4	66
4	71
4	72
4	73
4	74
4	75
4	76
4	77
4	78
4	79
4	80
4	81
4	82
4	83
4	84
4	85
4	86
4	87
4	88
4	89
4	90
4	91
4	92
4	93
4	94
4	95
4	96
4	97
4	98
4	99
4	100
4	101
4	102
4	103
4	104
4	105
4	106
4	107
4	108
4	109
4	110
4	111
4	112
4	113
4	114
4	115
4	116
4	117
4	118
4	119
4	120
4	121
4	122
4	123
4	124
4	125
4	126
4	127
4	128
4	129
4	130
4	131
4	132
4	133
4	134
4	135
4	136
4	137
4	138
4	139
4	140
4	141
4	142
4	143
4	144
4	145
4	146
4	147
4	148
4	149
4	150
4	151
4	152
4	153
4	154
4	155
4	156
4	157
4	158
4	159
4	160
4	161
5	6
5	7
5	11
5	14
5	15
5	28
5	48
5	72
5	74
5	78
5	80
5	86
5	87
5	89
5	90
5	92
5	94
5	96
5	98
5	100
5	101
5	102
5	105
5	106
5	107
5	108
5	109
5	110
5	111
5	113
5	114
5	115
5	116
5	117
5	118
5	119
5	120
5	121
5	122
5	123
5	124
5	125
5	126
5	128
5	129
5	130
5	131
5	132
5	133
5	134
5	135
5	136
5	137
5	138
5	139
5	140
5	141
5	142
5	143
5	144
5	145
5	146
5	147
5	148
5	149
5	150
5	151
5	152
5	153
5	154
5	155
5	156
5	157
5	158
5	159
5	160
5	161
6	7
6	8
6	9
6	10
6	11
6	12
6	13
6	14
6	15
6	16
6	17
6	18
6	19
6	20
6	21
6	22
6	23
6	24
6	25
6	26
6	27
6	28
6	29
6	30
6	31
6	32
6	33
6	34
6	35
6	36
6	37
6	38
6	39
6	40
6	41
6	42
6	43
6	44
6	45
6	46
6	47
6	48
6	49
6	50
6	51
6	52
6	53
6	54
6	55
6	56
6	57
6	58
6	59
6	60
6	61
6	62
6	63
6	64
6	65
6	66
6	67
6	68
6	69
6	70
6	71
6	72
6	73
6	74
6	75
6	76
6	77
6	78
6	79
6	80
6	81
6	82
6	83
6	84
6	85
6	86
6	87
6	88
6	89
6	90
6	91
6	92
6	93
6	94
6	95
6	96
6	97
6	98
6	99
6	100
6	101
6	102
6	103
6	104
6	105
6	106
6	107
6	108
6	109
6	110
6	111
6	112
6	113
6	114
6	115
6	116
6	117
6	118
6	119
6	120
6	121
6	122
6	123
6	124
6	125
6	126
6	127
6	128
6	129
6	130
6	131
6	132
6	133
6	134
6	135
6	136
6	137
6	138
6	139
6	140
6	141
6	142
6	143
6	144
6	145
6	146
6	147
6	148
6	149
6	150
6	151
6	152
6	153
6	154
6	155
6	156
6	157
6	158
6	159
6	160
6	161
7	8
7	9
7	10
7	11
7	12
7	13
7	14
7	15
7	16
7	17
7	18
7	19
7	20
7	21
7	22
7	23
7	24
7	25
7	26
7	27
7	28
7	29
7	30
7	31
7	32
7	33
7	34
7	35
7	36
7	37
7	38
7	39
7	40
7	41
7	42
7	43
7	44
7	45
7	46
7	47
7	48
7	49
7	50
7	51
7	52
7	53
7	54
7	55
7	56
7	57
7	58
7	59
7	60
7	61
7	62
7	63
7	64
7	65
7	66
7	67
7	68
7	69
7	70
7	71
7	72
7	73
7	74
7	75
7	76
7	77
7	78
7	79
7	80
7	81
7	82
7	83
7	84
7	85
7	86
7	87
7	88
7	89
7	90
7	91
7	92
7	93
7	94
7	95
7	96
7	97
7	98
7	99
7	100
7	101
7	102
7	103
7	104
7	105
7	106
7	107
7	108
7	109
7	110
7	111
7	112
7	113
7	114
7	115
7	116
7	117
7	118
7	119
7	120
7	121
7	122
7	123
7	124
7	125
7	126
7	127
7	128
7	129
7	130
7	131
7	132
7	133
7	134
7	135
7	136
7	137
7	138
7	139
7	140
7	141
7	142
7	143
7	144
7	145
7	146
7	147
7	148
7	149
7	150
7	151
7	152
7	153
7	154
7	155
7	156
7	157
7	158
7	159
7	160
7	161
8	11
8	14
8	15
8	24
8	28
8	47
8	48
8	72
8	74
8	78
8	80
8	82
8	85
8	86
8	87
8	89
8	90
8	92
8	94
8	96
8	98
8	100
8	101
8	102
8	103
8	104
8	105
8	106
8	107
8	108
8	109
8	110
8	111
8	112
8	113
8	114
8	115
8	116
8	117
8	118
8	119
8	120
8	121
8	122
8	123
8	124
8	125
8	126
8	127
8	128
8	129
8	130
8	131
8	132
8	133
8	134
8	135
8	136
8	137
8	138
8	139
8	140
8	141
8	142
8	143
8	144
8	145
8	146
8	147
8	148
8	149
8	150
8	151
8	152
8	153
8	154
8	155
8	156
8	157
8	158
8	159
8	160
8	161
9	11
9	28
9	72
9	101
9	102
9	106
9	109
9	110
9	111
9	113
9	114
9	115
9	116
9	117
9	118
9	119
9	120
9	121
9	122
9	123
9	124
9	125
9	126
9	128
9	129
9	130
9	131
9	132
9	133
9	134
9	135
9	136
9	137
9	138
9	139
9	140
9	141
9	142
9	143
9	144
9	145
9	146
9	147
9	148
9	149
9	150
9	151
9	152
9	153
9	154
9	155
9	156
9	157
9	158
9	159
9	160
9	161
10	11
10	28
10	72
10	74
10	78
10	80
10	82
10	85
10	86
10	87
10	89
10	90
10	92
10	94
10	96
10	98
10	100
10	101
10	102
10	103
10	104
10	105
10	106
10	107
10	108
10	109
10	110
10	111
10	112
10	113
10	114
10	115
10	116
10	117
10	118
10	119
10	120
10	121
10	122
10	123
10	124
10	125
10	126
10	127
10	128
10	129
10	130
10	131
10	132
10	133
10	134
10	135
10	136
10	137
10	138
10	139
10	140
10	141
10	142
10	143
10	144
10	145
10	146
10	147
10	148
10	149
10	150
10	151
10	152
10	153
10	154
10	155
10	156
10	157
10	158
10	159
10	160
10	161
11	12
11	13
11	14
11	15
11	16
11	17
11	18
11	19
11	20
11	21
11	22
11	23
11	24
11	25
11	26
11	27
11	28
11	29
11	30
11	31
11	32
11	33
11	34
11	35
11	36
11	37
11	38
11	39
11	40
11	41
11	42
11	43
11	44
11	45
11	46
11	47
11	48
11	49
11	50
11	51
11	52
11	53
11	54
11	55
11	56
11	57
11	58
11	59
11	60
11	61
11	62
11	63
11	64
11	65
11	66
11	67
11	68
11	69
11	70
11	71
11	72
11	73
11	74
11	75
11	76
11	77
11	78
11	79
11	80
11	81
11	82
11	83
11	84
11	85
11	86
11	87
11	88
11	89
11	90
11	91
11	92
11	93
11	94
11	95
11	96
11	97
11	98
11	99
11	100
11	101
11	102
11	103
11	104
11	105
11	106
11	107
11	108
11	109
11	110
11	111
11	112
11	113
11	114
11	115
11	116
11	117
11	118
11	119
11	120
11	121
11	122
11	123
11	124
11	125
11	126
11	127
11	128
11	129
11	130
11	131
11	132
11	133
11	134
11	135
11	136
11	137
11	138
11	139
11	140
11	141
11	142
11	143
11	144
11	145
11	146
11	147
11	148
11	149
11	150
11	151
11	152
11	153
11	154
11	155
11	156
11	157
11	158
11	159
11	160
11	161
12	28
12	72
12	74
12	78
12	80
12	82
12	85
12	86
12	87
12	89
12	90
12	92
12	94
12	96
12	98
12	100
12	101
12	102
12	103
12	104
12	105
12	106
12	107
12	108
12	109
12	110
12	111
12	112
12	113
12	114
12	115
12	116
12	117
12	118
12	119
12	120
12	121
12	122
12	123
12	124
12	125
12	126
12	127
12	128
12	129
12	130
12	131
12	132
12	133
12	134
12	135
12	136
12	137
12	138
12	139
12	140
12	141
12	142
12	143
12	144
12	145
12	146
12	147
12	148
12	149
12	150
12	151
12	152
12	153
12	154
12	155
12	156
12	157
12	158
12	159
12	160
12	161
13	28
13	72
13	74
13	78
13	80
13	82
13	85
13	86
13	87
13	89
13	90
13	92
13	94
13	96
13	98
13	100
13	101
13	102
13	103
13	104
13	105
13	106
13	107
13	108
13	109
13	110
13	111
13	112
13	113
13	114
13	115
13	116
13	117
13	118
13	119
13	120
13	121
13	122
13	123
13	124
13	125
13	126
13	127
13	128
13	129
13	130
13	131
13	132
13	133
13	134
13	135
13	136
13	137
13	138
13	139
13	140
13	141
13	142
13	143
13	144
13	145
13	146
13	147
13	148
13	149
13	150
13	151
13	152
13	153
13	154
13	155
13	156
13	157
13	158
13	159
13	160
13	161
14	28
14	36
14	40
14	41
14	44
14	45
14	46
14	48
14	49
14	50
14	52
14	54
14	60
14	61
14	63
14	64
14	66
14	67
14	68
14	69
14	70
14	71
14	72
14	73
14	74
14	75
14	76
14	77
14	78
14	79
14	80
14	81
14	82
14	83
14	84
14	85
14	86
14	87
14	88
14	89
14	90
14	91
14	92
14	93
14	94
14	95
14	96
14	97
14	98
14	99
14	100
14	101
14	102
14	103
14	104
14	105
14	106
14	107
14	108
14	109
14	110
14	111
14	112
14	113
14	114
14	115
14	116
14	117
14	118
14	119
14	120
14	121
14	122
14	123
14	124
14	125
14	126
14	127
14	128
14	129
14	130
14	131
14	132
14	133
14	134
14	135
14	136
14	137
14	138
14	139
14	140
14	141
14	142
14	143
14	144
14	145
14	146
14	147
14	148
14	149
14	150
14	151
14	152
14	153
14	154
14	155
14	156
14	157
14	158
14	159
14	160
14	161
15	28
15	36
15	40
15	41
15	44
15	45
15	46
15	48
15	49
15	50
15	52
15	54
15	60
15	61
15	63
15	64
15	66
15	67
15	68
15	69
15	70
15	71
15	72
15	73
15	74
15	75
15	76
15	77
15	78
15	79
15	80
15	81
15	82
15	83
15	84
15	85
15	86
15	87
15	88
15	89
15	90
15	91
15	92
15	93
15	94
15	95
15	96
15	97
15	98
15	99
15	100
15	101
15	102
15	103
15	104
15	105
15	106
15	107
15	108
15	109
15	110
15	111
15	112
15	113
15	114
15	115
15	116
15	117
15	118
15	119
15	120
15	121
15	122
15	123
15	124
15	125
15	126
15	127
15	128
15	129
15	130
15	131
15	132
15	133
15	134
15	135
15	136
15	137
15	138
15	139
15	140
15	141
15	142
15	143
15	144
15	145
15	146
15	147
15	148
15	149
15	150
15	151
15	152
15	153
15	154
15	155
15	156
15	157
15	158
15	159
15	160
15	161
16	28
16	72
16	101
16	102
16	104
16	105
16	106
16	107
16	108
16	109
16	110
16	111
16	112
16	113
16	114
16	115
16	116
16	117
16	118
16	119
16	120
16	121
16	122
16	123
16	124
16	125
16	126
16	127
16	128
16	129
16	130
16	131
16	132
16	133
16	134
16	135
16	136
16	137
16	138
16	139
16	140
16	141
16	142
16	143
16	144
16	145
16	146
16	147
16	148
16	149
16	150
16	151
16	152
16	153
16	154
16	155
16	156
16	157
16	158
16	159
16	160
16	161
17	28
17	48
17	72
17	74
17	78
17	80
17	82
17	85
17	86
17	87
17	89
17	90
17	92
17	94
17	96
17	98
17	100
17	101
17	102
17	103
17	104
17	105
17	106
17	107
17	108
17	109
17	110
17	111
17	112
17	113
17	114
17	115
17	116
17	117
17	118
17	119
17	120
17	121
17	122
17	123
17	124
17	125
17	126
17	127
17	128
17	129
17	130
17	131
17	132
17	133
17	134
17	135
17	136
17	137
17	138
17	139
17	140
17	141
17	142
17	143
17	144
17	145
17	146
17	147
17	148
17	149
17	150
17	151
17	152
17	153
17	154
17	155
17	156
17	157
17	158
17	159
17	160
17	161
18	28
18	72
18	101
18	102
18	104
18	105
18	106
18	107
18	108
18	109
18	110
18	111
18	112
18	113
18	114
18	115
18	116
18	117
18	118
18	119
18	120
18	121
18	122
18	123
18	124
18	125
18	126
18	127
18	128
18	129
18	130
18	131
18	132
18	133
18	134
18	135
18	136
18	137
18	138
18	139
18	140
18	141
18	142
18	143
18	144
18	145
18	146
18	147
18	148
18	149
18	150
18	151
18	152
18	153
18	154
18	155
18	156
18	157
18	158
18	159
18	160
18	161
19	28
19	72
19	101
19	102
19	106
19	109
19	110
19	111
19	113
19	114
19	115
19	116
19	117
19	118
19	119
19	120
19	121
19	122
19	123
19	124
19	125
19	126
19	128
19	129
19	130
19	131
19	132
19	133
19	134
19	135
19	136
19	137
19	138
19	139
19	140
19	141
19	142
19	143
19	144
19	145
19	146
19	147
19	148
19	149
19	150
19	151
19	152
19	153
19	154
19	155
19	156
19	157
19	158
19	159
19	160
19	161
20	28
20	72
20	74
20	78
20	80
20	82
20	85
20	86
20	87
20	89
20	90
20	92
20	94
20	96
20	98
20	100
20	101
20	102
20	103
20	104
20	105
20	106
20	107
20	108
20	109
20	110
20	111
20	112
20	113
20	114
20	115
20	116
20	117
20	118
20	119
20	120
20	121
20	122
20	123
20	124
20	125
20	126
20	127
20	128
20	129
20	130
20	131
20	132
20	133
20	134
20	135
20	136
20	137
20	138
20	139
20	140
20	141
20	142
20	143
20	144
20	145
20	146
20	147
20	148
20	149
20	150
20	151
20	152
20	153
20	154
20	155
20	156
20	157
20	158
20	159
20	160
20	161
21	28
21	72
21	101
21	102
21	106
21	109
21	110
21	111
21	113
21	114
21	115
21	116
21	117
21	118
21	119
21	120
21	121
21	122
21	123
21	124
21	125
21	126
21	128
21	129
21	130
21	131
21	132
21	133
21	134
21	135
21	136
21	137
21	138
21	139
21	140
21	141
21	142
21	143
21	144
21	145
21	146
21	147
21	148
21	149
21	150
21	151
21	152
21	153
21	154
21	155
21	156
21	157
21	158
21	159
21	160
21	161
22	28
22	72
22	101
22	102
22	106
22	110
22	111
22	113
22	114
22	117
22	118
22	119
22	120
22	121
22	122
22	123
22	124
22	125
22	126
22	128
22	129
22	130
22	132
22	133
22	134
22	135
22	136
22	137
22	138
22	139
22	140
22	141
22	142
22	143
22	144
22	145
22	146
22	147
22	148
22	149
22	150
22	151
22	152
22	153
22	154
22	155
22	156
22	157
22	158
22	159
22	160
22	161
23	28
23	72
23	74
23	78
23	80
23	82
23	85
23	86
23	87
23	89
23	90
23	92
23	94
23	96
23	98
23	100
23	101
23	102
23	103
23	104
23	105
23	106
23	107
23	108
23	109
23	110
23	111
23	112
23	113
23	114
23	115
23	116
23	117
23	118
23	119
23	120
23	121
23	122
23	123
23	124
23	125
23	126
23	127
23	128
23	129
23	130
23	131
23	132
23	133
23	134
23	135
23	136
23	137
23	138
23	139
23	140
23	141
23	142
23	143
23	144
23	145
23	146
23	147
23	148
23	149
23	150
23	151
23	152
23	153
23	154
23	155
23	156
23	157
23	158
23	159
23	160
23	161
24	28
24	52
24	72
24	101
24	102
24	104
24	105
24	106
24	107
24	108
24	109
24	110
24	111
24	112
24	113
24	114
24	115
24	116
24	117
24	118
24	119
24	120
24	121
24	122
24	123
24	124
24	125
24	126
24	127
24	128
24	129
24	130
24	131
24	132
24	133
24	134
24	135
24	136
24	137
24	138
24	139
24	140
24	141
24	142
24	143
24	144
24	145
24	146
24	147
24	148
24	149
24	150
24	151
24	152
24	153
24	154
24	155
24	156
24	157
24	158
24	159
24	160
24	161
25	28
25	72
25	101
25	102
25	106
25	109
25	110
25	111
25	113
25	114
25	115
25	116
25	117
25	118
25	119
25	120
25	121
25	122
25	123
25	124
25	125
25	126
25	128
25	129
25	130
25	131
25	132
25	133
25	134
25	135
25	136
25	137
25	138
25	139
25	140
25	141
25	142
25	143
25	144
25	145
25	146
25	147
25	148
25	149
25	150
25	151
25	152
25	153
25	154
25	155
25	156
25	157
25	158
25	159
25	160
25	161
26	28
26	72
26	102
26	113
26	117
26	118
26	119
26	120
26	121
26	125
26	135
26	136
26	144
26	145
26	157
26	158
26	159
26	160
26	161
27	28
27	72
27	101
27	102
27	106
27	109
27	110
27	111
27	113
27	114
27	115
27	116
27	117
27	118
27	119
27	120
27	121
27	122
27	123
27	124
27	125
27	126
27	128
27	129
27	130
27	131
27	132
27	133
27	134
27	135
27	136
27	137
27	138
27	139
27	140
27	141
27	142
27	143
27	144
27	145
27	146
27	147
27	148
27	149
27	150
27	151
27	152
27	153
27	154
27	155
27	156
27	157
27	158
27	159
27	160
27	161
28	29
28	30
28	31
28	32
28	33
28	34
28	35
28	36
28	37
28	38
28	39
28	40
28	41
28	42
28	43
28	44
28	45
28	46
28	47
28	48
28	49
28	50
28	51
28	52
28	53
28	54
28	55
28	56
28	57
28	58
28	59
28	60
28	61
28	62
28	63
28	64
28	65
28	66
28	67
28	68
28	69
28	70
28	71
28	72
28	73
28	74
28	75
28	76
28	77
28	78
28	79
28	80
28	81
28	82
28	83
28	84
28	85
28	86
28	87
28	88
28	89
28	90
28	91
28	92
28	93
28	94
28	95
28	96
28	97
28	98
28	99
28	100
28	101
28	102
28	103
28	104
28	105
28	106
28	107
28	108
28	109
28	110
28	111
28	112
28	113
28	114
28	115
28	116
28	117
28	118
28	119
28	120
28	121
28	122
28	123
28	124
28	125
28	126
28	127
28	128
28	129
28	130
28	131
28	132
28	133
28	134
28	135
28	136
28	137
28	138
28	139
28	140
28	141
28	142
28	143
28	144
28	145
28	146
28	147
28	148
28	149
28	150
28	151
28	152
28	153
28	154
28	155
28	156
28	157
28	158
28	159
28	160
28	161
29	72
29	101
29	102
29	106
29	109
29	110
29	111
29	113
29	114
29	115
29	116
29	117
29	118
29	119
29	120
29	121
29	122
29	123
29	124
29	125
29	126
29	128
29	129
29	130
29	131
29	132
29	133
29	134
29	135
29	136
29	137
29	138
29	139
29	140
29	141
29	142
29	143
29	144
29	145
29	146
29	147
29	148
29	149
29	150
29	151
29	152
29	153
29	154
29	155
29	156
29	157
29	158
29	159
29	160
29	161
30	72
30	101
30	102
30	106
30	109
30	110
30	111
30	113
30	114
30	115
30	116
30	117
30	118
30	119
30	120
30	121
30	122
30	123
30	124
30	125
30	126
30	128
30	129
30	130
30	131
30	132
30	133
30	134
30	135
30	136
30	137
30	138
30	139
30	140
30	141
30	142
30	143
30	144
30	145
30	146
30	147
30	148
30	149
30	150
30	151
30	152
30	153
30	154
30	155
30	156
30	157
30	158
30	159
30	160
30	161
31	72
31	101
31	102
31	106
31	109
31	110
31	111
31	113
31	114
31	115
31	116
31	117
31	118
31	119
31	120
31	121
31	122
31	123
31	124
31	125
31	126
31	128
31	129
31	130
31	131
31	132
31	133
31	134
31	135
31	136
31	137
31	138
31	139
31	140
31	141
31	142
31	143
31	144
31	145
31	146
31	147
31	148
31	149
31	150
31	151
31	152
31	153
31	154
31	155
31	156
31	157
31	158
31	159
31	160
31	161
32	72
32	101
32	102
32	106
32	109
32	110
32	111
32	113
32	114
32	115
32	116
32	117
32	118
32	119
32	120
32	121
32	122
32	123
32	124
32	125
32	126
32	128
32	129
32	130
32	131
32	132
32	133
32	134
32	135
32	136
32	137
32	138
32	139
32	140
32	141
32	142
32	143
32	144
32	145
32	146
32	147
32	148
32	149
32	150
32	151
32	152
32	153
32	154
32	155
32	156
32	157
32	158
32	159
32	160
32	161
33	72
33	74
33	78
33	80
33	82
33	85
33	86
33	87
33	89
33	90
33	92
33	94
33	96
33	98
33	100
33	101
33	102
33	103
33	104
33	105
33	106
33	107
33	108
33	109
33	110
33	111
33	112
33	113
33	114
33	115
33	116
33	117
33	118
33	119
33	120
33	121
33	122
33	123
33	124
33	125
33	126
33	127
33	128
33	129
33	130
33	131
33	132
33	133
33	134
33	135
33	136
33	137
33	138
33	139
33	140
33	141
33	142
33	143
33	144
33	145
33	146
33	147
33	148
33	149
33	150
33	151
33	152
33	153
33	154
33	155
33	156
33	157
33	158
33	159
33	160
33	161
34	72
34	101
34	102
34	106
34	109
34	110
34	111
34	113
34	114
34	115
34	116
34	117
34	118
34	119
34	120
34	121
34	122
34	123
34	124
34	125
34	126
34	128
34	129
34	130
34	131
34	132
34	133
34	134
34	135
34	136
34	137
34	138
34	139
34	140
34	141
34	142
34	143
34	144
34	145
34	146
34	147
34	148
34	149
34	150
34	151
34	152
34	153
34	154
34	155
34	156
34	157
34	158
34	159
34	160
34	161
35	72
35	101
35	102
35	106
35	109
35	110
35	111
35	113
35	114
35	115
35	116
35	117
35	118
35	119
35	120
35	121
35	122
35	123
35	124
35	125
35	126
35	128
35	129
35	130
35	131
35	132
35	133
35	134
35	135
35	136
35	137
35	138
35	139
35	140
35	141
35	142
35	143
35	144
35	145
35	146
35	147
35	148
35	149
35	150
35	151
35	152
35	153
35	154
35	155
35	156
35	157
35	158
35	159
35	160
35	161
36	72
36	74
36	80
36	89
36	96
36	98
36	100
36	101
36	102
36	105
36	106
36	107
36	108
36	109
36	110
36	111
36	113
36	114
36	115
36	116
36	117
36	118
36	119
36	120
36	121
36	122
36	123
36	124
36	125
36	126
36	128
36	129
36	130
36	131
36	132
36	133
36	134
36	135
36	136
36	137
36	138
36	139
36	140
36	141
36	142
36	143
36	144
36	145
36	146
36	147
36	148
36	149
36	150
36	151
36	152
36	153
36	154
36	155
36	156
36	157
36	158
36	159
36	160
36	161
37	72
37	101
37	102
37	106
37	109
37	110
37	111
37	113
37	114
37	117
37	118
37	119
37	120
37	121
37	122
37	123
37	124
37	125
37	126
37	128
37	129
37	130
37	131
37	132
37	133
37	134
37	135
37	136
37	137
37	138
37	139
37	140
37	141
37	142
37	143
37	144
37	145
37	146
37	147
37	148
37	149
37	150
37	151
37	152
37	153
37	154
37	155
37	156
37	157
37	158
37	159
37	160
37	161
38	72
38	101
38	102
38	106
38	109
38	110
38	111
38	113
38	114
38	115
38	116
38	117
38	118
38	119
38	120
38	121
38	122
38	123
38	124
38	125
38	126
38	128
38	129
38	130
38	131
38	132
38	133
38	134
38	135
38	136
38	137
38	138
38	139
38	140
38	141
38	142
38	143
38	144
38	145
38	146
38	147
38	148
38	149
38	150
38	151
38	152
38	153
38	154
38	155
38	156
38	157
38	158
38	159
38	160
38	161
39	72
39	101
39	102
39	104
39	105
39	106
39	107
39	108
39	109
39	110
39	111
39	112
39	113
39	114
39	115
39	116
39	117
39	118
39	119
39	120
39	121
39	122
39	123
39	124
39	125
39	126
39	127
39	128
39	129
39	130
39	131
39	132
39	133
39	134
39	135
39	136
39	137
39	138
39	139
39	140
39	141
39	142
39	143
39	144
39	145
39	146
39	147
39	148
39	149
39	150
39	151
39	152
39	153
39	154
39	155
39	156
39	157
39	158
39	159
39	160
39	161
40	72
40	74
40	78
40	80
40	86
40	87
40	89
40	90
40	92
40	94
40	96
40	98
40	100
40	101
40	102
40	105
40	106
40	107
40	108
40	109
40	110
40	111
40	113
40	114
40	115
40	116
40	117
40	118
40	119
40	120
40	121
40	122
40	123
40	124
40	125
40	126
40	128
40	129
40	130
40	131
40	132
40	133
40	134
40	135
40	136
40	137
40	138
40	139
40	140
40	141
40	142
40	143
40	144
40	145
40	146
40	147
40	148
40	149
40	150
40	151
40	152
40	153
40	154
40	155
40	156
40	157
40	158
40	159
40	160
40	161
41	72
41	74
41	80
41	89
41	96
41	98
41	100
41	101
41	102
41	105
41	106
41	107
41	108
41	109
41	110
41	111
41	113
41	114
41	115
41	116
41	117
41	118
41	119
41	120
41	121
41	122
41	123
41	124
41	125
41	126
41	128
41	129
41	130
41	131
41	132
41	133
41	134
41	135
41	136
41	137
41	138
41	139
41	140
41	141
41	142
41	143
41	144
41	145
41	146
41	147
41	148
41	149
41	150
41	151
41	152
41	153
41	154
41	155
41	156
41	157
41	158
41	159
41	160
41	161
42	72
42	102
42	106
42	113
42	117
42	118
42	119
42	120
42	121
42	125
42	132
42	135
42	136
42	144
42	145
42	157
42	158
42	159
42	160
42	161
43	72
43	101
43	102
43	106
43	109
43	110
43	111
43	113
43	114
43	115
43	116
43	117
43	118
43	119
43	120
43	121
43	122
43	123
43	124
43	125
43	126
43	128
43	129
43	130
43	131
43	132
43	133
43	134
43	135
43	136
43	137
43	138
43	139
43	140
43	141
43	142
43	143
43	144
43	145
43	146
43	147
43	148
43	149
43	150
43	151
43	152
43	153
43	154
43	155
43	156
43	157
43	158
43	159
43	160
43	161
44	72
44	74
44	89
44	98
44	100
44	101
44	102
44	105
44	106
44	107
44	108
44	109
44	110
44	111
44	113
44	114
44	115
44	116
44	117
44	118
44	119
44	120
44	121
44	122
44	123
44	124
44	125
44	126
44	128
44	129
44	130
44	131
44	132
44	133
44	134
44	135
44	136
44	137
44	138
44	139
44	140
44	141
44	142
44	143
44	144
44	145
44	146
44	147
44	148
44	149
44	150
44	151
44	152
44	153
44	154
44	155
44	156
44	157
44	158
44	159
44	160
44	161
45	72
45	102
45	106
45	113
45	120
45	121
45	132
45	135
45	136
45	144
45	145
45	157
45	158
45	159
45	160
45	161
46	72
46	102
46	106
46	113
46	117
46	118
46	119
46	120
46	121
46	125
46	132
46	135
46	136
46	144
46	145
46	157
46	158
46	159
46	160
46	161
47	52
47	54
47	63
47	64
47	69
47	72
47	74
47	77
47	78
47	80
47	82
47	83
47	84
47	85
47	86
47	87
47	88
47	89
47	90
47	91
47	92
47	94
47	96
47	97
47	98
47	100
47	101
47	102
47	103
47	104
47	105
47	106
47	107
47	108
47	109
47	110
47	111
47	112
47	113
47	114
47	115
47	116
47	117
47	118
47	119
47	120
47	121
47	122
47	123
47	124
47	125
47	126
47	127
47	128
47	129
47	130
47	131
47	132
47	133
47	134
47	135
47	136
47	137
47	138
47	139
47	140
47	141
47	142
47	143
47	144
47	145
47	146
47	147
47	148
47	149
47	150
47	151
47	152
47	153
47	154
47	155
47	156
47	157
47	158
47	159
47	160
47	161
48	52
48	53
48	54
48	55
48	56
48	57
48	58
48	60
48	61
48	62
48	63
48	64
48	65
48	66
48	67
48	68
48	69
48	71
48	72
48	73
48	74
48	75
48	76
48	77
48	78
48	79
48	80
48	81
48	82
48	83
48	84
48	85
48	86
48	87
48	88
48	89
48	90
48	91
48	92
48	93
48	94
48	95
48	96
48	97
48	98
48	99
48	100
48	101
48	102
48	103
48	104
48	105
48	106
48	107
48	108
48	109
48	110
48	111
48	112
48	113
48	114
48	115
48	116
48	117
48	118
48	119
48	120
48	121
48	122
48	123
48	124
48	125
48	126
48	127
48	128
48	129
48	130
48	131
48	132
48	133
48	134
48	135
48	136
48	137
48	138
48	139
48	140
48	141
48	142
48	143
48	144
48	145
48	146
48	147
48	148
48	149
48	150
48	151
48	152
48	153
48	154
48	155
48	156
48	157
48	158
48	159
48	160
48	161
49	72
49	101
49	102
49	105
49	106
49	107
49	108
49	109
49	110
49	111
49	113
49	114
49	115
49	116
49	117
49	118
49	119
49	120
49	121
49	122
49	123
49	124
49	125
49	126
49	128
49	129
49	130
49	131
49	132
49	133
49	134
49	135
49	136
49	137
49	138
49	139
49	140
49	141
49	142
49	143
49	144
49	145
49	146
49	147
49	148
49	149
49	150
49	151
49	152
49	153
49	154
49	155
49	156
49	157
49	158
49	159
49	160
49	161
50	72
50	101
50	102
50	105
50	106
50	107
50	108
50	109
50	110
50	111
50	113
50	114
50	115
50	117
50	118
50	119
50	120
50	121
50	122
50	123
50	124
50	125
50	126
50	128
50	129
50	130
50	131
50	132
50	133
50	134
50	135
50	136
50	137
50	138
50	139
50	140
50	141
50	142
50	143
50	144
50	145
50	146
50	147
50	148
50	149
50	150
50	151
50	152
50	153
50	154
50	155
50	156
50	157
50	158
50	159
50	160
50	161
51	72
51	101
51	102
51	105
51	106
51	107
51	108
51	109
51	110
51	111
51	113
51	114
51	115
51	116
51	117
51	118
51	119
51	120
51	121
51	122
51	123
51	124
51	125
51	126
51	128
51	129
51	130
51	131
51	132
51	133
51	134
51	135
51	136
51	137
51	138
51	139
51	140
51	141
51	142
51	143
51	144
51	145
51	146
51	147
51	148
51	149
51	150
51	151
51	152
51	153
51	154
51	155
51	156
51	157
51	158
51	159
51	160
51	161
52	72
52	102
52	113
52	117
52	118
52	119
52	120
52	121
52	125
52	135
52	136
52	144
52	145
52	157
52	158
52	159
52	160
52	161
53	72
53	102
53	135
53	136
53	144
53	145
54	72
54	101
54	102
54	110
54	111
54	113
54	117
54	118
54	119
54	120
54	121
54	122
54	124
54	125
54	126
54	128
54	129
54	133
54	134
54	135
54	136
54	137
54	138
54	139
54	140
54	141
54	143
54	144
54	145
54	146
54	150
54	152
54	153
54	154
54	157
54	158
54	159
54	160
54	161
55	72
55	101
55	102
55	110
55	111
55	113
55	117
55	118
55	119
55	120
55	121
55	122
55	124
55	125
55	126
55	128
55	129
55	133
55	134
55	135
55	136
55	137
55	138
55	139
55	140
55	141
55	143
55	144
55	145
55	146
55	150
55	152
55	153
55	154
55	157
55	158
55	159
55	160
55	161
56	72
56	101
56	102
56	106
56	109
56	110
56	111
56	113
56	114
56	115
56	116
56	117
56	118
56	119
56	120
56	121
56	122
56	123
56	124
56	125
56	126
56	128
56	129
56	130
56	131
56	132
56	133
56	134
56	135
56	136
56	137
56	138
56	139
56	140
56	141
56	142
56	143
56	144
56	145
56	146
56	147
56	148
56	149
56	150
56	151
56	152
56	153
56	154
56	155
56	156
56	157
56	158
56	159
56	160
56	161
57	72
57	101
57	102
57	106
57	109
57	110
57	111
57	113
57	114
57	115
57	117
57	118
57	119
57	120
57	121
57	122
57	123
57	124
57	125
57	126
57	128
57	129
57	130
57	131
57	132
57	133
57	134
57	135
57	136
57	137
57	138
57	139
57	140
57	141
57	142
57	143
57	144
57	145
57	146
57	147
57	148
57	149
57	150
57	151
57	152
57	153
57	154
57	155
57	156
57	157
57	158
57	159
57	160
57	161
58	72
58	102
58	144
58	145
59	72
59	102
59	135
59	136
59	144
59	145
59	157
59	158
59	159
59	160
59	161
60	72
60	102
60	106
60	113
60	117
60	118
60	119
60	120
60	121
60	125
60	132
60	135
60	136
60	144
60	145
60	157
60	158
60	159
60	160
60	161
61	72
61	102
61	106
61	113
61	117
61	118
61	119
61	120
61	121
61	125
61	132
61	135
61	136
61	144
61	145
61	157
61	158
61	159
61	160
61	161
62	72
62	102
62	144
62	145
63	72
63	102
63	113
63	117
63	118
63	119
63	120
63	121
63	125
63	135
63	136
63	144
63	145
63	157
63	158
63	159
63	160
63	161
64	72
64	102
64	119
64	135
64	136
64	144
64	145
65	72
65	102
65	118
65	119
65	135
65	136
65	144
65	145
65	157
65	158
65	159
65	160
65	161
66	72
66	102
66	113
66	117
66	118
66	119
66	120
66	135
66	136
66	144
66	145
66	157
66	158
66	159
66	160
66	161
67	72
67	102
67	113
67	117
67	118
67	119
67	120
67	135
67	136
67	144
67	145
67	157
67	158
67	159
67	160
67	161
68	72
68	102
68	145
69	72
69	102
69	145
70	72
70	74
70	78
70	80
70	86
70	87
70	89
70	90
70	92
70	94
70	96
70	98
70	100
70	101
70	102
70	105
70	106
70	107
70	108
70	109
70	110
70	111
70	113
70	114
70	115
70	116
70	117
70	118
70	119
70	120
70	121
70	122
70	123
70	124
70	125
70	126
70	128
70	129
70	130
70	131
70	132
70	133
70	134
70	135
70	136
70	137
70	138
70	139
70	140
70	141
70	142
70	143
70	144
70	145
70	146
70	147
70	148
70	149
70	150
70	151
70	152
70	153
70	154
70	155
70	156
70	157
70	158
70	159
70	160
70	161
71	72
71	102
71	145
72	73
72	74
72	75
72	76
72	77
72	78
72	79
72	80
72	81
72	82
72	83
72	84
72	85
72	86
72	87
72	88
72	89
72	90
72	91
72	92
72	93
72	94
72	95
72	96
72	97
72	98
72	99
72	100
72	101
72	102
72	103
72	104
72	105
72	106
72	107
72	108
72	109
72	110
72	111
72	112
72	113
72	114
72	115
72	116
72	117
72	118
72	119
72	120
72	121
72	122
72	123
72	124
72	125
72	126
72	127
72	128
72	129
72	130
72	131
72	132
72	133
72	134
72	135
72	136
72	137
72	138
72	139
72	140
72	141
72	142
72	143
72	144
72	145
72	146
72	147
72	148
72	149
72	150
72	151
72	152
72	153
72	154
72	155
72	156
72	157
72	158
72	159
72	160
72	161
73	102
73	106
73	113
73	117
73	118
73	119
73	120
73	121
73	125
73	132
73	135
73	136
73	144
73	145
73	157
73	158
73	159
73	160
73	161
74	102
74	106
74	113
74	117
74	118
74	119
74	120
74	121
74	125
74	132
74	135
74	136
74	144
74	145
74	157
74	158
74	159
74	160
74	161
75	102
75	144
75	145
76	102
76	106
76	113
76	120
76	121
76	132
76	135
76	136
76	144
76	145
76	157
76	158
76	159
76	160
76	161
77	102
77	144
77	145
78	102
78	135
78	136
78	144
78	145
79	102
79	144
79	145
80	102
80	113
80	120
80	135
80	136
80	144
80	145
81	102
81	135
81	136
81	144
81	145
82	102
82	145
83	102
83	145
84	102
84	144
84	145
85	102
85	144
85	145
86	102
86	106
86	113
86	117
86	118
86	119
86	120
86	121
86	125
86	132
86	135
86	136
86	144
86	145
86	157
86	158
86	159
86	160
86	161
87	102
87	106
87	113
87	120
87	121
87	135
87	136
87	144
87	145
87	157
87	158
87	159
87	160
87	161
88	102
88	144
88	145
89	101
89	102
89	119
89	135
89	136
89	137
89	144
89	145
89	146
89	154
89	158
89	160
89	161
90	101
90	102
90	106
90	110
90	111
90	113
90	114
90	117
90	118
90	119
90	120
90	121
90	122
90	124
90	125
90	126
90	128
90	129
90	130
90	132
90	133
90	134
90	135
90	136
90	137
90	138
90	139
90	140
90	141
90	143
90	144
90	145
90	146
90	150
90	151
90	152
90	153
90	154
90	157
90	158
90	159
90	160
90	161
91	102
91	144
91	145
92	102
92	106
92	144
92	145
93	102
93	113
93	120
93	121
93	135
93	136
93	144
93	145
93	157
93	158
93	159
93	160
93	161
94	102
94	106
94	144
94	145
95	102
95	144
95	145
96	102
96	106
96	145
97	102
97	144
97	145
98	102
98	135
98	136
98	144
98	145
99	102
99	135
99	136
99	144
99	145
100	102
100	145
101	102
101	106
101	145
102	103
102	104
102	105
102	106
102	107
102	108
102	109
102	110
102	111
102	112
102	113
102	114
102	115
102	116
102	117
102	118
102	119
102	120
102	121
102	122
102	123
102	124
102	125
102	126
102	127
102	128
102	129
102	130
102	131
102	132
102	133
102	134
102	135
102	136
102	137
102	138
102	139
102	140
102	141
102	142
102	143
102	144
102	145
102	146
102	147
102	148
102	149
102	150
102	151
102	152
102	153
102	154
102	155
102	156
102	157
102	158
102	159
102	160
102	161
104	145
105	119
105	135
105	136
105	144
105	145
106	110
106	111
106	113
106	116
106	117
106	118
106	119
106	120
106	121
106	122
106	124
106	125
106	126
106	128
106	129
106	133
106	134
106	135
106	136
106	137
106	138
106	139
106	140
106	141
106	143
106	144
106	145
106	146
106	150
106	152
106	153
106	154
106	157
106	158
106	159
106	160
106	161
107	145
108	145
114	145
127	145
128	145
129	145
131	145
134	145
135	145
136	145
137	145
144	157
144	158
144	159
144	160
144	161
145	146
145	147
145	148
145	149
145	150
145	151
145	152
145	153
145	154
145	155
145	156
145	157
145	158
145	159
145	160
145	161