309	4254
1	53
1	149
1	152
1	153
1	155
1	159
1	170
1	171
1	172
1	173
1	175
1	177
1	178
1	183
1	184
1	187
1	188
1	189
1	190
1	191
1	192
1	193
1	194
1	197
1	198
1	199
1	202
1	204
1	205
1	206
1	207
1	208
1	211
1	212
1	213
1	214
1	215
1	216
1	217
1	218
1	219
1	220
1	221
1	222
1	223
1	224
1	225
1	226
1	227
1	228
1	229
1	230
1	231
1	232
1	233
1	234
1	235
1	236
1	238
1	239
1	240
1	241
1	242
1	243
1	244
1	245
1	246
1	247
1	248
1	249
1	250
1	251
1	252
1	253
1	254
1	255
1	256
1	257
1	258
1	259
1	260
1	261
1	262
1	263
1	264
1	265
1	266
1	267
1	268
1	269
1	270
1	271
1	272
1	273
1	274
1	275
1	276
1	277
1	278
1	279
1	280
1	281
1	282
1	283
1	284
1	285
1	286
1	287
1	288
1	289
1	290
1	291
1	292
1	293
1	294
1	295
1	296
1	297
1	298
1	299
1	300
1	301
1	302
1	303
1	304
1	305
1	306
1	307
1	308
1	309
2	52
2	53
2	88
2	95
2	106
2	113
2	114
2	115
2	118
2	120
2	123
2	124
2	126
2	127
2	129
2	130
2	131
2	132
2	133
2	134
2	135
2	136
2	137
2	138
2	140
2	141
2	142
2	143
2	144
2	145
2	146
2	147
2	148
2	149
2	150
2	151
2	152
2	153
2	154
2	155
2	156
2	157
2	158
2	159
2	160
2	161
2	162
2	163
2	164
2	165
2	166
2	167
2	168
2	169
2	170
2	171
2	172
2	173
2	174
2	175
2	176
2	177
2	178
2	179
2	180
2	181
2	182
2	183
2	184
2	185
2	186
2	187
2	188
2	189
2	190
2	191
2	192
2	193
2	194
2	195
2	196
2	197
2	198
2	199
2	200
2	201
2	202
2	203
2	204
2	205
2	206
2	207
2	208
2	209
2	210
2	211
2	212
2	213
2	214
2	215
2	216
2	217
2	218
2	219
2	220
2	221
2	222
2	223
2	224
2	225
2	226
2	227
2	228
2	229
2	230
2	231
2	232
2	233
2	234
2	235
2	236
2	237
2	238
2	239
2	240
2	241
2	242
2	243
2	244
2	245
2	246
2	247
2	248
2	249
2	250
2	251
2	252
2	253
2	254
2	255
2	256
2	257
2	258
2	259
2	260
2	261
2	262
2	263
2	264
2	265
2	266
2	267
2	268
2	269
2	270
2	271
2	272
2	273
2	274
2	275
2	276
2	277
2	278
2	279
2	280
2	281
2	282
2	283
2	284
2	285
2	286
2	287
2	288
2	289
2	290
2	291
2	292
2	293
2	294
2	295
2	296
2	297
2	298
2	299
2	300
2	301
2	302
2	303
2	304
2	305
2	306
2	307
2	308
2	309
3	52
3	53
3	106
3	113
3	114
3	115
3	118
3	120
3	123
3	124
3	126
3	129
3	130
3	131
3	132
3	133
3	134
3	135
3	136
3	137
3	140
3	141
3	142
3	143
3	144
3	145
3	146
3	147
3	148
3	149
3	150
3	151
3	152
3	153
3	154
3	155
3	156
3	157
3	158
3	159
3	160
3	161
3	162
3	163
3	164
3	165
3	166
3	167
3	168
3	169
3	170
3	171
3	172
3	173
3	174
3	175
3	176
3	177
3	178
3	179
3	180
3	181
3	182
3	183
3	184
3	185
3	186
3	187
3	188
3	189
3	190
3	191
3	192
3	193
3	194
3	195
3	196
3	197
3	198
3	199
3	200
3	201
3	202
3	203
3	204
3	205
3	206
3	207
3	208
3	209
3	210
3	211
3	212
3	213
3	214
3	215
3	216
3	217
3	218
3	219
3	220
3	221
3	222
3	223
3	224
3	225
3	226
3	227
3	228
3	229
3	230
3	231
3	232
3	233
3	234
3	235
3	236
3	237
3	238
3	239
3	240
3	241
3	242
3	243
3	244
3	245
3	246
3	247
3	248
3	249
3	250
3	251
3	252
3	253
3	254
3	255
3	256
3	257
3	258
3	259
3	260
3	261
3	262
3	263
3	264
3	265
3	266
3	267
3	268
3	269
3	270
3	271
3	272
3	273
3	274
3	275
3	276
3	277
3	278
3	279
3	280
3	281
3	282
3	283
3	284
3	285
3	286
3	287
3	288
3	289
3	290
3	291
3	292
3	293
3	294
3	295
3	296
3	297
3	298
3	299
3	300
3	301
3	302
3	303
3	304
3	305
3	306
3	307
3	308
3	309
4	193
4	218
4	219
4	225
4	232
4	235
4	245
4	246
4	252
4	253
4	255
4	257
4	259
4	260
4	261
4	263
4	267
4	269
4	270
4	272
4	275
4	280
4	281
4	282
4	285
4	286
4	287
4	293
4	295
4	296
4	297
4	299
4	300
4	302
4	303
4	304
4	305
4	306
4	307
4	308
4	309
5	193
5	218
5	219
5	225
5	230
5	232
5	235
5	245
5	246
5	252
5	253
5	255
5	257
5	259
5	260
5	261
5	263
5	267
5	269
5	270
5	272
5	275
5	280
5	281
5	282
5	285
5	286
5	287
5	293
5	295
5	296
5	297
5	299
5	300
5	302
5	303
5	304
5	305
5	306
5	307
5	308
5	309
6	53
6	149
6	152
6	153
6	155
6	159
6	170
6	171
6	172
6	173
6	175
6	177
6	178
6	184
6	187
6	188
6	189
6	190
6	191
6	192
6	193
6	197
6	198
6	199
6	202
6	204
6	205
6	206
6	207
6	208
6	211
6	212
6	213
6	214
6	215
6	216
6	217
6	218
6	219
6	220
6	221
6	222
6	223
6	224
6	225
6	226
6	227
6	228
6	229
6	230
6	231
6	232
6	233
6	234
6	235
6	236
6	238
6	239
6	240
6	241
6	242
6	243
6	244
6	245
6	246
6	247
6	248
6	249
6	250
6	251
6	252
6	253
6	254
6	255
6	256
6	257
6	258
6	259
6	260
6	261
6	262
6	263
6	264
6	265
6	266
6	267
6	268
6	269
6	270
6	271
6	272
6	273
6	274
6	275
6	276
6	277
6	278
6	279
6	280
6	281
6	282
6	283
6	284
6	285
6	286
6	287
6	288
6	289
6	290
6	291
6	292
6	293
6	294
6	295
6	296
6	297
6	298
6	299
6	300
6	301
6	302
6	303
6	304
6	305
6	306
6	307
6	308
6	309
7	52
7	53
7	88
7	95
7	106
7	113
7	114
7	115
7	118
7	120
7	123
7	124
7	126
7	127
7	129
7	130
7	131
7	132
7	133
7	134
7	135
7	136
7	137
7	138
7	140
7	141
7	142
7	143
7	144
7	145
7	146
7	147
7	148
7	149
7	150
7	151
7	152
7	153
7	154
7	155
7	156
7	157
7	158
7	159
7	160
7	161
7	162
7	163
7	164
7	165
7	166
7	167
7	168
7	169
7	170
7	171
7	172
7	173
7	174
7	175
7	176
7	177
7	178
7	179
7	180
7	181
7	182
7	183
7	184
7	185
7	186
7	187
7	188
7	189
7	190
7	191
7	192
7	193
7	194
7	195
7	196
7	197
7	198
7	199
7	200
7	201
7	202
7	203
7	204
7	205
7	206
7	207
7	208
7	209
7	210
7	211
7	212
7	213
7	214
7	215
7	216
7	217
7	218
7	219
7	220
7	221
7	222
7	223
7	224
7	225
7	226
7	227
7	228
7	229
7	230
7	231
7	232
7	233
7	234
7	235
7	236
7	237
7	238
7	239
7	240
7	241
7	242
7	243
7	244
7	245
7	246
7	247
7	248
7	249
7	250
7	251
7	252
7	253
7	254
7	255
7	256
7	257
7	258
7	259
7	260
7	261
7	262
7	263
7	264
7	265
7	266
7	267
7	268
7	269
7	270
7	271
7	272
7	273
7	274
7	275
7	276
7	277
7	278
7	279
7	280
7	281
7	282
7	283
7	284
7	285
7	286
7	287
7	288
7	289
7	290
7	291
7	292
7	293
7	294
7	295
7	296
7	297
7	298
7	299
7	300
7	301
7	302
7	303
7	304
7	305
7	306
7	307
7	308
7	309
8	52
8	53
8	83
8	88
8	95
8	99
8	102
8	103
8	106
8	107
8	113
8	114
8	115
8	118
8	120
8	121
8	122
8	123
8	124
8	125
8	126
8	127
8	128
8	129
8	130
8	131
8	132
8	133
8	134
8	135
8	136
8	137
8	138
8	140
8	141
8	142
8	143
8	144
8	145
8	146
8	147
8	148
8	149
8	150
8	151
8	152
8	153
8	154
8	155
8	156
8	157
8	158
8	159
8	160
8	161
8	162
8	163
8	164
8	165
8	166
8	167
8	168
8	169
8	170
8	171
8	172
8	173
8	174
8	175
8	176
8	177
8	178
8	179
8	180
8	181
8	182
8	183
8	184
8	185
8	186
8	187
8	188
8	189
8	190
8	191
8	192
8	193
8	194
8	195
8	196
8	197
8	198
8	199
8	200
8	201
8	202
8	203
8	204
8	205
8	206
8	207
8	208
8	209
8	210
8	211
8	212
8	213
8	214
8	215
8	216
8	217
8	218
8	219
8	220
8	221
8	222
8	223
8	224
8	225
8	226
8	227
8	228
8	229
8	230
8	231
8	232
8	233
8	234
8	235
8	236
8	237
8	238
8	239
8	240
8	241
8	242
8	243
8	244
8	245
8	246
8	247
8	248
8	249
8	250
8	251
8	252
8	253
8	254
8	255
8	256
8	257
8	258
8	259
8	260
8	261
8	262
8	263
8	264
8	265
8	266
8	267
8	268
8	269
8	270
8	271
8	272
8	273
8	274
8	275
8	276
8	277
8	278
8	279
8	280
8	281
8	282
8	283
8	284
8	285
8	286
8	287
8	288
8	289
8	290
8	291
8	292
8	293
8	294
8	295
8	296
8	297
8	298
8	299
8	300
8	301
8	302
8	303
8	304
8	305
8	306
8	307
8	308
8	309
9	53
9	130
9	144
9	146
9	149
9	152
9	153
9	155
9	159
9	166
9	170
9	171
9	172
9	173
9	175
9	177
9	178
9	184
9	187
9	188
9	189
9	190
9	191
9	192
9	193
9	197
9	198
9	199
9	202
9	203
9	204
9	205
9	206
9	207
9	208
9	209
9	210
9	211
9	212
9	213
9	214
9	215
9	216
9	217
9	218
9	219
9	220
9	221
9	222
9	223
9	224
9	225
9	226
9	227
9	228
9	229
9	230
9	231
9	232
9	233
9	234
9	235
9	236
9	238
9	239
9	240
9	241
9	242
9	243
9	244
9	245
9	246
9	247
9	248
9	249
9	250
9	251
9	252
9	253
9	254
9	255
9	256
9	257
9	258
9	259
9	260
9	261
9	262
9	263
9	264
9	265
9	266
9	267
9	268
9	269
9	270
9	271
9	272
9	273
9	274
9	275
9	276
9	277
9	278
9	279
9	280
9	281
9	282
9	283
9	284
9	285
9	286
9	287
9	288
9	289
9	290
9	291
9	292
9	293
9	294
9	295
9	296
9	297
9	298
9	299
9	300
9	301
9	302
9	303
9	304
9	305
9	306
9	307
9	308
9	309
10	53
10	130
10	144
10	146
10	149
10	152
10	153
10	155
10	159
10	166
10	170
10	171
10	172
10	173
10	175
10	177
10	178
10	184
10	187
10	188
10	189
10	190
10	191
10	192
10	193
10	197
10	198
10	199
10	202
10	203
10	204
10	205
10	206
10	207
10	208
10	209
10	210
10	211
10	212
10	213
10	214
10	215
10	216
10	217
10	218
10	219
10	220
10	221
10	222
10	223
10	224
10	225
10	226
10	227
10	228
10	229
10	230
10	231
10	232
10	233
10	234
10	235
10	236
10	238
10	239
10	240
10	241
10	242
10	243
10	244
10	245
10	246
10	247
10	248
10	249
10	250
10	251
10	252
10	253
10	254
10	255
10	256
10	257
10	258
10	259
10	260
10	261
10	262
10	263
10	264
10	265
10	266
10	267
10	268
10	269
10	270
10	271
10	272
10	273
10	274
10	275
10	276
10	277
10	278
10	279
10	280
10	281
10	282
10	283
10	284
10	285
10	286
10	287
10	288
10	289
10	290
10	291
10	292
10	293
10	294
10	295
10	296
10	297
10	298
10	299
10	300
10	301
10	302
10	303
10	304
10	305
10	306
10	307
10	308
10	309
11	53
11	130
11	144
11	146
11	149
11	152
11	153
11	155
11	159
11	166
11	170
11	171
11	172
11	173
11	175
11	177
11	178
11	184
11	187
11	188
11	189
11	190
11	191
11	192
11	193
11	197
11	198
11	199
11	202
11	203
11	204
11	205
11	206
11	207
11	208
11	209
11	210
11	211
11	212
11	213
11	214
11	215
11	216
11	217
11	218
11	219
11	220
11	221
11	222
11	223
11	224
11	225
11	226
11	227
11	228
11	229
11	230
11	231
11	232
11	233
11	234
11	235
11	236
11	238
11	239
11	240
11	241
11	242
11	243
11	244
11	245
11	246
11	247
11	248
11	249
11	250
11	251
11	252
11	253
11	254
11	255
11	256
11	257
11	258
11	259
11	260
11	261
11	262
11	263
11	264
11	265
11	266
11	267
11	268
11	269
11	270
11	271
11	272
11	273
11	274
11	275
11	276
11	277
11	278
11	279
11	280
11	281
11	282
11	283
11	284
11	285
11	286
11	287
11	288
11	289
11	290
11	291
11	292
11	293
11	294
11	295
11	296
11	297
11	298
11	299
11	300
11	301
11	302
11	303
11	304
11	305
11	306
11	307
11	308
11	309
12	53
12	193
12	218
12	219
12	225
12	232
12	235
12	245
12	246
12	252
12	253
12	255
12	257
12	259
12	260
12	261
12	263
12	267
12	269
12	270
12	272
12	275
12	280
12	281
12	282
12	285
12	286
12	287
12	293
12	295
12	296
12	297
12	299
12	300
12	302
12	303
12	304
12	305
12	306
12	307
12	308
12	309
13	193
13	218
13	219
13	225
13	232
13	235
13	245
13	246
13	252
13	253
13	255
13	257
13	259
13	260
13	261
13	263
13	267
13	269
13	270
13	272
13	275
13	280
13	281
13	282
13	285
13	286
13	287
13	293
13	295
13	296
13	297
13	299
13	300
13	302
13	303
13	304
13	305
13	306
13	307
13	308
13	309
14	53
14	193
14	218
14	219
14	225
14	232
14	235
14	245
14	246
14	252
14	253
14	255
14	257
14	259
14	260
14	261
14	263
14	267
14	269
14	270
14	272
14	275
14	280
14	281
14	282
14	285
14	286
14	287
14	293
14	295
14	296
14	297
14	299
14	300
14	302
14	303
14	304
14	305
14	306
14	307
14	308
14	309
15	52
15	53
15	88
15	95
15	106
15	113
15	114
15	115
15	118
15	120
15	123
15	124
15	126
15	127
15	129
15	130
15	131
15	132
15	133
15	134
15	135
15	136
15	137
15	138
15	140
15	141
15	142
15	143
15	144
15	145
15	146
15	147
15	148
15	149
15	150
15	151
15	152
15	153
15	154
15	155
15	156
15	157
15	158
15	159
15	160
15	161
15	162
15	163
15	164
15	165
15	166
15	167
15	168
15	169
15	170
15	171
15	172
15	173
15	174
15	175
15	176
15	177
15	178
15	179
15	180
15	181
15	182
15	183
15	184
15	185
15	186
15	187
15	188
15	189
15	190
15	191
15	192
15	193
15	194
15	195
15	196
15	197
15	198
15	199
15	200
15	201
15	202
15	203
15	204
15	205
15	206
15	207
15	208
15	209
15	210
15	211
15	212
15	213
15	214
15	215
15	216
15	217
15	218
15	219
15	220
15	221
15	222
15	223
15	224
15	225
15	226
15	227
15	228
15	229
15	230
15	231
15	232
15	233
15	234
15	235
15	236
15	237
15	238
15	239
15	240
15	241
15	242
15	243
15	244
15	245
15	246
15	247
15	248
15	249
15	250
15	251
15	252
15	253
15	254
15	255
15	256
15	257
15	258
15	259
15	260
15	261
15	262
15	263
15	264
15	265
15	266
15	267
15	268
15	269
15	270
15	271
15	272
15	273
15	274
15	275
15	276
15	277
15	278
15	279
15	280
15	281
15	282
15	283
15	284
15	285
15	286
15	287
15	288
15	289
15	290
15	291
15	292
15	293
15	294
15	295
15	296
15	297
15	298
15	299
15	300
15	301
15	302
15	303
15	304
15	305
15	306
15	307
15	308
15	309
16	53
16	130
16	134
16	144
16	146
16	147
16	149
16	152
16	153
16	155
16	159
16	162
16	166
16	170
16	171
16	172
16	173
16	175
16	177
16	178
16	183
16	184
16	187
16	188
16	189
16	190
16	191
16	192
16	193
16	194
16	197
16	198
16	199
16	202
16	203
16	204
16	205
16	206
16	207
16	208
16	209
16	210
16	211
16	212
16	213
16	214
16	215
16	216
16	217
16	218
16	219
16	220
16	221
16	222
16	223
16	224
16	225
16	226
16	227
16	228
16	229
16	230
16	231
16	232
16	233
16	234
16	235
16	236
16	238
16	239
16	240
16	241
16	242
16	243
16	244
16	245
16	246
16	247
16	248
16	249
16	250
16	251
16	252
16	253
16	254
16	255
16	256
16	257
16	258
16	259
16	260
16	261
16	262
16	263
16	264
16	265
16	266
16	267
16	268
16	269
16	270
16	271
16	272
16	273
16	274
16	275
16	276
16	277
16	278
16	279
16	280
16	281
16	282
16	283
16	284
16	285
16	286
16	287
16	288
16	289
16	290
16	291
16	292
16	293
16	294
16	295
16	296
16	297
16	298
16	299
16	300
16	301
16	302
16	303
16	304
16	305
16	306
16	307
16	308
16	309
17	193
17	218
17	219
17	225
17	230
17	232
17	235
17	245
17	246
17	252
17	253
17	255
17	257
17	259
17	260
17	261
17	263
17	264
17	267
17	269
17	270
17	272
17	275
17	280
17	281
17	282
17	285
17	286
17	287
17	293
17	295
17	296
17	297
17	299
17	300
17	302
17	303
17	304
17	305
17	306
17	307
17	308
17	309
18	53
18	149
18	152
18	153
18	155
18	159
18	170
18	171
18	172
18	173
18	175
18	177
18	178
18	184
18	187
18	188
18	189
18	190
18	191
18	192
18	193
18	197
18	198
18	199
18	202
18	204
18	205
18	206
18	207
18	208
18	211
18	212
18	213
18	214
18	215
18	216
18	217
18	218
18	219
18	220
18	221
18	222
18	223
18	224
18	225
18	226
18	227
18	228
18	229
18	230
18	231
18	232
18	233
18	234
18	235
18	236
18	238
18	239
18	240
18	241
18	242
18	243
18	244
18	245
18	246
18	247
18	248
18	249
18	250
18	251
18	252
18	253
18	254
18	255
18	256
18	257
18	258
18	259
18	260
18	261
18	262
18	263
18	264
18	265
18	266
18	267
18	268
18	269
18	270
18	271
18	272
18	273
18	274
18	275
18	276
18	277
18	278
18	279
18	280
18	281
18	282
18	283
18	284
18	285
18	286
18	287
18	288
18	289
18	290
18	291
18	292
18	293
18	294
18	295
18	296
18	297
18	298
18	299
18	300
18	301
18	302
18	303
18	304
18	305
18	306
18	307
18	308
18	309
19	193
19	218
19	219
19	225
19	230
19	232
19	235
19	245
19	246
19	252
19	253
19	255
19	257
19	259
19	260
19	261
19	263
19	264
19	267
19	269
19	270
19	272
19	275
19	280
19	281
19	282
19	285
19	286
19	287
19	293
19	295
19	296
19	297
19	299
19	300
19	302
19	303
19	304
19	305
19	306
19	307
19	308
19	309
20	53
20	130
20	144
20	146
20	149
20	152
20	153
20	155
20	159
20	166
20	170
20	171
20	172
20	173
20	175
20	177
20	178
20	184
20	187
20	188
20	189
20	190
20	191
20	192
20	193
20	197
20	198
20	199
20	202
20	203
20	204
20	205
20	206
20	207
20	208
20	209
20	210
20	211
20	212
20	213
20	214
20	215
20	216
20	217
20	218
20	219
20	220
20	221
20	222
20	223
20	224
20	225
20	226
20	227
20	228
20	229
20	230
20	231
20	232
20	233
20	234
20	235
20	236
20	238
20	239
20	240
20	241
20	242
20	243
20	244
20	245
20	246
20	247
20	248
20	249
20	250
20	251
20	252
20	253
20	254
20	255
20	256
20	257
20	258
20	259
20	260
20	261
20	262
20	263
20	264
20	265
20	266
20	267
20	268
20	269
20	270
20	271
20	272
20	273
20	274
20	275
20	276
20	277
20	278
20	279
20	280
20	281
20	282
20	283
20	284
20	285
20	286
20	287
20	288
20	289
20	290
20	291
20	292
20	293
20	294
20	295
20	296
20	297
20	298
20	299
20	300
20	301
20	302
20	303
20	304
20	305
20	306
20	307
20	308
20	309
21	53
21	149
21	152
21	153
21	155
21	159
21	170
21	171
21	172
21	173
21	175
21	177
21	178
21	184
21	187
21	188
21	189
21	190
21	191
21	192
21	193
21	197
21	198
21	199
21	202
21	204
21	205
21	206
21	207
21	208
21	211
21	212
21	213
21	214
21	215
21	216
21	217
21	218
21	219
21	220
21	221
21	222
21	223
21	224
21	225
21	226
21	227
21	228
21	229
21	230
21	231
21	232
21	233
21	234
21	235
21	236
21	238
21	239
21	240
21	241
21	242
21	243
21	244
21	245
21	246
21	247
21	248
21	249
21	250
21	251
21	252
21	253
21	254
21	255
21	256
21	257
21	258
21	259
21	260
21	261
21	262
21	263
21	264
21	265
21	266
21	267
21	268
21	269
21	270
21	271
21	272
21	273
21	274
21	275
21	276
21	277
21	278
21	279
21	280
21	281
21	282
21	283
21	284
21	285
21	286
21	287
21	288
21	289
21	290
21	291
21	292
21	293
21	294
21	295
21	296
21	297
21	298
21	299
21	300
21	301
21	302
21	303
21	304
21	305
21	306
21	307
21	308
21	309
22	53
22	130
22	144
22	146
22	149
22	152
22	153
22	155
22	159
22	166
22	170
22	171
22	172
22	173
22	175
22	177
22	178
22	184
22	187
22	188
22	189
22	190
22	191
22	192
22	193
22	197
22	198
22	199
22	202
22	203
22	204
22	205
22	206
22	207
22	208
22	209
22	210
22	211
22	212
22	213
22	214
22	215
22	216
22	217
22	218
22	219
22	220
22	221
22	222
22	223
22	224
22	225
22	226
22	227
22	228
22	229
22	230
22	231
22	232
22	233
22	234
22	235
22	236
22	238
22	239
22	240
22	241
22	242
22	243
22	244
22	245
22	246
22	247
22	248
22	249
22	250
22	251
22	252
22	253
22	254
22	255
22	256
22	257
22	258
22	259
22	260
22	261
22	262
22	263
22	264
22	265
22	266
22	267
22	268
22	269
22	270
22	271
22	272
22	273
22	274
22	275
22	276
22	277
22	278
22	279
22	280
22	281
22	282
22	283
22	284
22	285
22	286
22	287
22	288
22	289
22	290
22	291
22	292
22	293
22	294
22	295
22	296
22	297
22	298
22	299
22	300
22	301
22	302
22	303
22	304
22	305
22	306
22	307
22	308
22	309
23	53
23	130
23	134
23	144
23	146
23	147
23	149
23	152
23	153
23	155
23	159
23	162
23	166
23	170
23	171
23	172
23	173
23	175
23	177
23	178
23	183
23	184
23	187
23	188
23	189
23	190
23	191
23	192
23	193
23	194
23	197
23	198
23	199
23	202
23	203
23	204
23	205
23	206
23	207
23	208
23	209
23	210
23	211
23	212
23	213
23	214
23	215
23	216
23	217
23	218
23	219
23	220
23	221
23	222
23	223
23	224
23	225
23	226
23	227
23	228
23	229
23	230
23	231
23	232
23	233
23	234
23	235
23	236
23	238
23	239
23	240
23	241
23	242
23	243
23	244
23	245
23	246
23	247
23	248
23	249
23	250
23	251
23	252
23	253
23	254
23	255
23	256
23	257
23	258
23	259
23	260
23	261
23	262
23	263
23	264
23	265
23	266
23	267
23	268
23	269
23	270
23	271
23	272
23	273
23	274
23	275
23	276
23	277
23	278
23	279
23	280
23	281
23	282
23	283
23	284
23	285
23	286
23	287
23	288
23	289
23	290
23	291
23	292
23	293
23	294
23	295
23	296
23	297
23	298
23	299
23	300
23	301
23	302
23	303
23	304
23	305
23	306
23	307
23	308
23	309
24	193
24	218
24	219
24	225
24	230
24	232
24	235
24	245
24	246
24	252
24	253
24	255
24	257
24	259
24	260
24	261
24	263
24	264
24	267
24	269
24	270
24	272
24	275
24	280
24	281
24	282
24	285
24	286
24	287
24	293
24	295
24	296
24	297
24	299
24	300
24	302
24	303
24	304
24	305
24	306
24	307
24	308
24	309
25	53
25	130
25	144
25	146
25	149
25	152
25	153
25	155
25	159
25	166
25	170
25	171
25	172
25	173
25	175
25	177
25	178
25	184
25	187
25	188
25	189
25	190
25	191
25	192
25	193
25	197
25	198
25	199
25	202
25	203
25	204
25	205
25	206
25	207
25	208
25	209
25	210
25	211
25	212
25	213
25	214
25	215
25	216
25	217
25	218
25	219
25	220
25	221
25	222
25	223
25	224
25	225
25	226
25	227
25	228
25	229
25	230
25	231
25	232
25	233
25	234
25	235
25	236
25	238
25	239
25	240
25	241
25	242
25	243
25	244
25	245
25	246
25	247
25	248
25	249
25	250
25	251
25	252
25	253
25	254
25	255
25	256
25	257
25	258
25	259
25	260
25	261
25	262
25	263
25	264
25	265
25	266
25	267
25	268
25	269
25	270
25	271
25	272
25	273
25	274
25	275
25	276
25	277
25	278
25	279
25	280
25	281
25	282
25	283
25	284
25	285
25	286
25	287
25	288
25	289
25	290
25	291
25	292
25	293
25	294
25	295
25	296
25	297
25	298
25	299
25	300
25	301
25	302
25	303
25	304
25	305
25	306
25	307
25	308
25	309
26	299
26	307
26	309
27	53
27	149
27	152
27	153
27	155
27	159
27	170
27	171
27	172
27	173
27	175
27	177
27	178
27	184
27	187
27	188
27	189
27	190
27	191
27	192
27	193
27	197
27	198
27	199
27	202
27	204
27	205
27	206
27	207
27	208
27	211
27	212
27	213
27	214
27	215
27	216
27	217
27	218
27	219
27	220
27	221
27	222
27	223
27	224
27	225
27	226
27	227
27	228
27	229
27	230
27	231
27	232
27	233
27	234
27	235
27	236
27	238
27	239
27	240
27	241
27	242
27	243
27	244
27	245
27	246
27	247
27	248
27	249
27	250
27	251
27	252
27	253
27	254
27	255
27	256
27	257
27	258
27	259
27	260
27	261
27	262
27	263
27	264
27	265
27	266
27	267
27	268
27	269
27	270
27	271
27	272
27	273
27	274
27	275
27	276
27	277
27	278
27	279
27	280
27	281
27	282
27	283
27	284
27	285
27	286
27	287
27	288
27	289
27	290
27	291
27	292
27	293
27	294
27	295
27	296
27	297
27	298
27	299
27	300
27	301
27	302
27	303
27	304
27	305
27	306
27	307
27	308
27	309
28	53
28	130
28	134
28	144
28	146
28	147
28	149
28	152
28	153
28	155
28	159
28	162
28	166
28	170
28	171
28	172
28	173
28	175
28	177
28	178
28	183
28	184
28	187
28	188
28	189
28	190
28	191
28	192
28	193
28	194
28	197
28	198
28	199
28	202
28	203
28	204
28	205
28	206
28	207
28	208
28	209
28	210
28	211
28	212
28	213
28	214
28	215
28	216
28	217
28	218
28	219
28	220
28	221
28	222
28	223
28	224
28	225
28	226
28	227
28	228
28	229
28	230
28	231
28	232
28	233
28	234
28	235
28	236
28	238
28	239
28	240
28	241
28	242
28	243
28	244
28	245
28	246
28	247
28	248
28	249
28	250
28	251
28	252
28	253
28	254
28	255
28	256
28	257
28	258
28	259
28	260
28	261
28	262
28	263
28	264
28	265
28	266
28	267
28	268
28	269
28	270
28	271
28	272
28	273
28	274
28	275
28	276
28	277
28	278
28	279
28	280
28	281
28	282
28	283
28	284
28	285
28	286
28	287
28	288
28	289
28	290
28	291
28	292
28	293
28	294
28	295
28	296
28	297
28	298
28	299
28	300
28	301
28	302
28	303
28	304
28	305
28	306
28	307
28	308
28	309
29	52
29	53
29	82
29	83
29	88
29	92
29	95
29	97
29	99
29	102
29	103
29	106
29	107
29	113
29	114
29	115
29	117
29	118
29	120
29	121
29	122
29	123
29	124
29	125
29	126
29	127
29	128
29	129
29	130
29	131
29	132
29	133
29	134
29	135
29	136
29	137
29	138
29	140
29	141
29	142
29	143
29	144
29	145
29	146
29	147
29	148
29	149
29	150
29	151
29	152
29	153
29	154
29	155
29	156
29	157
29	158
29	159
29	160
29	161
29	162
29	163
29	164
29	165
29	166
29	167
29	168
29	169
29	170
29	171
29	172
29	173
29	174
29	175
29	176
29	177
29	178
29	179
29	180
29	181
29	182
29	183
29	184
29	185
29	186
29	187
29	188
29	189
29	190
29	191
29	192
29	193
29	194
29	195
29	196
29	197
29	198
29	199
29	200
29	201
29	202
29	203
29	204
29	205
29	206
29	207
29	208
29	209
29	210
29	211
29	212
29	213
29	214
29	215
29	216
29	217
29	218
29	219
29	220
29	221
29	222
29	223
29	224
29	225
29	226
29	227
29	228
29	229
29	230
29	231
29	232
29	233
29	234
29	235
29	236
29	237
29	238
29	239
29	240
29	241
29	242
29	243
29	244
29	245
29	246
29	247
29	248
29	249
29	250
29	251
29	252
29	253
29	254
29	255
29	256
29	257
29	258
29	259
29	260
29	261
29	262
29	263
29	264
29	265
29	266
29	267
29	268
29	269
29	270
29	271
29	272
29	273
29	274
29	275
29	276
29	277
29	278
29	279
29	280
29	281
29	282
29	283
29	284
29	285
29	286
29	287
29	288
29	289
29	290
29	291
29	292
29	293
29	294
29	295
29	296
29	297
29	298
29	299
29	300
29	301
29	302
29	303
29	304
29	305
29	306
29	307
29	308
29	309
30	53
30	193
30	218
30	219
30	225
30	232
30	235
30	245
30	246
30	252
30	253
30	255
30	257
30	259
30	260
30	261
30	263
30	267
30	269
30	270
30	272
30	275
30	280
30	281
30	282
30	285
30	286
30	287
30	293
30	295
30	296
30	297
30	299
30	300
30	302
30	303
30	304
30	305
30	306
30	307
30	308
30	309
31	193
31	218
31	219
31	225
31	230
31	232
31	235
31	245
31	246
31	252
31	253
31	255
31	257
31	259
31	260
31	261
31	263
31	264
31	267
31	269
31	270
31	272
31	275
31	280
31	281
31	282
31	285
31	286
31	287
31	293
31	295
31	296
31	297
31	299
31	300
31	302
31	303
31	304
31	305
31	306
31	307
31	308
31	309
32	53
32	130
32	134
32	144
32	146
32	147
32	149
32	152
32	153
32	155
32	159
32	162
32	166
32	170
32	171
32	172
32	173
32	175
32	177
32	178
32	183
32	184
32	187
32	188
32	189
32	190
32	191
32	192
32	193
32	194
32	197
32	198
32	199
32	202
32	203
32	204
32	205
32	206
32	207
32	208
32	209
32	210
32	211
32	212
32	213
32	214
32	215
32	216
32	217
32	218
32	219
32	220
32	221
32	222
32	223
32	224
32	225
32	226
32	227
32	228
32	229
32	230
32	231
32	232
32	233
32	234
32	235
32	236
32	238
32	239
32	240
32	241
32	242
32	243
32	244
32	245
32	246
32	247
32	248
32	249
32	250
32	251
32	252
32	253
32	254
32	255
32	256
32	257
32	258
32	259
32	260
32	261
32	262
32	263
32	264
32	265
32	266
32	267
32	268
32	269
32	270
32	271
32	272
32	273
32	274
32	275
32	276
32	277
32	278
32	279
32	280
32	281
32	282
32	283
32	284
32	285
32	286
32	287
32	288
32	289
32	290
32	291
32	292
32	293
32	294
32	295
32	296
32	297
32	298
32	299
32	300
32	301
32	302
32	303
32	304
32	305
32	306
32	307
32	308
32	309
33	53
33	130
33	134
33	144
33	146
33	147
33	149
33	152
33	153
33	155
33	159
33	162
33	166
33	170
33	171
33	172
33	173
33	175
33	177
33	178
33	183
33	184
33	187
33	188
33	189
33	190
33	191
33	192
33	193
33	194
33	197
33	198
33	199
33	202
33	203
33	204
33	205
33	206
33	207
33	208
33	209
33	210
33	211
33	212
33	213
33	214
33	215
33	216
33	217
33	218
33	219
33	220
33	221
33	222
33	223
33	224
33	225
33	226
33	227
33	228
33	229
33	230
33	231
33	232
33	233
33	234
33	235
33	236
33	238
33	239
33	240
33	241
33	242
33	243
33	244
33	245
33	246
33	247
33	248
33	249
33	250
33	251
33	252
33	253
33	254
33	255
33	256
33	257
33	258
33	259
33	260
33	261
33	262
33	263
33	264
33	265
33	266
33	267
33	268
33	269
33	270
33	271
33	272
33	273
33	274
33	275
33	276
33	277
33	278
33	279
33	280
33	281
33	282
33	283
33	284
33	285
33	286
33	287
33	288
33	289
33	290
33	291
33	292
33	293
33	294
33	295
33	296
33	297
33	298
33	299
33	300
33	301
33	302
33	303
33	304
33	305
33	306
33	307
33	308
33	309
34	53
34	130
34	144
34	146
34	149
34	152
34	153
34	155
34	159
34	166
34	170
34	171
34	172
34	173
34	175
34	177
34	178
34	184
34	187
34	188
34	189
34	190
34	191
34	192
34	193
34	197
34	198
34	199
34	202
34	203
34	204
34	205
34	206
34	207
34	208
34	209
34	210
34	211
34	212
34	213
34	214
34	215
34	216
34	217
34	218
34	219
34	220
34	221
34	222
34	223
34	224
34	225
34	226
34	227
34	228
34	229
34	230
34	231
34	232
34	233
34	234
34	235
34	236
34	238
34	239
34	240
34	241
34	242
34	243
34	244
34	245
34	246
34	247
34	248
34	249
34	250
34	251
34	252
34	253
34	254
34	255
34	256
34	257
34	258
34	259
34	260
34	261
34	262
34	263
34	264
34	265
34	266
34	267
34	268
34	269
34	270
34	271
34	272
34	273
34	274
34	275
34	276
34	277
34	278
34	279
34	280
34	281
34	282
34	283
34	284
34	285
34	286
34	287
34	288
34	289
34	290
34	291
34	292
34	293
34	294
34	295
34	296
34	297
34	298
34	299
34	300
34	301
34	302
34	303
34	304
34	305
34	306
34	307
34	308
34	309
35	299
35	307
35	309
36	299
36	307
36	309
37	299
37	307
37	309
38	299
38	307
38	309
39	299
39	307
39	309
40	299
40	307
40	309
41	193
41	218
41	219
41	225
41	230
41	232
41	235
41	245
41	246
41	252
41	253
41	255
41	257
41	259
41	260
41	261
41	263
41	267
41	269
41	270
41	272
41	275
41	280
41	281
41	282
41	285
41	286
41	287
41	293
41	295
41	296
41	297
41	299
41	300
41	302
41	303
41	304
41	305
41	306
41	307
41	308
41	309
42	299
42	307
42	309
43	299
43	307
43	309
44	299
44	307
44	309
45	225
45	232
45	263
45	281
45	287
45	293
45	295
45	297
45	299
45	302
45	306
45	307
45	309
46	299
46	307
46	309
47	193
47	218
47	219
47	225
47	232
47	235
47	245
47	246
47	252
47	253
47	255
47	257
47	259
47	260
47	261
47	263
47	267
47	269
47	270
47	272
47	275
47	280
47	281
47	282
47	285
47	286
47	287
47	293
47	295
47	296
47	297
47	299
47	300
47	302
47	303
47	304
47	305
47	306
47	307
47	308
47	309
48	299
48	307
48	309
49	299
49	307
49	309
51	225
51	232
51	263
51	281
51	287
51	293
51	295
51	297
51	299
51	302
51	306
51	307
51	309
53	56
53	307
53	309
54	218
54	225
54	281
54	287
54	293
54	295
54	297
54	299
54	300
54	302
54	306
54	307
54	309
55	299
55	307
55	309
56	193
56	218
56	219
56	225
56	232
56	235
56	245
56	246
56	252
56	253
56	255
56	257
56	259
56	260
56	261
56	263
56	267
56	269
56	270
56	272
56	275
56	280
56	281
56	282
56	285
56	286
56	287
56	293
56	295
56	296
56	297
56	299
56	300
56	302
56	303
56	304
56	305
56	306
56	307
56	308
56	309
57	193
57	218
57	219
57	225
57	232
57	235
57	245
57	246
57	252
57	253
57	255
57	257
57	259
57	260
57	261
57	263
57	267
57	269
57	270
57	272
57	275
57	280
57	281
57	282
57	285
57	286
57	287
57	293
57	295
57	296
57	297
57	299
57	300
57	302
57	303
57	304
57	305
57	306
57	307
57	308
57	309
58	299
58	307
58	309
65	307
65	309
67	299
67	307
67	309
77	193
77	218
77	219
77	222
77	225
77	226
77	227
77	231
77	232
77	235
77	236
77	241
77	245
77	246
77	249
77	252
77	253
77	255
77	257
77	258
77	259
77	260
77	261
77	262
77	263
77	266
77	267
77	268
77	269
77	270
77	271
77	272
77	275
77	280
77	281
77	282
77	285
77	286
77	287
77	288
77	289
77	290
77	293
77	295
77	296
77	297
77	299
77	300
77	302
77	303
77	304
77	305
77	306
77	307
77	308
77	309
79	299
79	307
79	309
80	193
80	218
80	219
80	225
80	232
80	235
80	245
80	246
80	252
80	253
80	255
80	257
80	259
80	260
80	261
80	263
80	267
80	269
80	270
80	272
80	275
80	280
80	281
80	282
80	285
80	286
80	287
80	293
80	295
80	296
80	297
80	299
80	300
80	302
80	303
80	304
80	305
80	306
80	307
80	308
80	309
84	299
84	307
84	309
86	299
86	307
86	309