309	8330
1	52
1	53
1	88
1	92
1	95
1	106
1	113
1	114
1	115
1	117
1	118
1	120
1	123
1	124
1	126
1	127
1	129
1	130
1	131
1	132
1	133
1	134
1	135
1	136
1	137
1	138
1	140
1	141
1	142
1	143
1	144
1	145
1	146
1	147
1	148
1	149
1	150
1	151
1	152
1	153
1	154
1	155
1	156
1	157
1	158
1	159
1	160
1	161
1	162
1	163
1	164
1	165
1	166
1	167
1	168
1	169
1	170
1	171
1	172
1	173
1	174
1	175
1	176
1	177
1	178
1	179
1	180
1	181
1	182
1	183
1	184
1	185
1	186
1	187
1	188
1	189
1	190
1	191
1	192
1	193
1	194
1	195
1	196
1	197
1	198
1	199
1	200
1	201
1	202
1	203
1	204
1	205
1	206
1	207
1	208
1	209
1	210
1	211
1	212
1	213
1	214
1	215
1	216
1	217
1	218
1	219
1	220
1	221
1	222
1	223
1	224
1	225
1	226
1	227
1	228
1	229
1	230
1	231
1	232
1	233
1	234
1	235
1	236
1	237
1	238
1	239
1	240
1	241
1	242
1	243
1	244
1	245
1	246
1	247
1	248
1	249
1	250
1	251
1	252
1	253
1	254
1	255
1	256
1	257
1	258
1	259
1	260
1	261
1	262
1	263
1	264
1	265
1	266
1	267
1	268
1	269
1	270
1	271
1	272
1	273
1	274
1	275
1	276
1	277
1	278
1	279
1	280
1	281
1	282
1	283
1	284
1	285
1	286
1	287
1	288
1	289
1	290
1	291
1	292
1	293
1	294
1	295
1	296
1	297
1	298
1	299
1	300
1	301
1	302
1	303
1	304
1	305
1	306
1	307
1	308
1	309
2	52
2	53
2	67
2	70
2	73
2	74
2	75
2	82
2	83
2	88
2	91
2	92
2	93
2	94
2	95
2	96
2	97
2	98
2	99
2	100
2	101
2	102
2	103
2	104
2	105
2	106
2	107
2	108
2	109
2	110
2	111
2	112
2	113
2	114
2	115
2	116
2	117
2	118
2	119
2	120
2	121
2	122
2	123
2	124
2	125
2	126
2	127
2	128
2	129
2	130
2	131
2	132
2	133
2	134
2	135
2	136
2	137
2	138
2	139
2	140
2	141
2	142
2	143
2	144
2	145
2	146
2	147
2	148
2	149
2	150
2	151
2	152
2	153
2	154
2	155
2	156
2	157
2	158
2	159
2	160
2	161
2	162
2	163
2	164
2	165
2	166
2	167
2	168
2	169
2	170
2	171
2	172
2	173
2	174
2	175
2	176
2	177
2	178
2	179
2	180
2	181
2	182
2	183
2	184
2	185
2	186
2	187
2	188
2	189
2	190
2	191
2	192
2	193
2	194
2	195
2	196
2	197
2	198
2	199
2	200
2	201
2	202
2	203
2	204
2	205
2	206
2	207
2	208
2	209
2	210
2	211
2	212
2	213
2	214
2	215
2	216
2	217
2	218
2	219
2	220
2	221
2	222
2	223
2	224
2	225
2	226
2	227
2	228
2	229
2	230
2	231
2	232
2	233
2	234
2	235
2	236
2	237
2	238
2	239
2	240
2	241
2	242
2	243
2	244
2	245
2	246
2	247
2	248
2	249
2	250
2	251
2	252
2	253
2	254
2	255
2	256
2	257
2	258
2	259
2	260
2	261
2	262
2	263
2	264
2	265
2	266
2	267
2	268
2	269
2	270
2	271
2	272
2	273
2	274
2	275
2	276
2	277
2	278
2	279
2	280
2	281
2	282
2	283
2	284
2	285
2	286
2	287
2	288
2	289
2	290
2	291
2	292
2	293
2	294
2	295
2	296
2	297
2	298
2	299
2	300
2	301
2	302
2	303
2	304
2	305
2	306
2	307
2	308
2	309
3	52
3	53
3	74
3	75
3	82
3	83
3	88
3	91
3	92
3	93
3	94
3	95
3	96
3	97
3	98
3	99
3	100
3	101
3	102
3	103
3	104
3	105
3	106
3	107
3	108
3	109
3	110
3	111
3	112
3	113
3	114
3	115
3	116
3	117
3	118
3	119
3	120
3	121
3	122
3	123
3	124
3	125
3	126
3	127
3	128
3	129
3	130
3	131
3	132
3	133
3	134
3	135
3	136
3	137
3	138
3	139
3	140
3	141
3	142
3	143
3	144
3	145
3	146
3	147
3	148
3	149
3	150
3	151
3	152
3	153
3	154
3	155
3	156
3	157
3	158
3	159
3	160
3	161
3	162
3	163
3	164
3	165
3	166
3	167
3	168
3	169
3	170
3	171
3	172
3	173
3	174
3	175
3	176
3	177
3	178
3	179
3	180
3	181
3	182
3	183
3	184
3	185
3	186
3	187
3	188
3	189
3	190
3	191
3	192
3	193
3	194
3	195
3	196
3	197
3	198
3	199
3	200
3	201
3	202
3	203
3	204
3	205
3	206
3	207
3	208
3	209
3	210
3	211
3	212
3	213
3	214
3	215
3	216
3	217
3	218
3	219
3	220
3	221
3	222
3	223
3	224
3	225
3	226
3	227
3	228
3	229
3	230
3	231
3	232
3	233
3	234
3	235
3	236
3	237
3	238
3	239
3	240
3	241
3	242
3	243
3	244
3	245
3	246
3	247
3	248
3	249
3	250
3	251
3	252
3	253
3	254
3	255
3	256
3	257
3	258
3	259
3	260
3	261
3	262
3	263
3	264
3	265
3	266
3	267
3	268
3	269
3	270
3	271
3	272
3	273
3	274
3	275
3	276
3	277
3	278
3	279
3	280
3	281
3	282
3	283
3	284
3	285
3	286
3	287
3	288
3	289
3	290
3	291
3	292
3	293
3	294
3	295
3	296
3	297
3	298
3	299
3	300
3	301
3	302
3	303
3	304
3	305
3	306
3	307
3	308
3	309
4	53
4	130
4	144
4	146
4	149
4	152
4	153
4	155
4	159
4	166
4	170
4	171
4	172
4	173
4	175
4	177
4	178
4	184
4	187
4	188
4	189
4	190
4	191
4	192
4	193
4	197
4	198
4	199
4	202
4	203
4	204
4	205
4	206
4	207
4	208
4	209
4	210
4	211
4	212
4	213
4	214
4	215
4	216
4	217
4	218
4	219
4	220
4	221
4	222
4	223
4	224
4	225
4	226
4	227
4	228
4	229
4	230
4	231
4	232
4	233
4	234
4	235
4	236
4	238
4	239
4	240
4	241
4	242
4	243
4	244
4	245
4	246
4	247
4	248
4	249
4	250
4	251
4	252
4	253
4	254
4	255
4	256
4	257
4	258
4	259
4	260
4	261
4	262
4	263
4	264
4	265
4	266
4	267
4	268
4	269
4	270
4	271
4	272
4	273
4	274
4	275
4	276
4	277
4	278
4	279
4	280
4	281
4	282
4	283
4	284
4	285
4	286
4	287
4	288
4	289
4	290
4	291
4	292
4	293
4	294
4	295
4	296
4	297
4	298
4	299
4	300
4	301
4	302
4	303
4	304
4	305
4	306
4	307
4	308
4	309
5	53
5	149
5	152
5	153
5	155
5	159
5	170
5	171
5	172
5	173
5	175
5	177
5	178
5	183
5	184
5	187
5	188
5	189
5	190
5	191
5	192
5	193
5	194
5	197
5	198
5	199
5	202
5	204
5	205
5	206
5	207
5	208
5	211
5	212
5	213
5	214
5	215
5	216
5	217
5	218
5	219
5	220
5	221
5	222
5	223
5	224
5	225
5	226
5	227
5	228
5	229
5	230
5	231
5	232
5	233
5	234
5	235
5	236
5	238
5	239
5	240
5	241
5	242
5	243
5	244
5	245
5	246
5	247
5	248
5	249
5	250
5	251
5	252
5	253
5	254
5	255
5	256
5	257
5	258
5	259
5	260
5	261
5	262
5	263
5	264
5	265
5	266
5	267
5	268
5	269
5	270
5	271
5	272
5	273
5	274
5	275
5	276
5	277
5	278
5	279
5	280
5	281
5	282
5	283
5	284
5	285
5	286
5	287
5	288
5	289
5	290
5	291
5	292
5	293
5	294
5	295
5	296
5	297
5	298
5	299
5	300
5	301
5	302
5	303
5	304
5	305
5	306
5	307
5	308
5	309
6	52
6	53
6	88
6	95
6	106
6	113
6	114
6	115
6	118
6	120
6	123
6	124
6	126
6	127
6	129
6	130
6	131
6	132
6	133
6	134
6	135
6	136
6	137
6	138
6	140
6	141
6	142
6	143
6	144
6	145
6	146
6	147
6	148
6	149
6	150
6	151
6	152
6	153
6	154
6	155
6	156
6	157
6	158
6	159
6	160
6	161
6	162
6	163
6	164
6	165
6	166
6	167
6	168
6	169
6	170
6	171
6	172
6	173
6	174
6	175
6	176
6	177
6	178
6	179
6	180
6	181
6	182
6	183
6	184
6	185
6	186
6	187
6	188
6	189
6	190
6	191
6	192
6	193
6	194
6	195
6	196
6	197
6	198
6	199
6	200
6	201
6	202
6	203
6	204
6	205
6	206
6	207
6	208
6	209
6	210
6	211
6	212
6	213
6	214
6	215
6	216
6	217
6	218
6	219
6	220
6	221
6	222
6	223
6	224
6	225
6	226
6	227
6	228
6	229
6	230
6	231
6	232
6	233
6	234
6	235
6	236
6	237
6	238
6	239
6	240
6	241
6	242
6	243
6	244
6	245
6	246
6	247
6	248
6	249
6	250
6	251
6	252
6	253
6	254
6	255
6	256
6	257
6	258
6	259
6	260
6	261
6	262
6	263
6	264
6	265
6	266
6	267
6	268
6	269
6	270
6	271
6	272
6	273
6	274
6	275
6	276
6	277
6	278
6	279
6	280
6	281
6	282
6	283
6	284
6	285
6	286
6	287
6	288
6	289
6	290
6	291
6	292
6	293
6	294
6	295
6	296
6	297
6	298
6	299
6	300
6	301
6	302
6	303
6	304
6	305
6	306
6	307
6	308
6	309
7	52
7	53
7	67
7	70
7	73
7	74
7	75
7	82
7	83
7	88
7	91
7	92
7	93
7	94
7	95
7	96
7	97
7	98
7	99
7	100
7	101
7	102
7	103
7	104
7	105
7	106
7	107
7	108
7	109
7	110
7	111
7	112
7	113
7	114
7	115
7	116
7	117
7	118
7	119
7	120
7	121
7	122
7	123
7	124
7	125
7	126
7	127
7	128
7	129
7	130
7	131
7	132
7	133
7	134
7	135
7	136
7	137
7	138
7	139
7	140
7	141
7	142
7	143
7	144
7	145
7	146
7	147
7	148
7	149
7	150
7	151
7	152
7	153
7	154
7	155
7	156
7	157
7	158
7	159
7	160
7	161
7	162
7	163
7	164
7	165
7	166
7	167
7	168
7	169
7	170
7	171
7	172
7	173
7	174
7	175
7	176
7	177
7	178
7	179
7	180
7	181
7	182
7	183
7	184
7	185
7	186
7	187
7	188
7	189
7	190
7	191
7	192
7	193
7	194
7	195
7	196
7	197
7	198
7	199
7	200
7	201
7	202
7	203
7	204
7	205
7	206
7	207
7	208
7	209
7	210
7	211
7	212
7	213
7	214
7	215
7	216
7	217
7	218
7	219
7	220
7	221
7	222
7	223
7	224
7	225
7	226
7	227
7	228
7	229
7	230
7	231
7	232
7	233
7	234
7	235
7	236
7	237
7	238
7	239
7	240
7	241
7	242
7	243
7	244
7	245
7	246
7	247
7	248
7	249
7	250
7	251
7	252
7	253
7	254
7	255
7	256
7	257
7	258
7	259
7	260
7	261
7	262
7	263
7	264
7	265
7	266
7	267
7	268
7	269
7	270
7	271
7	272
7	273
7	274
7	275
7	276
7	277
7	278
7	279
7	280
7	281
7	282
7	283
7	284
7	285
7	286
7	287
7	288
7	289
7	290
7	291
7	292
7	293
7	294
7	295
7	296
7	297
7	298
7	299
7	300
7	301
7	302
7	303
7	304
7	305
7	306
7	307
7	308
7	309
8	52
8	53
8	65
8	67
8	70
8	73
8	74
8	75
8	77
8	81
8	82
8	83
8	84
8	86
8	88
8	89
8	90
8	91
8	92
8	93
8	94
8	95
8	96
8	97
8	98
8	99
8	100
8	101
8	102
8	103
8	104
8	105
8	106
8	107
8	108
8	109
8	110
8	111
8	112
8	113
8	114
8	115
8	116
8	117
8	118
8	119
8	120
8	121
8	122
8	123
8	124
8	125
8	126
8	127
8	128
8	129
8	130
8	131
8	132
8	133
8	134
8	135
8	136
8	137
8	138
8	139
8	140
8	141
8	142
8	143
8	144
8	145
8	146
8	147
8	148
8	149
8	150
8	151
8	152
8	153
8	154
8	155
8	156
8	157
8	158
8	159
8	160
8	161
8	162
8	163
8	164
8	165
8	166
8	167
8	168
8	169
8	170
8	171
8	172
8	173
8	174
8	175
8	176
8	177
8	178
8	179
8	180
8	181
8	182
8	183
8	184
8	185
8	186
8	187
8	188
8	189
8	190
8	191
8	192
8	193
8	194
8	195
8	196
8	197
8	198
8	199
8	200
8	201
8	202
8	203
8	204
8	205
8	206
8	207
8	208
8	209
8	210
8	211
8	212
8	213
8	214
8	215
8	216
8	217
8	218
8	219
8	220
8	221
8	222
8	223
8	224
8	225
8	226
8	227
8	228
8	229
8	230
8	231
8	232
8	233
8	234
8	235
8	236
8	237
8	238
8	239
8	240
8	241
8	242
8	243
8	244
8	245
8	246
8	247
8	248
8	249
8	250
8	251
8	252
8	253
8	254
8	255
8	256
8	257
8	258
8	259
8	260
8	261
8	262
8	263
8	264
8	265
8	266
8	267
8	268
8	269
8	270
8	271
8	272
8	273
8	274
8	275
8	276
8	277
8	278
8	279
8	280
8	281
8	282
8	283
8	284
8	285
8	286
8	287
8	288
8	289
8	290
8	291
8	292
8	293
8	294
8	295
8	296
8	297
8	298
8	299
8	300
8	301
8	302
8	303
8	304
8	305
8	306
8	307
8	308
8	309
9	52
9	53
9	83
9	88
9	95
9	99
9	102
9	103
9	106
9	107
9	113
9	114
9	115
9	118
9	120
9	121
9	122
9	123
9	124
9	125
9	126
9	127
9	128
9	129
9	130
9	131
9	132
9	133
9	134
9	135
9	136
9	137
9	138
9	140
9	141
9	142
9	143
9	144
9	145
9	146
9	147
9	148
9	149
9	150
9	151
9	152
9	153
9	154
9	155
9	156
9	157
9	158
9	159
9	160
9	161
9	162
9	163
9	164
9	165
9	166
9	167
9	168
9	169
9	170
9	171
9	172
9	173
9	174
9	175
9	176
9	177
9	178
9	179
9	180
9	181
9	182
9	183
9	184
9	185
9	186
9	187
9	188
9	189
9	190
9	191
9	192
9	193
9	194
9	195
9	196
9	197
9	198
9	199
9	200
9	201
9	202
9	203
9	204
9	205
9	206
9	207
9	208
9	209
9	210
9	211
9	212
9	213
9	214
9	215
9	216
9	217
9	218
9	219
9	220
9	221
9	222
9	223
9	224
9	225
9	226
9	227
9	228
9	229
9	230
9	231
9	232
9	233
9	234
9	235
9	236
9	237
9	238
9	239
9	240
9	241
9	242
9	243
9	244
9	245
9	246
9	247
9	248
9	249
9	250
9	251
9	252
9	253
9	254
9	255
9	256
9	257
9	258
9	259
9	260
9	261
9	262
9	263
9	264
9	265
9	266
9	267
9	268
9	269
9	270
9	271
9	272
9	273
9	274
9	275
9	276
9	277
9	278
9	279
9	280
9	281
9	282
9	283
9	284
9	285
9	286
9	287
9	288
9	289
9	290
9	291
9	292
9	293
9	294
9	295
9	296
9	297
9	298
9	299
9	300
9	301
9	302
9	303
9	304
9	305
9	306
9	307
9	308
9	309
10	52
10	53
10	83
10	88
10	95
10	99
10	102
10	103
10	106
10	107
10	113
10	114
10	115
10	118
10	120
10	121
10	122
10	123
10	124
10	125
10	126
10	127
10	128
10	129
10	130
10	131
10	132
10	133
10	134
10	135
10	136
10	137
10	138
10	140
10	141
10	142
10	143
10	144
10	145
10	146
10	147
10	148
10	149
10	150
10	151
10	152
10	153
10	154
10	155
10	156
10	157
10	158
10	159
10	160
10	161
10	162
10	163
10	164
10	165
10	166
10	167
10	168
10	169
10	170
10	171
10	172
10	173
10	174
10	175
10	176
10	177
10	178
10	179
10	180
10	181
10	182
10	183
10	184
10	185
10	186
10	187
10	188
10	189
10	190
10	191
10	192
10	193
10	194
10	195
10	196
10	197
10	198
10	199
10	200
10	201
10	202
10	203
10	204
10	205
10	206
10	207
10	208
10	209
10	210
10	211
10	212
10	213
10	214
10	215
10	216
10	217
10	218
10	219
10	220
10	221
10	222
10	223
10	224
10	225
10	226
10	227
10	228
10	229
10	230
10	231
10	232
10	233
10	234
10	235
10	236
10	237
10	238
10	239
10	240
10	241
10	242
10	243
10	244
10	245
10	246
10	247
10	248
10	249
10	250
10	251
10	252
10	253
10	254
10	255
10	256
10	257
10	258
10	259
10	260
10	261
10	262
10	263
10	264
10	265
10	266
10	267
10	268
10	269
10	270
10	271
10	272
10	273
10	274
10	275
10	276
10	277
10	278
10	279
10	280
10	281
10	282
10	283
10	284
10	285
10	286
10	287
10	288
10	289
10	290
10	291
10	292
10	293
10	294
10	295
10	296
10	297
10	298
10	299
10	300
10	301
10	302
10	303
10	304
10	305
10	306
10	307
10	308
10	309
11	52
11	53
11	83
11	88
11	95
11	99
11	102
11	103
11	106
11	107
11	113
11	114
11	115
11	118
11	120
11	121
11	122
11	123
11	124
11	125
11	126
11	127
11	128
11	129
11	130
11	131
11	132
11	133
11	134
11	135
11	136
11	137
11	138
11	140
11	141
11	142
11	143
11	144
11	145
11	146
11	147
11	148
11	149
11	150
11	151
11	152
11	153
11	154
11	155
11	156
11	157
11	158
11	159
11	160
11	161
11	162
11	163
11	164
11	165
11	166
11	167
11	168
11	169
11	170
11	171
11	172
11	173
11	174
11	175
11	176
11	177
11	178
11	179
11	180
11	181
11	182
11	183
11	184
11	185
11	186
11	187
11	188
11	189
11	190
11	191
11	192
11	193
11	194
11	195
11	196
11	197
11	198
11	199
11	200
11	201
11	202
11	203
11	204
11	205
11	206
11	207
11	208
11	209
11	210
11	211
11	212
11	213
11	214
11	215
11	216
11	217
11	218
11	219
11	220
11	221
11	222
11	223
11	224
11	225
11	226
11	227
11	228
11	229
11	230
11	231
11	232
11	233
11	234
11	235
11	236
11	237
11	238
11	239
11	240
11	241
11	242
11	243
11	244
11	245
11	246
11	247
11	248
11	249
11	250
11	251
11	252
11	253
11	254
11	255
11	256
11	257
11	258
11	259
11	260
11	261
11	262
11	263
11	264
11	265
11	266
11	267
11	268
11	269
11	270
11	271
11	272
11	273
11	274
11	275
11	276
11	277
11	278
11	279
11	280
11	281
11	282
11	283
11	284
11	285
11	286
11	287
11	288
11	289
11	290
11	291
11	292
11	293
11	294
11	295
11	296
11	297
11	298
11	299
11	300
11	301
11	302
11	303
11	304
11	305
11	306
11	307
11	308
11	309
12	52
12	53
12	130
12	144
12	146
12	149
12	152
12	153
12	155
12	159
12	166
12	170
12	171
12	172
12	173
12	175
12	177
12	178
12	184
12	187
12	188
12	189
12	190
12	191
12	192
12	193
12	197
12	198
12	199
12	202
12	203
12	204
12	205
12	206
12	207
12	208
12	209
12	210
12	211
12	212
12	213
12	214
12	215
12	216
12	217
12	218
12	219
12	220
12	221
12	222
12	223
12	224
12	225
12	226
12	227
12	228
12	229
12	230
12	231
12	232
12	233
12	234
12	235
12	236
12	238
12	239
12	240
12	241
12	242
12	243
12	244
12	245
12	246
12	247
12	248
12	249
12	250
12	251
12	252
12	253
12	254
12	255
12	256
12	257
12	258
12	259
12	260
12	261
12	262
12	263
12	264
12	265
12	266
12	267
12	268
12	269
12	270
12	271
12	272
12	273
12	274
12	275
12	276
12	277
12	278
12	279
12	280
12	281
12	282
12	283
12	284
12	285
12	286
12	287
12	288
12	289
12	290
12	291
12	292
12	293
12	294
12	295
12	296
12	297
12	298
12	299
12	300
12	301
12	302
12	303
12	304
12	305
12	306
12	307
12	308
12	309
13	53
13	130
13	144
13	146
13	149
13	152
13	153
13	155
13	159
13	166
13	170
13	171
13	172
13	173
13	175
13	177
13	178
13	184
13	187
13	188
13	189
13	190
13	191
13	192
13	193
13	197
13	198
13	199
13	202
13	203
13	204
13	205
13	206
13	207
13	208
13	209
13	210
13	211
13	212
13	213
13	214
13	215
13	216
13	217
13	218
13	219
13	220
13	221
13	222
13	223
13	224
13	225
13	226
13	227
13	228
13	229
13	230
13	231
13	232
13	233
13	234
13	235
13	236
13	238
13	239
13	240
13	241
13	242
13	243
13	244
13	245
13	246
13	247
13	248
13	249
13	250
13	251
13	252
13	253
13	254
13	255
13	256
13	257
13	258
13	259
13	260
13	261
13	262
13	263
13	264
13	265
13	266
13	267
13	268
13	269
13	270
13	271
13	272
13	273
13	274
13	275
13	276
13	277
13	278
13	279
13	280
13	281
13	282
13	283
13	284
13	285
13	286
13	287
13	288
13	289
13	290
13	291
13	292
13	293
13	294
13	295
13	296
13	297
13	298
13	299
13	300
13	301
13	302
13	303
13	304
13	305
13	306
13	307
13	308
13	309
14	52
14	53
14	130
14	144
14	146
14	149
14	152
14	153
14	155
14	159
14	166
14	170
14	171
14	172
14	173
14	175
14	177
14	178
14	184
14	187
14	188
14	189
14	190
14	191
14	192
14	193
14	197
14	198
14	199
14	202
14	203
14	204
14	205
14	206
14	207
14	208
14	209
14	210
14	211
14	212
14	213
14	214
14	215
14	216
14	217
14	218
14	219
14	220
14	221
14	222
14	223
14	224
14	225
14	226
14	227
14	228
14	229
14	230
14	231
14	232
14	233
14	234
14	235
14	236
14	238
14	239
14	240
14	241
14	242
14	243
14	244
14	245
14	246
14	247
14	248
14	249
14	250
14	251
14	252
14	253
14	254
14	255
14	256
14	257
14	258
14	259
14	260
14	261
14	262
14	263
14	264
14	265
14	266
14	267
14	268
14	269
14	270
14	271
14	272
14	273
14	274
14	275
14	276
14	277
14	278
14	279
14	280
14	281
14	282
14	283
14	284
14	285
14	286
14	287
14	288
14	289
14	290
14	291
14	292
14	293
14	294
14	295
14	296
14	297
14	298
14	299
14	300
14	301
14	302
14	303
14	304
14	305
14	306
14	307
14	308
14	309
15	52
15	53
15	67
15	70
15	73
15	74
15	75
15	82
15	83
15	88
15	91
15	92
15	93
15	94
15	95
15	96
15	97
15	98
15	99
15	100
15	101
15	102
15	103
15	104
15	105
15	106
15	107
15	108
15	109
15	110
15	111
15	112
15	113
15	114
15	115
15	116
15	117
15	118
15	119
15	120
15	121
15	122
15	123
15	124
15	125
15	126
15	127
15	128
15	129
15	130
15	131
15	132
15	133
15	134
15	135
15	136
15	137
15	138
15	139
15	140
15	141
15	142
15	143
15	144
15	145
15	146
15	147
15	148
15	149
15	150
15	151
15	152
15	153
15	154
15	155
15	156
15	157
15	158
15	159
15	160
15	161
15	162
15	163
15	164
15	165
15	166
15	167
15	168
15	169
15	170
15	171
15	172
15	173
15	174
15	175
15	176
15	177
15	178
15	179
15	180
15	181
15	182
15	183
15	184
15	185
15	186
15	187
15	188
15	189
15	190
15	191
15	192
15	193
15	194
15	195
15	196
15	197
15	198
15	199
15	200
15	201
15	202
15	203
15	204
15	205
15	206
15	207
15	208
15	209
15	210
15	211
15	212
15	213
15	214
15	215
15	216
15	217
15	218
15	219
15	220
15	221
15	222
15	223
15	224
15	225
15	226
15	227
15	228
15	229
15	230
15	231
15	232
15	233
15	234
15	235
15	236
15	237
15	238
15	239
15	240
15	241
15	242
15	243
15	244
15	245
15	246
15	247
15	248
15	249
15	250
15	251
15	252
15	253
15	254
15	255
15	256
15	257
15	258
15	259
15	260
15	261
15	262
15	263
15	264
15	265
15	266
15	267
15	268
15	269
15	270
15	271
15	272
15	273
15	274
15	275
15	276
15	277
15	278
15	279
15	280
15	281
15	282
15	283
15	284
15	285
15	286
15	287
15	288
15	289
15	290
15	291
15	292
15	293
15	294
15	295
15	296
15	297
15	298
15	299
15	300
15	301
15	302
15	303
15	304
15	305
15	306
15	307
15	308
15	309
16	52
16	53
16	82
16	83
16	88
16	92
16	95
16	97
16	99
16	102
16	103
16	106
16	107
16	113
16	114
16	115
16	117
16	118
16	120
16	121
16	122
16	123
16	124
16	125
16	126
16	127
16	128
16	129
16	130
16	131
16	132
16	133
16	134
16	135
16	136
16	137
16	138
16	140
16	141
16	142
16	143
16	144
16	145
16	146
16	147
16	148
16	149
16	150
16	151
16	152
16	153
16	154
16	155
16	156
16	157
16	158
16	159
16	160
16	161
16	162
16	163
16	164
16	165
16	166
16	167
16	168
16	169
16	170
16	171
16	172
16	173
16	174
16	175
16	176
16	177
16	178
16	179
16	180
16	181
16	182
16	183
16	184
16	185
16	186
16	187
16	188
16	189
16	190
16	191
16	192
16	193
16	194
16	195
16	196
16	197
16	198
16	199
16	200
16	201
16	202
16	203
16	204
16	205
16	206
16	207
16	208
16	209
16	210
16	211
16	212
16	213
16	214
16	215
16	216
16	217
16	218
16	219
16	220
16	221
16	222
16	223
16	224
16	225
16	226
16	227
16	228
16	229
16	230
16	231
16	232
16	233
16	234
16	235
16	236
16	237
16	238
16	239
16	240
16	241
16	242
16	243
16	244
16	245
16	246
16	247
16	248
16	249
16	250
16	251
16	252
16	253
16	254
16	255
16	256
16	257
16	258
16	259
16	260
16	261
16	262
16	263
16	264
16	265
16	266
16	267
16	268
16	269
16	270
16	271
16	272
16	273
16	274
16	275
16	276
16	277
16	278
16	279
16	280
16	281
16	282
16	283
16	284
16	285
16	286
16	287
16	288
16	289
16	290
16	291
16	292
16	293
16	294
16	295
16	296
16	297
16	298
16	299
16	300
16	301
16	302
16	303
16	304
16	305
16	306
16	307
16	308
16	309
17	53
17	130
17	134
17	144
17	146
17	147
17	149
17	152
17	153
17	155
17	159
17	162
17	166
17	170
17	171
17	172
17	173
17	175
17	177
17	178
17	183
17	184
17	187
17	188
17	189
17	190
17	191
17	192
17	193
17	194
17	197
17	198
17	199
17	202
17	203
17	204
17	205
17	206
17	207
17	208
17	209
17	210
17	211
17	212
17	213
17	214
17	215
17	216
17	217
17	218
17	219
17	220
17	221
17	222
17	223
17	224
17	225
17	226
17	227
17	228
17	229
17	230
17	231
17	232
17	233
17	234
17	235
17	236
17	238
17	239
17	240
17	241
17	242
17	243
17	244
17	245
17	246
17	247
17	248
17	249
17	250
17	251
17	252
17	253
17	254
17	255
17	256
17	257
17	258
17	259
17	260
17	261
17	262
17	263
17	264
17	265
17	266
17	267
17	268
17	269
17	270
17	271
17	272
17	273
17	274
17	275
17	276
17	277
17	278
17	279
17	280
17	281
17	282
17	283
17	284
17	285
17	286
17	287
17	288
17	289
17	290
17	291
17	292
17	293
17	294
17	295
17	296
17	297
17	298
17	299
17	300
17	301
17	302
17	303
17	304
17	305
17	306
17	307
17	308
17	309
18	52
18	53
18	88
18	95
18	106
18	113
18	114
18	115
18	118
18	120
18	123
18	124
18	126
18	127
18	129
18	130
18	131
18	132
18	133
18	134
18	135
18	136
18	137
18	138
18	140
18	141
18	142
18	143
18	144
18	145
18	146
18	147
18	148
18	149
18	150
18	151
18	152
18	153
18	154
18	155
18	156
18	157
18	158
18	159
18	160
18	161
18	162
18	163
18	164
18	165
18	166
18	167
18	168
18	169
18	170
18	171
18	172
18	173
18	174
18	175
18	176
18	177
18	178
18	179
18	180
18	181
18	182
18	183
18	184
18	185
18	186
18	187
18	188
18	189
18	190
18	191
18	192
18	193
18	194
18	195
18	196
18	197
18	198
18	199
18	200
18	201
18	202
18	203
18	204
18	205
18	206
18	207
18	208
18	209
18	210
18	211
18	212
18	213
18	214
18	215
18	216
18	217
18	218
18	219
18	220
18	221
18	222
18	223
18	224
18	225
18	226
18	227
18	228
18	229
18	230
18	231
18	232
18	233
18	234
18	235
18	236
18	237
18	238
18	239
18	240
18	241
18	242
18	243
18	244
18	245
18	246
18	247
18	248
18	249
18	250
18	251
18	252
18	253
18	254
18	255
18	256
18	257
18	258
18	259
18	260
18	261
18	262
18	263
18	264
18	265
18	266
18	267
18	268
18	269
18	270
18	271
18	272
18	273
18	274
18	275
18	276
18	277
18	278
18	279
18	280
18	281
18	282
18	283
18	284
18	285
18	286
18	287
18	288
18	289
18	290
18	291
18	292
18	293
18	294
18	295
18	296
18	297
18	298
18	299
18	300
18	301
18	302
18	303
18	304
18	305
18	306
18	307
18	308
18	309
19	53
19	83
19	130
19	134
19	144
19	146
19	147
19	149
19	152
19	153
19	155
19	159
19	162
19	166
19	170
19	171
19	172
19	173
19	175
19	177
19	178
19	183
19	184
19	187
19	188
19	189
19	190
19	191
19	192
19	193
19	194
19	197
19	198
19	199
19	202
19	203
19	204
19	205
19	206
19	207
19	208
19	209
19	210
19	211
19	212
19	213
19	214
19	215
19	216
19	217
19	218
19	219
19	220
19	221
19	222
19	223
19	224
19	225
19	226
19	227
19	228
19	229
19	230
19	231
19	232
19	233
19	234
19	235
19	236
19	238
19	239
19	240
19	241
19	242
19	243
19	244
19	245
19	246
19	247
19	248
19	249
19	250
19	251
19	252
19	253
19	254
19	255
19	256
19	257
19	258
19	259
19	260
19	261
19	262
19	263
19	264
19	265
19	266
19	267
19	268
19	269
19	270
19	271
19	272
19	273
19	274
19	275
19	276
19	277
19	278
19	279
19	280
19	281
19	282
19	283
19	284
19	285
19	286
19	287
19	288
19	289
19	290
19	291
19	292
19	293
19	294
19	295
19	296
19	297
19	298
19	299
19	300
19	301
19	302
19	303
19	304
19	305
19	306
19	307
19	308
19	309
20	52
20	53
20	83
20	84
20	88
20	90
20	95
20	99
20	102
20	103
20	106
20	107
20	113
20	114
20	115
20	118
20	120
20	121
20	122
20	123
20	124
20	125
20	126
20	127
20	128
20	129
20	130
20	131
20	132
20	133
20	134
20	135
20	136
20	137
20	138
20	140
20	141
20	142
20	143
20	144
20	145
20	146
20	147
20	148
20	149
20	150
20	151
20	152
20	153
20	154
20	155
20	156
20	157
20	158
20	159
20	160
20	161
20	162
20	163
20	164
20	165
20	166
20	167
20	168
20	169
20	170
20	171
20	172
20	173
20	174
20	175
20	176
20	177
20	178
20	179
20	180
20	181
20	182
20	183
20	184
20	185
20	186
20	187
20	188
20	189
20	190
20	191
20	192
20	193
20	194
20	195
20	196
20	197
20	198
20	199
20	200
20	201
20	202
20	203
20	204
20	205
20	206
20	207
20	208
20	209
20	210
20	211
20	212
20	213
20	214
20	215
20	216
20	217
20	218
20	219
20	220
20	221
20	222
20	223
20	224
20	225
20	226
20	227
20	228
20	229
20	230
20	231
20	232
20	233
20	234
20	235
20	236
20	237
20	238
20	239
20	240
20	241
20	242
20	243
20	244
20	245
20	246
20	247
20	248
20	249
20	250
20	251
20	252
20	253
20	254
20	255
20	256
20	257
20	258
20	259
20	260
20	261
20	262
20	263
20	264
20	265
20	266
20	267
20	268
20	269
20	270
20	271
20	272
20	273
20	274
20	275
20	276
20	277
20	278
20	279
20	280
20	281
20	282
20	283
20	284
20	285
20	286
20	287
20	288
20	289
20	290
20	291
20	292
20	293
20	294
20	295
20	296
20	297
20	298
20	299
20	300
20	301
20	302
20	303
20	304
20	305
20	306
20	307
20	308
20	309
21	52
21	53
21	88
21	95
21	106
21	113
21	114
21	115
21	118
21	120
21	123
21	124
21	126
21	127
21	129
21	130
21	131
21	132
21	133
21	134
21	135
21	136
21	137
21	138
21	140
21	141
21	142
21	143
21	144
21	145
21	146
21	147
21	148
21	149
21	150
21	151
21	152
21	153
21	154
21	155
21	156
21	157
21	158
21	159
21	160
21	161
21	162
21	163
21	164
21	165
21	166
21	167
21	168
21	169
21	170
21	171
21	172
21	173
21	174
21	175
21	176
21	177
21	178
21	179
21	180
21	181
21	182
21	183
21	184
21	185
21	186
21	187
21	188
21	189
21	190
21	191
21	192
21	193
21	194
21	195
21	196
21	197
21	198
21	199
21	200
21	201
21	202
21	203
21	204
21	205
21	206
21	207
21	208
21	209
21	210
21	211
21	212
21	213
21	214
21	215
21	216
21	217
21	218
21	219
21	220
21	221
21	222
21	223
21	224
21	225
21	226
21	227
21	228
21	229
21	230
21	231
21	232
21	233
21	234
21	235
21	236
21	237
21	238
21	239
21	240
21	241
21	242
21	243
21	244
21	245
21	246
21	247
21	248
21	249
21	250
21	251
21	252
21	253
21	254
21	255
21	256
21	257
21	258
21	259
21	260
21	261
21	262
21	263
21	264
21	265
21	266
21	267
21	268
21	269
21	270
21	271
21	272
21	273
21	274
21	275
21	276
21	277
21	278
21	279
21	280
21	281
21	282
21	283
21	284
21	285
21	286
21	287
21	288
21	289
21	290
21	291
21	292
21	293
21	294
21	295
21	296
21	297
21	298
21	299
21	300
21	301
21	302
21	303
21	304
21	305
21	306
21	307
21	308
21	309
22	52
22	53
22	83
22	88
22	95
22	99
22	102
22	103
22	106
22	107
22	113
22	114
22	115
22	118
22	120
22	121
22	122
22	123
22	124
22	125
22	126
22	127
22	128
22	129
22	130
22	131
22	132
22	133
22	134
22	135
22	136
22	137
22	138
22	140
22	141
22	142
22	143
22	144
22	145
22	146
22	147
22	148
22	149
22	150
22	151
22	152
22	153
22	154
22	155
22	156
22	157
22	158
22	159
22	160
22	161
22	162
22	163
22	164
22	165
22	166
22	167
22	168
22	169
22	170
22	171
22	172
22	173
22	174
22	175
22	176
22	177
22	178
22	179
22	180
22	181
22	182
22	183
22	184
22	185
22	186
22	187
22	188
22	189
22	190
22	191
22	192
22	193
22	194
22	195
22	196
22	197
22	198
22	199
22	200
22	201
22	202
22	203
22	204
22	205
22	206
22	207
22	208
22	209
22	210
22	211
22	212
22	213
22	214
22	215
22	216
22	217
22	218
22	219
22	220
22	221
22	222
22	223
22	224
22	225
22	226
22	227
22	228
22	229
22	230
22	231
22	232
22	233
22	234
22	235
22	236
22	237
22	238
22	239
22	240
22	241
22	242
22	243
22	244
22	245
22	246
22	247
22	248
22	249
22	250
22	251
22	252
22	253
22	254
22	255
22	256
22	257
22	258
22	259
22	260
22	261
22	262
22	263
22	264
22	265
22	266
22	267
22	268
22	269
22	270
22	271
22	272
22	273
22	274
22	275
22	276
22	277
22	278
22	279
22	280
22	281
22	282
22	283
22	284
22	285
22	286
22	287
22	288
22	289
22	290
22	291
22	292
22	293
22	294
22	295
22	296
22	297
22	298
22	299
22	300
22	301
22	302
22	303
22	304
22	305
22	306
22	307
22	308
22	309
23	52
23	53
23	82
23	83
23	88
23	92
23	95
23	97
23	99
23	102
23	103
23	106
23	107
23	113
23	114
23	115
23	117
23	118
23	120
23	121
23	122
23	123
23	124
23	125
23	126
23	127
23	128
23	129
23	130
23	131
23	132
23	133
23	134
23	135
23	136
23	137
23	138
23	140
23	141
23	142
23	143
23	144
23	145
23	146
23	147
23	148
23	149
23	150
23	151
23	152
23	153
23	154
23	155
23	156
23	157
23	158
23	159
23	160
23	161
23	162
23	163
23	164
23	165
23	166
23	167
23	168
23	169
23	170
23	171
23	172
23	173
23	174
23	175
23	176
23	177
23	178
23	179
23	180
23	181
23	182
23	183
23	184
23	185
23	186
23	187
23	188
23	189
23	190
23	191
23	192
23	193
23	194
23	195
23	196
23	197
23	198
23	199
23	200
23	201
23	202
23	203
23	204
23	205
23	206
23	207
23	208
23	209
23	210
23	211
23	212
23	213
23	214
23	215
23	216
23	217
23	218
23	219
23	220
23	221
23	222
23	223
23	224
23	225
23	226
23	227
23	228
23	229
23	230
23	231
23	232
23	233
23	234
23	235
23	236
23	237
23	238
23	239
23	240
23	241
23	242
23	243
23	244
23	245
23	246
23	247
23	248
23	249
23	250
23	251
23	252
23	253
23	254
23	255
23	256
23	257
23	258
23	259
23	260
23	261
23	262
23	263
23	264
23	265
23	266
23	267
23	268
23	269
23	270
23	271
23	272
23	273
23	274
23	275
23	276
23	277
23	278
23	279
23	280
23	281
23	282
23	283
23	284
23	285
23	286
23	287
23	288
23	289
23	290
23	291
23	292
23	293
23	294
23	295
23	296
23	297
23	298
23	299
23	300
23	301
23	302
23	303
23	304
23	305
23	306
23	307
23	308
23	309
24	53
24	130
24	134
24	144
24	146
24	147
24	149
24	152
24	153
24	155
24	159
24	162
24	166
24	170
24	171
24	172
24	173
24	175
24	177
24	178
24	183
24	184
24	187
24	188
24	189
24	190
24	191
24	192
24	193
24	194
24	197
24	198
24	199
24	202
24	203
24	204
24	205
24	206
24	207
24	208
24	209
24	210
24	211
24	212
24	213
24	214
24	215
24	216
24	217
24	218
24	219
24	220
24	221
24	222
24	223
24	224
24	225
24	226
24	227
24	228
24	229
24	230
24	231
24	232
24	233
24	234
24	235
24	236
24	238
24	239
24	240
24	241
24	242
24	243
24	244
24	245
24	246
24	247
24	248
24	249
24	250
24	251
24	252
24	253
24	254
24	255
24	256
24	257
24	258
24	259
24	260
24	261
24	262
24	263
24	264
24	265
24	266
24	267
24	268
24	269
24	270
24	271
24	272
24	273
24	274
24	275
24	276
24	277
24	278
24	279
24	280
24	281
24	282
24	283
24	284
24	285
24	286
24	287
24	288
24	289
24	290
24	291
24	292
24	293
24	294
24	295
24	296
24	297
24	298
24	299
24	300
24	301
24	302
24	303
24	304
24	305
24	306
24	307
24	308
24	309
25	52
25	53
25	83
25	88
25	95
25	99
25	102
25	103
25	106
25	107
25	113
25	114
25	115
25	118
25	120
25	121
25	122
25	123
25	124
25	125
25	126
25	127
25	128
25	129
25	130
25	131
25	132
25	133
25	134
25	135
25	136
25	137
25	138
25	140
25	141
25	142
25	143
25	144
25	145
25	146
25	147
25	148
25	149
25	150
25	151
25	152
25	153
25	154
25	155
25	156
25	157
25	158
25	159
25	160
25	161
25	162
25	163
25	164
25	165
25	166
25	167
25	168
25	169
25	170
25	171
25	172
25	173
25	174
25	175
25	176
25	177
25	178
25	179
25	180
25	181
25	182
25	183
25	184
25	185
25	186
25	187
25	188
25	189
25	190
25	191
25	192
25	193
25	194
25	195
25	196
25	197
25	198
25	199
25	200
25	201
25	202
25	203
25	204
25	205
25	206
25	207
25	208
25	209
25	210
25	211
25	212
25	213
25	214
25	215
25	216
25	217
25	218
25	219
25	220
25	221
25	222
25	223
25	224
25	225
25	226
25	227
25	228
25	229
25	230
25	231
25	232
25	233
25	234
25	235
25	236
25	237
25	238
25	239
25	240
25	241
25	242
25	243
25	244
25	245
25	246
25	247
25	248
25	249
25	250
25	251
25	252
25	253
25	254
25	255
25	256
25	257
25	258
25	259
25	260
25	261
25	262
25	263
25	264
25	265
25	266
25	267
25	268
25	269
25	270
25	271
25	272
25	273
25	274
25	275
25	276
25	277
25	278
25	279
25	280
25	281
25	282
25	283
25	284
25	285
25	286
25	287
25	288
25	289
25	290
25	291
25	292
25	293
25	294
25	295
25	296
25	297
25	298
25	299
25	300
25	301
25	302
25	303
25	304
25	305
25	306
25	307
25	308
25	309
26	193
26	218
26	219
26	225
26	230
26	232
26	235
26	245
26	246
26	252
26	253
26	255
26	257
26	259
26	260
26	261
26	263
26	264
26	267
26	269
26	270
26	272
26	275
26	280
26	281
26	282
26	285
26	286
26	287
26	293
26	295
26	296
26	297
26	299
26	300
26	302
26	303
26	304
26	305
26	306
26	307
26	308
26	309
27	52
27	53
27	106
27	113
27	114
27	115
27	118
27	120
27	123
27	124
27	126
27	129
27	130
27	131
27	132
27	133
27	134
27	135
27	136
27	137
27	140
27	141
27	142
27	143
27	144
27	145
27	146
27	147
27	148
27	149
27	150
27	151
27	152
27	153
27	154
27	155
27	156
27	157
27	158
27	159
27	160
27	161
27	162
27	163
27	164
27	165
27	166
27	167
27	168
27	169
27	170
27	171
27	172
27	173
27	174
27	175
27	176
27	177
27	178
27	179
27	180
27	181
27	182
27	183
27	184
27	185
27	186
27	187
27	188
27	189
27	190
27	191
27	192
27	193
27	194
27	195
27	196
27	197
27	198
27	199
27	200
27	201
27	202
27	203
27	204
27	205
27	206
27	207
27	208
27	209
27	210
27	211
27	212
27	213
27	214
27	215
27	216
27	217
27	218
27	219
27	220
27	221
27	222
27	223
27	224
27	225
27	226
27	227
27	228
27	229
27	230
27	231
27	232
27	233
27	234
27	235
27	236
27	237
27	238
27	239
27	240
27	241
27	242
27	243
27	244
27	245
27	246
27	247
27	248
27	249
27	250
27	251
27	252
27	253
27	254
27	255
27	256
27	257
27	258
27	259
27	260
27	261
27	262
27	263
27	264
27	265
27	266
27	267
27	268
27	269
27	270
27	271
27	272
27	273
27	274
27	275
27	276
27	277
27	278
27	279
27	280
27	281
27	282
27	283
27	284
27	285
27	286
27	287
27	288
27	289
27	290
27	291
27	292
27	293
27	294
27	295
27	296
27	297
27	298
27	299
27	300
27	301
27	302
27	303
27	304
27	305
27	306
27	307
27	308
27	309
28	52
28	53
28	82
28	83
28	88
28	92
28	95
28	97
28	99
28	102
28	103
28	106
28	107
28	113
28	114
28	115
28	117
28	118
28	120
28	121
28	122
28	123
28	124
28	125
28	126
28	127
28	128
28	129
28	130
28	131
28	132
28	133
28	134
28	135
28	136
28	137
28	138
28	140
28	141
28	142
28	143
28	144
28	145
28	146
28	147
28	148
28	149
28	150
28	151
28	152
28	153
28	154
28	155
28	156
28	157
28	158
28	159
28	160
28	161
28	162
28	163
28	164
28	165
28	166
28	167
28	168
28	169
28	170
28	171
28	172
28	173
28	174
28	175
28	176
28	177
28	178
28	179
28	180
28	181
28	182
28	183
28	184
28	185
28	186
28	187
28	188
28	189
28	190
28	191
28	192
28	193
28	194
28	195
28	196
28	197
28	198
28	199
28	200
28	201
28	202
28	203
28	204
28	205
28	206
28	207
28	208
28	209
28	210
28	211
28	212
28	213
28	214
28	215
28	216
28	217
28	218
28	219
28	220
28	221
28	222
28	223
28	224
28	225
28	226
28	227
28	228
28	229
28	230
28	231
28	232
28	233
28	234
28	235
28	236
28	237
28	238
28	239
28	240
28	241
28	242
28	243
28	244
28	245
28	246
28	247
28	248
28	249
28	250
28	251
28	252
28	253
28	254
28	255
28	256
28	257
28	258
28	259
28	260
28	261
28	262
28	263
28	264
28	265
28	266
28	267
28	268
28	269
28	270
28	271
28	272
28	273
28	274
28	275
28	276
28	277
28	278
28	279
28	280
28	281
28	282
28	283
28	284
28	285
28	286
28	287
28	288
28	289
28	290
28	291
28	292
28	293
28	294
28	295
28	296
28	297
28	298
28	299
28	300
28	301
28	302
28	303
28	304
28	305
28	306
28	307
28	308
28	309
29	52
29	53
29	56
29	60
29	61
29	63
29	65
29	67
29	68
29	70
29	72
29	73
29	74
29	75
29	77
29	79
29	81
29	82
29	83
29	84
29	86
29	88
29	89
29	90
29	91
29	92
29	93
29	94
29	95
29	96
29	97
29	98
29	99
29	100
29	101
29	102
29	103
29	104
29	105
29	106
29	107
29	108
29	109
29	110
29	111
29	112
29	113
29	114
29	115
29	116
29	117
29	118
29	119
29	120
29	121
29	122
29	123
29	124
29	125
29	126
29	127
29	128
29	129
29	130
29	131
29	132
29	133
29	134
29	135
29	136
29	137
29	138
29	139
29	140
29	141
29	142
29	143
29	144
29	145
29	146
29	147
29	148
29	149
29	150
29	151
29	152
29	153
29	154
29	155
29	156
29	157
29	158
29	159
29	160
29	161
29	162
29	163
29	164
29	165
29	166
29	167
29	168
29	169
29	170
29	171
29	172
29	173
29	174
29	175
29	176
29	177
29	178
29	179
29	180
29	181
29	182
29	183
29	184
29	185
29	186
29	187
29	188
29	189
29	190
29	191
29	192
29	193
29	194
29	195
29	196
29	197
29	198
29	199
29	200
29	201
29	202
29	203
29	204
29	205
29	206
29	207
29	208
29	209
29	210
29	211
29	212
29	213
29	214
29	215
29	216
29	217
29	218
29	219
29	220
29	221
29	222
29	223
29	224
29	225
29	226
29	227
29	228
29	229
29	230
29	231
29	232
29	233
29	234
29	235
29	236
29	237
29	238
29	239
29	240
29	241
29	242
29	243
29	244
29	245
29	246
29	247
29	248
29	249
29	250
29	251
29	252
29	253
29	254
29	255
29	256
29	257
29	258
29	259
29	260
29	261
29	262
29	263
29	264
29	265
29	266
29	267
29	268
29	269
29	270
29	271
29	272
29	273
29	274
29	275
29	276
29	277
29	278
29	279
29	280
29	281
29	282
29	283
29	284
29	285
29	286
29	287
29	288
29	289
29	290
29	291
29	292
29	293
29	294
29	295
29	296
29	297
29	298
29	299
29	300
29	301
29	302
29	303
29	304
29	305
29	306
29	307
29	308
29	309
30	52
30	53
30	130
30	144
30	146
30	149
30	152
30	153
30	155
30	159
30	166
30	170
30	171
30	172
30	173
30	175
30	177
30	178
30	184
30	187
30	188
30	189
30	190
30	191
30	192
30	193
30	197
30	198
30	199
30	202
30	203
30	204
30	205
30	206
30	207
30	208
30	209
30	210
30	211
30	212
30	213
30	214
30	215
30	216
30	217
30	218
30	219
30	220
30	221
30	222
30	223
30	224
30	225
30	226
30	227
30	228
30	229
30	230
30	231
30	232
30	233
30	234
30	235
30	236
30	238
30	239
30	240
30	241
30	242
30	243
30	244
30	245
30	246
30	247
30	248
30	249
30	250
30	251
30	252
30	253
30	254
30	255
30	256
30	257
30	258
30	259
30	260
30	261
30	262
30	263
30	264
30	265
30	266
30	267
30	268
30	269
30	270
30	271
30	272
30	273
30	274
30	275
30	276
30	277
30	278
30	279
30	280
30	281
30	282
30	283
30	284
30	285
30	286
30	287
30	288
30	289
30	290
30	291
30	292
30	293
30	294
30	295
30	296
30	297
30	298
30	299
30	300
30	301
30	302
30	303
30	304
30	305
30	306
30	307
30	308
30	309
31	53
31	130
31	134
31	144
31	146
31	147
31	149
31	152
31	153
31	155
31	159
31	162
31	166
31	170
31	171
31	172
31	173
31	175
31	177
31	178
31	183
31	184
31	187
31	188
31	189
31	190
31	191
31	192
31	193
31	194
31	197
31	198
31	199
31	202
31	203
31	204
31	205
31	206
31	207
31	208
31	209
31	210
31	211
31	212
31	213
31	214
31	215
31	216
31	217
31	218
31	219
31	220
31	221
31	222
31	223
31	224
31	225
31	226
31	227
31	228
31	229
31	230
31	231
31	232
31	233
31	234
31	235
31	236
31	238
31	239
31	240
31	241
31	242
31	243
31	244
31	245
31	246
31	247
31	248
31	249
31	250
31	251
31	252
31	253
31	254
31	255
31	256
31	257
31	258
31	259
31	260
31	261
31	262
31	263
31	264
31	265
31	266
31	267
31	268
31	269
31	270
31	271
31	272
31	273
31	274
31	275
31	276
31	277
31	278
31	279
31	280
31	281
31	282
31	283
31	284
31	285
31	286
31	287
31	288
31	289
31	290
31	291
31	292
31	293
31	294
31	295
31	296
31	297
31	298
31	299
31	300
31	301
31	302
31	303
31	304
31	305
31	306
31	307
31	308
31	309
32	52
32	53
32	82
32	83
32	88
32	92
32	95
32	97
32	99
32	102
32	103
32	106
32	107
32	113
32	114
32	115
32	117
32	118
32	120
32	121
32	122
32	123
32	124
32	125
32	126
32	127
32	128
32	129
32	130
32	131
32	132
32	133
32	134
32	135
32	136
32	137
32	138
32	140
32	141
32	142
32	143
32	144
32	145
32	146
32	147
32	148
32	149
32	150
32	151
32	152
32	153
32	154
32	155
32	156
32	157
32	158
32	159
32	160
32	161
32	162
32	163
32	164
32	165
32	166
32	167
32	168
32	169
32	170
32	171
32	172
32	173
32	174
32	175
32	176
32	177
32	178
32	179
32	180
32	181
32	182
32	183
32	184
32	185
32	186
32	187
32	188
32	189
32	190
32	191
32	192
32	193
32	194
32	195
32	196
32	197
32	198
32	199
32	200
32	201
32	202
32	203
32	204
32	205
32	206
32	207
32	208
32	209
32	210
32	211
32	212
32	213
32	214
32	215
32	216
32	217
32	218
32	219
32	220
32	221
32	222
32	223
32	224
32	225
32	226
32	227
32	228
32	229
32	230
32	231
32	232
32	233
32	234
32	235
32	236
32	237
32	238
32	239
32	240
32	241
32	242
32	243
32	244
32	245
32	246
32	247
32	248
32	249
32	250
32	251
32	252
32	253
32	254
32	255
32	256
32	257
32	258
32	259
32	260
32	261
32	262
32	263
32	264
32	265
32	266
32	267
32	268
32	269
32	270
32	271
32	272
32	273
32	274
32	275
32	276
32	277
32	278
32	279
32	280
32	281
32	282
32	283
32	284
32	285
32	286
32	287
32	288
32	289
32	290
32	291
32	292
32	293
32	294
32	295
32	296
32	297
32	298
32	299
32	300
32	301
32	302
32	303
32	304
32	305
32	306
32	307
32	308
32	309
33	52
33	53
33	82
33	83
33	88
33	92
33	95
33	97
33	99
33	102
33	103
33	106
33	107
33	113
33	114
33	115
33	117
33	118
33	120
33	121
33	122
33	123
33	124
33	125
33	126
33	127
33	128
33	129
33	130
33	131
33	132
33	133
33	134
33	135
33	136
33	137
33	138
33	140
33	141
33	142
33	143
33	144
33	145
33	146
33	147
33	148
33	149
33	150
33	151
33	152
33	153
33	154
33	155
33	156
33	157
33	158
33	159
33	160
33	161
33	162
33	163
33	164
33	165
33	166
33	167
33	168
33	169
33	170
33	171
33	172
33	173
33	174
33	175
33	176
33	177
33	178
33	179
33	180
33	181
33	182
33	183
33	184
33	185
33	186
33	187
33	188
33	189
33	190
33	191
33	192
33	193
33	194
33	195
33	196
33	197
33	198
33	199
33	200
33	201
33	202
33	203
33	204
33	205
33	206
33	207
33	208
33	209
33	210
33	211
33	212
33	213
33	214
33	215
33	216
33	217
33	218
33	219
33	220
33	221
33	222
33	223
33	224
33	225
33	226
33	227
33	228
33	229
33	230
33	231
33	232
33	233
33	234
33	235
33	236
33	237
33	238
33	239
33	240
33	241
33	242
33	243
33	244
33	245
33	246
33	247
33	248
33	249
33	250
33	251
33	252
33	253
33	254
33	255
33	256
33	257
33	258
33	259
33	260
33	261
33	262
33	263
33	264
33	265
33	266
33	267
33	268
33	269
33	270
33	271
33	272
33	273
33	274
33	275
33	276
33	277
33	278
33	279
33	280
33	281
33	282
33	283
33	284
33	285
33	286
33	287
33	288
33	289
33	290
33	291
33	292
33	293
33	294
33	295
33	296
33	297
33	298
33	299
33	300
33	301
33	302
33	303
33	304
33	305
33	306
33	307
33	308
33	309
34	52
34	53
34	83
34	88
34	95
34	99
34	102
34	103
34	106
34	107
34	113
34	114
34	115
34	118
34	120
34	121
34	122
34	123
34	124
34	125
34	126
34	127
34	128
34	129
34	130
34	131
34	132
34	133
34	134
34	135
34	136
34	137
34	138
34	140
34	141
34	142
34	143
34	144
34	145
34	146
34	147
34	148
34	149
34	150
34	151
34	152
34	153
34	154
34	155
34	156
34	157
34	158
34	159
34	160
34	161
34	162
34	163
34	164
34	165
34	166
34	167
34	168
34	169
34	170
34	171
34	172
34	173
34	174
34	175
34	176
34	177
34	178
34	179
34	180
34	181
34	182
34	183
34	184
34	185
34	186
34	187
34	188
34	189
34	190
34	191
34	192
34	193
34	194
34	195
34	196
34	197
34	198
34	199
34	200
34	201
34	202
34	203
34	204
34	205
34	206
34	207
34	208
34	209
34	210
34	211
34	212
34	213
34	214
34	215
34	216
34	217
34	218
34	219
34	220
34	221
34	222
34	223
34	224
34	225
34	226
34	227
34	228
34	229
34	230
34	231
34	232
34	233
34	234
34	235
34	236
34	237
34	238
34	239
34	240
34	241
34	242
34	243
34	244
34	245
34	246
34	247
34	248
34	249
34	250
34	251
34	252
34	253
34	254
34	255
34	256
34	257
34	258
34	259
34	260
34	261
34	262
34	263
34	264
34	265
34	266
34	267
34	268
34	269
34	270
34	271
34	272
34	273
34	274
34	275
34	276
34	277
34	278
34	279
34	280
34	281
34	282
34	283
34	284
34	285
34	286
34	287
34	288
34	289
34	290
34	291
34	292
34	293
34	294
34	295
34	296
34	297
34	298
34	299
34	300
34	301
34	302
34	303
34	304
34	305
34	306
34	307
34	308
34	309
35	53
35	193
35	218
35	219
35	225
35	232
35	235
35	245
35	246
35	252
35	253
35	255
35	257
35	259
35	260
35	261
35	263
35	267
35	269
35	270
35	272
35	275
35	280
35	281
35	282
35	285
35	286
35	287
35	293
35	295
35	296
35	297
35	299
35	300
35	302
35	303
35	304
35	305
35	306
35	307
35	308
35	309
36	53
36	193
36	218
36	219
36	225
36	232
36	235
36	245
36	246
36	252
36	253
36	255
36	257
36	259
36	260
36	261
36	263
36	267
36	269
36	270
36	272
36	275
36	280
36	281
36	282
36	285
36	286
36	287
36	293
36	295
36	296
36	297
36	299
36	300
36	302
36	303
36	304
36	305
36	306
36	307
36	308
36	309
37	53
37	193
37	218
37	219
37	225
37	230
37	232
37	235
37	245
37	246
37	252
37	253
37	255
37	257
37	259
37	260
37	261
37	263
37	264
37	267
37	269
37	270
37	272
37	275
37	280
37	281
37	282
37	285
37	286
37	287
37	293
37	295
37	296
37	297
37	299
37	300
37	302
37	303
37	304
37	305
37	306
37	307
37	308
37	309
38	193
38	218
38	219
38	225
38	230
38	232
38	235
38	245
38	246
38	252
38	253
38	255
38	257
38	259
38	260
38	261
38	263
38	264
38	267
38	269
38	270
38	272
38	275
38	280
38	281
38	282
38	285
38	286
38	287
38	293
38	295
38	296
38	297
38	299
38	300
38	302
38	303
38	304
38	305
38	306
38	307
38	308
38	309
39	53
39	193
39	218
39	219
39	225
39	230
39	232
39	235
39	245
39	246
39	252
39	253
39	255
39	257
39	259
39	260
39	261
39	263
39	264
39	267
39	269
39	270
39	272
39	275
39	280
39	281
39	282
39	285
39	286
39	287
39	293
39	295
39	296
39	297
39	299
39	300
39	302
39	303
39	304
39	305
39	306
39	307
39	308
39	309
40	53
40	193
40	218
40	219
40	225
40	230
40	232
40	235
40	245
40	246
40	252
40	253
40	255
40	257
40	259
40	260
40	261
40	263
40	264
40	267
40	269
40	270
40	272
40	275
40	280
40	281
40	282
40	285
40	286
40	287
40	293
40	295
40	296
40	297
40	299
40	300
40	302
40	303
40	304
40	305
40	306
40	307
40	308
40	309
41	53
41	149
41	152
41	153
41	155
41	159
41	170
41	171
41	172
41	173
41	175
41	177
41	178
41	183
41	184
41	187
41	188
41	189
41	190
41	191
41	192
41	193
41	194
41	197
41	198
41	199
41	202
41	204
41	205
41	206
41	207
41	208
41	211
41	212
41	213
41	214
41	215
41	216
41	217
41	218
41	219
41	220
41	221
41	222
41	223
41	224
41	225
41	226
41	227
41	228
41	229
41	230
41	231
41	232
41	233
41	234
41	235
41	236
41	238
41	239
41	240
41	241
41	242
41	243
41	244
41	245
41	246
41	247
41	248
41	249
41	250
41	251
41	252
41	253
41	254
41	255
41	256
41	257
41	258
41	259
41	260
41	261
41	262
41	263
41	264
41	265
41	266
41	267
41	268
41	269
41	270
41	271
41	272
41	273
41	274
41	275
41	276
41	277
41	278
41	279
41	280
41	281
41	282
41	283
41	284
41	285
41	286
41	287
41	288
41	289
41	290
41	291
41	292
41	293
41	294
41	295
41	296
41	297
41	298
41	299
41	300
41	301
41	302
41	303
41	304
41	305
41	306
41	307
41	308
41	309
42	193
42	218
42	219
42	222
42	225
42	226
42	231
42	232
42	233
42	235
42	236
42	245
42	246
42	249
42	252
42	253
42	255
42	257
42	258
42	259
42	260
42	261
42	262
42	263
42	266
42	267
42	268
42	269
42	270
42	271
42	272
42	275
42	280
42	281
42	282
42	285
42	286
42	287
42	288
42	289
42	290
42	293
42	295
42	296
42	297
42	299
42	300
42	302
42	303
42	304
42	305
42	306
42	307
42	308
42	309
43	193
43	218
43	219
43	225
43	230
43	232
43	235
43	245
43	246
43	252
43	253
43	255
43	257
43	259
43	260
43	261
43	263
43	264
43	267
43	269
43	270
43	272
43	275
43	280
43	281
43	282
43	285
43	286
43	287
43	293
43	295
43	296
43	297
43	299
43	300
43	302
43	303
43	304
43	305
43	306
43	307
43	308
43	309
44	193
44	218
44	219
44	225
44	230
44	232
44	235
44	245
44	246
44	252
44	253
44	255
44	257
44	259
44	260
44	261
44	263
44	267
44	269
44	270
44	272
44	275
44	280
44	281
44	282
44	285
44	286
44	287
44	293
44	295
44	296
44	297
44	299
44	300
44	302
44	303
44	304
44	305
44	306
44	307
44	308
44	309
45	189
45	191
45	193
45	205
45	206
45	211
45	213
45	214
45	215
45	216
45	218
45	219
45	222
45	223
45	224
45	225
45	226
45	227
45	228
45	229
45	230
45	231
45	232
45	233
45	234
45	235
45	236
45	239
45	240
45	241
45	243
45	244
45	245
45	246
45	248
45	249
45	250
45	252
45	253
45	254
45	255
45	257
45	258
45	259
45	260
45	261
45	262
45	263
45	264
45	266
45	267
45	268
45	269
45	270
45	271
45	272
45	275
45	276
45	278
45	279
45	280
45	281
45	282
45	285
45	286
45	287
45	288
45	289
45	290
45	291
45	292
45	293
45	294
45	295
45	296
45	297
45	298
45	299
45	300
45	301
45	302
45	303
45	304
45	305
45	306
45	307
45	308
45	309
46	193
46	218
46	219
46	225
46	230
46	232
46	235
46	245
46	246
46	252
46	253
46	255
46	257
46	259
46	260
46	261
46	263
46	267
46	269
46	270
46	272
46	275
46	280
46	281
46	282
46	285
46	286
46	287
46	293
46	295
46	296
46	297
46	299
46	300
46	302
46	303
46	304
46	305
46	306
46	307
46	308
46	309
47	53
47	149
47	152
47	153
47	155
47	159
47	170
47	171
47	172
47	173
47	175
47	177
47	178
47	184
47	187
47	188
47	189
47	190
47	191
47	192
47	193
47	197
47	198
47	199
47	202
47	204
47	205
47	206
47	207
47	208
47	211
47	212
47	213
47	214
47	215
47	216
47	217
47	218
47	219
47	220
47	221
47	222
47	223
47	224
47	225
47	226
47	227
47	228
47	229
47	230
47	231
47	232
47	233
47	234
47	235
47	236
47	238
47	239
47	240
47	241
47	242
47	243
47	244
47	245
47	246
47	247
47	248
47	249
47	250
47	251
47	252
47	253
47	254
47	255
47	256
47	257
47	258
47	259
47	260
47	261
47	262
47	263
47	264
47	265
47	266
47	267
47	268
47	269
47	270
47	271
47	272
47	273
47	274
47	275
47	276
47	277
47	278
47	279
47	280
47	281
47	282
47	283
47	284
47	285
47	286
47	287
47	288
47	289
47	290
47	291
47	292
47	293
47	294
47	295
47	296
47	297
47	298
47	299
47	300
47	301
47	302
47	303
47	304
47	305
47	306
47	307
47	308
47	309
48	53
48	193
48	218
48	219
48	225
48	230
48	232
48	235
48	245
48	246
48	252
48	253
48	255
48	257
48	259
48	260
48	261
48	263
48	264
48	267
48	269
48	270
48	272
48	275
48	280
48	281
48	282
48	285
48	286
48	287
48	293
48	295
48	296
48	297
48	299
48	300
48	302
48	303
48	304
48	305
48	306
48	307
48	308
48	309
49	53
49	193
49	218
49	219
49	225
49	230
49	232
49	235
49	245
49	246
49	252
49	253
49	255
49	257
49	259
49	260
49	261
49	263
49	264
49	267
49	269
49	270
49	272
49	275
49	280
49	281
49	282
49	285
49	286
49	287
49	293
49	295
49	296
49	297
49	299
49	300
49	302
49	303
49	304
49	305
49	306
49	307
49	308
49	309
50	299
50	307
50	309
51	189
51	191
51	193
51	205
51	206
51	211
51	213
51	214
51	215
51	216
51	218
51	219
51	222
51	223
51	224
51	225
51	226
51	227
51	228
51	229
51	230
51	231
51	232
51	233
51	234
51	235
51	236
51	239
51	240
51	241
51	243
51	244
51	245
51	246
51	248
51	249
51	250
51	252
51	253
51	254
51	255
51	257
51	258
51	259
51	260
51	261
51	262
51	263
51	264
51	266
51	267
51	268
51	269
51	270
51	271
51	272
51	275
51	276
51	278
51	279
51	280
51	281
51	282
51	285
51	286
51	287
51	288
51	289
51	290
51	291
51	292
51	293
51	294
51	295
51	296
51	297
51	298
51	299
51	300
51	301
51	302
51	303
51	304
51	305
51	306
51	307
51	308
51	309
52	56
52	307
52	309
53	55
53	56
53	57
53	58
53	77
53	80
53	218
53	219
53	222
53	225
53	226
53	232
53	235
53	236
53	245
53	246
53	249
53	252
53	255
53	257
53	258
53	260
53	261
53	262
53	263
53	266
53	267
53	268
53	269
53	270
53	271
53	272
53	275
53	281
53	285
53	286
53	287
53	288
53	289
53	290
53	293
53	295
53	296
53	297
53	299
53	300
53	302
53	305
53	306
53	307
53	308
53	309
54	193
54	202
54	211
54	213
54	217
54	218
54	219
54	222
54	223
54	225
54	226
54	227
54	231
54	232
54	233
54	234
54	235
54	236
54	241
54	243
54	245
54	246
54	249
54	252
54	253
54	255
54	257
54	258
54	259
54	260
54	261
54	262
54	263
54	266
54	267
54	268
54	269
54	270
54	271
54	272
54	275
54	276
54	278
54	280
54	281
54	282
54	283
54	284
54	285
54	286
54	287
54	288
54	289
54	290
54	291
54	292
54	293
54	294
54	295
54	296
54	297
54	298
54	299
54	300
54	301
54	302
54	303
54	304
54	305
54	306
54	307
54	308
54	309
55	193
55	218
55	219
55	225
55	232
55	235
55	245
55	246
55	252
55	253
55	255
55	257
55	259
55	260
55	261
55	263
55	267
55	269
55	270
55	272
55	275
55	280
55	281
55	282
55	285
55	286
55	287
55	293
55	295
55	296
55	297
55	299
55	300
55	302
55	303
55	304
55	305
55	306
55	307
55	308
55	309
56	130
56	144
56	146
56	149
56	152
56	153
56	155
56	159
56	166
56	170
56	171
56	172
56	173
56	175
56	177
56	178
56	184
56	187
56	188
56	189
56	190
56	191
56	192
56	193
56	197
56	198
56	199
56	202
56	203
56	204
56	205
56	206
56	207
56	208
56	209
56	210
56	211
56	212
56	213
56	214
56	215
56	216
56	217
56	218
56	219
56	220
56	221
56	222
56	223
56	224
56	225
56	226
56	227
56	228
56	229
56	230
56	231
56	232
56	233
56	234
56	235
56	236
56	238
56	239
56	240
56	241
56	242
56	243
56	244
56	245
56	246
56	247
56	248
56	249
56	250
56	251
56	252
56	253
56	254
56	255
56	256
56	257
56	258
56	259
56	260
56	261
56	262
56	263
56	264
56	265
56	266
56	267
56	268
56	269
56	270
56	271
56	272
56	273
56	274
56	275
56	276
56	277
56	278
56	279
56	280
56	281
56	282
56	283
56	284
56	285
56	286
56	287
56	288
56	289
56	290
56	291
56	292
56	293
56	294
56	295
56	296
56	297
56	298
56	299
56	300
56	301
56	302
56	303
56	304
56	305
56	306
56	307
56	308
56	309
57	149
57	152
57	153
57	155
57	159
57	170
57	171
57	172
57	173
57	175
57	177
57	178
57	184
57	187
57	188
57	189
57	190
57	191
57	192
57	193
57	197
57	198
57	199
57	202
57	204
57	205
57	206
57	207
57	208
57	211
57	212
57	213
57	214
57	215
57	216
57	217
57	218
57	219
57	220
57	221
57	222
57	223
57	224
57	225
57	226
57	227
57	228
57	229
57	230
57	231
57	232
57	233
57	234
57	235
57	236
57	238
57	239
57	240
57	241
57	242
57	243
57	244
57	245
57	246
57	247
57	248
57	249
57	250
57	251
57	252
57	253
57	254
57	255
57	256
57	257
57	258
57	259
57	260
57	261
57	262
57	263
57	264
57	265
57	266
57	267
57	268
57	269
57	270
57	271
57	272
57	273
57	274
57	275
57	276
57	277
57	278
57	279
57	280
57	281
57	282
57	283
57	284
57	285
57	286
57	287
57	288
57	289
57	290
57	291
57	292
57	293
57	294
57	295
57	296
57	297
57	298
57	299
57	300
57	301
57	302
57	303
57	304
57	305
57	306
57	307
57	308
57	309
58	193
58	218
58	219
58	222
58	225
58	226
58	231
58	232
58	233
58	234
58	235
58	236
58	245
58	246
58	249
58	252
58	253
58	255
58	257
58	258
58	259
58	260
58	261
58	262
58	263
58	266
58	267
58	268
58	269
58	270
58	271
58	272
58	275
58	280
58	281
58	282
58	284
58	285
58	286
58	287
58	288
58	289
58	290
58	293
58	295
58	296
58	297
58	299
58	300
58	302
58	303
58	304
58	305
58	306
58	307
58	308
58	309
59	218
59	225
59	281
59	287
59	293
59	295
59	297
59	299
59	300
59	302
59	306
59	307
59	309
61	218
61	225
61	281
61	287
61	293
61	295
61	297
61	299
61	300
61	302
61	306
61	307
61	309
63	307
63	309
64	309
65	193
65	218
65	219
65	225
65	230
65	232
65	235
65	245
65	246
65	252
65	255
65	257
65	260
65	261
65	263
65	267
65	269
65	270
65	272
65	275
65	281
65	285
65	286
65	287
65	293
65	295
65	296
65	297
65	299
65	300
65	302
65	305
65	306
65	307
65	308
65	309
66	299
66	307
66	309
67	193
67	218
67	219
67	225
67	230
67	232
67	235
67	245
67	246
67	252
67	253
67	255
67	257
67	259
67	260
67	261
67	263
67	264
67	267
67	269
67	270
67	272
67	275
67	280
67	281
67	282
67	285
67	286
67	287
67	293
67	295
67	296
67	297
67	299
67	300
67	302
67	303
67	304
67	305
67	306
67	307
67	308
67	309
68	225
68	281
68	287
68	293
68	295
68	297
68	299
68	302
68	306
68	307
68	309
69	225
69	232
69	263
69	281
69	287
69	293
69	295
69	297
69	299
69	302
69	306
69	307
69	309
70	309
71	225
71	232
71	263
71	281
71	287
71	293
71	295
71	297
71	299
71	302
71	306
71	307
71	309
72	299
72	307
72	309
74	299
74	307
74	309
75	299
75	307
75	309
77	129
77	149
77	152
77	153
77	155
77	156
77	157
77	159
77	165
77	170
77	171
77	172
77	173
77	175
77	177
77	178
77	180
77	181
77	182
77	184
77	185
77	186
77	187
77	188
77	189
77	190
77	191
77	192
77	193
77	196
77	197
77	198
77	199
77	202
77	204
77	205
77	206
77	207
77	208
77	211
77	212
77	213
77	214
77	215
77	216
77	217
77	218
77	219
77	220
77	221
77	222
77	223
77	224
77	225
77	226
77	227
77	228
77	229
77	230
77	231
77	232
77	233
77	234
77	235
77	236
77	237
77	238
77	239
77	240
77	241
77	242
77	243
77	244
77	245
77	246
77	247
77	248
77	249
77	250
77	251
77	252
77	253
77	254
77	255
77	256
77	257
77	258
77	259
77	260
77	261
77	262
77	263
77	264
77	265
77	266
77	267
77	268
77	269
77	270
77	271
77	272
77	273
77	274
77	275
77	276
77	277
77	278
77	279
77	280
77	281
77	282
77	283
77	284
77	285
77	286
77	287
77	288
77	289
77	290
77	291
77	292
77	293
77	294
77	295
77	296
77	297
77	298
77	299
77	300
77	301
77	302
77	303
77	304
77	305
77	306
77	307
77	308
77	309
78	299
78	307
78	309
79	193
79	218
79	219
79	222
79	225
79	226
79	227
79	231
79	232
79	235
79	236
79	241
79	245
79	246
79	249
79	252
79	253
79	255
79	257
79	258
79	259
79	260
79	261
79	262
79	263
79	266
79	267
79	268
79	269
79	270
79	271
79	272
79	275
79	280
79	281
79	282
79	285
79	286
79	287
79	288
79	289
79	290
79	293
79	295
79	296
79	297
79	299
79	300
79	302
79	303
79	304
79	305
79	306
79	307
79	308
79	309
80	149
80	152
80	153
80	155
80	159
80	170
80	171
80	172
80	173
80	175
80	177
80	178
80	184
80	187
80	188
80	189
80	190
80	191
80	192
80	193
80	197
80	198
80	199
80	202
80	204
80	205
80	206
80	207
80	208
80	211
80	212
80	213
80	214
80	215
80	216
80	217
80	218
80	219
80	220
80	221
80	222
80	223
80	224
80	225
80	226
80	227
80	228
80	229
80	230
80	231
80	232
80	233
80	234
80	235
80	236
80	238
80	239
80	240
80	241
80	242
80	243
80	244
80	245
80	246
80	247
80	248
80	249
80	250
80	251
80	252
80	253
80	254
80	255
80	256
80	257
80	258
80	259
80	260
80	261
80	262
80	263
80	264
80	265
80	266
80	267
80	268
80	269
80	270
80	271
80	272
80	273
80	274
80	275
80	276
80	277
80	278
80	279
80	280
80	281
80	282
80	283
80	284
80	285
80	286
80	287
80	288
80	289
80	290
80	291
80	292
80	293
80	294
80	295
80	296
80	297
80	298
80	299
80	300
80	301
80	302
80	303
80	304
80	305
80	306
80	307
80	308
80	309
82	309
83	299
83	307
83	309
84	193
84	218
84	219
84	222
84	225
84	226
84	227
84	230
84	231
84	232
84	235
84	236
84	241
84	245
84	246
84	249
84	252
84	253
84	254
84	255
84	257
84	258
84	259
84	260
84	261
84	262
84	263
84	266
84	267
84	268
84	269
84	270
84	271
84	272
84	275
84	280
84	281
84	282
84	284
84	285
84	286
84	287
84	288
84	289
84	290
84	293
84	295
84	296
84	297
84	299
84	300
84	302
84	303
84	304
84	305
84	306
84	307
84	308
84	309
85	299
85	307
85	309
86	193
86	218
86	219
86	222
86	225
86	226
86	230
86	231
86	232
86	235
86	236
86	245
86	246
86	249
86	252
86	253
86	254
86	255
86	257
86	258
86	259
86	260
86	261
86	262
86	263
86	266
86	267
86	268
86	269
86	270
86	271
86	272
86	275
86	280
86	281
86	282
86	285
86	286
86	287
86	288
86	289
86	290
86	293
86	295
86	296
86	297
86	299
86	300
86	302
86	303
86	304
86	305
86	306
86	307
86	308
86	309
87	218
87	225
87	263
87	281
87	285
87	287
87	293
87	295
87	297
87	299
87	300
87	302
87	306
87	307
87	309
88	299
88	307
88	309
89	299
89	307
89	309
108	307
108	309
111	309
112	309
113	309
118	299
118	307
118	309
130	309
138	225
138	281
138	293
138	295
138	297
138	299
138	302
138	306
138	307
138	309
143	309
144	307
144	309