309	299
1	299
1	307
1	309
2	193
2	218
2	219
2	225
2	232
2	235
2	245
2	246
2	252
2	253
2	255
2	257
2	259
2	260
2	261
2	263
2	267
2	269
2	270
2	272
2	275
2	280
2	281
2	282
2	285
2	286
2	287
2	293
2	295
2	296
2	297
2	299
2	300
2	302
2	303
2	304
2	305
2	306
2	307
2	308
2	309
3	193
3	218
3	219
3	225
3	232
3	235
3	245
3	246
3	252
3	253
3	255
3	257
3	259
3	260
3	261
3	263
3	267
3	269
3	270
3	272
3	275
3	280
3	281
3	282
3	285
3	286
3	287
3	293
3	295
3	296
3	297
3	299
3	300
3	302
3	303
3	304
3	305
3	306
3	307
3	308
3	309
6	299
6	307
6	309
7	193
7	218
7	219
7	225
7	232
7	235
7	245
7	246
7	252
7	253
7	255
7	257
7	259
7	260
7	261
7	263
7	267
7	269
7	270
7	272
7	275
7	280
7	281
7	282
7	285
7	286
7	287
7	293
7	295
7	296
7	297
7	299
7	300
7	302
7	303
7	304
7	305
7	306
7	307
7	308
7	309
8	193
8	218
8	219
8	225
8	232
8	235
8	245
8	246
8	252
8	253
8	255
8	257
8	259
8	260
8	261
8	263
8	267
8	269
8	270
8	272
8	275
8	280
8	281
8	282
8	285
8	286
8	287
8	293
8	295
8	296
8	297
8	299
8	300
8	302
8	303
8	304
8	305
8	306
8	307
8	308
8	309
9	299
9	307
9	309
10	299
10	307
10	309
11	299
11	307
11	309
15	193
15	218
15	219
15	225
15	232
15	235
15	245
15	246
15	252
15	253
15	255
15	257
15	259
15	260
15	261
15	263
15	267
15	269
15	270
15	272
15	275
15	280
15	281
15	282
15	285
15	286
15	287
15	293
15	295
15	296
15	297
15	299
15	300
15	302
15	303
15	304
15	305
15	306
15	307
15	308
15	309
16	299
16	307
16	309
18	299
18	307
18	309
20	299
20	307
20	309
21	299
21	307
21	309
22	299
22	307
22	309
23	299
23	307
23	309
25	299
25	307
25	309
27	299
27	307
27	309
28	299
28	307
28	309
29	193
29	218
29	219
29	225
29	230
29	232
29	235
29	245
29	246
29	252
29	253
29	255
29	257
29	259
29	260
29	261
29	263
29	264
29	267
29	269
29	270
29	272
29	275
29	280
29	281
29	282
29	285
29	286
29	287
29	293
29	295
29	296
29	297
29	299
29	300
29	302
29	303
29	304
29	305
29	306
29	307
29	308
29	309
32	299
32	307
32	309
33	299
33	307
33	309
34	299
34	307
34	309