125	3122
1	14
1	17
1	18
1	19
1	21
1	23
1	24
1	25
1	26
1	27
1	28
1	29
1	30
1	31
1	32
1	33
1	34
1	35
1	36
1	37
1	38
1	39
1	40
1	41
1	42
1	43
1	44
1	45
1	46
1	47
1	48
1	49
1	50
1	51
1	52
1	53
1	54
1	55
1	56
1	57
1	58
1	59
1	60
1	61
1	62
1	63
1	64
1	65
1	66
1	67
1	68
1	69
1	70
1	71
1	72
1	73
1	74
1	75
1	76
1	77
1	78
1	79
1	80
1	81
1	82
1	83
1	84
1	85
1	86
1	87
1	88
1	89
1	90
1	91
1	92
1	93
1	94
1	95
1	96
1	97
1	98
1	99
1	100
1	101
1	102
1	103
1	104
1	105
1	106
1	107
1	108
1	109
1	110
1	111
1	112
1	113
1	114
1	115
1	116
1	117
1	118
1	119
1	120
1	121
1	122
1	123
1	124
1	125
2	17
2	19
2	21
2	25
2	26
2	29
2	30
2	31
2	37
2	38
2	39
2	40
2	41
2	42
2	43
2	45
2	46
2	47
2	50
2	51
2	52
2	53
2	54
2	55
2	56
2	57
2	58
2	59
2	60
2	61
2	62
2	63
2	64
2	65
2	66
2	67
2	68
2	69
2	70
2	71
2	72
2	73
2	74
2	75
2	76
2	77
2	78
2	79
2	80
2	81
2	82
2	83
2	84
2	85
2	86
2	87
2	88
2	89
2	90
2	91
2	92
2	93
2	94
2	95
2	96
2	97
2	98
2	99
2	100
2	101
2	102
2	103
2	104
2	105
2	106
2	107
2	108
2	109
2	110
2	111
2	112
2	113
2	114
2	115
2	116
2	117
2	118
2	119
2	120
2	121
2	122
2	123
2	124
2	125
3	14
3	17
3	18
3	19
3	21
3	23
3	24
3	25
3	26
3	27
3	28
3	29
3	30
3	31
3	32
3	33
3	34
3	35
3	36
3	37
3	38
3	39
3	40
3	41
3	42
3	43
3	44
3	45
3	46
3	47
3	48
3	49
3	50
3	51
3	52
3	53
3	54
3	55
3	56
3	57
3	58
3	59
3	60
3	61
3	62
3	63
3	64
3	65
3	66
3	67
3	68
3	69
3	70
3	71
3	72
3	73
3	74
3	75
3	76
3	77
3	78
3	79
3	80
3	81
3	82
3	83
3	84
3	85
3	86
3	87
3	88
3	89
3	90
3	91
3	92
3	93
3	94
3	95
3	96
3	97
3	98
3	99
3	100
3	101
3	102
3	103
3	104
3	105
3	106
3	107
3	108
3	109
3	110
3	111
3	112
3	113
3	114
3	115
3	116
3	117
3	118
3	119
3	120
3	121
3	122
3	123
3	124
3	125
4	14
4	17
4	18
4	19
4	21
4	23
4	24
4	25
4	26
4	27
4	28
4	29
4	30
4	31
4	32
4	33
4	34
4	35
4	36
4	37
4	38
4	39
4	40
4	41
4	42
4	43
4	44
4	45
4	46
4	47
4	48
4	49
4	50
4	51
4	52
4	53
4	54
4	55
4	56
4	57
4	58
4	59
4	60
4	61
4	62
4	63
4	64
4	65
4	66
4	67
4	68
4	69
4	70
4	71
4	72
4	73
4	74
4	75
4	76
4	77
4	78
4	79
4	80
4	81
4	82
4	83
4	84
4	85
4	86
4	87
4	88
4	89
4	90
4	91
4	92
4	93
4	94
4	95
4	96
4	97
4	98
4	99
4	100
4	101
4	102
4	103
4	104
4	105
4	106
4	107
4	108
4	109
4	110
4	111
4	112
4	113
4	114
4	115
4	116
4	117
4	118
4	119
4	120
4	121
4	122
4	123
4	124
4	125
5	14
5	17
5	18
5	19
5	21
5	23
5	24
5	25
5	26
5	27
5	28
5	29
5	30
5	31
5	32
5	33
5	34
5	35
5	36
5	37
5	38
5	39
5	40
5	41
5	42
5	43
5	44
5	45
5	46
5	47
5	48
5	49
5	50
5	51
5	52
5	53
5	54
5	55
5	56
5	57
5	58
5	59
5	60
5	61
5	62
5	63
5	64
5	65
5	66
5	67
5	68
5	69
5	70
5	71
5	72
5	73
5	74
5	75
5	76
5	77
5	78
5	79
5	80
5	81
5	82
5	83
5	84
5	85
5	86
5	87
5	88
5	89
5	90
5	91
5	92
5	93
5	94
5	95
5	96
5	97
5	98
5	99
5	100
5	101
5	102
5	103
5	104
5	105
5	106
5	107
5	108
5	109
5	110
5	111
5	112
5	113
5	114
5	115
5	116
5	117
5	118
5	119
5	120
5	121
5	122
5	123
5	124
5	125
6	14
6	17
6	18
6	19
6	21
6	23
6	24
6	25
6	26
6	27
6	28
6	29
6	30
6	31
6	32
6	33
6	34
6	35
6	36
6	37
6	38
6	39
6	40
6	41
6	42
6	43
6	44
6	45
6	46
6	47
6	48
6	49
6	50
6	51
6	52
6	53
6	54
6	55
6	56
6	57
6	58
6	59
6	60
6	61
6	62
6	63
6	64
6	65
6	66
6	67
6	68
6	69
6	70
6	71
6	72
6	73
6	74
6	75
6	76
6	77
6	78
6	79
6	80
6	81
6	82
6	83
6	84
6	85
6	86
6	87
6	88
6	89
6	90
6	91
6	92
6	93
6	94
6	95
6	96
6	97
6	98
6	99
6	100
6	101
6	102
6	103
6	104
6	105
6	106
6	107
6	108
6	109
6	110
6	111
6	112
6	113
6	114
6	115
6	116
6	117
6	118
6	119
6	120
6	121
6	122
6	123
6	124
6	125
7	14
7	17
7	18
7	19
7	21
7	23
7	24
7	25
7	26
7	27
7	28
7	29
7	30
7	31
7	32
7	33
7	34
7	35
7	36
7	37
7	38
7	39
7	40
7	41
7	42
7	43
7	44
7	45
7	46
7	47
7	48
7	49
7	50
7	51
7	52
7	53
7	54
7	55
7	56
7	57
7	58
7	59
7	60
7	61
7	62
7	63
7	64
7	65
7	66
7	67
7	68
7	69
7	70
7	71
7	72
7	73
7	74
7	75
7	76
7	77
7	78
7	79
7	80
7	81
7	82
7	83
7	84
7	85
7	86
7	87
7	88
7	89
7	90
7	91
7	92
7	93
7	94
7	95
7	96
7	97
7	98
7	99
7	100
7	101
7	102
7	103
7	104
7	105
7	106
7	107
7	108
7	109
7	110
7	111
7	112
7	113
7	114
7	115
7	116
7	117
7	118
7	119
7	120
7	121
7	122
7	123
7	124
7	125
8	17
8	19
8	21
8	25
8	26
8	29
8	30
8	31
8	37
8	38
8	39
8	40
8	41
8	42
8	43
8	45
8	46
8	47
8	50
8	51
8	52
8	53
8	54
8	55
8	56
8	57
8	58
8	59
8	60
8	61
8	62
8	63
8	64
8	65
8	66
8	67
8	68
8	69
8	70
8	71
8	72
8	73
8	74
8	75
8	76
8	77
8	78
8	79
8	80
8	81
8	82
8	83
8	84
8	85
8	86
8	87
8	88
8	89
8	90
8	91
8	92
8	93
8	94
8	95
8	96
8	97
8	98
8	99
8	100
8	101
8	102
8	103
8	104
8	105
8	106
8	107
8	108
8	109
8	110
8	111
8	112
8	113
8	114
8	115
8	116
8	117
8	118
8	119
8	120
8	121
8	122
8	123
8	124
8	125
9	14
9	17
9	18
9	19
9	21
9	23
9	24
9	25
9	26
9	27
9	28
9	29
9	30
9	31
9	32
9	33
9	34
9	35
9	36
9	37
9	38
9	39
9	40
9	41
9	42
9	43
9	44
9	45
9	46
9	47
9	48
9	49
9	50
9	51
9	52
9	53
9	54
9	55
9	56
9	57
9	58
9	59
9	60
9	61
9	62
9	63
9	64
9	65
9	66
9	67
9	68
9	69
9	70
9	71
9	72
9	73
9	74
9	75
9	76
9	77
9	78
9	79
9	80
9	81
9	82
9	83
9	84
9	85
9	86
9	87
9	88
9	89
9	90
9	91
9	92
9	93
9	94
9	95
9	96
9	97
9	98
9	99
9	100
9	101
9	102
9	103
9	104
9	105
9	106
9	107
9	108
9	109
9	110
9	111
9	112
9	113
9	114
9	115
9	116
9	117
9	118
9	119
9	120
9	121
9	122
9	123
9	124
9	125
10	17
10	19
10	21
10	25
10	26
10	29
10	30
10	31
10	37
10	38
10	39
10	40
10	41
10	42
10	43
10	45
10	46
10	47
10	50
10	51
10	52
10	53
10	54
10	55
10	56
10	57
10	58
10	59
10	60
10	61
10	62
10	63
10	64
10	65
10	66
10	67
10	68
10	69
10	70
10	71
10	72
10	73
10	74
10	75
10	76
10	77
10	78
10	79
10	80
10	81
10	82
10	83
10	84
10	85
10	86
10	87
10	88
10	89
10	90
10	91
10	92
10	93
10	94
10	95
10	96
10	97
10	98
10	99
10	100
10	101
10	102
10	103
10	104
10	105
10	106
10	107
10	108
10	109
10	110
10	111
10	112
10	113
10	114
10	115
10	116
10	117
10	118
10	119
10	120
10	121
10	122
10	123
10	124
10	125
11	51
11	54
11	57
11	59
11	61
11	64
11	65
11	67
11	68
11	69
11	71
11	72
11	73
11	74
11	75
11	78
11	79
11	81
11	82
11	83
11	86
11	87
11	88
11	89
11	90
11	91
11	92
11	93
11	94
11	95
11	96
11	97
11	98
11	99
11	100
11	101
11	102
11	103
11	104
11	105
11	106
11	107
11	108
11	109
11	110
11	111
11	112
11	113
11	114
11	115
11	116
11	117
11	118
11	119
11	120
11	121
11	122
11	123
11	124
11	125
12	21
12	25
12	29
12	37
12	38
12	45
12	51
12	54
12	57
12	58
12	59
12	60
12	61
12	64
12	67
12	68
12	69
12	71
12	72
12	74
12	75
12	76
12	78
12	79
12	81
12	82
12	83
12	87
12	88
12	89
12	90
12	91
12	92
12	93
12	94
12	95
12	96
12	97
12	98
12	99
12	100
12	101
12	102
12	103
12	104
12	105
12	106
12	107
12	108
12	109
12	110
12	111
12	112
12	113
12	114
12	115
12	116
12	117
12	118
12	119
12	120
12	121
12	122
12	123
12	124
12	125
13	38
13	45
13	51
13	54
13	57
13	58
13	59
13	60
13	61
13	64
13	67
13	68
13	69
13	71
13	72
13	74
13	75
13	76
13	78
13	79
13	81
13	82
13	83
13	87
13	88
13	89
13	90
13	91
13	92
13	93
13	94
13	95
13	96
13	97
13	98
13	99
13	100
13	101
13	102
13	103
13	104
13	105
13	106
13	107
13	108
13	109
13	110
13	111
13	112
13	113
13	114
13	115
13	116
13	117
13	118
13	119
13	120
13	121
13	122
13	123
13	124
13	125
14	79
14	87
14	88
14	90
14	92
14	93
14	96
14	97
14	98
14	99
14	100
14	101
14	106
14	108
14	109
14	111
14	113
14	114
14	115
14	116
14	117
14	118
14	119
14	120
14	121
14	122
14	123
14	124
14	125
15	51
15	67
15	68
15	69
15	71
15	72
15	74
15	75
15	78
15	79
15	81
15	82
15	83
15	87
15	88
15	89
15	90
15	91
15	92
15	93
15	94
15	95
15	96
15	97
15	98
15	99
15	100
15	101
15	102
15	103
15	104
15	105
15	106
15	107
15	108
15	109
15	110
15	111
15	112
15	113
15	114
15	115
15	116
15	117
15	118
15	119
15	120
15	121
15	122
15	123
15	124
15	125
16	25
16	67
16	79
16	87
16	88
16	90
16	92
16	93
16	95
16	96
16	97
16	98
16	99
16	100
16	101
16	106
16	108
16	109
16	111
16	113
16	114
16	115
16	116
16	117
16	118
16	119
16	120
16	121
16	122
16	123
16	124
16	125
17	87
17	97
17	99
17	108
17	109
17	111
17	113
17	114
17	115
17	117
17	118
17	119
17	121
17	125
18	79
18	87
18	88
18	90
18	92
18	93
18	96
18	97
18	98
18	99
18	100
18	101
18	106
18	108
18	109
18	111
18	113
18	114
18	115
18	116
18	117
18	118
18	119
18	120
18	121
18	122
18	123
18	124
18	125
19	79
19	87
19	88
19	90
19	92
19	93
19	96
19	97
19	98
19	99
19	100
19	101
19	106
19	108
19	109
19	111
19	113
19	114
19	115
19	116
19	117
19	118
19	119
19	120
19	121
19	122
19	123
19	124
19	125
20	87
20	97
20	99
20	108
20	109
20	111
20	113
20	114
20	115
20	117
20	118
20	119
20	121
20	125
21	72
21	79
21	87
21	88
21	90
21	92
21	93
21	96
21	97
21	98
21	99
21	100
21	101
21	106
21	108
21	109
21	111
21	113
21	114
21	115
21	116
21	117
21	118
21	119
21	120
21	121
21	122
21	123
21	124
21	125
22	72
22	79
22	87
22	88
22	90
22	92
22	93
22	96
22	97
22	98
22	99
22	100
22	101
22	106
22	108
22	109
22	111
22	113
22	114
22	115
22	116
22	117
22	118
22	119
22	120
22	121
22	122
22	123
22	124
22	125
23	72
23	79
23	87
23	88
23	90
23	92
23	93
23	96
23	97
23	98
23	99
23	100
23	101
23	106
23	108
23	109
23	111
23	113
23	114
23	115
23	116
23	117
23	118
23	119
23	120
23	121
23	122
23	123
23	124
23	125
24	72
24	79
24	87
24	88
24	90
24	92
24	93
24	96
24	97
24	98
24	99
24	100
24	101
24	106
24	108
24	109
24	111
24	113
24	114
24	115
24	116
24	117
24	118
24	119
24	120
24	121
24	122
24	123
24	124
24	125
25	51
25	54
25	57
25	59
25	61
25	64
25	65
25	67
25	68
25	69
25	71
25	72
25	73
25	74
25	75
25	78
25	79
25	81
25	82
25	83
25	87
25	88
25	89
25	90
25	91
25	92
25	93
25	94
25	95
25	96
25	97
25	98
25	99
25	100
25	101
25	102
25	103
25	104
25	105
25	106
25	107
25	108
25	109
25	110
25	111
25	112
25	113
25	114
25	115
25	116
25	117
25	118
25	119
25	120
25	121
25	122
25	123
25	124
25	125
26	72
26	79
26	87
26	88
26	90
26	92
26	93
26	96
26	97
26	98
26	99
26	100
26	101
26	106
26	108
26	109
26	111
26	113
26	114
26	115
26	116
26	117
26	118
26	119
26	120
26	121
26	122
26	123
26	124
26	125
27	72
27	79
27	87
27	88
27	90
27	92
27	93
27	96
27	97
27	98
27	99
27	100
27	101
27	106
27	108
27	109
27	111
27	113
27	114
27	115
27	116
27	117
27	118
27	119
27	120
27	121
27	122
27	123
27	124
27	125
28	72
28	79
28	87
28	88
28	90
28	92
28	93
28	96
28	97
28	98
28	99
28	100
28	101
28	106
28	108
28	109
28	111
28	113
28	114
28	115
28	116
28	117
28	118
28	119
28	120
28	121
28	122
28	123
28	124
28	125
29	51
29	54
29	57
29	59
29	61
29	64
29	67
29	68
29	69
29	71
29	72
29	74
29	78
29	79
29	82
29	83
29	87
29	88
29	89
29	90
29	91
29	92
29	93
29	94
29	95
29	96
29	97
29	98
29	99
29	100
29	101
29	102
29	103
29	104
29	105
29	106
29	107
29	108
29	109
29	110
29	111
29	112
29	113
29	114
29	115
29	116
29	117
29	118
29	119
29	120
29	121
29	122
29	123
29	124
29	125
30	51
30	67
30	68
30	71
30	87
30	88
30	89
30	90
30	91
30	92
30	93
30	94
30	96
30	97
30	98
30	99
30	100
30	101
30	102
30	103
30	104
30	105
30	106
30	107
30	108
30	109
30	110
30	111
30	112
30	113
30	114
30	115
30	116
30	117
30	118
30	119
30	120
30	121
30	122
30	123
30	124
30	125
31	72
31	79
31	87
31	88
31	90
31	92
31	93
31	96
31	97
31	98
31	99
31	100
31	101
31	106
31	108
31	109
31	111
31	113
31	114
31	115
31	116
31	117
31	118
31	119
31	120
31	121
31	122
31	123
31	124
31	125
32	72
32	79
32	87
32	88
32	90
32	92
32	93
32	96
32	97
32	98
32	99
32	100
32	101
32	106
32	108
32	109
32	111
32	113
32	114
32	115
32	116
32	117
32	118
32	119
32	120
32	121
32	122
32	123
32	124
32	125
33	72
33	79
33	87
33	88
33	90
33	92
33	93
33	96
33	97
33	98
33	99
33	100
33	101
33	106
33	108
33	109
33	111
33	113
33	114
33	115
33	116
33	117
33	118
33	119
33	120
33	121
33	122
33	123
33	124
33	125
34	72
34	79
34	87
34	88
34	90
34	92
34	93
34	96
34	97
34	98
34	99
34	100
34	101
34	106
34	108
34	109
34	111
34	113
34	114
34	115
34	116
34	117
34	118
34	119
34	120
34	121
34	122
34	123
34	124
34	125
35	87
35	97
35	99
35	108
35	109
35	111
35	113
35	114
35	115
35	117
35	118
35	119
35	121
35	125
36	72
36	79
36	87
36	88
36	90
36	92
36	93
36	96
36	97
36	98
36	99
36	100
36	101
36	106
36	108
36	109
36	111
36	113
36	114
36	115
36	116
36	117
36	118
36	119
36	120
36	121
36	122
36	123
36	124
36	125
37	51
37	54
37	57
37	59
37	61
37	64
37	65
37	67
37	68
37	69
37	71
37	72
37	73
37	74
37	75
37	78
37	79
37	81
37	82
37	83
37	87
37	88
37	89
37	90
37	91
37	92
37	93
37	94
37	95
37	96
37	97
37	98
37	99
37	100
37	101
37	102
37	103
37	104
37	105
37	106
37	107
37	108
37	109
37	110
37	111
37	112
37	113
37	114
37	115
37	116
37	117
37	118
37	119
37	120
37	121
37	122
37	123
37	124
37	125
38	51
38	54
38	57
38	59
38	61
38	64
38	65
38	67
38	68
38	69
38	71
38	72
38	73
38	74
38	75
38	78
38	79
38	81
38	82
38	83
38	87
38	88
38	89
38	90
38	91
38	92
38	93
38	94
38	95
38	96
38	97
38	98
38	99
38	100
38	101
38	102
38	103
38	104
38	105
38	106
38	107
38	108
38	109
38	110
38	111
38	112
38	113
38	114
38	115
38	116
38	117
38	118
38	119
38	120
38	121
38	122
38	123
38	124
38	125
39	87
39	97
39	108
39	109
39	111
39	113
39	114
39	115
39	117
39	118
39	119
39	121
39	125
40	87
40	97
40	99
40	108
40	109
40	111
40	113
40	114
40	115
40	117
40	118
40	119
40	121
40	125
41	87
41	97
41	99
41	108
41	109
41	111
41	113
41	114
41	115
41	117
41	118
41	119
41	121
41	125
42	87
42	97
42	99
42	108
42	109
42	111
42	113
42	114
42	115
42	117
42	118
42	119
42	121
42	125
43	87
43	108
43	109
43	111
43	113
43	118
43	119
43	125
44	87
44	108
44	109
44	111
44	113
44	118
44	119
44	125
45	72
45	79
45	87
45	88
45	90
45	92
45	93
45	96
45	97
45	98
45	99
45	100
45	101
45	106
45	108
45	109
45	111
45	113
45	114
45	115
45	116
45	117
45	118
45	119
45	120
45	121
45	122
45	123
45	124
45	125
46	87
46	97
46	99
46	108
46	109
46	111
46	113
46	114
46	115
46	117
46	118
46	119
46	121
46	125
47	87
47	88
47	93
47	97
47	98
47	99
47	100
47	101
47	106
47	108
47	109
47	111
47	113
47	114
47	115
47	116
47	117
47	118
47	119
47	120
47	121
47	122
47	123
47	124
47	125
48	87
48	88
48	93
48	97
48	98
48	99
48	100
48	101
48	106
48	108
48	109
48	111
48	113
48	114
48	115
48	116
48	117
48	118
48	119
48	120
48	121
48	122
48	123
48	124
48	125
49	87
49	97
49	99
49	108
49	109
49	111
49	113
49	114
49	115
49	117
49	118
49	119
49	121
49	125
50	87
50	97
50	99
50	108
50	109
50	111
50	113
50	114
50	115
50	117
50	118
50	119
50	121
50	125
51	79
51	87
51	88
51	90
51	92
51	93
51	95
51	96
51	97
51	98
51	99
51	100
51	101
51	106
51	108
51	109
51	111
51	113
51	114
51	115
51	116
51	117
51	118
51	119
51	120
51	121
51	122
51	123
51	124
51	125
52	87
52	97
52	99
52	108
52	109
52	111
52	113
52	114
52	115
52	117
52	118
52	119
52	121
52	125
53	87
53	97
53	99
53	108
53	109
53	111
53	113
53	114
53	115
53	117
53	118
53	119
53	121
53	125
54	87
54	97
54	99
54	108
54	109
54	111
54	113
54	114
54	115
54	117
54	118
54	119
54	121
54	125
55	87
55	97
55	99
55	108
55	109
55	111
55	113
55	114
55	115
55	117
55	118
55	119
55	121
55	125
56	87
56	97
56	99
56	108
56	109
56	111
56	113
56	114
56	115
56	117
56	118
56	119
56	121
56	125
57	87
57	97
57	99
57	108
57	109
57	111
57	113
57	114
57	115
57	117
57	118
57	119
57	121
57	125
58	87
58	88
58	97
58	98
58	99
58	100
58	101
58	106
58	108
58	109
58	111
58	113
58	114
58	115
58	116
58	117
58	118
58	119
58	120
58	121
58	122
58	123
58	124
58	125
59	87
59	88
59	93
59	97
59	98
59	99
59	100
59	101
59	106
59	108
59	109
59	111
59	113
59	114
59	115
59	116
59	117
59	118
59	119
59	120
59	121
59	122
59	123
59	124
59	125
60	87
60	97
60	99
60	108
60	109
60	111
60	113
60	114
60	115
60	117
60	118
60	119
60	121
60	125
61	87
61	88
61	93
61	97
61	98
61	99
61	100
61	101
61	106
61	108
61	109
61	111
61	113
61	114
61	115
61	116
61	117
61	118
61	119
61	120
61	121
61	122
61	123
61	124
61	125
62	87
62	97
62	99
62	108
62	109
62	111
62	113
62	114
62	115
62	117
62	118
62	119
62	121
62	125
63	87
63	97
63	108
63	109
63	111
63	113
63	114
63	115
63	117
63	118
63	119
63	121
63	125
64	87
64	97
64	99
64	108
64	109
64	111
64	113
64	114
64	115
64	117
64	118
64	119
64	121
64	125
65	87
65	88
65	90
65	92
65	93
65	96
65	97
65	98
65	99
65	100
65	101
65	106
65	108
65	109
65	111
65	113
65	114
65	115
65	116
65	117
65	118
65	119
65	120
65	121
65	122
65	123
65	124
65	125
66	87
66	97
66	99
66	108
66	109
66	111
66	113
66	114
66	115
66	117
66	118
66	119
66	121
66	125
67	71
67	87
67	88
67	97
67	101
67	106
67	108
67	109
67	111
67	113
67	114
67	115
67	116
67	117
67	118
67	119
67	120
67	121
67	122
67	123
67	124
67	125
68	87
68	88
68	97
68	98
68	99
68	100
68	101
68	106
68	108
68	109
68	111
68	113
68	114
68	115
68	116
68	117
68	118
68	119
68	120
68	121
68	122
68	123
68	124
68	125
69	87
69	97
69	108
69	109
69	111
69	113
69	114
69	115
69	117
69	118
69	119
69	121
69	125
70	87
70	97
70	99
70	108
70	109
70	111
70	113
70	114
70	115
70	117
70	118
70	119
70	121
70	125
71	87
71	88
71	90
71	92
71	93
71	96
71	97
71	98
71	99
71	100
71	101
71	106
71	108
71	109
71	111
71	113
71	114
71	115
71	116
71	117
71	118
71	119
71	120
71	121
71	122
71	123
71	124
71	125
72	87
72	97
72	99
72	108
72	109
72	111
72	113
72	114
72	115
72	117
72	118
72	119
72	121
72	125
73	87
73	88
73	93
73	97
73	98
73	99
73	100
73	101
73	106
73	108
73	109
73	111
73	113
73	114
73	115
73	116
73	117
73	118
73	119
73	120
73	121
73	122
73	123
73	124
73	125
74	87
74	108
74	109
74	111
74	113
74	118
74	119
74	125
75	87
75	108
75	109
75	111
75	113
75	114
75	115
75	117
75	118
75	119
75	121
75	125
76	87
76	108
76	109
76	111
76	113
76	114
76	115
76	117
76	118
76	119
76	121
76	125
77	87
77	108
77	109
77	111
77	113
77	118
77	119
77	125
78	87
78	108
78	109
78	111
78	113
78	114
78	115
78	117
78	118
78	119
78	121
78	125
79	87
79	88
79	97
79	101
79	106
79	108
79	109
79	111
79	113
79	114
79	115
79	116
79	117
79	118
79	119
79	120
79	121
79	122
79	123
79	124
79	125
80	87
80	108
80	109
80	111
80	113
80	118
80	119
80	125
81	87
81	108
81	109
81	111
81	113
81	118
81	119
81	125
82	87
82	108
82	109
82	111
82	113
82	118
82	119
82	125
83	87
83	108
83	109
83	111
83	113
83	118
83	119
83	125
84	87
84	108
84	109
84	111
84	113
85	87
85	108
85	109
85	111
85	113
85	118
85	119
85	125
86	87
86	97
86	108
86	109
86	111
86	113
86	114
86	115
86	117
86	118
86	119
86	121
86	125
87	88
87	89
87	90
87	91
87	92
87	93
87	94
87	95
87	96
87	97
87	98
87	99
87	100
87	101
87	102
87	103
87	104
87	105
87	106
87	107
87	108
87	109
87	110
87	111
87	112
87	113
87	114
87	115
87	116
87	117
87	118
87	119
87	120
87	121
87	122
87	123
87	124
87	125
88	108
88	109
88	111
88	113
88	114
88	115
88	117
88	118
88	119
88	121
88	125
89	108
89	109
89	111
89	113
89	118
89	119
89	125
90	108
90	109
90	111
90	113
90	114
90	115
90	117
90	118
90	119
90	121
90	125
91	108
91	109
91	111
91	113
91	118
91	119
91	125
92	108
92	109
92	111
92	113
92	114
92	115
92	117
92	118
92	119
92	121
92	125
93	108
93	109
93	111
93	113
93	114
93	115
93	117
93	118
93	119
93	121
93	125
94	108
94	109
94	111
94	113
94	118
94	119
94	125
95	108
95	109
95	111
95	113
95	114
95	115
95	117
95	118
95	119
95	121
95	125
96	108
96	109
96	111
96	113
96	114
96	115
96	117
96	118
96	119
96	121
96	125
97	108
97	109
97	111
97	113
97	114
97	115
97	116
97	117
97	118
97	119
97	120
97	121
97	122
97	123
97	124
97	125
98	108
98	109
98	111
98	113
98	114
98	115
98	117
98	118
98	119
98	121
98	125
99	108
99	109
99	111
99	113
99	114
99	115
99	116
99	117
99	118
99	119
99	120
99	121
99	122
99	123
99	124
99	125
100	108
100	109
100	111
100	113
100	114
100	115
100	117
100	118
100	119
100	121
100	125
101	108
101	109
101	111
101	113
101	114
101	115
101	117
101	118
101	119
101	121
101	125
102	108
102	109
102	111
102	113
102	118
102	119
102	125
103	108
103	109
103	111
103	113
103	118
103	119
103	125
104	108
104	109
104	111
104	113
104	118
104	119
104	125
105	108
105	109
105	111
105	113
105	118
105	119
105	125
106	108
106	109
106	111
106	113
106	114
106	115
106	117
106	118
106	119
106	121
106	125
107	108
107	109
107	111
107	113
107	118
107	119
107	125
108	110
108	111
108	112
108	113
108	114
108	115
108	116
108	117
108	118
108	119
108	120
108	121
108	122
108	123
108	124
108	125
109	110
109	111
109	112
109	113
109	114
109	115
109	116
109	117
109	118
109	119
109	120
109	121
109	122
109	123
109	124
109	125
110	111
110	113
110	118
110	119
110	125
111	112
111	113
111	114
111	115
111	116
111	117
111	118
111	119
111	120
111	121
111	122
111	123
111	124
111	125
112	113
113	114
113	115
113	116
113	117
113	118
113	119
113	120
113	121
113	122
113	123
113	124
113	125