206	3366
1	7
1	132
1	139
1	154
1	179
1	180
1	181
1	184
1	190
1	198
1	199
1	200
1	201
1	202
1	203
1	204
2	7
2	132
2	139
2	152
2	154
2	171
2	172
2	175
2	179
2	180
2	181
2	182
2	184
2	185
2	186
2	187
2	188
2	189
2	190
2	192
2	194
2	196
2	197
2	198
2	199
2	200
2	201
2	202
2	203
2	204
2	205
2	206
3	7
3	132
3	139
3	152
3	154
3	171
3	172
3	175
3	179
3	180
3	181
3	182
3	184
3	185
3	186
3	187
3	188
3	189
3	190
3	192
3	194
3	196
3	197
3	198
3	199
3	200
3	201
3	202
3	203
3	204
3	205
3	206
4	7
4	132
4	139
4	152
4	154
4	171
4	172
4	175
4	179
4	180
4	181
4	182
4	184
4	185
4	186
4	187
4	188
4	189
4	190
4	192
4	194
4	196
4	197
4	198
4	199
4	200
4	201
4	202
4	203
4	204
4	205
4	206
5	7
5	132
5	139
5	152
5	154
5	171
5	172
5	175
5	179
5	180
5	181
5	182
5	184
5	185
5	186
5	187
5	188
5	189
5	190
5	192
5	194
5	196
5	197
5	198
5	199
5	200
5	201
5	202
5	203
5	204
5	205
5	206
6	7
6	132
6	139
6	152
6	154
6	171
6	172
6	175
6	179
6	180
6	181
6	182
6	184
6	185
6	186
6	187
6	188
6	189
6	190
6	192
6	194
6	196
6	197
6	198
6	199
6	200
6	201
6	202
6	203
6	204
6	205
6	206
7	8
7	9
7	10
7	11
7	12
7	13
7	14
7	15
7	16
7	17
7	18
7	19
7	20
7	21
7	22
7	23
7	24
7	25
7	26
7	27
7	28
7	29
7	30
7	31
7	32
7	33
7	34
7	35
7	36
7	37
7	38
7	39
7	40
7	41
7	42
7	43
7	44
7	45
7	46
7	47
7	48
7	49
7	50
7	51
7	52
7	53
7	54
7	55
7	56
7	57
7	58
7	59
7	60
7	61
7	62
7	63
7	64
7	65
7	66
7	67
7	68
7	69
7	70
7	71
7	72
7	73
7	74
7	75
7	76
7	77
7	78
7	79
7	80
7	81
7	82
7	83
7	84
7	85
7	86
7	87
7	88
7	89
7	90
7	91
7	92
7	93
7	94
7	95
7	96
7	97
7	98
7	99
7	100
7	101
7	102
7	103
7	104
7	105
7	106
7	107
7	108
7	109
7	110
7	111
7	112
7	113
7	114
7	115
7	116
7	117
7	118
7	119
7	120
7	121
7	122
7	123
7	124
7	125
7	126
7	127
7	128
7	129
7	130
7	131
7	132
7	133
7	134
7	135
7	136
7	137
7	138
7	139
7	140
7	141
7	142
7	143
7	144
7	145
7	146
7	147
7	148
7	149
7	150
7	151
7	152
7	153
7	154
7	155
7	156
7	157
7	158
7	159
7	160
7	161
7	162
7	163
7	164
7	165
7	166
7	167
7	168
7	169
7	170
7	171
7	172
7	173
7	174
7	175
7	176
7	177
7	178
7	179
7	180
7	181
7	182
7	183
7	184
7	185
7	186
7	187
7	188
7	189
7	190
7	191
7	192
7	193
7	194
7	195
7	196
7	197
7	198
7	199
7	200
7	201
7	202
7	203
7	204
7	205
7	206
8	132
8	139
8	152
8	154
8	171
8	172
8	175
8	179
8	180
8	181
8	182
8	184
8	185
8	186
8	187
8	188
8	189
8	190
8	192
8	194
8	196
8	197
8	198
8	199
8	200
8	201
8	202
8	203
8	204
8	205
8	206
9	132
9	139
9	151
9	152
9	154
9	167
9	169
9	170
9	171
9	172
9	173
9	174
9	175
9	176
9	178
9	179
9	180
9	181
9	182
9	183
9	184
9	185
9	186
9	187
9	188
9	189
9	190
9	191
9	192
9	193
9	194
9	195
9	196
9	197
9	198
9	199
9	200
9	201
9	202
9	203
9	204
9	205
9	206
10	132
10	139
10	152
10	154
10	171
10	172
10	175
10	179
10	180
10	181
10	182
10	184
10	185
10	186
10	187
10	188
10	189
10	190
10	192
10	194
10	196
10	197
10	198
10	199
10	200
10	201
10	202
10	203
10	204
10	205
10	206
11	132
11	139
11	154
11	179
11	180
11	181
11	184
11	190
11	198
11	199
11	200
11	201
11	202
11	203
11	204
12	132
12	139
12	152
12	154
12	171
12	172
12	175
12	179
12	180
12	181
12	182
12	184
12	185
12	186
12	187
12	188
12	189
12	190
12	192
12	194
12	196
12	197
12	198
12	199
12	200
12	201
12	202
12	203
12	204
12	205
12	206
13	132
13	139
13	152
13	154
13	171
13	172
13	175
13	179
13	180
13	181
13	182
13	184
13	185
13	186
13	187
13	188
13	189
13	190
13	192
13	194
13	196
13	197
13	198
13	199
13	200
13	201
13	202
13	203
13	204
13	205
13	206
14	132
14	139
14	152
14	154
14	171
14	172
14	175
14	179
14	180
14	181
14	182
14	184
14	185
14	186
14	187
14	188
14	189
14	190
14	192
14	194
14	196
14	197
14	198
14	199
14	200
14	201
14	202
14	203
14	204
14	205
14	206
15	132
15	139
15	152
15	154
15	171
15	172
15	175
15	179
15	180
15	181
15	182
15	184
15	185
15	186
15	187
15	188
15	189
15	190
15	192
15	194
15	196
15	197
15	198
15	199
15	200
15	201
15	202
15	203
15	204
15	205
15	206
16	132
16	139
16	152
16	154
16	171
16	172
16	175
16	179
16	180
16	181
16	182
16	184
16	185
16	186
16	187
16	188
16	189
16	190
16	192
16	194
16	196
16	197
16	198
16	199
16	200
16	201
16	202
16	203
16	204
16	205
16	206
17	132
17	139
17	152
17	154
17	171
17	172
17	175
17	179
17	180
17	181
17	182
17	184
17	185
17	186
17	187
17	188
17	189
17	190
17	192
17	194
17	196
17	197
17	198
17	199
17	200
17	201
17	202
17	203
17	204
17	205
17	206
18	132
18	139
18	152
18	154
18	171
18	172
18	175
18	179
18	180
18	181
18	182
18	184
18	185
18	186
18	187
18	188
18	189
18	190
18	192
18	194
18	196
18	197
18	198
18	199
18	200
18	201
18	202
18	203
18	204
18	205
18	206
19	132
19	139
19	151
19	152
19	154
19	167
19	169
19	170
19	171
19	172
19	173
19	174
19	175
19	176
19	178
19	179
19	180
19	181
19	182
19	183
19	184
19	185
19	186
19	187
19	188
19	189
19	190
19	191
19	192
19	193
19	194
19	195
19	196
19	197
19	198
19	199
19	200
19	201
19	202
19	203
19	204
19	205
19	206
20	132
20	139
20	152
20	154
20	171
20	172
20	175
20	179
20	180
20	181
20	182
20	184
20	185
20	186
20	187
20	188
20	189
20	190
20	192
20	194
20	196
20	197
20	198
20	199
20	200
20	201
20	202
20	203
20	204
20	205
20	206
21	132
21	139
21	154
21	179
21	180
21	181
21	184
21	190
21	198
21	199
21	200
21	201
21	202
21	203
21	204
22	132
22	139
22	152
22	154
22	171
22	172
22	175
22	179
22	180
22	181
22	182
22	184
22	185
22	186
22	187
22	188
22	189
22	190
22	192
22	194
22	196
22	197
22	198
22	199
22	200
22	201
22	202
22	203
22	204
22	205
22	206
23	132
23	139
23	152
23	154
23	171
23	172
23	175
23	179
23	180
23	181
23	182
23	184
23	185
23	186
23	187
23	188
23	189
23	190
23	192
23	194
23	196
23	197
23	198
23	199
23	200
23	201
23	202
23	203
23	204
23	205
23	206
24	132
24	139
24	152
24	154
24	171
24	172
24	175
24	179
24	180
24	181
24	182
24	184
24	185
24	186
24	187
24	188
24	189
24	190
24	192
24	194
24	196
24	197
24	198
24	199
24	200
24	201
24	202
24	203
24	204
24	205
24	206
25	132
25	139
25	154
25	179
25	180
25	200
25	201
25	202
25	203
26	132
26	139
26	154
26	179
26	180
26	181
26	184
26	190
26	198
26	199
26	200
26	201
26	202
26	203
26	204
27	132
27	139
27	152
27	154
27	171
27	172
27	175
27	179
27	180
27	181
27	182
27	184
27	185
27	186
27	187
27	188
27	189
27	190
27	192
27	194
27	196
27	197
27	198
27	199
27	200
27	201
27	202
27	203
27	204
27	205
27	206
28	132
28	139
28	154
28	179
28	180
28	181
28	184
28	190
28	198
28	199
28	200
28	201
28	202
28	203
28	204
29	132
29	139
29	152
29	154
29	171
29	172
29	175
29	179
29	180
29	181
29	182
29	184
29	185
29	186
29	187
29	188
29	189
29	190
29	192
29	194
29	196
29	197
29	198
29	199
29	200
29	201
29	202
29	203
29	204
29	205
29	206
30	132
30	139
30	154
30	179
30	180
30	181
30	184
30	190
30	198
30	199
30	200
30	201
30	202
30	203
30	204
31	132
31	139
31	152
31	154
31	171
31	172
31	175
31	179
31	180
31	181
31	182
31	184
31	185
31	186
31	187
31	188
31	189
31	190
31	192
31	194
31	196
31	197
31	198
31	199
31	200
31	201
31	202
31	203
31	204
31	205
31	206
32	132
32	139
32	154
32	179
32	180
32	181
32	184
32	190
32	198
32	199
32	200
32	201
32	202
32	203
32	204
33	132
33	139
33	152
33	154
33	171
33	172
33	175
33	179
33	180
33	181
33	182
33	184
33	185
33	186
33	187
33	188
33	189
33	190
33	192
33	194
33	196
33	197
33	198
33	199
33	200
33	201
33	202
33	203
33	204
33	205
33	206
34	132
34	139
34	154
34	179
34	180
34	181
34	184
34	190
34	198
34	199
34	200
34	201
34	202
34	203
34	204
35	132
35	139
35	152
35	154
35	171
35	172
35	175
35	179
35	180
35	181
35	182
35	184
35	185
35	186
35	187
35	188
35	189
35	190
35	192
35	194
35	196
35	197
35	198
35	199
35	200
35	201
35	202
35	203
35	204
35	205
35	206
36	132
36	139
36	154
36	179
36	180
36	200
36	201
36	202
36	203
37	132
37	139
37	152
37	154
37	171
37	172
37	175
37	179
37	180
37	181
37	182
37	184
37	185
37	186
37	187
37	188
37	189
37	190
37	192
37	194
37	196
37	197
37	198
37	199
37	200
37	201
37	202
37	203
37	204
37	205
37	206
38	132
38	139
38	152
38	154
38	171
38	172
38	175
38	179
38	180
38	181
38	182
38	184
38	185
38	186
38	187
38	188
38	189
38	190
38	192
38	194
38	196
38	197
38	198
38	199
38	200
38	201
38	202
38	203
38	204
38	205
38	206
39	132
39	139
39	152
39	154
39	171
39	172
39	175
39	179
39	180
39	181
39	182
39	184
39	185
39	186
39	187
39	188
39	189
39	190
39	192
39	194
39	196
39	197
39	198
39	199
39	200
39	201
39	202
39	203
39	204
39	205
39	206
40	132
40	139
40	145
40	147
40	148
40	151
40	152
40	154
40	155
40	156
40	157
40	159
40	162
40	163
40	164
40	165
40	166
40	167
40	168
40	169
40	170
40	171
40	172
40	173
40	174
40	175
40	176
40	177
40	178
40	179
40	180
40	181
40	182
40	183
40	184
40	185
40	186
40	187
40	188
40	189
40	190
40	191
40	192
40	193
40	194
40	195
40	196
40	197
40	198
40	199
40	200
40	201
40	202
40	203
40	204
40	205
40	206
41	132
41	139
41	152
41	154
41	171
41	172
41	175
41	179
41	180
41	181
41	182
41	184
41	185
41	186
41	187
41	188
41	189
41	190
41	192
41	194
41	196
41	197
41	198
41	199
41	200
41	201
41	202
41	203
41	204
41	205
41	206
42	132
42	139
42	152
42	154
42	171
42	172
42	175
42	179
42	180
42	181
42	182
42	184
42	185
42	186
42	187
42	188
42	189
42	190
42	192
42	194
42	196
42	197
42	198
42	199
42	200
42	201
42	202
42	203
42	204
42	205
42	206
43	132
43	139
43	151
43	152
43	154
43	167
43	169
43	170
43	171
43	172
43	173
43	174
43	175
43	176
43	178
43	179
43	180
43	181
43	182
43	183
43	184
43	185
43	186
43	187
43	188
43	189
43	190
43	191
43	192
43	193
43	194
43	195
43	196
43	197
43	198
43	199
43	200
43	201
43	202
43	203
43	204
43	205
43	206
44	132
44	139
44	152
44	154
44	171
44	172
44	175
44	179
44	180
44	181
44	182
44	184
44	185
44	186
44	187
44	188
44	189
44	190
44	192
44	194
44	196
44	197
44	198
44	199
44	200
44	201
44	202
44	203
44	204
44	205
44	206
45	132
45	139
45	154
45	179
45	180
45	181
45	184
45	190
45	198
45	199
45	200
45	201
45	202
45	203
45	204
46	132
46	139
46	152
46	154
46	171
46	172
46	175
46	179
46	180
46	181
46	182
46	184
46	185
46	186
46	187
46	188
46	189
46	190
46	192
46	194
46	196
46	197
46	198
46	199
46	200
46	201
46	202
46	203
46	204
46	205
46	206
47	132
47	139
47	154
47	179
47	180
47	181
47	184
47	190
47	198
47	199
47	200
47	201
47	202
47	203
47	204
48	132
48	139
48	152
48	154
48	171
48	172
48	175
48	179
48	180
48	181
48	182
48	184
48	185
48	186
48	187
48	188
48	189
48	190
48	192
48	194
48	196
48	197
48	198
48	199
48	200
48	201
48	202
48	203
48	204
48	205
48	206
49	132
49	139
49	154
49	179
49	180
49	181
49	184
49	190
49	198
49	199
49	200
49	201
49	202
49	203
49	204
50	132
50	139
50	152
50	154
50	171
50	172
50	175
50	179
50	180
50	181
50	182
50	184
50	185
50	186
50	187
50	188
50	189
50	190
50	192
50	194
50	196
50	197
50	198
50	199
50	200
50	201
50	202
50	203
50	204
50	205
50	206
51	132
51	139
51	154
51	179
51	180
51	181
51	184
51	190
51	198
51	199
51	200
51	201
51	202
51	203
51	204
52	132
52	139
52	152
52	154
52	171
52	172
52	175
52	179
52	180
52	181
52	182
52	184
52	185
52	186
52	187
52	188
52	189
52	190
52	192
52	194
52	196
52	197
52	198
52	199
52	200
52	201
52	202
52	203
52	204
52	205
52	206
53	132
53	139
53	154
53	179
53	180
53	181
53	184
53	190
53	198
53	199
53	200
53	201
53	202
53	203
53	204
54	132
54	139
54	154
54	179
54	180
54	181
54	184
54	190
54	198
54	199
54	200
54	201
54	202
54	203
54	204
55	132
55	139
55	154
55	179
55	180
55	181
55	184
55	190
55	198
55	199
55	200
55	201
55	202
55	203
55	204
56	132
56	139
56	154
56	179
56	180
56	181
56	184
56	190
56	198
56	199
56	200
56	201
56	202
56	203
56	204
57	132
57	139
57	154
57	179
57	180
57	200
57	201
57	202
57	203
58	132
58	139
58	152
58	154
58	171
58	172
58	175
58	179
58	180
58	181
58	182
58	184
58	185
58	186
58	187
58	188
58	189
58	190
58	192
58	194
58	196
58	197
58	198
58	199
58	200
58	201
58	202
58	203
58	204
58	205
58	206
59	132
59	139
59	154
59	179
59	180
59	181
59	184
59	190
59	198
59	199
59	200
59	201
59	202
59	203
59	204
60	132
60	139
60	154
60	179
60	180
60	181
60	184
60	190
60	198
60	199
60	200
60	201
60	202
60	203
60	204
61	132
61	139
61	152
61	154
61	171
61	172
61	175
61	179
61	180
61	181
61	182
61	184
61	185
61	186
61	187
61	188
61	189
61	190
61	192
61	194
61	196
61	197
61	198
61	199
61	200
61	201
61	202
61	203
61	204
61	205
61	206
62	132
62	139
62	154
62	179
62	180
62	181
62	184
62	190
62	198
62	199
62	200
62	201
62	202
62	203
62	204
63	132
63	139
63	154
63	179
63	180
63	181
63	184
63	190
63	198
63	199
63	200
63	201
63	202
63	203
63	204
64	132
64	139
64	154
64	179
64	180
64	181
64	184
64	190
64	198
64	199
64	200
64	201
64	202
64	203
64	204
65	132
65	139
65	154
65	179
65	180
65	181
65	184
65	190
65	198
65	199
65	200
65	201
65	202
65	203
65	204
66	132
66	139
66	152
66	154
66	171
66	172
66	175
66	179
66	180
66	181
66	182
66	184
66	185
66	186
66	187
66	188
66	189
66	190
66	192
66	194
66	196
66	197
66	198
66	199
66	200
66	201
66	202
66	203
66	204
66	205
66	206
67	132
67	139
67	154
67	179
67	180
67	181
67	184
67	190
67	198
67	199
67	200
67	201
67	202
67	203
67	204
68	132
68	139
68	154
68	179
68	180
68	181
68	184
68	190
68	198
68	199
68	200
68	201
68	202
68	203
68	204
69	132
69	139
69	154
69	179
69	180
69	181
69	184
69	190
69	198
69	199
69	200
69	201
69	202
69	203
69	204
70	132
70	139
70	154
70	179
70	180
70	181
70	184
70	190
70	198
70	199
70	200
70	201
70	202
70	203
70	204
71	132
71	139
71	154
71	179
71	180
71	181
71	184
71	190
71	198
71	199
71	200
71	201
71	202
71	203
71	204
72	132
72	139
72	154
72	179
72	180
72	181
72	184
72	190
72	198
72	199
72	200
72	201
72	202
72	203
72	204
73	132
73	139
73	152
73	154
73	171
73	172
73	175
73	179
73	180
73	181
73	182
73	184
73	185
73	186
73	187
73	188
73	189
73	190
73	192
73	194
73	196
73	197
73	198
73	199
73	200
73	201
73	202
73	203
73	204
73	205
73	206
74	132
74	139
74	154
74	179
74	180
74	200
74	201
74	202
74	203
75	132
75	139
75	152
75	154
75	171
75	172
75	175
75	179
75	180
75	181
75	182
75	184
75	185
75	186
75	187
75	188
75	189
75	190
75	192
75	194
75	196
75	197
75	198
75	199
75	200
75	201
75	202
75	203
75	204
75	205
75	206
76	132
76	139
76	154
76	179
76	180
76	181
76	184
76	190
76	198
76	199
76	200
76	201
76	202
76	203
76	204
77	132
77	139
77	152
77	154
77	171
77	172
77	175
77	179
77	180
77	181
77	182
77	184
77	185
77	186
77	187
77	188
77	189
77	190
77	192
77	194
77	196
77	197
77	198
77	199
77	200
77	201
77	202
77	203
77	204
77	205
77	206
78	132
78	139
78	152
78	154
78	171
78	172
78	175
78	179
78	180
78	181
78	182
78	184
78	185
78	186
78	187
78	188
78	189
78	190
78	192
78	194
78	196
78	197
78	198
78	199
78	200
78	201
78	202
78	203
78	204
78	205
78	206
79	132
79	139
79	152
79	154
79	171
79	172
79	175
79	179
79	180
79	181
79	182
79	184
79	185
79	186
79	187
79	188
79	189
79	190
79	192
79	194
79	196
79	197
79	198
79	199
79	200
79	201
79	202
79	203
79	204
79	205
79	206
80	132
80	139
80	152
80	154
80	171
80	172
80	175
80	179
80	180
80	181
80	182
80	184
80	185
80	186
80	187
80	188
80	189
80	190
80	192
80	194
80	196
80	197
80	198
80	199
80	200
80	201
80	202
80	203
80	204
80	205
80	206
81	132
81	139
81	154
81	179
81	180
81	181
81	184
81	190
81	198
81	199
81	200
81	201
81	202
81	203
81	204
82	132
82	139
82	152
82	154
82	171
82	172
82	175
82	179
82	180
82	181
82	182
82	184
82	185
82	186
82	187
82	188
82	189
82	190
82	192
82	194
82	196
82	197
82	198
82	199
82	200
82	201
82	202
82	203
82	204
82	205
82	206
83	132
83	139
83	152
83	154
83	171
83	172
83	175
83	179
83	180
83	181
83	182
83	184
83	185
83	186
83	187
83	188
83	189
83	190
83	192
83	194
83	196
83	197
83	198
83	199
83	200
83	201
83	202
83	203
83	204
83	205
83	206
84	132
84	139
84	152
84	154
84	171
84	172
84	175
84	179
84	180
84	181
84	182
84	184
84	185
84	186
84	187
84	188
84	189
84	190
84	192
84	194
84	196
84	197
84	198
84	199
84	200
84	201
84	202
84	203
84	204
84	205
84	206
85	132
85	139
85	151
85	152
85	154
85	167
85	169
85	170
85	171
85	172
85	173
85	174
85	175
85	176
85	178
85	179
85	180
85	181
85	182
85	183
85	184
85	185
85	186
85	187
85	188
85	189
85	190
85	191
85	192
85	193
85	194
85	195
85	196
85	197
85	198
85	199
85	200
85	201
85	202
85	203
85	204
85	205
85	206
86	132
86	139
86	151
86	152
86	154
86	167
86	169
86	170
86	171
86	172
86	173
86	174
86	175
86	176
86	178
86	179
86	180
86	181
86	182
86	183
86	184
86	185
86	186
86	187
86	188
86	189
86	190
86	191
86	192
86	193
86	194
86	195
86	196
86	197
86	198
86	199
86	200
86	201
86	202
86	203
86	204
86	205
86	206
87	132
87	139
87	152
87	154
87	171
87	172
87	175
87	179
87	180
87	181
87	182
87	184
87	185
87	186
87	187
87	188
87	189
87	190
87	192
87	194
87	196
87	197
87	198
87	199
87	200
87	201
87	202
87	203
87	204
87	205
87	206
88	132
88	139
88	154
88	179
88	180
88	181
88	184
88	190
88	198
88	199
88	200
88	201
88	202
88	203
88	204
89	132
89	139
89	154
89	179
89	180
89	181
89	184
89	190
89	198
89	199
89	200
89	201
89	202
89	203
89	204
90	132
90	139
90	152
90	154
90	171
90	172
90	175
90	179
90	180
90	181
90	182
90	184
90	185
90	186
90	187
90	188
90	189
90	190
90	192
90	194
90	196
90	197
90	198
90	199
90	200
90	201
90	202
90	203
90	204
90	205
90	206
91	132
91	139
91	152
91	154
91	171
91	172
91	175
91	179
91	180
91	181
91	182
91	184
91	185
91	186
91	187
91	188
91	189
91	190
91	192
91	194
91	196
91	197
91	198
91	199
91	200
91	201
91	202
91	203
91	204
91	205
91	206
92	132
92	139
92	151
92	152
92	154
92	167
92	169
92	170
92	171
92	172
92	173
92	174
92	175
92	176
92	178
92	179
92	180
92	181
92	182
92	183
92	184
92	185
92	186
92	187
92	188
92	189
92	190
92	191
92	192
92	193
92	194
92	195
92	196
92	197
92	198
92	199
92	200
92	201
92	202
92	203
92	204
92	205
92	206
93	132
93	139
93	152
93	154
93	171
93	172
93	175
93	179
93	180
93	181
93	182
93	184
93	185
93	186
93	187
93	188
93	189
93	190
93	192
93	194
93	196
93	197
93	198
93	199
93	200
93	201
93	202
93	203
93	204
93	205
93	206
94	132
94	139
94	154
94	179
94	180
94	200
94	201
94	202
94	203
95	132
95	139
95	152
95	154
95	171
95	172
95	175
95	179
95	180
95	181
95	182
95	184
95	185
95	186
95	187
95	188
95	189
95	190
95	192
95	194
95	196
95	197
95	198
95	199
95	200
95	201
95	202
95	203
95	204
95	205
95	206
96	132
96	139
96	154
96	179
96	180
96	181
96	184
96	190
96	198
96	199
96	200
96	201
96	202
96	203
96	204
97	132
97	139
97	154
97	179
97	180
97	181
97	184
97	190
97	198
97	199
97	200
97	201
97	202
97	203
97	204
98	132
98	139
98	154
98	179
98	180
98	181
98	184
98	190
98	198
98	199
98	200
98	201
98	202
98	203
98	204
99	132
99	139
99	154
99	180
99	200
99	201
100	132
100	139
100	154
100	179
100	180
100	200
100	201
100	202
100	203
101	132
101	139
101	152
101	154
101	171
101	172
101	175
101	179
101	180
101	181
101	182
101	184
101	185
101	186
101	187
101	188
101	189
101	190
101	192
101	194
101	196
101	197
101	198
101	199
101	200
101	201
101	202
101	203
101	204
101	205
101	206
102	132
102	139
102	154
102	179
102	180
102	181
102	184
102	190
102	198
102	199
102	200
102	201
102	202
102	203
102	204
103	132
103	139
103	154
103	179
103	180
103	200
103	201
103	202
103	203
104	132
104	139
104	154
104	180
104	200
104	201
105	132
105	139
105	154
105	179
105	180
105	181
105	184
105	190
105	198
105	199
105	200
105	201
105	202
105	203
105	204
106	132
106	139
106	154
106	179
106	180
106	181
106	184
106	190
106	198
106	199
106	200
106	201
106	202
106	203
106	204
107	132
107	139
107	154
107	179
107	180
107	181
107	184
107	190
107	198
107	199
107	200
107	201
107	202
107	203
107	204
108	132
108	139
108	154
108	179
108	180
108	200
108	201
108	202
108	203
109	132
109	139
109	154
109	179
109	180
109	181
109	184
109	190
109	198
109	199
109	200
109	201
109	202
109	203
109	204
110	132
110	139
110	154
110	179
110	180
110	181
110	184
110	190
110	198
110	199
110	200
110	201
110	202
110	203
110	204
111	132
111	139
111	154
111	179
111	180
111	181
111	184
111	190
111	198
111	199
111	200
111	201
111	202
111	203
111	204
112	132
112	139
112	154
112	179
112	180
112	200
112	201
112	202
112	203
113	132
113	139
113	154
113	179
113	180
113	200
113	201
113	202
113	203
114	132
114	139
114	154
114	179
114	180
114	200
114	201
114	202
114	203
115	132
115	139
115	154
115	180
115	200
115	201
116	132
116	139
116	154
116	179
116	180
116	200
116	201
116	202
116	203
117	132
117	139
117	154
117	180
117	200
117	201
118	132
118	139
118	154
118	179
118	180
118	200
118	201
118	202
118	203
119	132
119	139
119	154
119	180
119	200
120	132
120	139
120	154
120	180
120	200
121	132
121	139
121	154
121	180
121	200
122	132
122	139
122	154
122	180
122	200
122	201
123	132
123	139
123	154
123	180
123	200
123	201
124	132
124	139
124	154
124	180
124	200
124	201
125	132
125	139
125	151
125	152
125	154
125	167
125	169
125	170
125	171
125	172
125	173
125	174
125	175
125	176
125	178
125	179
125	180
125	181
125	182
125	183
125	184
125	185
125	186
125	187
125	188
125	189
125	190
125	191
125	192
125	193
125	194
125	195
125	196
125	197
125	198
125	199
125	200
125	201
125	202
125	203
125	204
125	205
125	206
126	132
126	139
126	152
126	154
126	171
126	172
126	175
126	179
126	180
126	181
126	182
126	184
126	185
126	186
126	187
126	188
126	189
126	190
126	192
126	194
126	196
126	197
126	198
126	199
126	200
126	201
126	202
126	203
126	204
126	205
126	206
127	132
127	139
127	154
127	180
127	200
127	201
128	132
128	139
128	154
128	180
128	200
129	132
129	139
129	154
129	180
129	200
129	201
130	132
130	139
130	154
130	180
130	200
131	132
131	139
131	154
131	180
131	200
132	133
132	134
132	135
132	136
132	137
132	138
132	139
132	140
132	141
132	142
132	143
132	144
132	145
132	146
132	147
132	148
132	149
132	150
132	151
132	152
132	153
132	154
132	155
132	156
132	157
132	158
132	159
132	160
132	161
132	162
132	163
132	164
132	165
132	166
132	167
132	168
132	169
132	170
132	171
132	172
132	173
132	174
132	175
132	176
132	177
132	178
132	179
132	180
132	181
132	182
132	183
132	184
132	185
132	186
132	187
132	188
132	189
132	190
132	191
132	192
132	193
132	194
132	195
132	196
132	197
132	198
132	199
132	200
132	201
132	202
132	203
132	204
132	205
132	206
133	139
133	154
133	180
133	200
134	139
134	154
134	180
134	200
135	139
135	154
135	180
135	200
136	139
136	154
136	180
136	200
137	139
137	154
137	180
137	200
138	139
138	154
138	180
138	200
139	140
139	141
139	142
139	143
139	144
139	145
139	146
139	147
139	148
139	149
139	150
139	151
139	152
139	153
139	154
139	155
139	156
139	157
139	158
139	159
139	160
139	161
139	162
139	163
139	164
139	165
139	166
139	167
139	168
139	169
139	170
139	171
139	172
139	173
139	174
139	175
139	176
139	177
139	178
139	179
139	180
139	181
139	182
139	183
139	184
139	185
139	186
139	187
139	188
139	189
139	190
139	191
139	192
139	193
139	194
139	195
139	196
139	197
139	198
139	199
139	200
139	201
139	202
139	203
139	204
139	205
139	206
140	154
140	180
140	200
141	154
141	180
141	200
142	154
142	180
142	200
143	154
143	180
143	200
144	154
144	180
144	200
145	154
145	180
145	200
146	154
146	180
146	200
147	154
147	180
147	200
148	154
148	180
148	200
149	154
149	180
149	200
150	154
150	180
150	200
151	154
151	180
151	200
152	154
152	180
152	200
153	154
153	180
153	200
154	155
154	156
154	157
154	158
154	159
154	160
154	161
154	162
154	163
154	164
154	165
154	166
154	167
154	168
154	169
154	170
154	171
154	172
154	173
154	174
154	175
154	176
154	177
154	178
154	179
154	180
154	181
154	182
154	183
154	184
154	185
154	186
154	187
154	188
154	189
154	190
154	191
154	192
154	193
154	194
154	195
154	196
154	197
154	198
154	199
154	200
154	201
154	202
154	203
154	204
154	205
154	206
155	180
155	200
156	180
156	200
157	180
157	200
158	180
158	200
159	180
159	200
160	180
160	200
161	180
161	200
162	180
162	200
163	180
163	200
164	180
164	200
165	180
165	200
166	180
166	200
167	180
167	200
168	180
168	200
169	180
169	200
170	180
170	200
171	180
171	200
172	180
172	200
173	180
173	200
174	180
174	200
175	180
175	200
176	180
176	200
177	180
177	200
178	180
178	200
179	180
179	200
180	181
180	182
180	183
180	184
180	185
180	186
180	187
180	188
180	189
180	190
180	191
180	192
180	193
180	194
180	195
180	196
180	197
180	198
180	199
180	200
180	201
180	202
180	203
180	204
180	205
180	206
181	200
182	200
183	200
184	200
185	200
186	200
187	200
188	200
189	200
190	200
191	200
192	200
193	200
194	200
195	200
196	200
197	200
198	200
199	200
200	201
200	202
200	203
200	204
200	205
200	206