202	8991
1	3
1	4
1	7
1	8
1	9
1	10
1	11
1	12
1	13
1	14
1	15
1	16
1	17
1	18
1	19
1	20
1	21
1	22
1	23
1	24
1	25
1	26
1	27
1	28
1	29
1	30
1	31
1	32
1	33
1	34
1	35
1	36
1	37
1	38
1	39
1	40
1	41
1	42
1	43
1	44
1	45
1	46
1	47
1	48
1	49
1	50
1	51
1	52
1	53
1	54
1	55
1	56
1	57
1	58
1	59
1	60
1	61
1	62
1	63
1	64
1	65
1	66
1	67
1	68
1	69
1	70
1	71
1	72
1	73
1	74
1	75
1	76
1	77
1	78
1	79
1	80
1	81
1	82
1	83
1	84
1	85
1	86
1	87
1	88
1	89
1	90
1	91
1	92
1	93
1	94
1	95
1	96
1	97
1	98
1	99
1	100
1	101
1	102
1	103
1	104
1	105
1	106
1	107
1	108
1	109
1	110
1	111
1	112
1	113
1	114
1	115
1	116
1	117
1	118
1	119
1	120
1	121
1	122
1	123
1	124
1	125
1	126
1	127
1	128
1	129
1	130
1	131
1	132
1	133
1	134
1	135
1	136
1	137
1	138
1	139
1	140
1	141
1	142
1	143
1	144
1	145
1	146
1	147
1	148
1	149
1	150
1	151
1	152
1	153
1	154
1	155
1	156
1	157
1	158
1	159
1	160
1	161
1	162
1	163
1	164
1	165
1	166
1	167
1	168
1	169
1	170
1	171
1	172
1	173
1	174
1	175
1	176
1	177
1	178
1	179
1	180
1	181
1	182
1	183
1	184
1	185
1	186
1	187
1	188
1	189
1	190
1	191
1	192
1	193
1	194
1	195
1	196
1	197
1	198
1	199
1	200
1	201
1	202
2	3
2	4
2	7
2	8
2	9
2	10
2	11
2	12
2	13
2	14
2	15
2	16
2	17
2	18
2	19
2	20
2	21
2	22
2	23
2	24
2	25
2	26
2	27
2	28
2	29
2	30
2	31
2	32
2	33
2	34
2	35
2	36
2	37
2	38
2	39
2	40
2	41
2	42
2	43
2	44
2	45
2	46
2	47
2	48
2	49
2	50
2	51
2	52
2	53
2	54
2	55
2	56
2	57
2	58
2	59
2	60
2	61
2	62
2	63
2	64
2	65
2	66
2	67
2	68
2	69
2	70
2	71
2	72
2	73
2	74
2	75
2	76
2	77
2	78
2	79
2	80
2	81
2	82
2	83
2	84
2	85
2	86
2	87
2	88
2	89
2	90
2	91
2	92
2	93
2	94
2	95
2	96
2	97
2	98
2	99
2	100
2	101
2	102
2	103
2	104
2	105
2	106
2	107
2	108
2	109
2	110
2	111
2	112
2	113
2	114
2	115
2	116
2	117
2	118
2	119
2	120
2	121
2	122
2	123
2	124
2	125
2	126
2	127
2	128
2	129
2	130
2	131
2	132
2	133
2	134
2	135
2	136
2	137
2	138
2	139
2	140
2	141
2	142
2	143
2	144
2	145
2	146
2	147
2	148
2	149
2	150
2	151
2	152
2	153
2	154
2	155
2	156
2	157
2	158
2	159
2	160
2	161
2	162
2	163
2	164
2	165
2	166
2	167
2	168
2	169
2	170
2	171
2	172
2	173
2	174
2	175
2	176
2	177
2	178
2	179
2	180
2	181
2	182
2	183
2	184
2	185
2	186
2	187
2	188
2	189
2	190
2	191
2	192
2	193
2	194
2	195
2	196
2	197
2	198
2	199
2	200
2	201
2	202
3	5
3	6
3	43
3	52
3	64
3	65
3	68
3	69
3	71
3	72
3	73
3	75
3	76
3	77
3	78
3	79
3	80
3	81
3	82
3	83
3	85
3	86
3	87
3	88
3	89
3	90
3	91
3	92
3	93
3	94
3	95
3	96
3	97
3	98
3	99
3	100
3	101
3	102
3	103
3	104
3	105
3	106
3	107
3	108
3	109
3	110
3	111
3	112
3	113
3	114
3	115
3	116
3	117
3	118
3	119
3	120
3	121
3	122
3	123
3	124
3	125
3	126
3	127
3	128
3	129
3	130
3	131
3	132
3	133
3	134
3	135
3	136
3	137
3	138
3	139
3	140
3	141
3	142
3	143
3	144
3	145
3	146
3	147
3	148
3	149
3	150
3	151
3	152
3	153
3	154
3	155
3	156
3	157
3	158
3	159
3	160
3	161
3	162
3	163
3	164
3	165
3	166
3	167
3	168
3	169
3	170
3	171
3	172
3	173
3	174
3	175
3	176
3	177
3	178
3	179
3	180
3	181
3	182
3	183
3	184
3	185
3	186
3	187
3	188
3	189
3	190
3	191
3	192
3	193
3	194
3	195
3	196
3	197
3	198
3	199
3	200
3	201
3	202
4	5
4	6
4	10
4	13
4	14
4	15
4	18
4	19
4	22
4	23
4	26
4	27
4	28
4	37
4	38
4	39
4	40
4	41
4	42
4	43
4	44
4	45
4	46
4	47
4	49
4	50
4	51
4	52
4	53
4	54
4	55
4	56
4	57
4	58
4	63
4	64
4	65
4	66
4	67
4	68
4	69
4	70
4	71
4	72
4	73
4	74
4	75
4	76
4	77
4	78
4	79
4	80
4	81
4	82
4	83
4	84
4	85
4	86
4	87
4	88
4	89
4	90
4	91
4	92
4	93
4	94
4	95
4	96
4	97
4	98
4	99
4	100
4	101
4	102
4	103
4	104
4	105
4	106
4	107
4	108
4	109
4	110
4	111
4	112
4	113
4	114
4	115
4	116
4	117
4	118
4	119
4	120
4	121
4	122
4	123
4	124
4	125
4	126
4	127
4	128
4	129
4	130
4	131
4	132
4	133
4	134
4	135
4	136
4	137
4	138
4	139
4	140
4	141
4	142
4	143
4	144
4	145
4	146
4	147
4	148
4	149
4	150
4	151
4	152
4	153
4	154
4	155
4	156
4	157
4	158
4	159
4	160
4	161
4	162
4	163
4	164
4	165
4	166
4	167
4	168
4	169
4	170
4	171
4	172
4	173
4	174
4	175
4	176
4	177
4	178
4	179
4	180
4	181
4	182
4	183
4	184
4	185
4	186
4	187
4	188
4	189
4	190
4	191
4	192
4	193
4	194
4	195
4	196
4	197
4	198
4	199
4	200
4	201
4	202
5	7
5	8
5	9
5	10
5	11
5	12
5	13
5	14
5	15
5	16
5	17
5	18
5	19
5	20
5	21
5	22
5	23
5	24
5	25
5	26
5	27
5	28
5	29
5	30
5	31
5	32
5	33
5	34
5	35
5	36
5	37
5	38
5	39
5	40
5	41
5	42
5	43
5	44
5	45
5	46
5	47
5	48
5	49
5	50
5	51
5	52
5	53
5	54
5	55
5	56
5	57
5	58
5	59
5	60
5	61
5	62
5	63
5	64
5	65
5	66
5	67
5	68
5	69
5	70
5	71
5	72
5	73
5	74
5	75
5	76
5	77
5	78
5	79
5	80
5	81
5	82
5	83
5	84
5	85
5	86
5	87
5	88
5	89
5	90
5	91
5	92
5	93
5	94
5	95
5	96
5	97
5	98
5	99
5	100
5	101
5	102
5	103
5	104
5	105
5	106
5	107
5	108
5	109
5	110
5	111
5	112
5	113
5	114
5	115
5	116
5	117
5	118
5	119
5	120
5	121
5	122
5	123
5	124
5	125
5	126
5	127
5	128
5	129
5	130
5	131
5	132
5	133
5	134
5	135
5	136
5	137
5	138
5	139
5	140
5	141
5	142
5	143
5	144
5	145
5	146
5	147
5	148
5	149
5	150
5	151
5	152
5	153
5	154
5	155
5	156
5	157
5	158
5	159
5	160
5	161
5	162
5	163
5	164
5	165
5	166
5	167
5	168
5	169
5	170
5	171
5	172
5	173
5	174
5	175
5	176
5	177
5	178
5	179
5	180
5	181
5	182
5	183
5	184
5	185
5	186
5	187
5	188
5	189
5	190
5	191
5	192
5	193
5	194
5	195
5	196
5	197
5	198
5	199
5	200
5	201
5	202
6	7
6	8
6	9
6	10
6	11
6	12
6	13
6	14
6	15
6	16
6	17
6	18
6	19
6	20
6	21
6	22
6	23
6	24
6	25
6	26
6	27
6	28
6	29
6	30
6	31
6	32
6	33
6	34
6	35
6	36
6	37
6	38
6	39
6	40
6	41
6	42
6	43
6	44
6	45
6	46
6	47
6	48
6	49
6	50
6	51
6	52
6	53
6	54
6	55
6	56
6	57
6	58
6	59
6	60
6	61
6	62
6	63
6	64
6	65
6	66
6	67
6	68
6	69
6	70
6	71
6	72
6	73
6	74
6	75
6	76
6	77
6	78
6	79
6	80
6	81
6	82
6	83
6	84
6	85
6	86
6	87
6	88
6	89
6	90
6	91
6	92
6	93
6	94
6	95
6	96
6	97
6	98
6	99
6	100
6	101
6	102
6	103
6	104
6	105
6	106
6	107
6	108
6	109
6	110
6	111
6	112
6	113
6	114
6	115
6	116
6	117
6	118
6	119
6	120
6	121
6	122
6	123
6	124
6	125
6	126
6	127
6	128
6	129
6	130
6	131
6	132
6	133
6	134
6	135
6	136
6	137
6	138
6	139
6	140
6	141
6	142
6	143
6	144
6	145
6	146
6	147
6	148
6	149
6	150
6	151
6	152
6	153
6	154
6	155
6	156
6	157
6	158
6	159
6	160
6	161
6	162
6	163
6	164
6	165
6	166
6	167
6	168
6	169
6	170
6	171
6	172
6	173
6	174
6	175
6	176
6	177
6	178
6	179
6	180
6	181
6	182
6	183
6	184
6	185
6	186
6	187
6	188
6	189
6	190
6	191
6	192
6	193
6	194
6	195
6	196
6	197
6	198
6	199
6	200
6	201
6	202
7	64
7	77
7	83
7	87
7	89
7	96
7	97
7	101
7	102
7	106
7	108
7	119
7	120
7	146
7	153
7	155
7	157
7	158
7	161
7	162
7	163
7	164
7	165
7	166
7	167
7	168
7	169
7	170
7	171
7	172
7	173
7	174
7	175
7	176
7	177
7	178
7	179
7	180
7	181
7	182
7	183
7	184
7	185
7	186
7	187
7	188
7	189
7	190
7	191
7	192
7	193
7	194
7	195
7	196
7	197
7	198
7	199
7	200
7	201
7	202
8	43
8	64
8	65
8	75
8	77
8	78
8	79
8	80
8	81
8	82
8	83
8	85
8	87
8	89
8	90
8	91
8	93
8	94
8	95
8	96
8	97
8	98
8	99
8	100
8	101
8	102
8	106
8	107
8	108
8	110
8	111
8	112
8	113
8	117
8	118
8	119
8	120
8	121
8	122
8	123
8	125
8	126
8	127
8	128
8	130
8	131
8	132
8	133
8	137
8	138
8	139
8	140
8	141
8	142
8	143
8	144
8	145
8	146
8	147
8	148
8	149
8	150
8	151
8	152
8	153
8	154
8	155
8	156
8	157
8	158
8	159
8	160
8	161
8	162
8	163
8	164
8	165
8	166
8	167
8	168
8	169
8	170
8	171
8	172
8	173
8	174
8	175
8	176
8	177
8	178
8	179
8	180
8	181
8	182
8	183
8	184
8	185
8	186
8	187
8	188
8	189
8	190
8	191
8	192
8	193
8	194
8	195
8	196
8	197
8	198
8	199
8	200
8	201
8	202
9	64
9	65
9	75
9	77
9	83
9	87
9	89
9	93
9	94
9	95
9	96
9	97
9	98
9	99
9	100
9	101
9	102
9	106
9	107
9	108
9	110
9	111
9	112
9	113
9	117
9	118
9	119
9	120
9	121
9	122
9	123
9	125
9	126
9	127
9	128
9	130
9	131
9	132
9	133
9	137
9	138
9	139
9	140
9	141
9	142
9	143
9	144
9	145
9	146
9	147
9	148
9	149
9	150
9	151
9	152
9	153
9	154
9	155
9	156
9	157
9	158
9	159
9	160
9	161
9	162
9	163
9	164
9	165
9	166
9	167
9	168
9	169
9	170
9	171
9	172
9	173
9	174
9	175
9	176
9	177
9	178
9	179
9	180
9	181
9	182
9	183
9	184
9	185
9	186
9	187
9	188
9	189
9	190
9	191
9	192
9	193
9	194
9	195
9	196
9	197
9	198
9	199
9	200
9	201
9	202
10	57
10	64
10	65
10	72
10	75
10	76
10	77
10	78
10	79
10	80
10	81
10	82
10	83
10	85
10	87
10	89
10	90
10	91
10	93
10	94
10	95
10	96
10	97
10	98
10	99
10	100
10	101
10	102
10	103
10	104
10	106
10	107
10	108
10	109
10	110
10	111
10	112
10	113
10	114
10	115
10	116
10	117
10	118
10	119
10	120
10	121
10	122
10	123
10	124
10	125
10	126
10	127
10	128
10	129
10	130
10	131
10	132
10	133
10	134
10	135
10	136
10	137
10	138
10	139
10	140
10	141
10	142
10	143
10	144
10	145
10	146
10	147
10	148
10	149
10	150
10	151
10	152
10	153
10	154
10	155
10	156
10	157
10	158
10	159
10	160
10	161
10	162
10	163
10	164
10	165
10	166
10	167
10	168
10	169
10	170
10	171
10	172
10	173
10	174
10	175
10	176
10	177
10	178
10	179
10	180
10	181
10	182
10	183
10	184
10	185
10	186
10	187
10	188
10	189
10	190
10	191
10	192
10	193
10	194
10	195
10	196
10	197
10	198
10	199
10	200
10	201
10	202
11	57
11	64
11	65
11	72
11	75
11	76
11	77
11	78
11	79
11	80
11	81
11	82
11	83
11	85
11	87
11	89
11	90
11	91
11	93
11	94
11	95
11	96
11	97
11	98
11	99
11	100
11	101
11	102
11	103
11	104
11	106
11	107
11	108
11	109
11	110
11	111
11	112
11	113
11	114
11	115
11	116
11	117
11	118
11	119
11	120
11	121
11	122
11	123
11	124
11	125
11	126
11	127
11	128
11	129
11	130
11	131
11	132
11	133
11	134
11	135
11	136
11	137
11	138
11	139
11	140
11	141
11	142
11	143
11	144
11	145
11	146
11	147
11	148
11	149
11	150
11	151
11	152
11	153
11	154
11	155
11	156
11	157
11	158
11	159
11	160
11	161
11	162
11	163
11	164
11	165
11	166
11	167
11	168
11	169
11	170
11	171
11	172
11	173
11	174
11	175
11	176
11	177
11	178
11	179
11	180
11	181
11	182
11	183
11	184
11	185
11	186
11	187
11	188
11	189
11	190
11	191
11	192
11	193
11	194
11	195
11	196
11	197
11	198
11	199
11	200
11	201
11	202
12	43
12	64
12	75
12	77
12	81
12	83
12	87
12	89
12	91
12	93
12	94
12	95
12	96
12	97
12	98
12	99
12	100
12	101
12	102
12	106
12	107
12	108
12	110
12	111
12	112
12	113
12	116
12	117
12	118
12	119
12	120
12	121
12	122
12	123
12	125
12	127
12	128
12	130
12	131
12	132
12	133
12	134
12	135
12	136
12	137
12	138
12	139
12	140
12	141
12	142
12	143
12	144
12	145
12	146
12	147
12	148
12	149
12	150
12	151
12	152
12	153
12	154
12	155
12	156
12	157
12	158
12	159
12	160
12	161
12	162
12	163
12	164
12	165
12	166
12	167
12	168
12	169
12	170
12	171
12	172
12	173
12	174
12	175
12	176
12	177
12	178
12	179
12	180
12	181
12	182
12	183
12	184
12	185
12	186
12	187
12	188
12	189
12	190
12	191
12	192
12	193
12	194
12	195
12	196
12	197
12	198
12	199
12	200
12	201
12	202
13	64
13	72
13	75
13	77
13	83
13	87
13	89
13	94
13	96
13	97
13	98
13	100
13	101
13	102
13	106
13	107
13	108
13	110
13	111
13	112
13	113
13	117
13	118
13	119
13	120
13	121
13	122
13	123
13	125
13	126
13	127
13	128
13	130
13	131
13	133
13	137
13	138
13	139
13	140
13	141
13	142
13	143
13	144
13	145
13	146
13	147
13	148
13	150
13	151
13	152
13	153
13	154
13	155
13	156
13	157
13	158
13	159
13	160
13	161
13	162
13	163
13	164
13	165
13	166
13	167
13	168
13	169
13	170
13	171
13	172
13	173
13	174
13	175
13	176
13	177
13	178
13	179
13	180
13	181
13	182
13	183
13	184
13	185
13	186
13	187
13	188
13	189
13	190
13	191
13	192
13	193
13	194
13	195
13	196
13	197
13	198
13	199
13	200
13	201
13	202
14	64
14	72
14	75
14	77
14	83
14	87
14	89
14	94
14	96
14	97
14	98
14	100
14	101
14	102
14	106
14	107
14	108
14	110
14	111
14	112
14	113
14	117
14	118
14	119
14	120
14	121
14	122
14	123
14	125
14	126
14	127
14	128
14	130
14	131
14	133
14	137
14	138
14	139
14	140
14	141
14	142
14	143
14	144
14	145
14	146
14	147
14	148
14	150
14	151
14	152
14	153
14	154
14	155
14	156
14	157
14	158
14	159
14	160
14	161
14	162
14	163
14	164
14	165
14	166
14	167
14	168
14	169
14	170
14	171
14	172
14	173
14	174
14	175
14	176
14	177
14	178
14	179
14	180
14	181
14	182
14	183
14	184
14	185
14	186
14	187
14	188
14	189
14	190
14	191
14	192
14	193
14	194
14	195
14	196
14	197
14	198
14	199
14	200
14	201
14	202
15	64
15	75
15	77
15	83
15	87
15	89
15	94
15	96
15	97
15	98
15	100
15	101
15	102
15	106
15	107
15	108
15	110
15	111
15	112
15	113
15	117
15	118
15	119
15	120
15	121
15	122
15	123
15	125
15	127
15	128
15	130
15	131
15	133
15	137
15	138
15	139
15	140
15	141
15	142
15	143
15	144
15	145
15	146
15	147
15	148
15	150
15	151
15	152
15	153
15	154
15	155
15	156
15	157
15	158
15	159
15	160
15	161
15	162
15	163
15	164
15	165
15	166
15	167
15	168
15	169
15	170
15	171
15	172
15	173
15	174
15	175
15	176
15	177
15	178
15	179
15	180
15	181
15	182
15	183
15	184
15	185
15	186
15	187
15	188
15	189
15	190
15	191
15	192
15	193
15	194
15	195
15	196
15	197
15	198
15	199
15	200
15	201
15	202
16	64
16	72
16	75
16	77
16	83
16	87
16	89
16	93
16	94
16	95
16	96
16	97
16	98
16	99
16	100
16	101
16	102
16	106
16	107
16	108
16	110
16	111
16	112
16	113
16	117
16	118
16	119
16	120
16	121
16	122
16	123
16	125
16	126
16	127
16	128
16	130
16	131
16	132
16	133
16	137
16	138
16	139
16	140
16	141
16	142
16	143
16	144
16	145
16	146
16	147
16	148
16	149
16	150
16	151
16	152
16	153
16	154
16	155
16	156
16	157
16	158
16	159
16	160
16	161
16	162
16	163
16	164
16	165
16	166
16	167
16	168
16	169
16	170
16	171
16	172
16	173
16	174
16	175
16	176
16	177
16	178
16	179
16	180
16	181
16	182
16	183
16	184
16	185
16	186
16	187
16	188
16	189
16	190
16	191
16	192
16	193
16	194
16	195
16	196
16	197
16	198
16	199
16	200
16	201
16	202
17	64
17	75
17	77
17	83
17	87
17	89
17	96
17	97
17	101
17	102
17	106
17	108
17	119
17	120
17	146
17	153
17	155
17	157
17	158
17	161
17	162
17	163
17	164
17	165
17	166
17	167
17	168
17	169
17	170
17	171
17	172
17	173
17	174
17	175
17	176
17	177
17	178
17	179
17	180
17	181
17	182
17	183
17	184
17	185
17	186
17	187
17	188
17	189
17	190
17	191
17	192
17	193
17	194
17	195
17	196
17	197
17	198
17	199
17	200
17	201
17	202
18	64
18	65
18	72
18	75
18	76
18	77
18	83
18	87
18	89
18	93
18	94
18	95
18	96
18	97
18	98
18	99
18	100
18	101
18	102
18	106
18	107
18	108
18	110
18	111
18	112
18	113
18	117
18	118
18	119
18	120
18	121
18	122
18	123
18	125
18	126
18	127
18	128
18	130
18	131
18	132
18	133
18	137
18	138
18	139
18	140
18	141
18	142
18	143
18	144
18	145
18	146
18	147
18	148
18	149
18	150
18	151
18	152
18	153
18	154
18	155
18	156
18	157
18	158
18	159
18	160
18	161
18	162
18	163
18	164
18	165
18	166
18	167
18	168
18	169
18	170
18	171
18	172
18	173
18	174
18	175
18	176
18	177
18	178
18	179
18	180
18	181
18	182
18	183
18	184
18	185
18	186
18	187
18	188
18	189
18	190
18	191
18	192
18	193
18	194
18	195
18	196
18	197
18	198
18	199
18	200
18	201
18	202
19	64
19	72
19	75
19	77
19	83
19	87
19	89
19	94
19	96
19	97
19	98
19	100
19	101
19	102
19	106
19	107
19	108
19	110
19	111
19	112
19	113
19	117
19	118
19	119
19	120
19	121
19	122
19	123
19	125
19	126
19	127
19	128
19	130
19	131
19	133
19	137
19	138
19	139
19	140
19	141
19	142
19	143
19	144
19	145
19	146
19	147
19	148
19	150
19	151
19	152
19	153
19	154
19	155
19	156
19	157
19	158
19	159
19	160
19	161
19	162
19	163
19	164
19	165
19	166
19	167
19	168
19	169
19	170
19	171
19	172
19	173
19	174
19	175
19	176
19	177
19	178
19	179
19	180
19	181
19	182
19	183
19	184
19	185
19	186
19	187
19	188
19	189
19	190
19	191
19	192
19	193
19	194
19	195
19	196
19	197
19	198
19	199
19	200
19	201
19	202
20	87
20	97
20	101
20	102
20	106
20	107
20	108
20	110
20	117
20	118
20	119
20	120
20	121
20	122
20	123
20	125
20	126
20	127
20	128
20	130
20	131
20	133
20	137
20	138
20	139
20	140
20	141
20	142
20	144
20	145
20	146
20	147
20	148
20	150
20	151
20	152
20	153
20	154
20	155
20	156
20	157
20	158
20	159
20	160
20	161
20	162
20	163
20	164
20	165
20	166
20	167
20	168
20	169
20	170
20	171
20	172
20	173
20	174
20	175
20	176
20	177
20	178
20	179
20	180
20	181
20	182
20	183
20	184
20	185
20	186
20	187
20	188
20	189
20	190
20	191
20	192
20	193
20	194
20	195
20	196
20	197
20	198
20	199
20	200
20	201
20	202
21	87
21	97
21	101
21	102
21	106
21	107
21	108
21	117
21	119
21	120
21	121
21	122
21	123
21	125
21	128
21	137
21	146
21	153
21	154
21	155
21	156
21	157
21	158
21	159
21	160
21	161
21	162
21	163
21	164
21	165
21	166
21	167
21	168
21	169
21	170
21	171
21	172
21	173
21	174
21	175
21	176
21	177
21	178
21	179
21	180
21	181
21	182
21	183
21	184
21	185
21	186
21	187
21	188
21	189
21	190
21	191
21	192
21	193
21	194
21	195
21	196
21	197
21	198
21	199
21	200
21	201
21	202
22	87
22	97
22	102
22	119
22	120
22	153
22	155
22	157
22	158
22	161
22	162
22	163
22	164
22	165
22	166
22	167
22	168
22	169
22	170
22	171
22	172
22	173
22	174
22	175
22	176
22	177
22	178
22	179
22	180
22	181
22	182
22	183
22	184
22	185
22	186
22	187
22	188
22	189
22	190
22	191
22	192
22	193
22	194
22	195
22	196
22	197
22	198
22	199
22	200
22	201
22	202
23	64
23	72
23	75
23	77
23	83
23	87
23	89
23	94
23	96
23	97
23	98
23	100
23	101
23	102
23	106
23	107
23	108
23	110
23	111
23	112
23	113
23	117
23	118
23	119
23	120
23	121
23	122
23	123
23	125
23	126
23	127
23	128
23	130
23	131
23	133
23	137
23	138
23	139
23	140
23	141
23	142
23	143
23	144
23	145
23	146
23	147
23	148
23	150
23	151
23	152
23	153
23	154
23	155
23	156
23	157
23	158
23	159
23	160
23	161
23	162
23	163
23	164
23	165
23	166
23	167
23	168
23	169
23	170
23	171
23	172
23	173
23	174
23	175
23	176
23	177
23	178
23	179
23	180
23	181
23	182
23	183
23	184
23	185
23	186
23	187
23	188
23	189
23	190
23	191
23	192
23	193
23	194
23	195
23	196
23	197
23	198
23	199
23	200
23	201
23	202
24	87
24	97
24	102
24	119
24	120
24	153
24	155
24	157
24	158
24	161
24	162
24	163
24	164
24	165
24	166
24	167
24	168
24	169
24	170
24	171
24	172
24	173
24	174
24	175
24	176
24	177
24	178
24	179
24	180
24	181
24	182
24	183
24	184
24	185
24	186
24	187
24	188
24	189
24	190
24	191
24	192
24	193
24	194
24	195
24	196
24	197
24	198
24	199
24	200
24	201
24	202
25	87
25	97
25	101
25	102
25	106
25	108
25	119
25	120
25	146
25	153
25	155
25	157
25	158
25	161
25	162
25	163
25	164
25	165
25	166
25	167
25	168
25	169
25	170
25	171
25	172
25	173
25	174
25	175
25	176
25	177
25	178
25	179
25	180
25	181
25	182
25	183
25	184
25	185
25	186
25	187
25	188
25	189
25	190
25	191
25	192
25	193
25	194
25	195
25	196
25	197
25	198
25	199
25	200
25	201
25	202
26	87
26	97
26	101
26	102
26	106
26	107
26	108
26	110
26	117
26	118
26	119
26	120
26	121
26	122
26	123
26	125
26	126
26	127
26	128
26	130
26	131
26	133
26	137
26	138
26	139
26	140
26	141
26	142
26	144
26	145
26	146
26	147
26	148
26	150
26	151
26	152
26	153
26	154
26	155
26	156
26	157
26	158
26	159
26	160
26	161
26	162
26	163
26	164
26	165
26	166
26	167
26	168
26	169
26	170
26	171
26	172
26	173
26	174
26	175
26	176
26	177
26	178
26	179
26	180
26	181
26	182
26	183
26	184
26	185
26	186
26	187
26	188
26	189
26	190
26	191
26	192
26	193
26	194
26	195
26	196
26	197
26	198
26	199
26	200
26	201
26	202
27	64
27	75
27	77
27	83
27	87
27	89
27	94
27	96
27	97
27	98
27	100
27	101
27	102
27	106
27	107
27	108
27	110
27	111
27	112
27	113
27	117
27	118
27	119
27	120
27	121
27	122
27	123
27	125
27	126
27	127
27	128
27	130
27	131
27	133
27	137
27	138
27	139
27	140
27	141
27	142
27	143
27	144
27	145
27	146
27	147
27	148
27	150
27	151
27	152
27	153
27	154
27	155
27	156
27	157
27	158
27	159
27	160
27	161
27	162
27	163
27	164
27	165
27	166
27	167
27	168
27	169
27	170
27	171
27	172
27	173
27	174
27	175
27	176
27	177
27	178
27	179
27	180
27	181
27	182
27	183
27	184
27	185
27	186
27	187
27	188
27	189
27	190
27	191
27	192
27	193
27	194
27	195
27	196
27	197
27	198
27	199
27	200
27	201
27	202
28	64
28	75
28	77
28	83
28	87
28	89
28	94
28	96
28	97
28	98
28	100
28	101
28	102
28	106
28	107
28	108
28	110
28	111
28	112
28	113
28	117
28	118
28	119
28	120
28	121
28	122
28	123
28	125
28	126
28	127
28	128
28	130
28	131
28	133
28	137
28	138
28	139
28	140
28	141
28	142
28	143
28	144
28	145
28	146
28	147
28	148
28	150
28	151
28	152
28	153
28	154
28	155
28	156
28	157
28	158
28	159
28	160
28	161
28	162
28	163
28	164
28	165
28	166
28	167
28	168
28	169
28	170
28	171
28	172
28	173
28	174
28	175
28	176
28	177
28	178
28	179
28	180
28	181
28	182
28	183
28	184
28	185
28	186
28	187
28	188
28	189
28	190
28	191
28	192
28	193
28	194
28	195
28	196
28	197
28	198
28	199
28	200
28	201
28	202
29	64
29	75
29	77
29	83
29	87
29	89
29	93
29	94
29	95
29	96
29	97
29	98
29	99
29	101
29	102
29	106
29	107
29	108
29	111
29	112
29	113
29	117
29	119
29	120
29	121
29	122
29	123
29	125
29	128
29	137
29	146
29	153
29	154
29	155
29	156
29	157
29	158
29	159
29	160
29	161
29	162
29	163
29	164
29	165
29	166
29	167
29	168
29	169
29	170
29	171
29	172
29	173
29	174
29	175
29	176
29	177
29	178
29	179
29	180
29	181
29	182
29	183
29	184
29	185
29	186
29	187
29	188
29	189
29	190
29	191
29	192
29	193
29	194
29	195
29	196
29	197
29	198
29	199
29	200
29	201
29	202
30	64
30	75
30	77
30	83
30	87
30	89
30	94
30	96
30	97
30	98
30	100
30	101
30	102
30	106
30	107
30	108
30	110
30	111
30	112
30	113
30	117
30	118
30	119
30	120
30	121
30	122
30	123
30	125
30	127
30	128
30	130
30	131
30	133
30	137
30	138
30	139
30	140
30	141
30	142
30	143
30	144
30	145
30	146
30	147
30	148
30	150
30	151
30	152
30	153
30	154
30	155
30	156
30	157
30	158
30	159
30	160
30	161
30	162
30	163
30	164
30	165
30	166
30	167
30	168
30	169
30	170
30	171
30	172
30	173
30	174
30	175
30	176
30	177
30	178
30	179
30	180
30	181
30	182
30	183
30	184
30	185
30	186
30	187
30	188
30	189
30	190
30	191
30	192
30	193
30	194
30	195
30	196
30	197
30	198
30	199
30	200
30	201
30	202
31	77
31	87
31	89
31	96
31	97
31	102
31	108
31	119
31	120
31	146
31	153
31	155
31	157
31	158
31	161
31	162
31	163
31	164
31	165
31	166
31	167
31	168
31	169
31	170
31	171
31	172
31	173
31	174
31	175
31	176
31	177
31	178
31	179
31	180
31	181
31	182
31	183
31	184
31	185
31	186
31	187
31	188
31	189
31	190
31	191
31	192
31	193
31	194
31	195
31	196
31	197
31	198
31	199
31	200
31	201
31	202
32	87
32	94
32	96
32	97
32	98
32	100
32	101
32	102
32	106
32	107
32	108
32	110
32	111
32	112
32	113
32	117
32	118
32	119
32	120
32	121
32	122
32	123
32	125
32	127
32	128
32	130
32	131
32	133
32	137
32	138
32	139
32	140
32	141
32	142
32	144
32	145
32	146
32	147
32	148
32	150
32	151
32	152
32	153
32	154
32	155
32	156
32	157
32	158
32	159
32	160
32	161
32	162
32	163
32	164
32	165
32	166
32	167
32	168
32	169
32	170
32	171
32	172
32	173
32	174
32	175
32	176
32	177
32	178
32	179
32	180
32	181
32	182
32	183
32	184
32	185
32	186
32	187
32	188
32	189
32	190
32	191
32	192
32	193
32	194
32	195
32	196
32	197
32	198
32	199
32	200
32	201
32	202
33	87
33	96
33	97
33	100
33	101
33	102
33	108
33	119
33	120
33	131
33	133
33	138
33	139
33	140
33	141
33	142
33	145
33	146
33	147
33	148
33	150
33	152
33	153
33	155
33	157
33	158
33	161
33	162
33	163
33	164
33	165
33	166
33	167
33	168
33	169
33	170
33	171
33	172
33	173
33	174
33	175
33	176
33	177
33	178
33	179
33	180
33	181
33	182
33	183
33	184
33	185
33	186
33	187
33	188
33	189
33	190
33	191
33	192
33	193
33	194
33	195
33	196
33	197
33	198
33	199
33	200
33	201
33	202
34	87
34	97
34	101
34	102
34	106
34	107
34	108
34	117
34	119
34	120
34	121
34	122
34	123
34	125
34	128
34	137
34	146
34	153
34	154
34	155
34	156
34	157
34	158
34	159
34	160
34	161
34	162
34	163
34	164
34	165
34	166
34	167
34	168
34	169
34	170
34	171
34	172
34	173
34	174
34	175
34	176
34	177
34	178
34	179
34	180
34	181
34	182
34	183
34	184
34	185
34	186
34	187
34	188
34	189
34	190
34	191
34	192
34	193
34	194
34	195
34	196
34	197
34	198
34	199
34	200
34	201
34	202
35	87
35	94
35	96
35	97
35	98
35	100
35	101
35	102
35	106
35	107
35	108
35	110
35	111
35	112
35	113
35	117
35	118
35	119
35	120
35	121
35	122
35	123
35	125
35	127
35	128
35	130
35	131
35	133
35	137
35	138
35	139
35	140
35	141
35	142
35	144
35	145
35	146
35	147
35	148
35	150
35	151
35	152
35	153
35	154
35	155
35	156
35	157
35	158
35	159
35	160
35	161
35	162
35	163
35	164
35	165
35	166
35	167
35	168
35	169
35	170
35	171
35	172
35	173
35	174
35	175
35	176
35	177
35	178
35	179
35	180
35	181
35	182
35	183
35	184
35	185
35	186
35	187
35	188
35	189
35	190
35	191
35	192
35	193
35	194
35	195
35	196
35	197
35	198
35	199
35	200
35	201
35	202
36	87
36	97
36	101
36	102
36	106
36	107
36	108
36	110
36	117
36	118
36	119
36	120
36	121
36	122
36	123
36	125
36	127
36	128
36	130
36	131
36	133
36	137
36	138
36	139
36	140
36	141
36	142
36	144
36	145
36	146
36	147
36	148
36	149
36	150
36	151
36	152
36	153
36	154
36	155
36	156
36	157
36	158
36	159
36	160
36	161
36	162
36	163
36	164
36	165
36	166
36	167
36	168
36	169
36	170
36	171
36	172
36	173
36	174
36	175
36	176
36	177
36	178
36	179
36	180
36	181
36	182
36	183
36	184
36	185
36	186
36	187
36	188
36	189
36	190
36	191
36	192
36	193
36	194
36	195
36	196
36	197
36	198
36	199
36	200
36	201
36	202
37	64
37	75
37	77
37	83
37	87
37	89
37	94
37	96
37	97
37	98
37	100
37	101
37	102
37	106
37	107
37	108
37	110
37	111
37	112
37	113
37	117
37	118
37	119
37	120
37	121
37	122
37	123
37	125
37	127
37	128
37	130
37	131
37	133
37	137
37	138
37	139
37	140
37	141
37	142
37	143
37	144
37	145
37	146
37	147
37	148
37	150
37	151
37	152
37	153
37	154
37	155
37	156
37	157
37	158
37	159
37	160
37	161
37	162
37	163
37	164
37	165
37	166
37	167
37	168
37	169
37	170
37	171
37	172
37	173
37	174
37	175
37	176
37	177
37	178
37	179
37	180
37	181
37	182
37	183
37	184
37	185
37	186
37	187
37	188
37	189
37	190
37	191
37	192
37	193
37	194
37	195
37	196
37	197
37	198
37	199
37	200
37	201
37	202
38	64
38	72
38	75
38	77
38	79
38	82
38	83
38	87
38	89
38	94
38	96
38	97
38	98
38	100
38	101
38	102
38	106
38	107
38	108
38	110
38	111
38	112
38	113
38	117
38	118
38	119
38	120
38	121
38	122
38	123
38	125
38	127
38	128
38	130
38	131
38	133
38	137
38	138
38	139
38	140
38	141
38	142
38	143
38	144
38	145
38	146
38	147
38	148
38	150
38	151
38	152
38	153
38	154
38	155
38	156
38	157
38	158
38	159
38	160
38	161
38	162
38	163
38	164
38	165
38	166
38	167
38	168
38	169
38	170
38	171
38	172
38	173
38	174
38	175
38	176
38	177
38	178
38	179
38	180
38	181
38	182
38	183
38	184
38	185
38	186
38	187
38	188
38	189
38	190
38	191
38	192
38	193
38	194
38	195
38	196
38	197
38	198
38	199
38	200
38	201
38	202
39	87
39	97
39	169
39	172
39	173
39	174
39	175
39	176
39	177
39	178
39	179
39	180
39	182
39	183
39	184
39	185
39	186
39	187
39	188
39	189
39	190
39	191
39	192
39	193
39	194
39	195
39	196
39	197
39	198
39	199
39	200
39	201
39	202
40	77
40	87
40	89
40	94
40	96
40	97
40	98
40	100
40	101
40	102
40	106
40	107
40	108
40	110
40	111
40	112
40	113
40	117
40	118
40	119
40	120
40	121
40	122
40	123
40	125
40	126
40	127
40	128
40	130
40	131
40	133
40	137
40	138
40	139
40	140
40	141
40	142
40	143
40	144
40	145
40	146
40	147
40	148
40	150
40	151
40	152
40	153
40	154
40	155
40	156
40	157
40	158
40	159
40	160
40	161
40	162
40	163
40	164
40	165
40	166
40	167
40	168
40	169
40	170
40	171
40	172
40	173
40	174
40	175
40	176
40	177
40	178
40	179
40	180
40	181
40	182
40	183
40	184
40	185
40	186
40	187
40	188
40	189
40	190
40	191
40	192
40	193
40	194
40	195
40	196
40	197
40	198
40	199
40	200
40	201
40	202
41	87
41	97
41	101
41	102
41	106
41	107
41	108
41	110
41	117
41	118
41	119
41	120
41	121
41	122
41	123
41	125
41	126
41	127
41	128
41	130
41	131
41	133
41	137
41	138
41	139
41	140
41	141
41	142
41	144
41	145
41	146
41	147
41	148
41	150
41	151
41	152
41	153
41	154
41	155
41	156
41	157
41	158
41	159
41	160
41	161
41	162
41	163
41	164
41	165
41	166
41	167
41	168
41	169
41	170
41	171
41	172
41	173
41	174
41	175
41	176
41	177
41	178
41	179
41	180
41	181
41	182
41	183
41	184
41	185
41	186
41	187
41	188
41	189
41	190
41	191
41	192
41	193
41	194
41	195
41	196
41	197
41	198
41	199
41	200
41	201
41	202
42	87
42	97
42	101
42	102
42	106
42	107
42	108
42	117
42	119
42	120
42	121
42	122
42	123
42	125
42	128
42	137
42	146
42	153
42	154
42	155
42	156
42	157
42	158
42	159
42	160
42	161
42	162
42	163
42	164
42	165
42	166
42	167
42	168
42	169
42	170
42	171
42	172
42	173
42	174
42	175
42	176
42	177
42	178
42	179
42	180
42	181
42	182
42	183
42	184
42	185
42	186
42	187
42	188
42	189
42	190
42	191
42	192
42	193
42	194
42	195
42	196
42	197
42	198
42	199
42	200
42	201
42	202
43	64
43	65
43	72
43	75
43	76
43	77
43	83
43	87
43	89
43	93
43	94
43	95
43	96
43	97
43	98
43	99
43	100
43	101
43	102
43	106
43	107
43	108
43	109
43	110
43	111
43	112
43	113
43	114
43	115
43	117
43	118
43	119
43	120
43	121
43	122
43	123
43	124
43	125
43	126
43	127
43	128
43	129
43	130
43	131
43	132
43	133
43	137
43	138
43	139
43	140
43	141
43	142
43	143
43	144
43	145
43	146
43	147
43	148
43	149
43	150
43	151
43	152
43	153
43	154
43	155
43	156
43	157
43	158
43	159
43	160
43	161
43	162
43	163
43	164
43	165
43	166
43	167
43	168
43	169
43	170
43	171
43	172
43	173
43	174
43	175
43	176
43	177
43	178
43	179
43	180
43	181
43	182
43	183
43	184
43	185
43	186
43	187
43	188
43	189
43	190
43	191
43	192
43	193
43	194
43	195
43	196
43	197
43	198
43	199
43	200
43	201
43	202
44	87
44	97
44	101
44	102
44	106
44	107
44	108
44	117
44	119
44	120
44	121
44	122
44	123
44	125
44	128
44	137
44	146
44	153
44	154
44	155
44	156
44	157
44	158
44	159
44	160
44	161
44	162
44	163
44	164
44	165
44	166
44	167
44	168
44	169
44	170
44	171
44	172
44	173
44	174
44	175
44	176
44	177
44	178
44	179
44	180
44	181
44	182
44	183
44	184
44	185
44	186
44	187
44	188
44	189
44	190
44	191
44	192
44	193
44	194
44	195
44	196
44	197
44	198
44	199
44	200
44	201
44	202
45	87
45	97
45	101
45	102
45	106
45	107
45	108
45	110
45	117
45	118
45	119
45	120
45	121
45	122
45	123
45	125
45	126
45	127
45	128
45	130
45	131
45	133
45	137
45	138
45	139
45	140
45	141
45	142
45	144
45	145
45	146
45	147
45	148
45	149
45	150
45	151
45	152
45	153
45	154
45	155
45	156
45	157
45	158
45	159
45	160
45	161
45	162
45	163
45	164
45	165
45	166
45	167
45	168
45	169
45	170
45	171
45	172
45	173
45	174
45	175
45	176
45	177
45	178
45	179
45	180
45	181
45	182
45	183
45	184
45	185
45	186
45	187
45	188
45	189
45	190
45	191
45	192
45	193
45	194
45	195
45	196
45	197
45	198
45	199
45	200
45	201
45	202
46	87
46	97
46	101
46	102
46	106
46	107
46	108
46	110
46	117
46	118
46	119
46	120
46	121
46	122
46	123
46	125
46	126
46	127
46	128
46	130
46	131
46	133
46	137
46	138
46	139
46	140
46	141
46	142
46	144
46	145
46	146
46	147
46	148
46	150
46	151
46	152
46	153
46	154
46	155
46	156
46	157
46	158
46	159
46	160
46	161
46	162
46	163
46	164
46	165
46	166
46	167
46	168
46	169
46	170
46	171
46	172
46	173
46	174
46	175
46	176
46	177
46	178
46	179
46	180
46	181
46	182
46	183
46	184
46	185
46	186
46	187
46	188
46	189
46	190
46	191
46	192
46	193
46	194
46	195
46	196
46	197
46	198
46	199
46	200
46	201
46	202
47	87
47	97
47	101
47	102
47	106
47	107
47	108
47	117
47	119
47	120
47	121
47	122
47	123
47	125
47	128
47	137
47	146
47	153
47	154
47	155
47	156
47	157
47	158
47	159
47	160
47	161
47	162
47	163
47	164
47	165
47	166
47	167
47	168
47	169
47	170
47	171
47	172
47	173
47	174
47	175
47	176
47	177
47	178
47	179
47	180
47	181
47	182
47	183
47	184
47	185
47	186
47	187
47	188
47	189
47	190
47	191
47	192
47	193
47	194
47	195
47	196
47	197
47	198
47	199
47	200
47	201
47	202
48	87
48	97
48	119
48	120
48	146
48	155
48	157
48	158
48	162
48	163
48	164
48	165
48	166
48	167
48	168
48	169
48	170
48	171
48	172
48	173
48	174
48	175
48	176
48	177
48	178
48	179
48	180
48	181
48	182
48	183
48	184
48	185
48	186
48	187
48	188
48	189
48	190
48	191
48	192
48	193
48	194
48	195
48	196
48	197
48	198
48	199
48	200
48	201
48	202
49	87
49	97
49	102
49	169
49	172
49	173
49	174
49	175
49	176
49	177
49	178
49	179
49	180
49	181
49	182
49	183
49	184
49	185
49	186
49	187
49	188
49	189
49	190
49	191
49	192
49	193
49	194
49	195
49	196
49	197
49	198
49	199
49	200
49	201
49	202
50	87
50	97
50	108
50	157
50	161
50	162
50	163
50	164
50	165
50	166
50	167
50	168
50	169
50	170
50	171
50	172
50	173
50	174
50	175
50	176
50	177
50	178
50	179
50	180
50	181
50	182
50	183
50	184
50	185
50	186
50	187
50	188
50	189
50	190
50	191
50	192
50	193
50	194
50	195
50	196
50	197
50	198
50	199
50	200
50	201
50	202
51	87
51	97
51	101
51	102
51	117
51	119
51	120
51	121
51	125
51	127
51	128
51	130
51	131
51	133
51	137
51	138
51	139
51	140
51	141
51	142
51	145
51	146
51	147
51	148
51	150
51	151
51	152
51	153
51	154
51	155
51	156
51	157
51	158
51	159
51	160
51	161
51	162
51	163
51	164
51	165
51	166
51	167
51	168
51	169
51	170
51	171
51	172
51	173
51	174
51	175
51	176
51	177
51	178
51	179
51	180
51	181
51	182
51	183
51	184
51	185
51	186
51	187
51	188
51	189
51	190
51	191
51	192
51	193
51	194
51	195
51	196
51	197
51	198
51	199
51	200
51	201
51	202
52	77
52	87
52	89
52	93
52	94
52	96
52	97
52	98
52	100
52	102
52	108
52	110
52	111
52	112
52	113
52	117
52	118
52	119
52	120
52	121
52	122
52	123
52	125
52	127
52	128
52	133
52	137
52	138
52	139
52	140
52	141
52	142
52	143
52	144
52	145
52	146
52	147
52	148
52	149
52	150
52	153
52	154
52	155
52	156
52	157
52	158
52	159
52	160
52	161
52	162
52	163
52	164
52	165
52	166
52	167
52	168
52	169
52	170
52	171
52	172
52	173
52	174
52	175
52	176
52	177
52	178
52	179
52	180
52	181
52	182
52	183
52	184
52	185
52	186
52	187
52	188
52	189
52	190
52	191
52	192
52	193
52	194
52	195
52	196
52	197
52	198
52	199
52	200
52	201
52	202
53	87
53	97
53	102
53	108
53	119
53	120
53	146
53	153
53	155
53	157
53	158
53	161
53	162
53	163
53	164
53	165
53	166
53	167
53	168
53	169
53	170
53	171
53	172
53	173
53	174
53	175
53	176
53	177
53	178
53	179
53	180
53	181
53	182
53	183
53	184
53	185
53	186
53	187
53	188
53	189
53	190
53	191
53	192
53	193
53	194
53	195
53	196
53	197
53	198
53	199
53	200
53	201
53	202
54	87
54	97
54	102
54	119
54	120
54	155
54	157
54	158
54	161
54	162
54	163
54	164
54	165
54	166
54	167
54	168
54	169
54	170
54	171
54	172
54	173
54	174
54	175
54	176
54	177
54	178
54	179
54	180
54	181
54	182
54	183
54	184
54	185
54	186
54	187
54	188
54	189
54	190
54	191
54	192
54	193
54	194
54	195
54	196
54	197
54	198
54	199
54	200
54	201
54	202
55	87
55	97
55	102
55	119
55	120
55	153
55	155
55	157
55	158
55	161
55	162
55	163
55	164
55	165
55	166
55	167
55	168
55	169
55	170
55	171
55	172
55	173
55	174
55	175
55	176
55	177
55	178
55	179
55	180
55	181
55	182
55	183
55	184
55	185
55	186
55	187
55	188
55	189
55	190
55	191
55	192
55	193
55	194
55	195
55	196
55	197
55	198
55	199
55	200
55	201
55	202
56	87
56	97
56	102
56	119
56	120
56	153
56	155
56	157
56	158
56	161
56	162
56	163
56	164
56	165
56	166
56	167
56	168
56	169
56	170
56	171
56	172
56	173
56	174
56	175
56	176
56	177
56	178
56	179
56	180
56	181
56	182
56	183
56	184
56	185
56	186
56	187
56	188
56	189
56	190
56	191
56	192
56	193
56	194
56	195
56	196
56	197
56	198
56	199
56	200
56	201
56	202
57	64
57	75
57	77
57	83
57	87
57	89
57	94
57	96
57	97
57	98
57	100
57	101
57	102
57	106
57	107
57	108
57	110
57	111
57	112
57	113
57	117
57	118
57	119
57	120
57	121
57	122
57	123
57	125
57	126
57	127
57	128
57	130
57	131
57	133
57	137
57	138
57	139
57	140
57	141
57	142
57	143
57	144
57	145
57	146
57	147
57	148
57	150
57	151
57	152
57	153
57	154
57	155
57	156
57	157
57	158
57	159
57	160
57	161
57	162
57	163
57	164
57	165
57	166
57	167
57	168
57	169
57	170
57	171
57	172
57	173
57	174
57	175
57	176
57	177
57	178
57	179
57	180
57	181
57	182
57	183
57	184
57	185
57	186
57	187
57	188
57	189
57	190
57	191
57	192
57	193
57	194
57	195
57	196
57	197
57	198
57	199
57	200
57	201
57	202
58	87
58	97
58	101
58	102
58	117
58	119
58	120
58	121
58	125
58	128
58	137
58	146
58	153
58	154
58	155
58	156
58	157
58	158
58	159
58	160
58	161
58	162
58	163
58	164
58	165
58	166
58	167
58	168
58	169
58	170
58	171
58	172
58	173
58	174
58	175
58	176
58	177
58	178
58	179
58	180
58	181
58	182
58	183
58	184
58	185
58	186
58	187
58	188
58	189
58	190
58	191
58	192
58	193
58	194
58	195
58	196
58	197
58	198
58	199
58	200
58	201
58	202
59	87
59	97
59	102
59	119
59	120
59	153
59	155
59	157
59	158
59	161
59	162
59	163
59	164
59	165
59	166
59	167
59	168
59	169
59	170
59	171
59	172
59	173
59	174
59	175
59	176
59	177
59	178
59	179
59	180
59	181
59	182
59	183
59	184
59	185
59	186
59	187
59	188
59	189
59	190
59	191
59	192
59	193
59	194
59	195
59	196
59	197
59	198
59	199
59	200
59	201
59	202
60	87
60	97
60	108
60	157
60	161
60	162
60	163
60	164
60	165
60	166
60	167
60	168
60	169
60	170
60	171
60	172
60	173
60	174
60	175
60	176
60	177
60	178
60	179
60	180
60	181
60	182
60	183
60	184
60	185
60	186
60	187
60	188
60	189
60	190
60	191
60	192
60	193
60	194
60	195
60	196
60	197
60	198
60	199
60	200
60	201
60	202
61	87
61	97
61	169
61	172
61	173
61	174
61	175
61	176
61	177
61	178
61	179
61	180
61	181
61	182
61	183
61	184
61	185
61	186
61	187
61	188
61	189
61	190
61	191
61	192
61	193
61	194
61	195
61	196
61	197
61	198
61	199
61	200
61	201
61	202
62	87
62	97
62	108
62	157
62	161
62	162
62	163
62	164
62	165
62	166
62	167
62	168
62	169
62	170
62	171
62	172
62	173
62	174
62	175
62	176
62	177
62	178
62	179
62	180
62	181
62	182
62	183
62	184
62	185
62	186
62	187
62	188
62	189
62	190
62	191
62	192
62	193
62	194
62	195
62	196
62	197
62	198
62	199
62	200
62	201
62	202
63	87
63	97
63	120
63	146
63	153
63	155
63	157
63	158
63	161
63	162
63	163
63	164
63	165
63	166
63	167
63	168
63	169
63	170
63	171
63	172
63	173
63	174
63	175
63	176
63	177
63	178
63	179
63	180
63	181
63	182
63	183
63	184
63	185
63	186
63	187
63	188
63	189
63	190
63	191
63	192
63	193
63	194
63	195
63	196
63	197
63	198
63	199
63	200
63	201
63	202
64	87
64	97
64	101
64	102
64	156
64	157
64	158
64	159
64	160
64	161
64	162
64	169
64	172
64	173
64	174
64	175
64	176
64	177
64	178
64	179
64	180
64	181
64	182
64	183
64	184
64	185
64	186
64	187
64	188
64	189
64	190
64	191
64	192
64	193
64	194
64	195
64	196
64	197
64	198
64	199
64	200
64	201
64	202
65	87
65	97
65	101
65	102
65	116
65	117
65	119
65	120
65	127
65	128
65	131
65	134
65	137
65	145
65	146
65	147
65	154
65	155
65	156
65	157
65	158
65	159
65	160
65	161
65	162
65	163
65	164
65	165
65	166
65	167
65	168
65	169
65	170
65	171
65	172
65	173
65	174
65	175
65	176
65	177
65	178
65	179
65	180
65	181
65	182
65	183
65	184
65	185
65	186
65	187
65	188
65	189
65	190
65	191
65	192
65	193
65	194
65	195
65	196
65	197
65	198
65	199
65	200
65	201
65	202
66	87
66	97
66	179
66	180
66	182
66	183
66	184
66	185
66	186
66	187
66	188
66	189
66	190
66	191
66	192
66	193
66	194
66	195
66	196
66	197
66	198
66	199
66	200
66	201
66	202
67	87
67	97
67	169
67	173
67	174
67	175
67	176
67	177
67	178
67	179
67	180
67	182
67	183
67	184
67	185
67	186
67	187
67	188
67	189
67	190
67	191
67	192
67	193
67	194
67	195
67	196
67	197
67	198
67	199
67	200
67	201
67	202
68	87
68	97
68	169
68	172
68	173
68	174
68	175
68	176
68	177
68	178
68	179
68	180
68	181
68	182
68	183
68	184
68	185
68	186
68	187
68	188
68	189
68	190
68	191
68	192
68	193
68	194
68	195
68	196
68	197
68	198
68	199
68	200
68	201
68	202
69	87
69	97
69	169
69	172
69	173
69	174
69	175
69	176
69	177
69	178
69	179
69	180
69	181
69	182
69	183
69	184
69	185
69	186
69	187
69	188
69	189
69	190
69	191
69	192
69	193
69	194
69	195
69	196
69	197
69	198
69	199
69	200
69	201
69	202
70	87
70	97
70	101
70	102
70	117
70	119
70	120
70	128
70	137
70	146
70	154
70	155
70	156
70	157
70	158
70	159
70	160
70	161
70	162
70	163
70	164
70	165
70	166
70	167
70	168
70	169
70	170
70	171
70	172
70	173
70	174
70	175
70	176
70	177
70	178
70	179
70	180
70	181
70	182
70	183
70	184
70	185
70	186
70	187
70	188
70	189
70	190
70	191
70	192
70	193
70	194
70	195
70	196
70	197
70	198
70	199
70	200
70	201
70	202
71	87
71	97
71	101
71	102
71	117
71	119
71	120
71	121
71	125
71	126
71	127
71	128
71	130
71	131
71	133
71	137
71	138
71	139
71	140
71	141
71	142
71	145
71	146
71	147
71	148
71	150
71	151
71	152
71	153
71	154
71	155
71	156
71	157
71	158
71	159
71	160
71	161
71	162
71	163
71	164
71	165
71	166
71	167
71	168
71	169
71	170
71	171
71	172
71	173
71	174
71	175
71	176
71	177
71	178
71	179
71	180
71	181
71	182
71	183
71	184
71	185
71	186
71	187
71	188
71	189
71	190
71	191
71	192
71	193
71	194
71	195
71	196
71	197
71	198
71	199
71	200
71	201
71	202
72	87
72	89
72	91
72	93
72	94
72	96
72	97
72	98
72	100
72	101
72	102
72	106
72	107
72	108
72	109
72	110
72	111
72	112
72	113
72	114
72	115
72	117
72	118
72	119
72	120
72	121
72	122
72	123
72	124
72	125
72	126
72	127
72	128
72	129
72	130
72	131
72	132
72	133
72	137
72	138
72	139
72	140
72	141
72	142
72	144
72	145
72	146
72	147
72	148
72	149
72	150
72	151
72	152
72	153
72	154
72	155
72	156
72	157
72	158
72	159
72	160
72	161
72	162
72	163
72	164
72	165
72	166
72	167
72	168
72	169
72	170
72	171
72	172
72	173
72	174
72	175
72	176
72	177
72	178
72	179
72	180
72	181
72	182
72	183
72	184
72	185
72	186
72	187
72	188
72	189
72	190
72	191
72	192
72	193
72	194
72	195
72	196
72	197
72	198
72	199
72	200
72	201
72	202
73	87
73	97
73	119
73	157
73	162
73	163
73	164
73	165
73	166
73	167
73	168
73	169
73	170
73	171
73	172
73	173
73	174
73	175
73	176
73	177
73	178
73	179
73	180
73	181
73	182
73	183
73	184
73	185
73	186
73	187
73	188
73	189
73	190
73	191
73	192
73	193
73	194
73	195
73	196
73	197
73	198
73	199
73	200
73	201
73	202
74	87
74	97
74	169
74	172
74	173
74	174
74	175
74	176
74	177
74	178
74	179
74	180
74	181
74	182
74	183
74	184
74	185
74	186
74	187
74	188
74	189
74	190
74	191
74	192
74	193
74	194
74	195
74	196
74	197
74	198
74	199
74	200
74	201
74	202
75	87
75	97
75	101
75	102
75	156
75	157
75	158
75	159
75	160
75	161
75	162
75	169
75	172
75	173
75	174
75	175
75	176
75	177
75	178
75	179
75	180
75	181
75	182
75	183
75	184
75	185
75	186
75	187
75	188
75	189
75	190
75	191
75	192
75	193
75	194
75	195
75	196
75	197
75	198
75	199
75	200
75	201
75	202
76	87
76	97
76	101
76	102
76	156
76	157
76	158
76	159
76	160
76	161
76	162
76	169
76	172
76	173
76	174
76	175
76	176
76	177
76	178
76	179
76	180
76	181
76	182
76	183
76	184
76	185
76	186
76	187
76	188
76	189
76	190
76	191
76	192
76	193
76	194
76	195
76	196
76	197
76	198
76	199
76	200
76	201
76	202
77	87
77	97
77	101
77	102
77	156
77	157
77	158
77	159
77	160
77	161
77	162
77	169
77	172
77	173
77	174
77	175
77	176
77	177
77	178
77	179
77	180
77	181
77	182
77	183
77	184
77	185
77	186
77	187
77	188
77	189
77	190
77	191
77	192
77	193
77	194
77	195
77	196
77	197
77	198
77	199
77	200
77	201
77	202
78	87
78	97
78	162
78	179
78	180
78	182
78	183
78	184
78	185
78	186
78	187
78	188
78	189
78	190
78	191
78	192
78	193
78	194
78	195
78	196
78	197
78	198
78	199
78	200
78	201
78	202
79	87
79	97
79	119
79	120
79	131
79	145
79	146
79	147
79	155
79	157
79	158
79	162
79	163
79	164
79	165
79	166
79	167
79	168
79	169
79	170
79	171
79	172
79	173
79	174
79	175
79	176
79	177
79	178
79	179
79	180
79	181
79	182
79	183
79	184
79	185
79	186
79	187
79	188
79	189
79	190
79	191
79	192
79	193
79	194
79	195
79	196
79	197
79	198
79	199
79	200
79	201
79	202
80	87
80	97
80	169
80	172
80	173
80	174
80	175
80	176
80	177
80	178
80	179
80	180
80	181
80	182
80	183
80	184
80	185
80	186
80	187
80	188
80	189
80	190
80	191
80	192
80	193
80	194
80	195
80	196
80	197
80	198
80	199
80	200
80	201
80	202
81	87
81	97
81	179
81	180
81	182
81	183
81	184
81	185
81	186
81	187
81	188
81	189
81	190
81	191
81	192
81	193
81	194
81	195
81	196
81	197
81	198
81	199
81	200
81	201
81	202
82	87
82	97
82	169
82	172
82	173
82	174
82	175
82	176
82	177
82	178
82	179
82	180
82	181
82	182
82	183
82	184
82	185
82	186
82	187
82	188
82	189
82	190
82	191
82	192
82	193
82	194
82	195
82	196
82	197
82	198
82	199
82	200
82	201
82	202
83	87
83	97
83	169
83	172
83	173
83	174
83	175
83	176
83	177
83	178
83	179
83	180
83	181
83	182
83	183
83	184
83	185
83	186
83	187
83	188
83	189
83	190
83	191
83	192
83	193
83	194
83	195
83	196
83	197
83	198
83	199
83	200
83	201
83	202
84	87
84	97
84	157
84	162
84	169
84	172
84	173
84	174
84	175
84	176
84	177
84	178
84	179
84	180
84	181
84	182
84	183
84	184
84	185
84	186
84	187
84	188
84	189
84	190
84	191
84	192
84	193
84	194
84	195
84	196
84	197
84	198
84	199
84	200
84	201
84	202
85	87
85	97
85	169
85	173
85	174
85	175
85	176
85	177
85	178
85	179
85	180
85	181
85	182
85	183
85	184
85	185
85	186
85	187
85	188
85	189
85	190
85	191
85	192
85	193
85	194
85	195
85	196
85	197
85	198
85	199
85	200
85	201
85	202
86	87
86	97
86	169
86	172
86	173
86	174
86	175
86	176
86	177
86	178
86	179
86	180
86	181
86	182
86	183
86	184
86	185
86	186
86	187
86	188
86	189
86	190
86	191
86	192
86	193
86	194
86	195
86	196
86	197
86	198
86	199
86	200
86	201
86	202
87	88
87	89
87	90
87	91
87	92
87	93
87	94
87	95
87	96
87	97
87	98
87	99
87	100
87	101
87	102
87	103
87	104
87	105
87	106
87	107
87	108
87	109
87	110
87	111
87	112
87	113
87	114
87	115
87	116
87	117
87	118
87	119
87	120
87	121
87	122
87	123
87	124
87	125
87	126
87	127
87	128
87	129
87	130
87	131
87	132
87	133
87	134
87	135
87	136
87	137
87	138
87	139
87	140
87	141
87	142
87	143
87	144
87	145
87	146
87	147
87	148
87	149
87	150
87	151
87	152
87	153
87	154
87	155
87	156
87	157
87	158
87	159
87	160
87	161
87	162
87	163
87	164
87	165
87	166
87	167
87	168
87	169
87	170
87	171
87	172
87	173
87	174
87	175
87	176
87	177
87	178
87	179
87	180
87	181
87	182
87	183
87	184
87	185
87	186
87	187
87	188
87	189
87	190
87	191
87	192
87	193
87	194
87	195
87	196
87	197
87	198
87	199
87	200
87	201
87	202
88	97
88	158
88	161
88	162
88	169
88	172
88	173
88	174
88	175
88	176
88	177
88	178
88	179
88	180
88	182
88	183
88	184
88	185
88	186
88	187
88	188
88	189
88	190
88	191
88	192
88	193
88	194
88	195
88	196
88	197
88	198
88	199
88	200
88	201
88	202
89	97
89	101
89	102
89	116
89	117
89	119
89	120
89	121
89	125
89	126
89	127
89	128
89	131
89	132
89	133
89	134
89	137
89	148
89	151
89	153
89	154
89	155
89	156
89	157
89	158
89	159
89	160
89	161
89	162
89	163
89	164
89	165
89	166
89	167
89	168
89	169
89	170
89	171
89	172
89	173
89	174
89	175
89	176
89	177
89	178
89	179
89	180
89	181
89	182
89	183
89	184
89	185
89	186
89	187
89	188
89	189
89	190
89	191
89	192
89	193
89	194
89	195
89	196
89	197
89	198
89	199
89	200
89	201
89	202
90	97
90	162
90	163
90	164
90	165
90	166
90	167
90	168
90	169
90	170
90	171
90	172
90	173
90	174
90	175
90	176
90	177
90	178
90	179
90	180
90	182
90	183
90	184
90	185
90	186
90	187
90	188
90	189
90	190
90	191
90	192
90	193
90	194
90	195
90	196
90	197
90	198
90	199
90	200
90	201
90	202
91	97
91	119
91	131
91	134
91	145
91	146
91	157
91	162
91	163
91	164
91	165
91	166
91	167
91	168
91	169
91	170
91	171
91	172
91	173
91	174
91	175
91	176
91	177
91	178
91	179
91	180
91	181
91	182
91	183
91	184
91	185
91	186
91	187
91	188
91	189
91	190
91	191
91	192
91	193
91	194
91	195
91	196
91	197
91	198
91	199
91	200
91	201
91	202
92	97
92	169
92	173
92	174
92	175
92	176
92	177
92	178
92	179
92	180
92	181
92	182
92	183
92	184
92	185
92	186
92	187
92	188
92	189
92	190
92	191
92	192
92	193
92	194
92	195
92	196
92	197
92	198
92	199
92	200
92	201
92	202
93	97
93	179
93	180
93	181
93	182
93	183
93	184
93	185
93	186
93	187
93	188
93	189
93	190
93	191
93	192
93	193
93	194
93	195
93	196
93	197
93	198
93	199
93	200
93	201
93	202
94	97
94	179
94	180
94	182
94	183
94	184
94	185
94	186
94	187
94	188
94	189
94	190
94	191
94	192
94	193
94	194
94	195
94	196
94	197
94	198
94	199
94	200
94	201
94	202
95	97
95	146
95	157
95	162
95	169
95	172
95	173
95	174
95	175
95	176
95	177
95	178
95	179
95	180
95	181
95	182
95	183
95	184
95	185
95	186
95	187
95	188
95	189
95	190
95	191
95	192
95	193
95	194
95	195
95	196
95	197
95	198
95	199
95	200
95	201
95	202
96	97
96	179
96	180
96	182
96	183
96	184
96	185
96	186
96	187
96	188
96	189
96	190
96	191
96	192
96	193
96	194
96	195
96	196
96	197
96	198
96	199
96	200
96	201
96	202
97	98
97	99
97	100
97	101
97	102
97	103
97	104
97	105
97	106
97	107
97	108
97	109
97	110
97	111
97	112
97	113
97	114
97	115
97	116
97	117
97	118
97	119
97	120
97	121
97	122
97	123
97	124
97	125
97	126
97	127
97	128
97	129
97	130
97	131
97	132
97	133
97	134
97	135
97	136
97	137
97	138
97	139
97	140
97	141
97	142
97	143
97	144
97	145
97	146
97	147
97	148
97	149
97	150
97	151
97	152
97	153
97	154
97	155
97	156
97	157
97	158
97	159
97	160
97	161
97	162
97	163
97	164
97	165
97	166
97	167
97	168
97	169
97	170
97	171
97	172
97	173
97	174
97	175
97	176
97	177
97	178
97	179
97	180
97	181
97	182
97	183
97	184
97	185
97	186
97	187
97	188
97	189
97	190
97	191
97	192
97	193
97	194
97	195
97	196
97	197
97	198
97	199
97	200
97	201
97	202
98	179
98	180
98	182
98	183
98	184
98	185
98	187
98	189
98	190
98	191
98	192
98	193
98	194
98	195
98	196
98	198
98	199
98	200
98	201
98	202
99	179
99	180
99	182
99	183
99	184
99	185
99	187
99	188
99	189
99	190
99	191
99	192
99	193
99	194
99	195
99	196
99	197
99	198
99	199
99	200
99	201
99	202
100	179
100	180
100	182
100	183
100	184
100	185
100	186
100	187
100	188
100	189
100	190
100	191
100	192
100	193
100	194
100	195
100	196
100	197
100	198
100	199
100	200
100	201
100	202
101	179
101	180
101	181
101	182
101	183
101	184
101	185
101	187
101	188
101	189
101	190
101	191
101	192
101	193
101	194
101	195
101	196
101	197
101	198
101	199
101	200
101	201
101	202
102	169
102	173
102	174
102	175
102	176
102	177
102	178
102	179
102	180
102	181
102	182
102	183
102	184
102	185
102	186
102	187
102	188
102	189
102	190
102	191
102	192
102	193
102	194
102	195
102	196
102	197
102	198
102	199
102	200
102	201
102	202
103	179
103	180
103	182
103	183
103	184
103	185
103	186
103	187
103	188
103	189
103	190
103	191
103	192
103	193
103	194
103	195
103	196
103	197
103	198
103	199
103	200
103	201
103	202
104	179
104	180
104	182
104	183
104	184
104	185
104	186
104	187
104	188
104	189
104	190
104	191
104	192
104	193
104	194
104	195
104	196
104	197
104	198
104	199
104	200
104	201
104	202
105	179
105	180
105	182
105	183
105	184
105	185
105	186
105	187
105	188
105	189
105	190
105	191
105	192
105	193
105	194
105	195
105	196
105	197
105	198
105	199
105	200
105	201
105	202
106	179
106	180
106	182
106	183
106	184
106	185
106	187
106	188
106	189
106	190
106	191
106	192
106	193
106	194
106	195
106	196
106	197
106	198
106	199
106	200
106	201
106	202
107	179
107	180
107	182
107	183
107	184
107	185
107	186
107	187
107	188
107	189
107	190
107	191
107	192
107	193
107	194
107	195
107	196
107	197
107	198
107	199
107	200
107	201
107	202
108	169
108	173
108	174
108	175
108	176
108	177
108	178
108	179
108	180
108	181
108	182
108	183
108	184
108	185
108	186
108	187
108	188
108	189
108	190
108	191
108	192
108	193
108	194
108	195
108	196
108	197
108	198
108	199
108	200
108	201
108	202
109	179
109	180
109	182
109	183
109	184
109	185
109	187
109	188
109	189
109	190
109	191
109	192
109	193
109	194
109	195
109	196
109	197
109	198
109	199
109	200
109	201
109	202
110	179
110	180
110	182
110	183
110	187
110	188
110	189
110	190
110	191
110	192
110	193
110	194
110	195
110	196
110	197
110	198
110	199
110	200
110	201
110	202
111	175
111	176
111	177
111	178
111	179
111	180
111	182
111	183
111	184
111	185
111	187
111	188
111	189
111	190
111	191
111	192
111	193
111	194
111	195
111	196
111	197
111	198
111	199
111	200
111	201
111	202
112	175
112	176
112	177
112	178
112	179
112	180
112	182
112	183
112	184
112	185
112	187
112	188
112	189
112	190
112	191
112	192
112	193
112	194
112	195
112	196
112	197
112	198
112	199
112	200
112	201
112	202
113	175
113	176
113	177
113	178
113	179
113	180
113	182
113	183
113	184
113	185
113	187
113	188
113	189
113	190
113	191
113	192
113	193
113	194
113	195
113	196
113	197
113	198
113	199
113	200
113	201
113	202
114	179
114	180
114	182
114	183
114	184
114	185
114	186
114	187
114	188
114	189
114	190
114	191
114	192
114	193
114	194
114	195
114	196
114	197
114	198
114	199
114	200
114	201
114	202
115	169
115	173
115	174
115	175
115	176
115	177
115	178
115	179
115	180
115	182
115	183
115	184
115	185
115	186
115	187
115	188
115	189
115	190
115	191
115	192
115	193
115	194
115	195
115	196
115	197
115	198
115	199
115	200
115	201
115	202
116	179
116	180
116	182
116	183
116	184
116	185
116	187
116	188
116	189
116	190
116	191
116	192
116	193
116	194
116	195
116	196
116	197
116	198
116	199
116	200
116	201
116	202
117	179
117	180
117	182
117	183
117	184
117	185
117	187
117	189
117	190
117	191
117	192
117	193
117	194
117	195
117	196
117	198
117	199
117	200
117	201
117	202
118	179
118	180
118	182
118	183
118	184
118	185
118	187
118	189
118	190
118	191
118	192
118	193
118	194
118	195
118	196
118	198
118	199
118	200
118	201
118	202
119	162
119	179
119	180
119	182
119	183
119	184
119	185
119	186
119	187
119	188
119	189
119	190
119	191
119	192
119	193
119	194
119	195
119	196
119	197
119	198
119	199
119	200
119	201
119	202
120	179
120	180
120	182
120	183
120	184
120	185
120	186
120	187
120	188
120	189
120	190
120	191
120	192
120	193
120	194
120	195
120	196
120	197
120	198
120	199
120	200
120	201
120	202
121	179
121	180
121	182
121	183
121	184
121	185
121	187
121	189
121	190
121	191
121	192
121	193
121	194
121	195
121	196
121	198
121	199
121	200
121	201
121	202
122	179
122	180
122	182
122	183
122	184
122	185
122	187
122	189
122	190
122	191
122	192
122	193
122	194
122	195
122	196
122	198
122	199
122	200
122	201
122	202
123	179
123	180
123	182
123	183
123	184
123	185
123	187
123	189
123	190
123	191
123	192
123	193
123	194
123	195
123	196
123	198
123	199
123	200
123	201
123	202
124	179
124	180
124	182
124	183
124	184
124	185
124	187
124	189
124	190
124	191
124	192
124	193
124	194
124	195
124	196
124	198
124	199
124	200
124	201
124	202
125	179
125	180
125	182
125	183
125	187
125	189
125	191
125	194
125	195
125	198
125	199
125	200
125	201
125	202
126	179
126	180
126	182
126	183
126	184
126	185
126	187
126	189
126	190
126	191
126	192
126	193
126	194
126	195
126	196
126	198
126	199
126	200
126	201
126	202
127	179
127	180
127	182
127	183
127	184
127	185
127	187
127	189
127	190
127	191
127	192
127	193
127	194
127	195
127	196
127	198
127	199
127	200
127	201
127	202
128	179
128	180
128	182
128	183
128	184
128	185
128	187
128	189
128	190
128	191
128	192
128	193
128	194
128	195
128	196
128	198
128	199
128	200
128	201
128	202
129	179
129	180
129	182
129	183
129	184
129	185
129	187
129	189
129	190
129	191
129	192
129	193
129	194
129	195
129	196
129	198
129	199
129	200
129	201
129	202
130	179
130	180
130	182
130	183
130	184
130	185
130	187
130	189
130	190
130	191
130	192
130	193
130	194
130	195
130	196
130	198
130	199
130	200
130	201
130	202
131	162
131	169
131	172
131	173
131	174
131	175
131	176
131	177
131	178
131	179
131	180
131	182
131	183
131	184
131	185
131	186
131	187
131	188
131	189
131	190
131	191
131	192
131	193
131	194
131	195
131	196
131	197
131	198
131	199
131	200
131	201
131	202
132	179
132	180
132	182
132	183
132	184
132	185
132	186
132	187
132	188
132	189
132	190
132	191
132	192
132	193
132	194
132	195
132	196
132	197
132	198
132	199
132	200
132	201
132	202
133	179
133	180
133	182
133	183
133	184
133	185
133	186
133	187
133	188
133	189
133	190
133	191
133	192
133	193
133	194
133	195
133	196
133	197
133	198
133	199
133	200
133	201
133	202
134	169
134	173
134	174
134	175
134	176
134	177
134	178
134	179
134	180
134	182
134	183
134	184
134	185
134	186
134	187
134	188
134	189
134	190
134	191
134	192
134	193
134	194
134	195
134	196
134	197
134	198
134	199
134	200
134	201
134	202
135	179
135	180
135	182
135	183
135	184
135	185
135	186
135	187
135	188
135	189
135	190
135	191
135	192
135	193
135	194
135	195
135	196
135	197
135	198
135	199
135	200
135	201
135	202
136	179
136	180
136	182
136	183
136	184
136	185
136	186
136	187
136	188
136	189
136	190
136	191
136	192
136	193
136	194
136	195
136	196
136	197
136	198
136	199
136	200
136	201
136	202
137	179
137	180
137	182
137	183
137	187
137	189
137	190
137	191
137	192
137	193
137	194
137	195
137	196
137	198
137	199
137	200
137	201
137	202
138	162
138	179
138	180
138	182
138	183
138	184
138	185
138	186
138	187
138	188
138	189
138	190
138	191
138	192
138	193
138	194
138	195
138	196
138	197
138	198
138	199
138	200
138	201
138	202
139	161
139	162
139	179
139	180
139	182
139	183
139	184
139	185
139	186
139	187
139	188
139	189
139	190
139	191
139	192
139	193
139	194
139	195
139	196
139	197
139	198
139	199
139	200
139	201
139	202
140	179
140	180
140	182
140	183
140	184
140	185
140	186
140	187
140	188
140	189
140	190
140	191
140	192
140	193
140	194
140	195
140	196
140	197
140	198
140	199
140	200
140	201
140	202
141	161
141	162
141	179
141	180
141	182
141	183
141	184
141	185
141	186
141	187
141	188
141	189
141	190
141	191
141	192
141	193
141	194
141	195
141	196
141	197
141	198
141	199
141	200
141	201
141	202
142	179
142	180
142	182
142	183
142	184
142	185
142	186
142	187
142	188
142	189
142	190
142	191
142	192
142	193
142	194
142	195
142	196
142	197
142	198
142	199
142	200
142	201
142	202
143	179
143	180
143	182
143	183
143	184
143	185
143	187
143	189
143	190
143	191
143	192
143	193
143	194
143	195
143	196
143	198
143	199
143	200
143	201
143	202
144	179
144	180
144	182
144	183
144	184
144	185
144	186
144	187
144	188
144	189
144	190
144	191
144	192
144	193
144	194
144	195
144	196
144	197
144	198
144	199
144	200
144	201
144	202
145	161
145	162
145	169
145	172
145	173
145	174
145	175
145	176
145	177
145	178
145	179
145	180
145	182
145	183
145	184
145	185
145	186
145	187
145	188
145	189
145	190
145	191
145	192
145	193
145	194
145	195
145	196
145	197
145	198
145	199
145	200
145	201
145	202
146	179
146	180
146	182
146	183
146	184
146	185
146	186
146	187
146	188
146	189
146	190
146	191
146	192
146	193
146	194
146	195
146	196
146	197
146	198
146	199
146	200
146	201
146	202
147	179
147	180
147	182
147	183
147	184
147	185
147	187
147	189
147	190
147	191
147	192
147	193
147	194
147	195
147	196
147	198
147	199
147	200
147	201
147	202
148	179
148	180
148	182
148	183
148	184
148	185
148	186
148	187
148	188
148	189
148	190
148	191
148	192
148	193
148	194
148	195
148	196
148	197
148	198
148	199
148	200
148	201
148	202
149	162
149	179
149	180
149	182
149	183
149	184
149	185
149	186
149	187
149	188
149	189
149	190
149	191
149	192
149	193
149	194
149	195
149	196
149	197
149	198
149	199
149	200
149	201
149	202
150	161
150	162
150	179
150	180
150	182
150	183
150	184
150	185
150	186
150	187
150	188
150	189
150	190
150	191
150	192
150	193
150	194
150	195
150	196
150	197
150	198
150	199
150	200
150	201
150	202
151	179
151	180
151	182
151	183
151	184
151	185
151	186
151	187
151	188
151	189
151	190
151	191
151	192
151	193
151	194
151	195
151	196
151	197
151	198
151	199
151	200
151	201
151	202
152	162
152	179
152	180
152	182
152	183
152	184
152	185
152	187
152	189
152	190
152	191
152	192
152	193
152	194
152	195
152	196
152	198
152	199
152	200
152	201
152	202
153	161
153	162
153	179
153	180
153	182
153	183
153	184
153	185
153	186
153	187
153	188
153	189
153	190
153	191
153	192
153	193
153	194
153	195
153	196
153	197
153	198
153	199
153	200
153	201
153	202
154	179
154	180
154	182
154	183
154	184
154	185
154	186
154	187
154	188
154	189
154	190
154	191
154	192
154	193
154	194
154	195
154	196
154	197
154	198
154	199
154	200
154	201
154	202
155	179
155	180
155	182
155	183
155	184
155	185
155	187
155	189
155	190
155	191
155	192
155	193
155	194
155	195
155	196
155	198
155	199
155	200
155	201
155	202
156	179
156	180
156	182
156	183
156	184
156	185
156	186
156	187
156	188
156	189
156	190
156	191
156	192
156	193
156	194
156	195
156	196
156	197
156	198
156	199
156	200
156	201
156	202
157	179
157	180
157	182
157	183
157	184
157	185
157	186
157	187
157	188
157	189
157	190
157	191
157	192
157	193
157	194
157	195
157	196
157	197
157	198
157	199
157	200
157	201
157	202
158	179
158	180
158	181
158	182
158	183
158	187
158	189
158	190
158	191
158	192
158	193
158	194
158	195
158	196
158	198
158	199
158	200
158	201
158	202
159	179
159	180
159	182
159	183
159	187
159	188
159	189
159	190
159	191
159	192
159	193
159	194
159	195
159	196
159	197
159	198
159	199
159	200
159	201
159	202
160	179
160	180
160	182
160	183
160	187
160	188
160	189
160	190
160	191
160	192
160	193
160	194
160	195
160	196
160	197
160	198
160	199
160	200
160	201
160	202
161	179
161	180
161	181
161	182
161	183
161	187
161	188
161	189
161	190
161	191
161	192
161	193
161	194
161	195
161	196
161	197
161	198
161	199
161	200
161	201
161	202
162	179
162	180
162	181
162	182
162	183
162	187
162	188
162	189
162	190
162	191
162	192
162	193
162	194
162	195
162	196
162	197
162	198
162	199
162	200
162	201
162	202
163	179
163	180
163	182
163	183
163	187
163	189
163	191
163	194
163	195
163	198
163	199
163	200
163	201
163	202
164	179
164	180
164	182
164	183
164	187
164	189
164	191
164	194
164	195
164	198
164	199
164	200
164	201
164	202
165	179
165	180
165	182
165	183
165	187
165	189
165	191
165	194
165	195
165	198
165	199
165	200
165	201
165	202
166	179
166	180
166	182
166	183
166	187
166	189
166	191
166	194
166	195
166	198
166	199
166	200
166	201
166	202
167	179
167	180
167	182
167	183
167	187
167	189
167	191
167	194
167	195
167	198
167	199
167	200
167	201
167	202
168	179
168	180
168	182
168	183
168	187
168	189
168	200
168	201
168	202
169	179
169	180
169	181
169	182
169	183
169	187
169	189
169	191
169	194
169	195
169	198
169	199
169	200
169	201
169	202
170	179
170	180
170	182
170	183
170	187
170	189
170	200
170	201
170	202
171	179
171	180
171	182
171	183
171	187
171	189
171	191
171	194
171	195
171	198
171	199
171	200
171	201
171	202
172	179
172	180
172	181
172	182
172	183
172	187
172	189
172	191
172	194
172	195
172	198
172	199
172	200
172	201
172	202
173	179
173	180
173	181
173	182
173	183
173	187
173	189
173	191
173	194
173	195
173	198
173	199
173	200
173	201
173	202
174	179
174	180
174	181
174	182
174	183
174	187
174	189
174	191
174	194
174	195
174	198
174	199
174	200
174	201
174	202
175	179
175	180
175	181
175	182
175	183
175	187
175	189
175	191
175	194
175	195
175	198
175	199
175	200
175	201
175	202
176	179
176	180
176	181
176	182
176	183
176	187
176	189
176	190
176	191
176	192
176	193
176	194
176	195
176	196
176	198
176	199
176	200
176	201
176	202
177	179
177	180
177	181
177	182
177	183
177	187
177	189
177	200
177	201
177	202
178	179
178	180
178	181
178	182
178	183
178	187
178	189
178	200
178	201
178	202
179	181
179	182
179	184
179	185
179	186
179	187
179	188
179	189
179	190
179	191
179	192
179	193
179	194
179	195
179	196
179	197
179	198
179	199
179	200
179	201
179	202
180	181
180	182
180	184
180	185
180	186
180	187
180	188
180	189
180	190
180	191
180	192
180	193
180	194
180	195
180	196
180	197
180	198
180	199
180	200
180	201
180	202
181	182
181	183
181	184
181	185
181	186
181	187
181	188
181	189
181	190
181	191
181	192
181	193
181	194
181	195
181	196
181	197
181	198
181	199
181	200
181	201
181	202
182	183
182	184
182	185
182	186
182	187
182	188
182	189
182	190
182	191
182	192
182	193
182	194
182	195
182	196
182	197
182	198
182	199
182	200
182	201
182	202
183	184
183	185
183	186
183	187
183	188
183	189
183	190
183	191
183	192
183	193
183	194
183	195
183	196
183	197
183	198
183	199
183	200
183	201
183	202
184	187
184	188
184	189
184	190
184	191
184	192
184	193
184	194
184	195
184	196
184	197
184	198
184	199
184	200
184	201
184	202
185	187
185	188
185	189
185	190
185	191
185	192
185	193
185	194
185	195
185	196
185	197
185	198
185	199
185	200
185	201
185	202
186	187
186	189
186	190
186	191
186	192
186	193
186	194
186	195
186	196
186	198
186	199
186	200
186	201
186	202
187	188
187	189
187	190
187	191
187	192
187	193
187	194
187	195
187	196
187	197
187	198
187	199
187	200
187	201
187	202
188	189
188	200
188	201
188	202
189	190
189	191
189	192
189	193
189	194
189	195
189	196
189	197
189	198
189	199
189	200
189	201
189	202
190	200
190	201
190	202
191	200
191	201
191	202
192	200
192	201
192	202
193	200
193	201
193	202
194	200
194	201
194	202
195	200
195	201
195	202
196	200
196	201
196	202
197	200
197	201
197	202
198	200
198	201
198	202
199	200
199	201
199	202
200	201
200	202