288	5763
1	3
1	4
1	5
1	6
1	42
1	223
1	228
1	234
1	236
1	237
1	238
1	239
1	240
1	241
1	242
1	245
1	246
1	247
1	248
1	249
1	250
1	251
1	252
1	253
1	254
1	255
1	256
1	257
1	258
1	259
1	260
1	261
1	262
1	263
1	264
1	265
1	266
1	267
1	268
1	269
1	270
1	271
1	272
1	273
1	274
1	275
1	276
1	277
1	278
1	279
1	280
1	281
1	282
1	283
1	284
1	285
1	286
1	287
2	3
2	4
2	5
2	6
2	42
2	223
2	228
2	232
2	234
2	236
2	237
2	238
2	239
2	240
2	241
2	242
2	245
2	246
2	247
2	248
2	249
2	250
2	251
2	252
2	253
2	254
2	255
2	256
2	257
2	258
2	259
2	260
2	261
2	262
2	263
2	264
2	265
2	266
2	267
2	268
2	269
2	270
2	271
2	272
2	273
2	274
2	275
2	276
2	277
2	278
2	279
2	280
2	281
2	282
2	283
2	284
2	285
2	286
2	287
3	7
3	8
3	9
3	10
3	11
3	12
3	13
3	14
3	15
3	16
3	17
3	18
3	19
3	20
3	21
3	22
3	23
3	24
3	25
3	26
3	27
3	28
3	29
3	30
3	31
3	32
3	33
3	34
3	35
3	36
3	37
3	38
3	39
3	40
3	41
3	42
3	43
3	44
3	45
3	46
3	47
3	48
3	49
3	50
3	51
3	52
3	53
3	54
3	55
3	56
3	57
3	58
3	59
3	60
3	61
3	62
3	63
3	64
3	65
3	66
3	67
3	68
3	69
3	70
3	71
3	72
3	73
3	74
3	75
3	76
3	77
3	78
3	79
3	80
3	81
3	82
3	83
3	84
3	85
3	86
3	87
3	88
3	89
3	90
3	91
3	92
3	93
3	94
3	95
3	96
3	97
3	98
3	99
3	100
3	101
3	102
3	103
3	104
3	105
3	106
3	107
3	108
3	109
3	110
3	111
3	112
3	113
3	114
3	115
3	116
3	117
3	118
3	119
3	120
3	121
3	122
3	123
3	124
3	125
3	126
3	127
3	128
3	129
3	130
3	131
3	132
3	133
3	134
3	135
3	136
3	137
3	138
3	139
3	140
3	141
3	142
3	143
3	144
3	145
3	146
3	147
3	148
3	149
3	150
3	151
3	152
3	153
3	154
3	155
3	156
3	157
3	158
3	159
3	160
3	161
3	162
3	163
3	164
3	165
3	166
3	167
3	168
3	169
3	170
3	171
3	172
3	173
3	174
3	175
3	176
3	177
3	178
3	179
3	180
3	181
3	182
3	183
3	184
3	185
3	186
3	187
3	188
3	189
3	190
3	191
3	192
3	193
3	194
3	195
3	196
3	197
3	198
3	199
3	200
3	201
3	202
3	203
3	204
3	205
3	206
3	207
3	208
3	209
3	210
3	211
3	212
3	213
3	214
3	215
3	216
3	217
3	218
3	219
3	220
3	221
3	222
3	223
3	224
3	225
3	226
3	227
3	228
3	229
3	230
3	231
3	232
3	233
3	234
3	235
3	236
3	237
3	238
3	239
3	240
3	241
3	242
3	243
3	244
3	245
3	246
3	247
3	248
3	249
3	250
3	251
3	252
3	253
3	254
3	255
3	256
3	257
3	258
3	259
3	260
3	261
3	262
3	263
3	264
3	265
3	266
3	267
3	268
3	269
3	270
3	271
3	272
3	273
3	274
3	275
3	276
3	277
3	278
3	279
3	280
3	281
3	282
3	283
3	284
3	285
3	286
3	287
3	288
4	7
4	8
4	9
4	10
4	11
4	12
4	13
4	14
4	15
4	16
4	17
4	18
4	19
4	20
4	21
4	22
4	23
4	24
4	25
4	26
4	27
4	28
4	29
4	30
4	31
4	32
4	33
4	34
4	35
4	36
4	37
4	38
4	39
4	40
4	41
4	42
4	43
4	44
4	45
4	46
4	47
4	48
4	49
4	50
4	51
4	52
4	53
4	54
4	55
4	56
4	57
4	58
4	59
4	60
4	61
4	62
4	63
4	64
4	65
4	66
4	67
4	68
4	69
4	70
4	71
4	72
4	73
4	74
4	75
4	76
4	77
4	78
4	79
4	80
4	81
4	82
4	83
4	84
4	85
4	86
4	87
4	88
4	89
4	90
4	91
4	92
4	93
4	94
4	95
4	96
4	97
4	98
4	99
4	100
4	101
4	102
4	103
4	104
4	105
4	106
4	107
4	108
4	109
4	110
4	111
4	112
4	113
4	114
4	115
4	116
4	117
4	118
4	119
4	120
4	121
4	122
4	123
4	124
4	125
4	126
4	127
4	128
4	129
4	130
4	131
4	132
4	133
4	134
4	135
4	136
4	137
4	138
4	139
4	140
4	141
4	142
4	143
4	144
4	145
4	146
4	147
4	148
4	149
4	150
4	151
4	152
4	153
4	154
4	155
4	156
4	157
4	158
4	159
4	160
4	161
4	162
4	163
4	164
4	165
4	166
4	167
4	168
4	169
4	170
4	171
4	172
4	173
4	174
4	175
4	176
4	177
4	178
4	179
4	180
4	181
4	182
4	183
4	184
4	185
4	186
4	187
4	188
4	189
4	190
4	191
4	192
4	193
4	194
4	195
4	196
4	197
4	198
4	199
4	200
4	201
4	202
4	203
4	204
4	205
4	206
4	207
4	208
4	209
4	210
4	211
4	212
4	213
4	214
4	215
4	216
4	217
4	218
4	219
4	220
4	221
4	222
4	223
4	224
4	225
4	226
4	227
4	228
4	229
4	230
4	231
4	232
4	233
4	234
4	235
4	236
4	237
4	238
4	239
4	240
4	241
4	242
4	243
4	244
4	245
4	246
4	247
4	248
4	249
4	250
4	251
4	252
4	253
4	254
4	255
4	256
4	257
4	258
4	259
4	260
4	261
4	262
4	263
4	264
4	265
4	266
4	267
4	268
4	269
4	270
4	271
4	272
4	273
4	274
4	275
4	276
4	277
4	278
4	279
4	280
4	281
4	282
4	283
4	284
4	285
4	286
4	287
4	288
5	7
5	8
5	9
5	10
5	11
5	12
5	13
5	14
5	15
5	16
5	17
5	18
5	19
5	20
5	21
5	22
5	23
5	24
5	25
5	26
5	27
5	28
5	29
5	30
5	31
5	32
5	33
5	34
5	35
5	36
5	37
5	38
5	39
5	40
5	41
5	42
5	43
5	44
5	45
5	46
5	47
5	48
5	49
5	50
5	51
5	52
5	53
5	54
5	55
5	56
5	57
5	58
5	59
5	60
5	61
5	62
5	63
5	64
5	65
5	66
5	67
5	68
5	69
5	70
5	71
5	72
5	73
5	74
5	75
5	76
5	77
5	78
5	79
5	80
5	81
5	82
5	83
5	84
5	85
5	86
5	87
5	88
5	89
5	90
5	91
5	92
5	93
5	94
5	95
5	96
5	97
5	98
5	99
5	100
5	101
5	102
5	103
5	104
5	105
5	106
5	107
5	108
5	109
5	110
5	111
5	112
5	113
5	114
5	115
5	116
5	117
5	118
5	119
5	120
5	121
5	122
5	123
5	124
5	125
5	126
5	127
5	128
5	129
5	130
5	131
5	132
5	133
5	134
5	135
5	136
5	137
5	138
5	139
5	140
5	141
5	142
5	143
5	144
5	145
5	146
5	147
5	148
5	149
5	150
5	151
5	152
5	153
5	154
5	155
5	156
5	157
5	158
5	159
5	160
5	161
5	162
5	163
5	164
5	165
5	166
5	167
5	168
5	169
5	170
5	171
5	172
5	173
5	174
5	175
5	176
5	177
5	178
5	179
5	180
5	181
5	182
5	183
5	184
5	185
5	186
5	187
5	188
5	189
5	190
5	191
5	192
5	193
5	194
5	195
5	196
5	197
5	198
5	199
5	200
5	201
5	202
5	203
5	204
5	205
5	206
5	207
5	208
5	209
5	210
5	211
5	212
5	213
5	214
5	215
5	216
5	217
5	218
5	219
5	220
5	221
5	222
5	223
5	224
5	225
5	226
5	227
5	228
5	229
5	230
5	231
5	232
5	233
5	234
5	235
5	236
5	237
5	238
5	239
5	240
5	241
5	242
5	243
5	244
5	245
5	246
5	247
5	248
5	249
5	250
5	251
5	252
5	253
5	254
5	255
5	256
5	257
5	258
5	259
5	260
5	261
5	262
5	263
5	264
5	265
5	266
5	267
5	268
5	269
5	270
5	271
5	272
5	273
5	274
5	275
5	276
5	277
5	278
5	279
5	280
5	281
5	282
5	283
5	284
5	285
5	286
5	287
5	288
6	7
6	8
6	9
6	10
6	11
6	12
6	13
6	14
6	15
6	16
6	17
6	18
6	19
6	20
6	21
6	22
6	23
6	24
6	25
6	26
6	27
6	28
6	29
6	30
6	31
6	32
6	33
6	34
6	35
6	36
6	37
6	38
6	39
6	40
6	41
6	42
6	43
6	44
6	45
6	46
6	47
6	48
6	49
6	50
6	51
6	52
6	53
6	54
6	55
6	56
6	57
6	58
6	59
6	60
6	61
6	62
6	63
6	64
6	65
6	66
6	67
6	68
6	69
6	70
6	71
6	72
6	73
6	74
6	75
6	76
6	77
6	78
6	79
6	80
6	81
6	82
6	83
6	84
6	85
6	86
6	87
6	88
6	89
6	90
6	91
6	92
6	93
6	94
6	95
6	96
6	97
6	98
6	99
6	100
6	101
6	102
6	103
6	104
6	105
6	106
6	107
6	108
6	109
6	110
6	111
6	112
6	113
6	114
6	115
6	116
6	117
6	118
6	119
6	120
6	121
6	122
6	123
6	124
6	125
6	126
6	127
6	128
6	129
6	130
6	131
6	132
6	133
6	134
6	135
6	136
6	137
6	138
6	139
6	140
6	141
6	142
6	143
6	144
6	145
6	146
6	147
6	148
6	149
6	150
6	151
6	152
6	153
6	154
6	155
6	156
6	157
6	158
6	159
6	160
6	161
6	162
6	163
6	164
6	165
6	166
6	167
6	168
6	169
6	170
6	171
6	172
6	173
6	174
6	175
6	176
6	177
6	178
6	179
6	180
6	181
6	182
6	183
6	184
6	185
6	186
6	187
6	188
6	189
6	190
6	191
6	192
6	193
6	194
6	195
6	196
6	197
6	198
6	199
6	200
6	201
6	202
6	203
6	204
6	205
6	206
6	207
6	208
6	209
6	210
6	211
6	212
6	213
6	214
6	215
6	216
6	217
6	218
6	219
6	220
6	221
6	222
6	223
6	224
6	225
6	226
6	227
6	228
6	229
6	230
6	231
6	232
6	233
6	234
6	235
6	236
6	237
6	238
6	239
6	240
6	241
6	242
6	243
6	244
6	245
6	246
6	247
6	248
6	249
6	250
6	251
6	252
6	253
6	254
6	255
6	256
6	257
6	258
6	259
6	260
6	261
6	262
6	263
6	264
6	265
6	266
6	267
6	268
6	269
6	270
6	271
6	272
6	273
6	274
6	275
6	276
6	277
6	278
6	279
6	280
6	281
6	282
6	283
6	284
6	285
6	286
6	287
6	288
7	42
7	228
7	234
7	236
7	237
7	238
7	239
7	240
7	241
7	242
7	245
7	246
7	247
7	248
7	249
7	250
7	251
7	252
7	253
7	254
7	255
7	256
7	257
7	258
7	259
7	260
7	261
7	262
7	263
7	264
7	265
7	266
7	267
7	268
7	269
7	270
7	271
7	272
7	273
7	274
7	275
7	276
7	277
7	278
7	279
7	280
7	281
7	282
7	283
7	284
7	285
7	286
7	287
8	42
8	228
8	234
8	236
8	237
8	238
8	239
8	240
8	241
8	242
8	245
8	246
8	247
8	248
8	249
8	250
8	251
8	252
8	253
8	254
8	255
8	256
8	257
8	258
8	259
8	260
8	261
8	262
8	263
8	264
8	265
8	266
8	267
8	268
8	269
8	270
8	271
8	272
8	273
8	274
8	275
8	276
8	277
8	278
8	279
8	280
8	281
8	282
8	283
8	284
8	285
8	286
8	287
9	42
9	228
9	237
9	240
9	241
9	245
9	246
9	247
9	248
9	249
9	250
9	251
9	252
9	253
9	254
9	255
9	256
9	257
9	258
9	259
9	260
9	261
9	262
9	263
9	264
9	265
9	266
9	267
9	268
9	269
9	270
9	271
9	272
9	273
9	274
9	275
9	276
9	277
9	278
9	279
9	280
9	281
9	282
9	283
9	284
9	285
9	286
9	287
10	42
10	228
10	246
10	247
10	252
10	253
10	254
10	255
10	256
10	258
10	261
10	262
10	264
10	265
10	266
10	267
10	269
10	273
10	274
10	277
10	278
10	279
10	281
10	282
10	283
10	285
10	286
10	287
11	42
11	228
11	246
11	247
11	252
11	253
11	254
11	255
11	256
11	258
11	261
11	262
11	264
11	265
11	266
11	267
11	269
11	273
11	274
11	277
11	278
11	279
11	281
11	282
11	283
11	285
11	286
11	287
12	42
12	228
12	246
12	247
12	252
12	253
12	254
12	255
12	256
12	258
12	261
12	262
12	264
12	265
12	266
12	267
12	269
12	273
12	274
12	277
12	278
12	279
12	281
12	282
12	283
12	285
12	286
12	287
13	42
13	228
13	237
13	240
13	241
13	245
13	246
13	247
13	248
13	249
13	250
13	251
13	252
13	253
13	254
13	255
13	256
13	257
13	258
13	259
13	260
13	261
13	262
13	263
13	264
13	265
13	266
13	267
13	268
13	269
13	270
13	271
13	272
13	273
13	274
13	275
13	276
13	277
13	278
13	279
13	280
13	281
13	282
13	283
13	284
13	285
13	286
13	287
14	42
14	228
14	234
14	236
14	237
14	238
14	239
14	240
14	241
14	242
14	245
14	246
14	247
14	248
14	249
14	250
14	251
14	252
14	253
14	254
14	255
14	256
14	257
14	258
14	259
14	260
14	261
14	262
14	263
14	264
14	265
14	266
14	267
14	268
14	269
14	270
14	271
14	272
14	273
14	274
14	275
14	276
14	277
14	278
14	279
14	280
14	281
14	282
14	283
14	284
14	285
14	286
14	287
15	42
15	228
15	234
15	236
15	237
15	238
15	239
15	240
15	241
15	242
15	245
15	246
15	247
15	248
15	249
15	250
15	251
15	252
15	253
15	254
15	255
15	256
15	257
15	258
15	259
15	260
15	261
15	262
15	263
15	264
15	265
15	266
15	267
15	268
15	269
15	270
15	271
15	272
15	273
15	274
15	275
15	276
15	277
15	278
15	279
15	280
15	281
15	282
15	283
15	284
15	285
15	286
15	287
16	42
16	228
16	246
16	247
16	252
16	253
16	254
16	255
16	256
16	258
16	261
16	262
16	264
16	265
16	266
16	267
16	269
16	273
16	274
16	277
16	278
16	279
16	281
16	282
16	283
16	285
16	286
16	287
17	42
17	228
17	273
17	285
17	287
18	42
18	228
18	246
18	247
18	252
18	253
18	254
18	255
18	256
18	258
18	261
18	262
18	264
18	265
18	266
18	267
18	269
18	273
18	274
18	277
18	278
18	279
18	281
18	282
18	283
18	285
18	286
18	287
19	42
19	228
19	234
19	236
19	237
19	238
19	239
19	240
19	241
19	242
19	245
19	246
19	247
19	248
19	249
19	250
19	251
19	252
19	253
19	254
19	255
19	256
19	257
19	258
19	259
19	260
19	261
19	262
19	263
19	264
19	265
19	266
19	267
19	268
19	269
19	270
19	271
19	272
19	273
19	274
19	275
19	276
19	277
19	278
19	279
19	280
19	281
19	282
19	283
19	284
19	285
19	286
19	287
20	42
20	228
20	246
20	247
20	252
20	253
20	254
20	255
20	256
20	258
20	261
20	262
20	264
20	265
20	266
20	267
20	269
20	273
20	274
20	277
20	278
20	279
20	281
20	282
20	283
20	285
20	286
20	287
21	42
21	228
21	246
21	247
21	252
21	253
21	254
21	255
21	256
21	258
21	261
21	262
21	264
21	265
21	266
21	267
21	269
21	273
21	274
21	277
21	278
21	279
21	281
21	282
21	283
21	285
21	286
21	287
22	42
22	223
22	228
22	234
22	236
22	237
22	238
22	239
22	240
22	241
22	242
22	245
22	246
22	247
22	248
22	249
22	250
22	251
22	252
22	253
22	254
22	255
22	256
22	257
22	258
22	259
22	260
22	261
22	262
22	263
22	264
22	265
22	266
22	267
22	268
22	269
22	270
22	271
22	272
22	273
22	274
22	275
22	276
22	277
22	278
22	279
22	280
22	281
22	282
22	283
22	284
22	285
22	286
22	287
23	42
23	228
23	234
23	236
23	237
23	238
23	239
23	240
23	241
23	242
23	245
23	246
23	247
23	248
23	249
23	250
23	251
23	252
23	253
23	254
23	255
23	256
23	257
23	258
23	259
23	260
23	261
23	262
23	263
23	264
23	265
23	266
23	267
23	268
23	269
23	270
23	271
23	272
23	273
23	274
23	275
23	276
23	277
23	278
23	279
23	280
23	281
23	282
23	283
23	284
23	285
23	286
23	287
24	42
24	228
24	246
24	247
24	252
24	253
24	254
24	255
24	256
24	258
24	261
24	262
24	264
24	265
24	266
24	267
24	269
24	273
24	274
24	277
24	278
24	279
24	281
24	282
24	283
24	285
24	286
24	287
25	42
25	228
25	246
25	247
25	252
25	253
25	254
25	255
25	256
25	258
25	261
25	262
25	264
25	265
25	266
25	267
25	269
25	273
25	274
25	277
25	278
25	279
25	281
25	282
25	283
25	285
25	286
25	287
26	42
26	228
26	234
26	236
26	237
26	238
26	239
26	240
26	241
26	242
26	245
26	246
26	247
26	248
26	249
26	250
26	251
26	252
26	253
26	254
26	255
26	256
26	257
26	258
26	259
26	260
26	261
26	262
26	263
26	264
26	265
26	266
26	267
26	268
26	269
26	270
26	271
26	272
26	273
26	274
26	275
26	276
26	277
26	278
26	279
26	280
26	281
26	282
26	283
26	284
26	285
26	286
26	287
27	42
27	228
27	234
27	236
27	237
27	238
27	239
27	240
27	241
27	242
27	245
27	246
27	247
27	248
27	249
27	250
27	251
27	252
27	253
27	254
27	255
27	256
27	257
27	258
27	259
27	260
27	261
27	262
27	263
27	264
27	265
27	266
27	267
27	268
27	269
27	270
27	271
27	272
27	273
27	274
27	275
27	276
27	277
27	278
27	279
27	280
27	281
27	282
27	283
27	284
27	285
27	286
27	287
28	42
28	228
28	234
28	236
28	237
28	238
28	239
28	240
28	241
28	242
28	245
28	246
28	247
28	248
28	249
28	250
28	251
28	252
28	253
28	254
28	255
28	256
28	257
28	258
28	259
28	260
28	261
28	262
28	263
28	264
28	265
28	266
28	267
28	268
28	269
28	270
28	271
28	272
28	273
28	274
28	275
28	276
28	277
28	278
28	279
28	280
28	281
28	282
28	283
28	284
28	285
28	286
28	287
29	42
29	228
29	237
29	246
29	247
29	252
29	253
29	254
29	255
29	256
29	258
29	261
29	262
29	264
29	265
29	266
29	267
29	269
29	273
29	274
29	277
29	278
29	279
29	281
29	282
29	283
29	285
29	286
29	287
30	42
30	228
30	246
30	247
30	252
30	253
30	254
30	255
30	256
30	258
30	261
30	262
30	264
30	265
30	266
30	267
30	269
30	273
30	274
30	277
30	278
30	279
30	281
30	282
30	283
30	285
30	286
30	287
31	42
31	228
31	237
31	246
31	247
31	252
31	253
31	254
31	255
31	256
31	258
31	261
31	262
31	264
31	265
31	266
31	267
31	269
31	273
31	274
31	277
31	278
31	279
31	281
31	282
31	283
31	285
31	286
31	287
32	42
32	228
32	237
32	246
32	247
32	252
32	253
32	254
32	255
32	256
32	258
32	261
32	262
32	264
32	265
32	266
32	267
32	269
32	273
32	274
32	277
32	278
32	279
32	281
32	282
32	283
32	285
32	286
32	287
33	42
33	228
33	234
33	236
33	237
33	238
33	239
33	240
33	241
33	242
33	245
33	246
33	247
33	248
33	249
33	250
33	251
33	252
33	253
33	254
33	255
33	256
33	257
33	258
33	259
33	260
33	261
33	262
33	263
33	264
33	265
33	266
33	267
33	268
33	269
33	270
33	271
33	272
33	273
33	274
33	275
33	276
33	277
33	278
33	279
33	280
33	281
33	282
33	283
33	284
33	285
33	286
33	287
34	42
34	228
34	273
34	285
34	287
35	42
35	228
35	246
35	247
35	252
35	253
35	254
35	255
35	256
35	258
35	261
35	262
35	264
35	265
35	266
35	267
35	269
35	273
35	274
35	277
35	278
35	279
35	281
35	282
35	283
35	285
35	286
35	287
36	42
36	228
36	246
36	247
36	252
36	253
36	254
36	255
36	256
36	258
36	261
36	262
36	264
36	265
36	266
36	267
36	269
36	273
36	274
36	277
36	278
36	279
36	281
36	282
36	283
36	285
36	286
36	287
37	42
37	228
37	246
37	247
37	252
37	253
37	254
37	255
37	256
37	258
37	261
37	262
37	264
37	265
37	266
37	267
37	269
37	273
37	274
37	277
37	278
37	279
37	281
37	282
37	283
37	285
37	286
37	287
38	42
38	228
38	246
38	247
38	252
38	253
38	254
38	255
38	256
38	258
38	261
38	262
38	264
38	265
38	266
38	267
38	269
38	273
38	274
38	277
38	278
38	279
38	281
38	282
38	283
38	285
38	286
38	287
39	42
39	228
39	246
39	247
39	252
39	253
39	254
39	255
39	256
39	258
39	261
39	262
39	264
39	265
39	266
39	267
39	269
39	273
39	274
39	277
39	278
39	279
39	281
39	282
39	283
39	285
39	286
39	287
40	42
40	228
40	246
40	247
40	252
40	253
40	254
40	255
40	256
40	258
40	261
40	262
40	264
40	265
40	266
40	267
40	269
40	273
40	274
40	277
40	278
40	279
40	281
40	282
40	283
40	285
40	286
40	287
41	42
41	228
41	273
41	285
41	287
42	43
42	44
42	45
42	46
42	47
42	48
42	49
42	50
42	51
42	52
42	53
42	54
42	55
42	56
42	57
42	58
42	59
42	60
42	61
42	62
42	63
42	64
42	65
42	66
42	67
42	68
42	69
42	70
42	71
42	72
42	73
42	74
42	75
42	76
42	77
42	78
42	79
42	80
42	81
42	82
42	83
42	84
42	85
42	86
42	87
42	88
42	89
42	90
42	91
42	92
42	93
42	94
42	95
42	96
42	97
42	98
42	99
42	100
42	101
42	102
42	103
42	104
42	105
42	106
42	107
42	108
42	109
42	110
42	111
42	112
42	113
42	114
42	115
42	116
42	117
42	118
42	119
42	120
42	121
42	122
42	123
42	124
42	125
42	126
42	127
42	128
42	129
42	130
42	131
42	132
42	133
42	134
42	135
42	136
42	137
42	138
42	139
42	140
42	141
42	142
42	143
42	144
42	145
42	146
42	147
42	148
42	149
42	150
42	151
42	152
42	153
42	154
42	155
42	156
42	157
42	158
42	159
42	160
42	161
42	162
42	163
42	164
42	165
42	166
42	167
42	168
42	169
42	170
42	171
42	172
42	173
42	174
42	175
42	176
42	177
42	178
42	179
42	180
42	181
42	182
42	183
42	184
42	185
42	186
42	187
42	188
42	189
42	190
42	191
42	192
42	193
42	194
42	195
42	196
42	197
42	198
42	199
42	200
42	201
42	202
42	203
42	204
42	205
42	206
42	207
42	208
42	209
42	210
42	211
42	212
42	213
42	214
42	215
42	216
42	217
42	218
42	219
42	220
42	221
42	222
42	223
42	224
42	225
42	226
42	227
42	228
42	229
42	230
42	231
42	232
42	233
42	234
42	235
42	236
42	237
42	238
42	239
42	240
42	241
42	242
42	243
42	244
42	245
42	246
42	247
42	248
42	249
42	250
42	251
42	252
42	253
42	254
42	255
42	256
42	257
42	258
42	259
42	260
42	261
42	262
42	263
42	264
42	265
42	266
42	267
42	268
42	269
42	270
42	271
42	272
42	273
42	274
42	275
42	276
42	277
42	278
42	279
42	280
42	281
42	282
42	283
42	284
42	285
42	286
42	287
42	288
43	228
43	246
43	247
43	252
43	253
43	254
43	255
43	256
43	258
43	261
43	262
43	264
43	265
43	266
43	267
43	269
43	273
43	274
43	277
43	278
43	279
43	281
43	282
43	283
43	285
43	286
43	287
44	228
44	246
44	247
44	252
44	253
44	254
44	255
44	256
44	258
44	261
44	262
44	264
44	265
44	266
44	267
44	269
44	273
44	274
44	277
44	278
44	279
44	281
44	282
44	283
44	285
44	286
44	287
45	228
45	273
45	285
45	287
46	228
46	246
46	247
46	252
46	253
46	254
46	255
46	256
46	258
46	261
46	262
46	264
46	265
46	266
46	267
46	269
46	273
46	274
46	277
46	278
46	279
46	281
46	282
46	283
46	285
46	286
46	287
47	228
47	246
47	247
47	252
47	253
47	254
47	255
47	256
47	258
47	261
47	262
47	264
47	265
47	266
47	267
47	269
47	273
47	274
47	277
47	278
47	279
47	281
47	282
47	283
47	285
47	286
47	287
48	228
48	234
48	236
48	237
48	238
48	239
48	240
48	241
48	242
48	245
48	246
48	247
48	248
48	249
48	250
48	251
48	252
48	253
48	254
48	255
48	256
48	257
48	258
48	259
48	260
48	261
48	262
48	263
48	264
48	265
48	266
48	267
48	268
48	269
48	270
48	271
48	272
48	273
48	274
48	275
48	276
48	277
48	278
48	279
48	280
48	281
48	282
48	283
48	284
48	285
48	286
48	287
49	228
49	246
49	247
49	252
49	253
49	254
49	255
49	256
49	258
49	261
49	262
49	264
49	265
49	266
49	267
49	269
49	273
49	274
49	277
49	278
49	279
49	281
49	282
49	283
49	285
49	286
49	287
50	228
50	246
50	247
50	252
50	253
50	254
50	255
50	256
50	258
50	261
50	262
50	264
50	265
50	266
50	267
50	269
50	273
50	274
50	277
50	278
50	279
50	281
50	282
50	283
50	285
50	286
50	287
51	228
51	234
51	236
51	237
51	238
51	239
51	240
51	241
51	242
51	245
51	246
51	247
51	248
51	249
51	250
51	251
51	252
51	253
51	254
51	255
51	256
51	257
51	258
51	259
51	260
51	261
51	262
51	263
51	264
51	265
51	266
51	267
51	268
51	269
51	270
51	271
51	272
51	273
51	274
51	275
51	276
51	277
51	278
51	279
51	280
51	281
51	282
51	283
51	284
51	285
51	286
51	287
52	228
52	246
52	247
52	252
52	253
52	254
52	255
52	256
52	258
52	261
52	262
52	264
52	265
52	266
52	267
52	269
52	273
52	274
52	277
52	278
52	279
52	281
52	282
52	283
52	285
52	286
52	287
53	228
53	237
53	246
53	247
53	252
53	253
53	254
53	255
53	256
53	258
53	261
53	262
53	264
53	265
53	266
53	267
53	269
53	273
53	274
53	277
53	278
53	279
53	281
53	282
53	283
53	285
53	286
53	287
54	228
54	246
54	247
54	252
54	253
54	254
54	255
54	256
54	258
54	261
54	262
54	264
54	265
54	266
54	267
54	269
54	273
54	274
54	277
54	278
54	279
54	281
54	282
54	283
54	285
54	286
54	287
55	228
55	273
55	285
55	287
56	228
56	237
56	240
56	241
56	245
56	246
56	247
56	248
56	249
56	250
56	251
56	252
56	253
56	254
56	255
56	256
56	257
56	258
56	259
56	260
56	261
56	262
56	263
56	264
56	265
56	266
56	267
56	268
56	269
56	270
56	271
56	272
56	273
56	274
56	275
56	276
56	277
56	278
56	279
56	280
56	281
56	282
56	283
56	284
56	285
56	286
56	287
57	228
57	246
57	247
57	252
57	253
57	254
57	255
57	256
57	258
57	261
57	262
57	264
57	265
57	266
57	267
57	269
57	273
57	274
57	277
57	278
57	279
57	281
57	282
57	283
57	285
57	286
57	287
58	228
58	234
58	236
58	237
58	238
58	239
58	240
58	241
58	242
58	245
58	246
58	247
58	248
58	249
58	250
58	251
58	252
58	253
58	254
58	255
58	256
58	257
58	258
58	259
58	260
58	261
58	262
58	263
58	264
58	265
58	266
58	267
58	268
58	269
58	270
58	271
58	272
58	273
58	274
58	275
58	276
58	277
58	278
58	279
58	280
58	281
58	282
58	283
58	284
58	285
58	286
58	287
59	228
59	246
59	247
59	252
59	253
59	254
59	255
59	256
59	258
59	261
59	262
59	264
59	265
59	266
59	267
59	269
59	273
59	274
59	277
59	278
59	279
59	281
59	282
59	283
59	285
59	286
59	287
60	228
60	246
60	247
60	252
60	253
60	254
60	255
60	256
60	258
60	261
60	262
60	264
60	265
60	266
60	267
60	269
60	273
60	274
60	277
60	278
60	279
60	281
60	282
60	283
60	285
60	286
60	287
61	228
61	246
61	247
61	252
61	253
61	254
61	255
61	256
61	258
61	261
61	262
61	264
61	265
61	266
61	267
61	269
61	273
61	274
61	277
61	278
61	279
61	281
61	282
61	283
61	285
61	286
61	287
62	228
62	246
62	247
62	252
62	253
62	254
62	255
62	256
62	258
62	261
62	262
62	264
62	265
62	266
62	267
62	269
62	273
62	274
62	277
62	278
62	279
62	281
62	282
62	283
62	285
62	286
62	287
63	228
63	246
63	247
63	252
63	253
63	254
63	255
63	256
63	258
63	261
63	262
63	264
63	265
63	266
63	267
63	269
63	273
63	274
63	277
63	278
63	279
63	281
63	282
63	283
63	285
63	286
63	287
64	228
64	246
64	247
64	252
64	253
64	254
64	255
64	256
64	258
64	261
64	262
64	264
64	265
64	266
64	267
64	269
64	273
64	274
64	277
64	278
64	279
64	281
64	282
64	283
64	285
64	286
64	287
65	228
65	246
65	247
65	252
65	253
65	254
65	255
65	256
65	258
65	261
65	262
65	264
65	265
65	266
65	267
65	269
65	273
65	274
65	277
65	278
65	279
65	281
65	282
65	283
65	285
65	286
65	287
66	228
66	246
66	247
66	252
66	253
66	254
66	255
66	256
66	258
66	261
66	262
66	264
66	265
66	266
66	267
66	269
66	273
66	274
66	277
66	278
66	279
66	281
66	282
66	283
66	285
66	286
66	287
67	228
67	273
67	285
67	287
68	228
68	246
68	247
68	252
68	253
68	254
68	255
68	256
68	258
68	261
68	262
68	264
68	265
68	266
68	267
68	269
68	273
68	274
68	277
68	278
68	279
68	281
68	282
68	283
68	285
68	286
68	287
69	228
69	246
69	247
69	252
69	253
69	254
69	255
69	256
69	258
69	261
69	262
69	264
69	265
69	266
69	267
69	269
69	273
69	274
69	277
69	278
69	279
69	281
69	282
69	283
69	285
69	286
69	287
70	228
70	246
70	247
70	252
70	253
70	254
70	255
70	256
70	258
70	261
70	262
70	264
70	265
70	266
70	267
70	269
70	273
70	274
70	277
70	278
70	279
70	281
70	282
70	283
70	285
70	286
70	287
71	228
71	246
71	247
71	252
71	253
71	254
71	255
71	256
71	258
71	261
71	262
71	264
71	265
71	266
71	267
71	269
71	273
71	274
71	277
71	278
71	279
71	281
71	282
71	283
71	285
71	286
71	287
72	228
72	246
72	247
72	252
72	253
72	254
72	255
72	256
72	258
72	261
72	262
72	264
72	265
72	266
72	267
72	269
72	273
72	274
72	277
72	278
72	279
72	281
72	282
72	283
72	285
72	286
72	287
73	228
73	234
73	236
73	237
73	238
73	246
73	247
73	252
73	253
73	254
73	255
73	256
73	258
73	261
73	262
73	264
73	265
73	266
73	267
73	269
73	273
73	274
73	277
73	278
73	279
73	281
73	282
73	283
73	285
73	286
73	287
74	228
74	237
74	246
74	247
74	252
74	253
74	254
74	255
74	256
74	258
74	261
74	262
74	264
74	265
74	266
74	267
74	269
74	273
74	274
74	277
74	278
74	279
74	281
74	282
74	283
74	285
74	286
74	287
75	228
75	246
75	247
75	252
75	253
75	254
75	255
75	256
75	258
75	261
75	262
75	264
75	265
75	266
75	267
75	269
75	273
75	274
75	277
75	278
75	279
75	281
75	282
75	283
75	285
75	286
75	287
76	228
76	246
76	247
76	252
76	253
76	254
76	255
76	256
76	258
76	261
76	262
76	264
76	265
76	266
76	267
76	269
76	273
76	274
76	277
76	278
76	279
76	281
76	282
76	283
76	285
76	286
76	287
77	228
77	246
77	247
77	252
77	253
77	254
77	255
77	256
77	258
77	261
77	262
77	264
77	265
77	266
77	267
77	269
77	273
77	274
77	277
77	278
77	279
77	281
77	282
77	283
77	285
77	286
77	287
78	228
78	246
78	247
78	252
78	253
78	254
78	255
78	256
78	258
78	261
78	262
78	264
78	265
78	266
78	267
78	269
78	273
78	274
78	277
78	278
78	279
78	281
78	282
78	283
78	285
78	286
78	287
79	228
79	246
79	247
79	252
79	253
79	254
79	255
79	256
79	258
79	261
79	262
79	264
79	265
79	266
79	267
79	269
79	273
79	274
79	277
79	278
79	279
79	281
79	282
79	283
79	285
79	286
79	287
80	228
80	246
80	252
80	253
80	254
80	255
80	256
80	258
80	261
80	264
80	265
80	266
80	267
80	269
80	273
80	274
80	277
80	281
80	282
80	283
80	285
80	286
80	287
81	228
81	234
81	236
81	237
81	238
81	239
81	240
81	241
81	242
81	245
81	246
81	247
81	248
81	249
81	250
81	251
81	252
81	253
81	254
81	255
81	256
81	257
81	258
81	259
81	260
81	261
81	262
81	263
81	264
81	265
81	266
81	267
81	268
81	269
81	270
81	271
81	272
81	273
81	274
81	275
81	276
81	277
81	278
81	279
81	280
81	281
81	282
81	283
81	284
81	285
81	286
81	287
82	214
82	223
82	228
82	229
82	230
82	232
82	233
82	234
82	235
82	236
82	237
82	238
82	239
82	240
82	241
82	242
82	243
82	244
82	245
82	246
82	247
82	248
82	249
82	250
82	251
82	252
82	253
82	254
82	255
82	256
82	257
82	258
82	259
82	260
82	261
82	262
82	263
82	264
82	265
82	266
82	267
82	268
82	269
82	270
82	271
82	272
82	273
82	274
82	275
82	276
82	277
82	278
82	279
82	280
82	281
82	282
82	283
82	284
82	285
82	286
82	287
83	228
83	234
83	236
83	237
83	238
83	239
83	240
83	241
83	242
83	245
83	246
83	247
83	248
83	249
83	250
83	251
83	252
83	253
83	254
83	255
83	256
83	257
83	258
83	259
83	260
83	261
83	262
83	263
83	264
83	265
83	266
83	267
83	268
83	269
83	270
83	271
83	272
83	273
83	274
83	275
83	276
83	277
83	278
83	279
83	280
83	281
83	282
83	283
83	284
83	285
83	286
83	287
84	228
84	246
84	252
84	253
84	254
84	255
84	256
84	258
84	261
84	264
84	265
84	266
84	267
84	269
84	273
84	274
84	277
84	281
84	282
84	283
84	285
84	286
84	287
85	228
85	246
85	247
85	252
85	253
85	254
85	255
85	256
85	258
85	261
85	262
85	264
85	265
85	266
85	267
85	269
85	273
85	274
85	277
85	278
85	279
85	281
85	282
85	283
85	285
85	286
85	287
86	228
86	273
86	285
86	287
87	228
87	246
87	247
87	252
87	253
87	254
87	255
87	256
87	258
87	261
87	262
87	264
87	265
87	266
87	267
87	269
87	273
87	274
87	277
87	278
87	279
87	281
87	282
87	283
87	285
87	286
87	287
88	228
88	273
88	285
88	287
89	228
89	273
89	285
89	287
90	228
90	246
90	247
90	252
90	253
90	254
90	255
90	256
90	258
90	261
90	262
90	264
90	265
90	266
90	267
90	269
90	273
90	274
90	277
90	278
90	279
90	281
90	282
90	283
90	285
90	286
90	287
91	228
91	246
91	247
91	252
91	253
91	254
91	255
91	256
91	258
91	261
91	262
91	264
91	265
91	266
91	267
91	269
91	273
91	274
91	277
91	278
91	279
91	281
91	282
91	283
91	285
91	286
91	287
92	228
92	246
92	247
92	252
92	253
92	254
92	255
92	256
92	258
92	261
92	262
92	264
92	265
92	266
92	267
92	269
92	273
92	274
92	277
92	278
92	279
92	281
92	282
92	283
92	285
92	286
92	287
93	228
93	246
93	247
93	252
93	253
93	254
93	255
93	256
93	258
93	261
93	262
93	264
93	265
93	266
93	267
93	269
93	273
93	274
93	277
93	278
93	279
93	281
93	282
93	283
93	285
93	286
93	287
94	228
94	273
94	285
94	287
95	228
95	246
95	247
95	252
95	253
95	254
95	255
95	256
95	258
95	261
95	262
95	264
95	265
95	266
95	267
95	269
95	273
95	274
95	277
95	278
95	279
95	281
95	282
95	283
95	285
95	286
95	287
96	228
96	246
96	247
96	252
96	253
96	254
96	255
96	256
96	258
96	261
96	262
96	264
96	265
96	266
96	267
96	269
96	273
96	274
96	277
96	278
96	279
96	281
96	282
96	283
96	285
96	286
96	287
97	228
97	246
97	247
97	252
97	253
97	254
97	255
97	256
97	258
97	261
97	262
97	264
97	265
97	266
97	267
97	269
97	273
97	274
97	277
97	278
97	279
97	281
97	282
97	283
97	285
97	286
97	287
98	228
98	246
98	247
98	252
98	253
98	254
98	255
98	256
98	258
98	261
98	262
98	264
98	265
98	266
98	267
98	269
98	273
98	274
98	277
98	278
98	279
98	281
98	282
98	283
98	285
98	286
98	287
99	228
99	246
99	247
99	252
99	253
99	254
99	255
99	256
99	258
99	261
99	262
99	264
99	265
99	266
99	267
99	269
99	273
99	274
99	277
99	278
99	279
99	281
99	282
99	283
99	285
99	286
99	287
100	228
100	234
100	236
100	237
100	238
100	239
100	240
100	241
100	242
100	245
100	246
100	247
100	248
100	249
100	250
100	251
100	252
100	253
100	254
100	255
100	256
100	257
100	258
100	259
100	260
100	261
100	262
100	263
100	264
100	265
100	266
100	267
100	268
100	269
100	270
100	271
100	272
100	273
100	274
100	275
100	276
100	277
100	278
100	279
100	280
100	281
100	282
100	283
100	284
100	285
100	286
100	287
101	228
101	246
101	247
101	252
101	253
101	254
101	255
101	256
101	258
101	261
101	262
101	264
101	265
101	266
101	267
101	269
101	273
101	274
101	277
101	278
101	279
101	281
101	282
101	283
101	285
101	286
101	287
102	228
102	246
102	247
102	252
102	253
102	254
102	255
102	256
102	258
102	261
102	262
102	264
102	265
102	266
102	267
102	269
102	273
102	274
102	277
102	278
102	279
102	281
102	282
102	283
102	285
102	286
102	287
103	228
103	246
103	252
103	253
103	254
103	255
103	256
103	258
103	261
103	264
103	265
103	266
103	267
103	269
103	273
103	274
103	277
103	281
103	282
103	283
103	285
103	286
103	287
104	228
104	273
104	285
104	287
105	228
105	237
105	246
105	247
105	252
105	253
105	254
105	255
105	256
105	258
105	261
105	262
105	264
105	265
105	266
105	267
105	269
105	273
105	274
105	277
105	278
105	279
105	281
105	282
105	283
105	285
105	286
105	287
106	228
106	246
106	247
106	252
106	253
106	254
106	255
106	256
106	258
106	261
106	262
106	264
106	265
106	266
106	267
106	269
106	273
106	274
106	277
106	278
106	279
106	281
106	282
106	283
106	285
106	286
106	287
107	228
107	273
107	285
107	287
108	228
108	246
108	247
108	252
108	253
108	254
108	255
108	256
108	258
108	261
108	262
108	264
108	265
108	266
108	267
108	269
108	273
108	274
108	277
108	278
108	279
108	281
108	282
108	283
108	285
108	286
108	287
109	228
109	273
109	285
109	287
110	228
110	246
110	247
110	252
110	253
110	254
110	255
110	256
110	258
110	261
110	262
110	264
110	265
110	266
110	267
110	269
110	273
110	274
110	277
110	278
110	279
110	281
110	282
110	283
110	285
110	286
110	287
111	228
111	273
111	285
111	287
112	228
112	273
112	285
112	287
113	228
113	273
113	285
113	287
114	228
114	273
114	285
114	287
115	228
115	273
115	285
115	287
116	228
116	273
116	285
116	287
117	228
117	273
117	285
117	287
118	228
118	273
118	285
118	287
119	228
119	273
119	285
119	287
120	228
120	273
120	285
120	287
121	228
121	273
121	285
121	287
122	228
122	273
122	285
122	287
123	228
123	273
123	285
124	228
125	228
125	273
125	285
125	287
126	228
126	273
126	285
126	287
127	228
127	273
127	285
127	287
128	223
128	228
128	232
128	234
128	236
128	237
128	238
128	239
128	240
128	241
128	242
128	245
128	246
128	247
128	248
128	249
128	250
128	251
128	252
128	253
128	254
128	255
128	256
128	257
128	258
128	259
128	260
128	261
128	262
128	263
128	264
128	265
128	266
128	267
128	268
128	269
128	270
128	271
128	272
128	273
128	274
128	275
128	276
128	277
128	278
128	279
128	280
128	281
128	282
128	283
128	284
128	285
128	286
128	287
129	228
129	246
129	247
129	252
129	253
129	254
129	255
129	256
129	258
129	261
129	262
129	264
129	265
129	266
129	267
129	269
129	273
129	274
129	277
129	278
129	279
129	281
129	282
129	283
129	285
129	286
129	287
130	228
130	273
130	285
130	287
131	228
131	237
131	246
131	247
131	252
131	253
131	254
131	255
131	256
131	258
131	261
131	262
131	264
131	265
131	266
131	267
131	269
131	273
131	274
131	277
131	278
131	279
131	281
131	282
131	283
131	285
131	286
131	287
132	228
132	234
132	236
132	237
132	238
132	246
132	247
132	252
132	253
132	254
132	255
132	256
132	258
132	261
132	262
132	264
132	265
132	266
132	267
132	269
132	273
132	274
132	277
132	278
132	279
132	281
132	282
132	283
132	285
132	286
132	287
133	228
133	246
133	252
133	253
133	254
133	255
133	256
133	258
133	261
133	264
133	265
133	266
133	267
133	269
133	273
133	274
133	277
133	281
133	282
133	283
133	285
133	286
133	287
134	228
134	237
134	246
134	247
134	252
134	253
134	254
134	255
134	256
134	258
134	261
134	262
134	264
134	265
134	266
134	267
134	269
134	273
134	274
134	277
134	278
134	279
134	281
134	282
134	283
134	285
134	286
134	287
135	228
135	246
135	252
135	253
135	254
135	255
135	256
135	258
135	261
135	264
135	265
135	266
135	267
135	269
135	273
135	274
135	277
135	281
135	282
135	283
135	285
135	286
135	287
136	228
136	246
136	247
136	252
136	253
136	254
136	255
136	256
136	258
136	261
136	262
136	264
136	265
136	266
136	267
136	269
136	273
136	274
136	277
136	278
136	279
136	281
136	282
136	283
136	285
136	286
136	287
137	228
137	246
137	252
137	253
137	254
137	255
137	256
137	258
137	261
137	264
137	265
137	266
137	267
137	269
137	273
137	274
137	277
137	281
137	282
137	283
137	285
137	286
137	287
138	228
138	246
138	252
138	253
138	254
138	255
138	256
138	258
138	261
138	264
138	265
138	266
138	267
138	269
138	273
138	274
138	277
138	281
138	282
138	283
138	285
138	286
138	287
139	228
139	246
139	247
139	252
139	253
139	254
139	255
139	256
139	258
139	261
139	262
139	264
139	265
139	266
139	267
139	269
139	273
139	274
139	277
139	278
139	279
139	281
139	282
139	283
139	285
139	286
139	287
140	228
140	246
140	252
140	253
140	254
140	255
140	256
140	258
140	261
140	264
140	265
140	266
140	267
140	269
140	273
140	274
140	277
140	281
140	282
140	283
140	285
140	286
140	287
141	228
141	273
141	285
141	287
142	228
142	234
142	236
142	237
142	238
142	239
142	240
142	241
142	242
142	245
142	246
142	247
142	248
142	249
142	250
142	251
142	252
142	253
142	254
142	255
142	256
142	257
142	258
142	259
142	260
142	261
142	262
142	263
142	264
142	265
142	266
142	267
142	268
142	269
142	270
142	271
142	272
142	273
142	274
142	275
142	276
142	277
142	278
142	279
142	280
142	281
142	282
142	283
142	284
142	285
142	286
142	287
143	214
143	223
143	228
143	229
143	230
143	232
143	233
143	234
143	235
143	236
143	237
143	238
143	239
143	240
143	241
143	242
143	243
143	244
143	245
143	246
143	247
143	248
143	249
143	250
143	251
143	252
143	253
143	254
143	255
143	256
143	257
143	258
143	259
143	260
143	261
143	262
143	263
143	264
143	265
143	266
143	267
143	268
143	269
143	270
143	271
143	272
143	273
143	274
143	275
143	276
143	277
143	278
143	279
143	280
143	281
143	282
143	283
143	284
143	285
143	286
143	287
144	228
144	273
144	285
144	287
145	228
145	273
145	285
145	287
146	228
146	246
146	247
146	252
146	253
146	254
146	255
146	256
146	258
146	261
146	262
146	264
146	265
146	266
146	267
146	269
146	273
146	274
146	277
146	278
146	279
146	281
146	282
146	283
146	285
146	286
146	287
147	228
147	273
147	285
147	287
148	228
148	273
148	285
148	287
149	228
149	246
149	247
149	252
149	253
149	254
149	255
149	256
149	258
149	261
149	262
149	264
149	265
149	266
149	267
149	269
149	273
149	274
149	277
149	278
149	279
149	281
149	282
149	283
149	285
149	286
149	287
150	228
150	246
150	247
150	252
150	253
150	254
150	255
150	256
150	258
150	261
150	262
150	264
150	265
150	266
150	267
150	269
150	273
150	274
150	277
150	278
150	279
150	281
150	282
150	283
150	285
150	286
150	287
151	228
151	234
151	236
151	237
151	238
151	239
151	240
151	241
151	242
151	245
151	246
151	247
151	248
151	249
151	250
151	251
151	252
151	253
151	254
151	255
151	256
151	257
151	258
151	259
151	260
151	261
151	262
151	263
151	264
151	265
151	266
151	267
151	268
151	269
151	270
151	271
151	272
151	273
151	274
151	275
151	276
151	277
151	278
151	279
151	280
151	281
151	282
151	283
151	284
151	285
151	286
151	287
152	228
152	246
152	247
152	252
152	253
152	254
152	255
152	256
152	258
152	261
152	262
152	264
152	265
152	266
152	267
152	269
152	273
152	274
152	277
152	278
152	279
152	281
152	282
152	283
152	285
152	286
152	287
153	228
153	234
153	236
153	237
153	238
153	239
153	240
153	241
153	242
153	245
153	246
153	247
153	248
153	249
153	250
153	251
153	252
153	253
153	254
153	255
153	256
153	257
153	258
153	259
153	260
153	261
153	262
153	263
153	264
153	265
153	266
153	267
153	268
153	269
153	270
153	271
153	272
153	273
153	274
153	275
153	276
153	277
153	278
153	279
153	280
153	281
153	282
153	283
153	284
153	285
153	286
153	287
154	228
154	246
154	247
154	252
154	253
154	254
154	255
154	256
154	258
154	261
154	262
154	264
154	265
154	266
154	267
154	269
154	273
154	274
154	277
154	278
154	279
154	281
154	282
154	283
154	285
154	286
154	287
155	228
155	273
155	285
155	287
156	228
156	246
156	247
156	252
156	253
156	254
156	255
156	256
156	258
156	261
156	262
156	264
156	265
156	266
156	267
156	269
156	273
156	274
156	277
156	278
156	279
156	281
156	282
156	283
156	285
156	286
156	287
157	228
157	273
157	285
157	287
158	228
159	228
160	228
160	273
160	285
160	287
161	228
162	228
163	228
164	228
164	273
164	285
164	287
165	228
165	273
165	285
165	287
166	228
166	273
166	285
166	287
167	228
167	246
167	247
167	252
167	253
167	254
167	255
167	256
167	258
167	261
167	262
167	264
167	265
167	266
167	267
167	269
167	273
167	274
167	277
167	278
167	279
167	281
167	282
167	283
167	285
167	286
167	287
168	228
168	273
168	285
168	287
169	228
169	246
169	247
169	252
169	253
169	254
169	255
169	256
169	258
169	261
169	262
169	264
169	265
169	266
169	267
169	269
169	273
169	274
169	277
169	278
169	279
169	281
169	282
169	283
169	285
169	286
169	287
170	228
170	237
170	246
170	247
170	252
170	253
170	254
170	255
170	256
170	258
170	261
170	262
170	264
170	265
170	266
170	267
170	269
170	273
170	274
170	277
170	278
170	279
170	281
170	282
170	283
170	285
170	286
170	287
171	228
171	273
171	285
171	287
172	228
172	237
172	246
172	247
172	252
172	253
172	254
172	255
172	256
172	258
172	261
172	262
172	264
172	265
172	266
172	267
172	269
172	273
172	274
172	277
172	278
172	279
172	281
172	282
172	283
172	285
172	286
172	287
173	228
173	273
173	285
174	228
174	273
174	285
174	287
175	228
175	273
175	285
175	287
176	228
176	273
176	285
176	287
177	228
177	273
177	285
177	287
178	228
179	228
180	228
181	228
182	228
183	228
183	273
183	285
184	228
184	273
184	285
184	287
185	228
185	273
185	285
185	287
186	228
187	228
188	228
189	228
190	228
191	228
191	273
191	285
192	228
192	273
192	285
193	228
193	273
193	285
193	287
194	228
195	228
195	273
195	285
195	287
196	228
197	228
197	273
197	285
197	287
198	228
199	228
199	273
199	285
199	287
200	228
200	273
200	285
200	287
201	228
201	273
201	285
201	287
202	228
202	273
202	285
202	287
203	228
204	228
204	246
204	247
204	252
204	253
204	254
204	255
204	256
204	258
204	261
204	262
204	264
204	265
204	266
204	267
204	269
204	273
204	274
204	277
204	278
204	279
204	281
204	282
204	283
204	285
204	286
204	287
205	228
206	228
206	273
206	285
206	287
207	228
207	273
207	285
208	228
209	228
210	228
211	228
211	246
211	252
211	253
211	254
211	255
211	256
211	258
211	261
211	264
211	265
211	266
211	267
211	269
211	273
211	274
211	277
211	281
211	282
211	283
211	285
211	286
211	287
212	228
213	228
214	228
215	228
216	228
217	228
217	273
217	285
217	287
218	228
219	228
220	228
221	228
222	228
222	273
222	285
222	287
223	228
223	246
223	247
223	252
223	253
223	254
223	255
223	256
223	258
223	261
223	262
223	264
223	265
223	266
223	267
223	269
223	273
223	274
223	277
223	278
223	279
223	281
223	282
223	283
223	285
223	286
223	287
224	228
224	273
224	285
224	287
225	228
226	228
226	273
226	285
226	287
227	228
227	273
227	285
227	287
228	229
228	230
228	231
228	232
228	233
228	234
228	235
228	236
228	237
228	238
228	239
228	240
228	241
228	242
228	243
228	244
228	245
228	246
228	247
228	248
228	249
228	250
228	251
228	252
228	253
228	254
228	255
228	256
228	257
228	258
228	259
228	260
228	261
228	262
228	263
228	264
228	265
228	266
228	267
228	268
228	269
228	270
228	271
228	272
228	273
228	274
228	275
228	276
228	277
228	278
228	279
228	280
228	281
228	282
228	283
228	284
228	285
228	286
228	287
228	288
234	288
236	288
237	288
238	288
246	288
247	288
252	288
253	288
254	288
255	288
256	288
258	288
261	288
262	288
264	288
265	288
266	288
267	288
269	288
273	288
274	288
277	288
278	288
279	288
281	288
282	288
283	288
285	288
286	288
287	288