143
0.999034865600726	0.04392422240790868
0.9961413253717212	0.08776365925980288
0.9913249646234069	0.1314336886585815
0.9845950802266584	0.17485001570906433
0.9759646626673444	0.21792883522979833
0.9654503709711981	0.26058699351958436
0.9530725005474194	0.30274214886647205
0.9388549440130799	0.3443129304893974
0.9228251450739493	0.38521909560566236
0.9050140455507668	0.42538168432107487
0.8854560256532099	0.46472317204376856
0.8641888376168482	0.5031676191275039
0.8412535328311812	0.5406408174555976
0.8166943825994217	0.5770704336825353
0.7905587926829812	0.6123861488567709
0.7628972117956068	0.6465197941552053
0.733763034223804	0.6794054824673382
0.7032124967615111	0.7109797355751019
0.6713045701579703	0.7411816066828849
0.6381008452883309	0.7699527980612303
0.6036654142667042	0.7972377735771233
0.5680647467311558	0.8229838658936565
0.5313675615394372	0.8471413781321465
0.49364469412311834	0.8696636798004691
0.4549689597561651	0.8905072968024422
0.41541501300188644	0.9096319953545183
0.3750592036095618	0.9270008596478005
0.33397942913890133	0.9425803631054774
0.2922549845968171	0.9563404330981276
0.24996640937674572	0.9682545089919784
0.20719533179596908	0.9782995934180686
0.16402431153102187	0.9864562966633516
0.120536680255323	0.992708874098054
0.07681638078664672	0.9970452565670431
0.0329478050549208	0.9994570736865406
-0.010984368796883501	0.9999396700012126
-0.05489533986432743	0.9984921139704509
-0.09870034817004555	0.9951171997664957
-0.14231483827328523	0.9898214418809327
-0.18565462248463532	0.9826150625499731
-0.2286360433708973	0.9735119720227898
-0.271176135236417	0.962529741710998
-0.3131927842691789	0.9496895702711068
-0.3546048870425357	0.9350162426854148
-0.39533250706662154	0.9185380824203314
-0.4352970290872649	0.9002868967544739
-0.4744213108345605	0.8802979153820696
-0.5126298319281858	0.8586097224101763
-0.5498488396520348	0.8352641818809848
-0.5860064913167861	0.8103063569629635
-0.6210329929356018	0.7837844229668314
-0.654860733945285	0.7557495743542583
-0.6874244177128394	0.7262559259187933
-0.7186611875755226	0.6953604083297665
-0.7485107481711012	0.6631226582407952
-0.7769154818241072	0.6296049031750113
-0.8038205597634392	0.5948718414092159
-0.8291740479566284	0.5589905170888133
-0.8529270073564809	0.5220301908145903
-0.8750335883665944	0.4840622059511376
-0.8954511193434023	0.4451598509149809
-0.9141401889639166	0.40539821770823675
-0.931064722300175	0.36485405697086337
-0.9461920504535486	0.3236056298312954
-0.9594929736144974	0.28173255684142967
-0.970941817426052	0.23931566428755768
-0.9805164825422236	0.19643682817390762
-0.9881984872856818	0.15317881617994772
-0.9939730033223599	0.10962512789651714
-0.9978288842841259	0.0658598336491715
-0.9997586872842681	0.02196741221985486
-0.9997586872842681	-0.021967412219854612
-0.9978288842841259	-0.06585983364917125
-0.9939730033223599	-0.10962512789651734
-0.9881984872856817	-0.1531788161799479
-0.9805164825422236	-0.1964368281739078
-0.970941817426052	-0.23931566428755788
-0.9594929736144974	-0.28173255684142984
-0.9461920504535485	-0.3236056298312956
-0.9310647223001751	-0.36485405697086315
-0.9141401889639167	-0.40539821770823653
-0.8954511193434024	-0.44515985091498067
-0.8750335883665945	-0.48406220595113736
-0.852927007356481	-0.5220301908145902
-0.8291740479566283	-0.5589905170888135
-0.8038205597634391	-0.594871841409216
-0.7769154818241071	-0.6296049031750115
-0.748510748171101	-0.6631226582407953
-0.7186611875755224	-0.6953604083297666
-0.6874244177128392	-0.7262559259187934
-0.6548607339452852	-0.7557495743542582
-0.6210329929356017	-0.7837844229668315
-0.5860064913167858	-0.8103063569629636
-0.5498488396520347	-0.835264181880985
-0.5126298319281852	-0.8586097224101766
-0.4744213108345599	-0.8802979153820699
-0.43529702908726514	-0.9002868967544738
-0.39533250706662176	-0.9185380824203313
-0.3546048870425359	-0.9350162426854147
-0.3131927842691792	-0.9496895702711068
-0.2711761352364172	-0.9625297417109979
-0.22863604337089755	-0.9735119720227898
-0.18565462248463555	-0.9826150625499731
-0.14231483827328523	-0.9898214418809327
-0.09870034817004558	-0.9951171997664957
-0.05489533986432746	-0.9984921139704509
-0.010984368796883526	-0.9999396700012126
0.03294780505492077	-0.9994570736865406
0.07681638078664692	-0.9970452565670431
0.1205366802553232	-0.992708874098054
0.16402431153102207	-0.9864562966633516
0.20719533179596927	-0.9782995934180685
0.2499664093767459	-0.9682545089919783
0.2922549845968175	-0.9563404330981274
0.3339794291389017	-0.9425803631054772
0.3750592036095622	-0.9270008596478004
0.4154150130018868	-0.9096319953545182
0.4549689597561647	-0.8905072968024424
0.4936446941231182	-0.8696636798004692
0.531367561539437	-0.8471413781321466
0.5680647467311556	-0.8229838658936566
0.603665414266704	-0.7972377735771234
0.6381008452883307	-0.7699527980612304
0.6713045701579702	-0.741181606682885
0.703212496761511	-0.710979735575102
0.733763034223804	-0.6794054824673382
0.7628972117956068	-0.6465197941552053
0.7905587926829812	-0.6123861488567709
0.8166943825994218	-0.5770704336825352
0.8412535328311812	-0.5406408174555974
0.8641888376168483	-0.5031676191275037
0.88545602565321	-0.4647231720437684
0.9050140455507669	-0.42538168432107465
0.9228251450739494	-0.38521909560566214
0.93885494401308	-0.3443129304893971
0.9530725005474195	-0.3027421488664717
0.9654503709711982	-0.260586993519584
0.9759646626673445	-0.21792883522979792
0.9845950802266583	-0.17485001570906475
0.9913249646234069	-0.13143368865858185
0.9961413253717211	-0.08776365925980321
0.999034865600726	-0.04392422240790896
1.	0