165
0.9992750478004736	0.03807070846938995
0.9971012423132775	0.07608621805109507
0.9934817353485502	0.11399140989054063
0.9884217748453624	0.15173132508333162
0.9819286972627067	0.1892512443604102
0.9740119169423335	0.22649676742576438
0.9646829124588557	0.2634138918316567
0.9539552099769126	0.29994909127701064
0.9418443636395247	0.3360493932154301
0.9283679330160726	0.3716624556603275
0.9135454576426009	0.40673664307580015
0.8973984286913584	0.4412211012432213
0.8799502578106532	0.4750658309949949
0.8612262431802006	0.5082217607085691
0.8412535328311812	0.5406408174555976
0.8200610852841911	0.5722759967030896
0.7976796275621554	0.6030814304654895
0.7741416106390825	0.6330124538088704
0.7494811623892541	0.6620256696108184
0.7237340381050702	0.6900790114821119
0.6969375686552935	0.7171318047589634
0.6691306063588582	0.7431448254773941
0.6403534686527224	0.7680803572442318
0.6106478796354381	0.7919022459222751
0.5800569095711982	0.8145759520503357
0.5486249124420699	0.8360686009221558
0.5163974616389619	0.8563490302515889
0.48342128388456385	0.8753878353549357
0.44974419148406575	0.8931574117849238
0.41541501300188644	0.9096319953545183
0.38048352246492306	0.9247876994925291
0.3450003671949707	0.9386025498768557
0.30901699437494745	0.9510565162951535
0.2725855764553979	0.9621315416867272
0.23575893550942728	0.9718115683235417
0.19859046664574553	0.9800825610923934
0.16113406059086416	0.9869325278444823
0.12344402555269482	0.992351536782881
0.08557500847883984	0.9963317308626913
0.0475819158237424	0.998867339183008
0.009519833939576759	0.9999546853541729
-0.028556050793696133	0.9995921928281892
-0.06659053198330367	0.9977803871845651
-0.10452846326765333	0.9945218953682734
-0.142314838273285	0.9898214418809328
-0.1798948703688537	0.9836858419307322
-0.2172140721005076	0.9761239915510301
-0.254218334193487	0.9671468547019572
-0.2908540040053991	0.9567674473737217
-0.32706796331742166	0.9450008187146685
-0.36280770535064105	0.9318640292114523
-0.39802141089586224	0.9173761259529634
-0.43265802344650806	0.9015581150138692
-0.4666673232256737	0.8844329309978143
-0.4999999999999998	0.8660254037844387
-0.5326077245747999	0.8463622225284244
-0.564443218866769	0.8254718969627741
-0.5954603244526879	0.8033847160624227
-0.6256140694947212	0.7801327041281209
-0.654860733945285	0.7557495743542583
-0.6831579129369343	0.7302706799479575
-0.7104645782653687	0.7037329628703005
-0.7367411378764047	0.6761749002740196
-0.7619494932706707	0.647636448715302
-0.7860530947427875	0.6181589862206051
-0.8090169943749473	0.5877852522924732
-0.8308078967080547	0.5565592859413437
-0.8513942070169569	0.5245263618331945
-0.8707460771197773	0.4917329246456037
-0.8888354486549234	0.4582265217274105
-0.9056360937630309	0.4240557341596017
-0.92112365311485	0.3892701063173916
-0.9352756712299466	0.3539200740356118
-0.9480716290349994	0.31805689148157507
-0.9594929736144974	0.28173255684142967
-0.9695231451106913	0.24499973692776386
-0.9781476007338057	0.20791169081775931
-0.985353835847693	0.17052219263262397
-0.9911314021003612	0.13288545357025403
-0.9954719225730846	0.09505604330418288
-0.9983691039261356	0.057088810862767986
-0.9998187455235258	0.01903880510334691
-0.9998187455235258	-0.019038805103346663
-0.9983691039261356	-0.057088810862767736
-0.9954719225730846	-0.09505604330418263
-0.9911314021003612	-0.13288545357025378
-0.985353835847693	-0.17052219263262375
-0.9781476007338057	-0.20791169081775907
-0.9695231451106913	-0.24499973692776364
-0.9594929736144975	-0.2817325568414294
-0.9480716290349995	-0.3180568914815748
-0.9352756712299466	-0.3539200740356116
-0.9211236531148501	-0.3892701063173914
-0.905636093763031	-0.42405573415960146
-0.8888354486549235	-0.4582265217274103
-0.8707460771197771	-0.49173292464560386
-0.851394207016957	-0.5245263618331942
-0.8308078967080545	-0.5565592859413439
-0.8090169943749476	-0.587785252292473
-0.7860530947427874	-0.6181589862206053
-0.761949493270671	-0.6476364487153019
-0.7367411378764048	-0.6761749002740195
-0.7104645782653689	-0.7037329628703003
-0.6831579129369344	-0.7302706799479574
-0.6548607339452852	-0.7557495743542582
-0.6256140694947218	-0.7801327041281204
-0.5954603244526882	-0.8033847160624226
-0.5644432188667692	-0.825471896962774
-0.5326077245747997	-0.8463622225284245
-0.5000000000000004	-0.8660254037844384
-0.4666673232256739	-0.8844329309978142
-0.4326580234465083	-0.9015581150138691
-0.398021410895862	-0.9173761259529634
-0.36280770535064144	-0.9318640292114522
-0.3270679633174219	-0.9450008187146683
-0.2908540040053991	-0.9567674473737217
-0.2542183341934868	-0.9671468547019572
-0.21721407210050828	-0.9761239915510299
-0.17989487036885418	-0.983685841930732
-0.14231483827328523	-0.9898214418809327
-0.10452846326765336	-0.9945218953682734
-0.06659053198330435	-0.9977803871845651
-0.028556050793696598	-0.9995921928281892
0.009519833939576514	-0.9999546853541729
0.04758191582374238	-0.998867339183008
0.08557500847883916	-0.9963317308626914
0.12344402555269436	-0.992351536782881
0.1611340605908639	-0.9869325278444823
0.1985904666457455	-0.9800825610923934
0.23575893550942748	-0.9718115683235417
0.27258557645539744	-0.9621315416867273
0.30901699437494723	-0.9510565162951536
0.3450003671949707	-0.9386025498768557
0.3804835224649233	-0.924787699492529
0.41541501300188605	-0.9096319953545186
0.4497441914840655	-0.8931574117849239
0.48342128388456385	-0.8753878353549357
0.516397461638962	-0.8563490302515889
0.5486249124420696	-0.8360686009221561
0.5800569095711979	-0.8145759520503358
0.6106478796354381	-0.7919022459222751
0.6403534686527225	-0.7680803572442318
0.6691306063588578	-0.7431448254773946
0.6969375686552932	-0.7171318047589637
0.7237340381050701	-0.690079011482112
0.7494811623892541	-0.6620256696108184
0.7741416106390822	-0.6330124538088708
0.7976796275621552	-0.6030814304654898
0.820061085284191	-0.5722759967030897
0.8412535328311812	-0.5406408174555974
0.8612262431802002	-0.5082217607085696
0.879950257810653	-0.4750658309949952
0.8973984286913583	-0.44122110124322145
0.913545457642601	-0.40673664307580015
0.9283679330160723	-0.3716624556603281
0.9418443636395245	-0.3360493932154305
0.9539552099769126	-0.2999490912770108
0.9646829124588557	-0.26341389183165664
0.9740119169423334	-0.226496767425765
0.9819286972627066	-0.18925124436041063
0.9884217748453624	-0.15173132508333184
0.9934817353485502	-0.11399140989054063
0.9971012423132775	-0.07608621805109486
0.9992750478004735	-0.03807070846939041
1.	0