138
0.9989636736467276	0.045514599132963594
0.9958568425315313	0.09093486230884694
0.9906859460363308	0.1361666490962466
0.9834617016337421	0.18111620970985573
0.9741990826734791	0.2256903793212106
0.9629172873477992	0.2697967711570243
0.9496396989003193	0.31334396798488223
0.9343938371606711	0.3562417115894168
0.917211301505453	0.39840108984624145
0.8981277053636961	0.4397347210059058
0.8771826024025943	0.48015693480591554
0.8544194045464886	0.5195839500354336
0.8298852919990252	0.5579340481846333
0.8036311154549782	0.5951277428187897
0.7757112907044199	0.6310879443260528
0.7461836858476856	0.6657401196974406
0.7151095013548994	0.6990124470078821
0.6825531432186541	0.730835964278124
0.648582089462756	0.7611447124089646
0.6132667502837164	0.7898758718915586
0.5766803221148672	0.816969893010442
0.5388986359155756	0.8423706192694116
0.5000000000000001	0.8660254037844386
0.4600650377311522	0.8878852184023752
0.41917652041666414	0.9079047553192889
0.3774191957526144	0.9260425209878053
0.3348796121709863	0.9422609221188204
0.29164593945482503	0.9565263435993347
0.24780778599289993	0.9688092181649064
0.20345601305263397	0.9790840876823228
0.15868254645625143	0.9873296559154696
0.11358018605047492	0.9935288326650311
0.068242413364671	0.9976687691905392
0.02276319785610566	0.9997408848413492
-0.022763197856105536	0.9997408848413492
-0.06824241336467088	0.9976687691905392
-0.11358018605047479	0.9935288326650312
-0.1586825464562511	0.9873296559154696
-0.20345601305263364	0.9790840876823229
-0.24780778599289982	0.9688092181649064
-0.2916459394548249	0.9565263435993347
-0.33487961217098616	0.9422609221188205
-0.3774191957526143	0.9260425209878053
-0.4191765204166638	0.9079047553192892
-0.4600650377311521	0.8878852184023752
-0.4999999999999998	0.8660254037844387
-0.5388986359155755	0.8423706192694116
-0.5766803221148671	0.8169698930104421
-0.613266750283716	0.7898758718915588
-0.648582089462756	0.7611447124089648
-0.6825531432186539	0.7308359642781243
-0.7151095013548995	0.699012447007882
-0.7461836858476855	0.6657401196974407
-0.7757112907044197	0.631087944326053
-0.8036311154549782	0.5951277428187897
-0.829885291999025	0.5579340481846334
-0.8544194045464883	0.5195839500354339
-0.8771826024025943	0.48015693480591565
-0.898127705363696	0.43973472100590605
-0.9172113015054528	0.3984010898462418
-0.934393837160671	0.3562417115894169
-0.9496396989003192	0.3133439679848825
-0.9629172873477992	0.2697967711570243
-0.974199082673479	0.2256903793212108
-0.983461701633742	0.1811162097098561
-0.9906859460363308	0.13616664909624665
-0.9958568425315313	0.09093486230884718
-0.9989636736467276	0.04551459913296355
-1.	0
-0.9989636736467276	-0.0455145991329633
-0.9958568425315313	-0.09093486230884694
-0.9906859460363308	-0.1361666490962464
-0.9834617016337421	-0.1811162097098554
-0.9741990826734791	-0.22569037932121055
-0.9629172873477994	-0.26979677115702405
-0.9496396989003194	-0.31334396798488184
-0.9343938371606711	-0.3562417115894167
-0.9172113015054532	-0.3984010898462412
-0.8981277053636961	-0.4397347210059058
-0.8771826024025944	-0.4801569348059154
-0.8544194045464888	-0.5195839500354332
-0.8298852919990252	-0.5579340481846333
-0.8036311154549783	-0.5951277428187896
-0.7757112907044198	-0.6310879443260528
-0.7461836858476856	-0.6657401196974405
-0.7151095013548996	-0.6990124470078819
-0.6825531432186541	-0.730835964278124
-0.6485820894627564	-0.7611447124089643
-0.6132667502837162	-0.7898758718915587
-0.5766803221148672	-0.816969893010442
-0.5388986359155757	-0.8423706192694115
-0.5000000000000004	-0.8660254037844384
-0.4600650377311527	-0.887885218402375
-0.41917652041666403	-0.907904755319289
-0.3774191957526145	-0.9260425209878052
-0.3348796121709864	-0.9422609221188204
-0.29164593945482536	-0.9565263435993346
-0.2478077859929005	-0.9688092181649062
-0.20345601305263367	-0.9790840876823229
-0.15868254645625132	-0.9873296559154696
-0.11358018605047504	-0.9935288326650311
-0.06824241336467135	-0.9976687691905392
-0.022763197856106226	-0.9997408848413492
0.02276319785610586	-0.9997408848413492
0.06824241336467098	-0.9976687691905392
0.11358018605047467	-0.9935288326650312
0.15868254645625096	-0.9873296559154697
0.2034560130526333	-0.979084087682323
0.24780778599289927	-0.9688092181649065
0.29164593945482503	-0.9565263435993347
0.33487961217098605	-0.9422609221188205
0.3774191957526142	-0.9260425209878054
0.4191765204166637	-0.9079047553192892
0.4600650377311516	-0.8878852184023756
0.5000000000000001	-0.8660254037844386
0.5388986359155754	-0.8423706192694117
0.576680322114867	-0.8169698930104422
0.613266750283716	-0.789875871891559
0.6485820894627555	-0.7611447124089651
0.6825531432186536	-0.7308359642781246
0.7151095013548994	-0.6990124470078821
0.7461836858476854	-0.6657401196974407
0.7757112907044196	-0.6310879443260531
0.8036311154549779	-0.5951277428187901
0.8298852919990247	-0.557934048184634
0.8544194045464886	-0.5195839500354336
0.8771826024025942	-0.48015693480591576
0.898127705363696	-0.43973472100590616
0.9172113015054528	-0.3984010898462419
0.9343938371606708	-0.3562417115894175
0.9496396989003193	-0.3133439679848822
0.9629172873477992	-0.2697967711570244
0.974199082673479	-0.22569037932121092
0.983461701633742	-0.1811162097098562
0.9906859460363306	-0.1361666490962472
0.9958568425315313	-0.09093486230884686
0.9989636736467276	-0.04551459913296367
1.	0