227
0.9996169545579205	0.02767569620349482
0.9984681116793037	0.05533019030841539
0.9965543514822061	0.08294229645892191
0.993877140080869	0.11049086127220006
0.9904385284625422	0.1379547800438747
0.9862411509162406	0.1653130129161316
0.9812882230146397	0.19254460099616064
0.9755835391506549	0.2196286824125725
0.9691314696305913	0.24654450829748828
0.9619369573260923	0.27327145868205793
0.9540055138874503	0.29978905829323044
0.9453432155211818	0.32607699223967396
0.9359566983351012	0.35211512157482877
0.9258531532544586	0.3778834987251706
0.9150403205130381	0.40336238277186504
0.9035264837234347	0.4285322545741053
0.8913204635310548	0.45337383172254836
0.8784316108566995	0.47786808331139263
0.8648697997329099	0.5019962445177816
0.8506454197395606	0.5257398309773635
0.8357693680444974	0.5490806529449944
0.8202530410553162	0.5720008292297362
0.8041083256886788	0.5944828008934738
0.7873475902638553	0.6165093447026576
0.769983675027466	0.6380635863228661
0.7520298823166871	0.659129013246079
0.7334999663684504	0.6796894874407594
0.714408122782448	0.6997292577150528
0.6947689776460129	0.7192329717836314
0.6745975763292069	0.7381856880289402
0.6539093719586995	0.7565728869478335
0.6327202135792683	0.7743804822748344
0.6110463340119912	0.7915948317734939
0.5889043374184287	0.8082027476875845
0.5663111865803284	0.8241915068441196
0.5432841899045918	0.8395488604004603
0.5198409881634617	0.8542630432280421
0.4959995409800873	0.8683227829255332
0.4717781130698211	0.8817173084545177
0.4471952602477865	0.89443635839109
0.422269815213437	0.9064701887870388
0.3970208731229973	0.917809580634596
0.37146777696083705	0.9284458469290354
0.3456301027209883	0.9383708393237074
0.3195276444101542	0.947576954372413
0.29318039888370073	0.9560571393543349
0.2666085505262484	0.9638048976770625
0.2398324557885993	0.970814293853572
0.21287262759284492	0.9770799580493492
0.18574971961760472	0.9825970901961705
0.1584845104754304	0.9873614636693916
0.13109788779450052	0.9913694285259257
0.10361083221679876	0.9946179143004324
0.07604440132503561	0.9971044323575725
0.04841971351062626	0.9988270777985291
0.02075793179508261	0.9997845309203331
-0.006919752382783239	0.9999760582268762
-0.034592135401428005	0.9994015129908346
-0.06223801770047815	0.9980613353660761
-0.08983622002151984	0.9959565520504622
-0.11736559963333554	0.9930887754993043
-0.1448050665291585	0.9894602026900758
-0.1721335995835335	0.9850736134393285
-0.19933026265641007	0.9799323682731
-0.22637422063212861	0.9740404058524453
-0.2532447553810123	0.9674022399560647
-0.27992128163133756	0.9600229560223388
-0.30638336273952277	0.9519082072534211
-0.33261072634645555	0.9430642102843705
-0.35858327990796085	0.9334977404206445
-0.38428112608751686	0.9232161264475994
-0.4096845779994229	0.9122272450159745
-0.4347741742907432	0.9005395146076615
-0.4595306940504715	0.8881618890863827
-0.48393517153449683	0.8751038508382174
-0.5079689106950854	0.861375403507233
-0.5316134995037544	0.8469870643317828
-0.5548508240565582	0.8319498560873476
-0.5776630824509839	0.8162752986420867
-0.6000327984238291	0.7999754001315719
-0.6219428347396051	0.7830626477594652
-0.6433764063192196	0.7655499982311844
-0.6643170930988697	0.7474508678278913
-0.6847488526093058	0.7287791221283985
-0.7046560322658201	0.7095490653868776
-0.7240233813595477	0.6897754295745007
-0.7428360627408982	0.6694733630934098
-0.7610796641861581	0.648658419171666
-0.7787402094385667	0.6273465439480618
-0.7958041689153961	0.6055540642559306
-0.8122584700728439	0.5832976751153076
-0.8280905074207883	0.5605944269430275
-0.843288152179739	0.5374617124905564
-0.8578397615725858	0.5139172535195615
-0.8717341877440226	0.4899790872254337
-0.8849607863008191	0.4656655524191541
-0.8975094244663928	0.4409952754780989
-0.909370488843436	0.4159871560765433
-0.9205348927786532	0.39066035270678984
-0.9309940833239625	0.3650342680020258
-0.9407400477888316	0.3391285338721395
-0.9497653198787264	0.31296299646389597
-0.9580629854149719	0.2865577009569824
-0.9656266876316411	0.2599328762075798
-0.9724506320454152	0.2331089192512218
-0.9785295908946847	0.20610637967680887
-0.9838589071444902	0.178945943883759
-0.9884344980542339	0.15164841923434214
-0.99225285830543	0.1242347181133532
-0.9953110626870978	0.09672584190732157
-0.9976067683367386	0.06914286491554171
-0.9991382165351814	0.04150691820524588
-0.9999042340539219	0.013839173423283035
-0.9999042340539219	-0.013839173423283235
-0.9991382165351814	-0.04150691820524608
-0.9976067683367386	-0.06914286491554192
-0.9953110626870978	-0.09672584190732132
-0.99225285830543	-0.12423471811335339
-0.9884344980542338	-0.15164841923434233
-0.9838589071444902	-0.1789459438837592
-0.9785295908946847	-0.20610637967680906
-0.9724506320454152	-0.23310891925122157
-0.9656266876316411	-0.25993287620758
-0.9580629854149719	-0.2865577009569822
-0.9497653198787264	-0.3129629964638962
-0.9407400477888315	-0.3391285338721397
-0.9309940833239624	-0.36503426800202604
-0.9205348927786532	-0.39066035270679
-0.9093704888434361	-0.4159871560765431
-0.8975094244663927	-0.4409952754780991
-0.8849607863008192	-0.46566555241915386
-0.8717341877440224	-0.4899790872254339
-0.8578397615725857	-0.5139172535195616
-0.8432881521797388	-0.5374617124905565
-0.8280905074207882	-0.5605944269430276
-0.812258470072844	-0.5832976751153075
-0.795804168915396	-0.6055540642559307
-0.7787402094385665	-0.6273465439480619
-0.761079664186158	-0.6486584191716662
-0.742836062740898	-0.6694733630934099
-0.7240233813595478	-0.6897754295745006
-0.70465603226582	-0.7095490653868778
-0.684748852609306	-0.7287791221283983
-0.6643170930988694	-0.7474508678278914
-0.6433764063192193	-0.7655499982311846
-0.6219428347396049	-0.7830626477594653
-0.6000327984238285	-0.7999754001315723
-0.577663082450984	-0.8162752986420866
-0.554850824056558	-0.8319498560873477
-0.5316134995037542	-0.846987064331783
-0.5079689106950857	-0.8613754035072329
-0.48393517153449667	-0.8751038508382175
-0.45953069405047126	-0.8881618890863828
-0.43477417429074344	-0.9005395146076614
-0.409684577999423	-0.9122272450159745
-0.3842811260875167	-0.9232161264475995
-0.35858327990796046	-0.9334977404206447
-0.3326107263464558	-0.9430642102843704
-0.3063833627395228	-0.9519082072534211
-0.27992128163133717	-0.9600229560223389
-0.25324475538101254	-0.9674022399560646
-0.22637422063212864	-0.9740404058524453
-0.19933026265640988	-0.9799323682731
-0.17213359958353308	-0.9850736134393286
-0.14480506652915875	-0.9894602026900758
-0.11736559963333555	-0.9930887754993043
-0.08983622002151942	-0.9959565520504623
-0.06223801770047839	-0.9980613353660761
-0.034592135401428026	-0.9994015129908346
-0.006919752382783039	-0.9999760582268762
0.020757931795083034	-0.9997845309203331
0.04841971351062602	-0.9988270777985291
0.07604440132503582	-0.9971044323575725
0.10361083221679918	-0.9946179143004324
0.13109788779450027	-0.9913694285259258
0.15848451047543038	-0.9873614636693916
0.18574971961760492	-0.9825970901961705
0.2128726275928453	-0.9770799580493491
0.23983245578859905	-0.970814293853572
0.26660855052624854	-0.9638048976770625
0.2931803988837011	-0.9560571393543348
0.31952764441015397	-0.9475769543724131
0.3456301027209883	-0.9383708393237074
0.3714677769608372	-0.9284458469290353
0.39702087312299766	-0.9178095806345958
0.422269815213437	-0.9064701887870388
0.44719526024778666	-0.8944363583910899
0.4717781130698215	-0.8817173084545175
0.4959995409800871	-0.8683227829255333
0.5198409881634616	-0.8542630432280421
0.543284189904592	-0.8395488604004601
0.5663111865803282	-0.8241915068441198
0.5889043374184286	-0.8082027476875846
0.6110463340119913	-0.7915948317734938
0.6327202135792687	-0.7743804822748341
0.6539093719586992	-0.7565728869478336
0.6745975763292069	-0.7381856880289402
0.6947689776460131	-0.7192329717836312
0.7144081227824478	-0.699729257715053
0.7334999663684504	-0.6796894874407594
0.7520298823166872	-0.6591290132460789
0.7699836750274662	-0.6380635863228659
0.787347590263855	-0.6165093447026578
0.8041083256886788	-0.5944828008934737
0.8202530410553164	-0.5720008292297359
0.8357693680444973	-0.5490806529449946
0.8506454197395606	-0.5257398309773635
0.86486979973291	-0.5019962445177815
0.8784316108566997	-0.47786808331139224
0.8913204635310548	-0.4533738317225485
0.9035264837234348	-0.42853225457410526
0.9150403205130382	-0.4033623827718647
0.9258531532544585	-0.37788349872517085
0.9359566983351012	-0.35211512157482877
0.9453432155211818	-0.3260769922396738
0.9540055138874504	-0.29978905829323
0.9619369573260923	-0.27327145868205804
0.9691314696305914	-0.24654450829748817
0.975583539150655	-0.21962868241257213
0.9812882230146397	-0.1925446009961609
0.9862411509162406	-0.16531301291613162
0.9904385284625423	-0.13795478004387446
0.9938771400808691	-0.11049086127219955
0.9965543514822061	-0.08294229645892204
0.9984681116793037	-0.05533019030841526
0.9996169545579205	-0.027675696203494433
1.	0