161
0.9992385824756699	0.03901609016820978
0.9969554894159722	0.07797276526684974
0.9931541975950378	0.11681070070570036
0.9878404957532815	0.1554707527154578
0.9810224757821062	0.19389404841393854
0.9727105204012866	0.2320220754597679
0.9629172873477992	0.2697967711570243
0.951657690100178	0.30716061087514734
0.938948875167745	0.34405669564946184
0.9248101959793065	0.38042883882891515
0.9092631834110724	0.41622165163907865
0.8923315129986835	0.4513806275301148
0.8740409688832762	0.48585222518126203
0.8544194045464886	0.5195839500354336
0.8334967003942021	0.5525244342397698
0.8113047182536126	0.5846235148704046
0.7878772528529232	0.6158323103223238
0.7632499803575472	0.6461032947479868
0.7374604040411935	0.6753903704313526
0.7105477971745666	0.703648937987098
0.6825531432186541	0.730835964278124
0.653519073413675	0.756910047947926
0.6234898018587336	0.7818314824680298
0.5925110581810394	0.8055623166044852
0.5606300178972284	0.8280664122113355
0.5278952305728325	0.849309499263052
0.4943565458892997	0.8692592280421305
0.4600650377311522	0.8878852184023752
0.42507292640888444	0.9051591060328494
0.3894334991360444	0.9210545856520429
0.3532010288815979	0.9355474510664762
0.3164306917211476	0.9486156320327407
0.27917848281287255	0.9602392278668387
0.24150113112613825	0.9704005377496427
0.20345601305263375	0.9790840876823229
0.16510106503159228	0.9862766540506949
0.12649469532214955	0.991967283762603
0.08769569505720064	0.9961473109276733
0.048763148714201794	0.9988103700540342
0.009756344139258155	0.9999524057419115
-0.029265317738487538	0.999571678859333
-0.06824241336467088	0.9976687691905392
-0.10711558705197735	0.9942465745530684
-0.14582564136906348	0.9893103063848578
-0.1843136272884792	0.9828674818080836
-0.22252093395631434	0.9749279121818236
-0.2603893779468602	0.965503688160976
-0.2978612918663697	0.9546091612841862
-0.33487961217098616	0.9422609221188205
-0.37138796606510666	0.9284777749962695
-0.40733075734785257	0.9132807093760521
-0.44265325107691206	0.8966928678823314
-0.4773016569208278	0.8787395110615162
-0.5112232110728013	0.8594479789146136
-0.5443662566012646	0.8388476492629197
-0.5766803221148671	0.8169698930104421
-0.6081161986220807	0.7938480263711878
-0.6386260144683743	0.7695172601340661
-0.6681633082368496	0.7440146460426628
-0.6966830995013129	0.7173790203715492
-0.7241419573240462	0.6896509447850406
-0.7504980663939613	0.6608726445684715
-0.7757112907044197	0.631087944326053
-0.7997432346737521	0.6003422012432275
-0.8225573016153944	0.568682236015159
-0.8441187494686053	0.5361562615465365
-0.8643947437048943	0.5028138095312719
-0.8833544073295916	0.46870565502390305
-0.900968867902419	0.43388373911755823
-0.917211301505453	0.3984010898462414
-0.9320569735915271	0.3623117414318827
-0.9454832766508678	0.32567065199913
-0.9574697646386024	0.28853361988319337
-0.9679981841107131	0.25095719865818145
-0.9770525020210205	0.2129986110153392
-0.984618930136869	0.17471566162232732
-0.9906859460363308	0.13616664909624665
-0.9952443106549533	0.09741027722446359
-0.9982870823553307	0.05850556556842385
-0.9998096274980727	0.019511759586594384
-0.9998096274980728	-0.019511759586594138
-0.9982870823553307	-0.05850556556842361
-0.9952443106549532	-0.09741027722446378
-0.9906859460363308	-0.1361666490962464
-0.984618930136869	-0.17471566162232707
-0.9770525020210206	-0.21299861101533898
-0.9679981841107131	-0.2509571986581812
-0.9574697646386026	-0.28853361988319315
-0.945483276650868	-0.32567065199912976
-0.9320569735915272	-0.36231174143188244
-0.9172113015054532	-0.3984010898462412
-0.9009688679024191	-0.433883739117558
-0.8833544073295917	-0.4687056550239028
-0.8643947437048944	-0.5028138095312716
-0.8441187494686054	-0.5361562615465363
-0.8225573016153946	-0.5686822360151588
-0.7997432346737523	-0.6003422012432273
-0.7757112907044198	-0.6310879443260528
-0.7504980663939614	-0.6608726445684713
-0.7241419573240464	-0.6896509447850405
-0.6966830995013128	-0.7173790203715494
-0.6681633082368498	-0.7440146460426627
-0.6386260144683747	-0.7695172601340656
-0.6081161986220806	-0.7938480263711879
-0.5766803221148672	-0.816969893010442
-0.5443662566012648	-0.8388476492629194
-0.5112232110728011	-0.8594479789146137
-0.47730165692082804	-0.8787395110615159
-0.4426532510769123	-0.8966928678823313
-0.4073307573478524	-0.9132807093760521
-0.37138796606510666	-0.9284777749962695
-0.3348796121709864	-0.9422609221188204
-0.2978612918663704	-0.9546091612841859
-0.26038937794686023	-0.965503688160976
-0.2225209339563146	-0.9749279121818236
-0.18431362728847966	-0.9828674818080835
-0.14582564136906326	-0.9893103063848578
-0.10711558705197759	-0.9942465745530684
-0.06824241336467135	-0.9976687691905392
-0.029265317738487336	-0.999571678859333
0.009756344139258133	-0.9999524057419115
0.04876314871420155	-0.9988103700540342
0.08769569505719996	-0.9961473109276733
0.12649469532214952	-0.991967283762603
0.16510106503159203	-0.9862766540506949
0.2034560130526333	-0.979084087682323
0.24150113112613822	-0.9704005377496427
0.2791784828128723	-0.9602392278668388
0.31643069172114713	-0.9486156320327408
0.3532010288815981	-0.9355474510664761
0.3894334991360444	-0.9210545856520429
0.425072926408884	-0.9051591060328497
0.46006503773115237	-0.8878852184023751
0.4943565458892997	-0.8692592280421305
0.5278952305728323	-0.8493094992630521
0.560630017897228	-0.8280664122113358
0.5925110581810394	-0.8055623166044852
0.6234898018587334	-0.7818314824680299
0.6535190734136745	-0.7569100479479264
0.6825531432186542	-0.730835964278124
0.7105477971745665	-0.7036489379870982
0.7374604040411932	-0.675390370431353
0.7632499803575473	-0.6461032947479867
0.7878772528529231	-0.6158323103223239
0.8113047182536124	-0.5846235148704049
0.8334967003942018	-0.5525244342397704
0.8544194045464886	-0.5195839500354336
0.8740409688832761	-0.48585222518126225
0.8923315129986833	-0.4513806275301154
0.9092631834110725	-0.41622165163907854
0.9248101959793065	-0.3804288388289153
0.9389488751677448	-0.3440566956494623
0.951657690100178	-0.3071606108751472
0.9629172873477992	-0.2697967711570244
0.9727105204012865	-0.2320220754597683
0.9810224757821063	-0.1938940484139383
0.9878404957532815	-0.15547075271545785
0.9931541975950378	-0.11681070070570068
0.9969554894159722	-0.07797276526685032
0.9992385824756699	-0.03901609016820976
1.	0