124
0.9987165071710528	0.05064916883871271
0.9948693233918952	0.10116832198743217
0.9884683243281114	0.15142777750457667
0.9795299412524945	0.20129852008866006
0.9680771188662043	0.25065253225872053
0.9541392564000488	0.29936312297335793
0.9377521321470804	0.3473052528448203
0.9189578116202306	0.39435585511331855
0.8978045395707417	0.4403941515576343
0.8743466161445821	0.48530196253108104
0.8486442574947509	0.5289640103269625
0.8207634412072763	0.5712682150947923
0.7907757369376985	0.6121059825476628
0.7587581226927909	0.6513724827222221
0.72479278722912	0.6889669190756865
0.6889669190756866	0.7247927872291199
0.6513724827222223	0.7587581226927909
0.6121059825476629	0.7907757369376985
0.5712682150947923	0.8207634412072763
0.5289640103269624	0.8486442574947509
0.485301962531081	0.8743466161445821
0.4403941515576343	0.8978045395707417
0.39435585511331855	0.9189578116202306
0.3473052528448203	0.9377521321470804
0.299363122973358	0.9541392564000488
0.25065253225872053	0.9680771188662043
0.20129852008866012	0.9795299412524945
0.1514277775045767	0.9884683243281114
0.10116832198743222	0.9948693233918952
0.05064916883871277	0.9987165071710528
0	1.
-0.05064916883871264	0.9987165071710528
-0.1011683219874321	0.9948693233918952
-0.1514277775045766	0.9884683243281114
-0.20129852008865998	0.9795299412524945
-0.2506525322587204	0.9680771188662043
-0.2993631229733578	0.9541392564000489
-0.34730525284482017	0.9377521321470805
-0.39435585511331844	0.9189578116202307
-0.4403941515576344	0.8978045395707416
-0.4853019625310809	0.8743466161445822
-0.5289640103269625	0.8486442574947509
-0.5712682150947921	0.8207634412072764
-0.6121059825476629	0.7907757369376985
-0.651372482722222	0.758758122692791
-0.6889669190756866	0.72479278722912
-0.7247927872291198	0.6889669190756867
-0.7587581226927909	0.6513724827222223
-0.7907757369376984	0.612105982547663
-0.8207634412072763	0.5712682150947923
-0.8486442574947508	0.5289640103269627
-0.8743466161445821	0.48530196253108104
-0.8978045395707416	0.44039415155763456
-0.9189578116202306	0.3943558551133186
-0.9377521321470803	0.34730525284482056
-0.9541392564000488	0.29936312297335804
-0.9680771188662042	0.2506525322587208
-0.9795299412524945	0.20129852008866017
-0.9884683243281114	0.15142777750457698
-0.9948693233918952	0.10116832198743228
-0.9987165071710528	0.050649168838713045
-1.	0
-0.9987165071710529	-0.05064916883871236
-0.9948693233918952	-0.10116832198743204
-0.9884683243281114	-0.15142777750457673
-0.9795299412524945	-0.20129852008865992
-0.9680771188662043	-0.2506525322587206
-0.9541392564000489	-0.29936312297335776
-0.9377521321470804	-0.34730525284482033
-0.9189578116202307	-0.3943558551133184
-0.8978045395707417	-0.44039415155763434
-0.8743466161445822	-0.4853019625310808
-0.8486442574947509	-0.5289640103269625
-0.8207634412072765	-0.5712682150947921
-0.7907757369376986	-0.6121059825476628
-0.7587581226927911	-0.651372482722222
-0.72479278722912	-0.6889669190756865
-0.6889669190756867	-0.7247927872291198
-0.6513724827222226	-0.7587581226927905
-0.6121059825476627	-0.7907757369376986
-0.5712682150947923	-0.8207634412072763
-0.5289640103269627	-0.8486442574947508
-0.4853019625310815	-0.8743466161445819
-0.44039415155763423	-0.8978045395707417
-0.39435585511331867	-0.9189578116202306
-0.3473052528448206	-0.9377521321470803
-0.2993631229733585	-0.9541392564000487
-0.2506525322587205	-0.9680771188662043
-0.20129852008866023	-0.9795299412524945
-0.15142777750457703	-0.9884683243281114
-0.10116832198743278	-0.994869323391895
-0.05064916883871266	-0.9987165071710528
0	-1.
0.050649168838712295	-0.9987165071710529
0.10116832198743153	-0.9948693233918953
0.15142777750457667	-0.9884683243281114
0.20129852008865987	-0.9795299412524945
0.2506525322587201	-0.9680771188662044
0.29936312297335815	-0.9541392564000488
0.3473052528448203	-0.9377521321470804
0.39435585511331833	-0.9189578116202307
0.4403941515576339	-0.8978045395707419
0.48530196253108115	-0.8743466161445821
0.5289640103269624	-0.848644257494751
0.5712682150947921	-0.8207634412072765
0.6121059825476625	-0.7907757369376989
0.6513724827222223	-0.7587581226927909
0.6889669190756865	-0.72479278722912
0.7247927872291198	-0.6889669190756869
0.7587581226927905	-0.6513724827222226
0.7907757369376986	-0.6121059825476628
0.8207634412072763	-0.5712682150947924
0.8486442574947508	-0.5289640103269627
0.8743466161445819	-0.48530196253108154
0.8978045395707417	-0.4403941515576343
0.9189578116202306	-0.3943558551133187
0.9377521321470803	-0.34730525284482067
0.9541392564000487	-0.29936312297335854
0.9680771188662043	-0.25065253225872053
0.9795299412524945	-0.20129852008866028
0.9884683243281114	-0.1514277775045771
0.994869323391895	-0.10116832198743285
0.9987165071710528	-0.050649168838712726
1.	0