287
0.9997603659092774	0.021890882964094707
0.9990415784861046	0.043771274324520985
0.9978439822224227	0.06563068750590222
0.996168151088015	0.0874586459870355
0.994014888255422	0.10924468832195491
0.9913852257150052	0.13097837315376973
0.9882804237803485	0.1526492842188745
0.9847019704842288	0.1742470353391328
0.9806515808654497	0.1957612753996419
0.9761311961468778	0.2171816933096928
0.9711429828050768	0.23849802294454803
0.9656893315319837	0.2597000480656684
0.9597728560891262	0.28077760721703104
0.9533963920549305	0.30172059859519235
0.9465629954657183	0.3225189848907603
0.939275941351046	0.3431627980989582
0.9315387221640872	0.3636421442969716
0.9233550461078112	0.38394720838579094
0.9147288353577587	0.4040682587942763
0.9056642241822691	0.4239956521431896
0.8961655569610556	0.44371983786695973
0.8862373861030837	0.4632313627909641
0.8758844698647454	0.4825208756621353
0.865111770069379	0.5015791316307187
0.8539244497292248	0.5203969966810345
0.8423278705709573	0.5389654520091215
0.8303275904659806	0.5572755983451624
0.8179293607667176	0.5753186602186207
0.8051391235501695	0.5930859901640444
0.7919630087700671	0.6105690728655216
0.7784073313189795	0.6277595292378001
0.7644785880017873	0.6446491204421159
0.7501834544219697	0.661229751834807
0.7355287817822009	0.6774934768468192
0.7205215936007869	0.6934325007922417
0.705169082345516	0.7090391846040548
0.689478605986538	0.7243060484952892
0.6734576844699234	0.7392257755438517
0.6571139961135928	0.7537912151992919
0.6404553739273426	0.7679953867098341
0.6234898018587335	0.7818314824680298
0.606225410966638	0.7952928712734265
0.5886704755242826	0.8083731015106916
0.5708334090536524	0.8210659042416665
0.5527227602931568	0.833365196209869
0.5343472091004924	0.8452650827560042
0.5157155622926618	0.8567598606430881
0.4968367494251484	0.8678440207898263
0.477719818512263	0.8785122509109423
0.4583739316907187	0.8887594380631872
0.4388083608285112	0.8985806710958093
0.4190324830812067	0.9079712430043135
0.39905577639776924	0.9169266531863787
0.3788878149780824	0.9254426095988526
0.3585382646843395	0.9335150308147923
0.3380168784085027	0.9411400479795616
0.3173334913980533	0.9483140066650506
0.29649801654227004	0.9550334686211263
0.27552043962129635	0.9612952134234767
0.2544108145202746	0.9670962400170577
0.2331792584108375	0.9724337681544033
0.21183594690227112	0.9773052397281098
0.19039110916466842	0.9817083199968549
0.1688550230264128	0.9856408987043657
0.14723801004834347	0.9891010910907964
0.12555043057695886	0.9920872387960347
0.10380267877903178	0.9945979106545002
0.08200517766001714	0.9966319033810572
0.06016837406863651	0.9981882421477106
0.03830273369003527	0.99926618105081
0.016418736029914262	0.9998652034685376
-0.0054731306079656575	0.9999850223085085
-0.027362374148492286	0.9996255801453652
-0.04923850377372052	0.9987870492482996
-0.07109103495078826	0.9974698314984899
-0.0929094944568181	0.9956745581964914
-0.1146834253984004	0.993402089759675
-0.13640239222325035	0.9906535153098557
-0.15805598572163468	0.9874301521513116
-0.17963382801517547	0.9837335451394419
-0.20112557753063762	0.9795654659403665
-0.22252093395631456	0.9749279121818236
-0.24380964317864057	0.9698231064957692
-0.2649815021966618	0.964253495453141
-0.28602636401200837	0.9582217483912949
-0.30693414249202977	0.9517307561346762
-0.32769481720375565	0.9447836296093393
-0.348298438216371	0.9373836983519805
-0.3687351308699025	0.9295345089141962
-0.38899510050782704	0.9212398231627341
-0.4090686371713399	0.91250361647655
-0.4289461202530294	0.9033300758415351
-0.4486180231077277	0.8937235978438268
-0.46807491761832726	0.8836887865626655
-0.4873074787143798	0.8732304513638048
-0.5063064888413047	0.8623536045945362
-0.5250628423780683	0.8510634591814313
-0.543567550001221	0.83936542613195
-0.5618117429931925	0.8272651119411183
-0.5797866774927847	0.8147683159045139
-0.5974837386858287	0.8018810273388468
-0.6148944449339903	0.7886094227114714
-0.6320104518397471	0.7749598626802028
-0.6488235562455964	0.7609388890448545
-0.6653257001655656	0.7465532216119625
-0.6815089746471472	0.7318097549741969
-0.6973656235618113	0.7167155552060009
-0.7128880473222687	0.7012778564770477
-0.7280688065247118	0.6855040575851332
-0.7429006255142849	0.6694017184101667
-0.7573763958720736	0.6529785562909611
-0.771489179821943	0.6362424423265597
-0.7852322135555945	0.6192013976038663
-0.7985989104742434	0.6018635893533946
-0.8115828643453649	0.5842373270349757
-0.8241778523729995	0.5663310583552965
-0.83637783818014	0.5481533652191835
-0.8481769747017752	0.5297129596165684
-0.8595696069872012	0.5110186794471103
-0.8705502749102609	0.49207948428446924
-0.881113715786208	0.4729044510822682
-0.8912548668939437	0.4535027698238001
-0.900968867902419	0.43388373911755823
-0.9102510632000363	0.41405676174071043
-0.919097004125935	0.3940313401326485
-0.9275024511020946	0.37381707184076884
-0.9354633756652287	0.3534236449206745
-0.9429759623974991	0.33286083329299976
-0.9500366107551249	0.31213849205907834
-0.9566419367940078	0.29126655277770835
-0.9627887747915492	0.2702550187052732
-0.9684741787638804	0.24911396000149671
-0.9736954238777791	0.22785350890313733
-0.9784500077565943	0.20648385486793047
-0.982735651679557	0.18501523969110328
-0.986550301673898	0.16345795259680926
-0.9898921294992516	0.14182232530683186
-0.9927595335238732	0.12011872708891634
-0.9951511394922506	0.09835755978711097
-0.9970658011837404	0.0765492528364955
-0.9985026009619159	0.05470425826468209
-0.99946085021436	0.03283304568249286
-0.9999400896826963	0.01094609726620764
-0.9999400896826963	-0.010946097266207837
-0.99946085021436	-0.032833045682492616
-0.9985026009619158	-0.05470425826468229
-0.9970658011837404	-0.07654925283649569
-0.9951511394922506	-0.09835755978711117
-0.9927595335238732	-0.12011872708891654
-0.9898921294992516	-0.14182232530683206
-0.986550301673898	-0.16345795259680945
-0.982735651679557	-0.18501523969110348
-0.9784500077565943	-0.20648385486793067
-0.9736954238777791	-0.22785350890313752
-0.9684741787638804	-0.2491139600014969
-0.9627887747915491	-0.27025501870527335
-0.9566419367940078	-0.2912665527777085
-0.9500366107551248	-0.3121384920590785
-0.9429759623974991	-0.3328608332929999
-0.9354633756652287	-0.35342364492067474
-0.9275024511020945	-0.37381707184076907
-0.919097004125935	-0.39403134013264873
-0.9102510632000362	-0.4140567617407106
-0.900968867902419	-0.4338837391175584
-0.8912548668939436	-0.4535027698238003
-0.8811137157862079	-0.4729044510822684
-0.870550274910261	-0.492079484284469
-0.8595696069872011	-0.5110186794471105
-0.8481769747017751	-0.5297129596165685
-0.8363778381801401	-0.5481533652191832
-0.8241778523729993	-0.5663310583552966
-0.8115828643453648	-0.5842373270349759
-0.7985989104742431	-0.6018635893533947
-0.7852322135555944	-0.6192013976038664
-0.7714891798219429	-0.6362424423265599
-0.7573763958720735	-0.6529785562909614
-0.7429006255142848	-0.6694017184101668
-0.7280688065247117	-0.6855040575851333
-0.7128880473222686	-0.7012778564770478
-0.6973656235618111	-0.716715555206001
-0.6815089746471471	-0.731809754974197
-0.6653257001655654	-0.7465532216119626
-0.6488235562455963	-0.7609388890448546
-0.6320104518397472	-0.7749598626802026
-0.61489444493399	-0.7886094227114715
-0.5974837386858286	-0.8018810273388469
-0.5797866774927849	-0.8147683159045137
-0.5618117429931923	-0.8272651119411184
-0.5435675500012209	-0.8393654261319501
-0.5250628423780686	-0.8510634591814311
-0.5063064888413045	-0.8623536045945364
-0.4873074787143796	-0.873230451363805
-0.4680749176183275	-0.8836887865626654
-0.4486180231077275	-0.8937235978438269
-0.4289461202530292	-0.9033300758415352
-0.4090686371713401	-0.9125036164765499
-0.3889951005078268	-0.9212398231627341
-0.3687351308699021	-0.9295345089141963
-0.34829843821637124	-0.9373836983519804
-0.32769481720375543	-0.9447836296093394
-0.3069341424920294	-0.9517307561346763
-0.2860263640120086	-0.9582217483912948
-0.26498150219666156	-0.964253495453141
-0.24380964317864015	-0.9698231064957692
-0.2225209339563146	-0.9749279121818236
-0.20112557753063742	-0.9795654659403666
-0.17963382801517505	-0.983733545139442
-0.1580559857216347	-0.9874301521513116
-0.13640239222325015	-0.9906535153098558
-0.11468342539839999	-0.9934020897596751
-0.09290949445681812	-0.9956745581964914
-0.07109103495078807	-0.9974698314984899
-0.0492385037737201	-0.9987870492482996
-0.027362374148492307	-0.9996255801453652
-0.005473130607965459	-0.9999850223085085
0.01641873602991468	-0.9998652034685376
0.03830273369003525	-0.99926618105081
0.060168374068636704	-0.9981882421477106
0.08200517766001778	-0.9966319033810572
0.10380267877903175	-0.9945979106545002
0.12555043057695905	-0.9920872387960346
0.1472380100483441	-0.9891010910907962
0.16885502302641278	-0.9856408987043657
0.19039110916466861	-0.9817083199968549
0.21183594690227175	-0.9773052397281097
0.23317925841083748	-0.9724337681544033
0.25441081452027475	-0.9670962400170576
0.27552043962129696	-0.9612952134234765
0.29649801654227004	-0.9550334686211263
0.31733349139805367	-0.9483140066650505
0.3380168784085025	-0.9411400479795616
0.3585382646843395	-0.9335150308147923
0.37888781497808277	-0.9254426095988525
0.399055776397769	-0.9169266531863788
0.41903248308120666	-0.9079712430043135
0.4388083608285116	-0.8985806710958092
0.4583739316907185	-0.8887594380631874
0.477719818512263	-0.8785122509109423
0.4968367494251487	-0.867844020789826
0.5157155622926616	-0.8567598606430882
0.5343472091004924	-0.8452650827560042
0.5527227602931571	-0.8333651962098688
0.5708334090536522	-0.8210659042416667
0.5886704755242828	-0.8083731015106915
0.6062254109666383	-0.7952928712734262
0.6234898018587334	-0.7818314824680299
0.6404553739273426	-0.7679953867098341
0.6571139961135931	-0.7537912151992916
0.6734576844699234	-0.7392257755438518
0.6894786059865381	-0.7243060484952891
0.7051690823455163	-0.7090391846040545
0.7205215936007869	-0.6934325007922418
0.735528781782201	-0.6774934768468189
0.75018345442197	-0.6612297518348068
0.7644785880017871	-0.644649120442116
0.7784073313189797	-0.6277595292378
0.7919630087700673	-0.6105690728655213
0.8051391235501694	-0.5930859901640445
0.8179293607667177	-0.5753186602186204
0.8303275904659809	-0.5572755983451619
0.8423278705709571	-0.5389654520091216
0.8539244497292249	-0.5203969966810343
0.8651117700693793	-0.5015791316307182
0.8758844698647453	-0.4825208756621354
0.8862373861030838	-0.4632313627909639
0.8961655569610558	-0.44371983786695923
0.905664224182269	-0.42399565214318974
0.9147288353577588	-0.4040682587942761
0.9233550461078114	-0.38394720838579044
0.9315387221640872	-0.36364214429697167
0.9392759413510461	-0.343162798098958
0.9465629954657185	-0.3225189848907598
0.9533963920549305	-0.30172059859519235
0.9597728560891263	-0.2807776072170308
0.9656893315319839	-0.2597000480656678
0.9711429828050768	-0.23849802294454805
0.9761311961468779	-0.21718169330969253
0.9806515808654498	-0.1957612753996413
0.9847019704842288	-0.1742470353391328
0.9882804237803485	-0.1526492842188742
0.9913852257150053	-0.13097837315376912
0.994014888255422	-0.1092446883219549
0.996168151088015	-0.08745864598703518
0.9978439822224227	-0.06563068750590248
0.9990415784861046	-0.043771274324520944
0.9997603659092774	-0.021890882964094367
1.	0