169
0.9993089550366498	0.03717004685978839
0.9972367752328822	0.0742887213722369
0.9937863245275302	0.11130472219120938
0.9889623717537563	0.14816688987484725
0.982771584048096	0.18482427759251857
0.9752225176358754	0.2212262215379196
0.9663256060057391	0.25732241095101116
0.9560931454896298	0.29306295765201307
0.9445392782681521	0.3283984649913552
0.9316799728248073	0.36328009612028894
0.917533001876113	0.39765964148780414
0.9021179178081107	0.43148958547056376
0.8854560256532099	0.4647231720437685
0.8675703536447179	0.4973144694021874
0.8484856213897497	0.5292184334420432
0.8282282057045087	0.5603909700160147
0.8068261041591547	0.5907889958753133
0.7843088963826433	0.6203704982146073
0.7607077031810202	0.6490945927374968
0.7360551435256673	0.6769215801622883
0.7103852894709517	0.7038130010899715
0.6837336190635822	0.7297316891585676
0.6561369673087587	0.7546418224103836
0.6276334752608821	0.7785089728011796
0.5982625373091875	0.8013001537828213
0.5680647467311559	0.8229838658936564
0.5370818395889535	0.8435301402936031
0.5053566370464416	0.8629105801837819
0.47293298618647683	0.8810984000534456
0.43985569941029923	0.8980684626999639
0.40617049250276516	0.9137973139706973
0.37192392144902015	0.9282632151787461
0.3371633180899416	0.9414461731477699
0.3019367247052781	0.9533279678443558
0.2662928276148984	0.9638921775597424
0.23028088988991982	0.9731242016060985
0.1939506832667128	0.9810112804959866
0.15735241935788624	0.9875425135771219
0.120536680255323	0.992708874098054
0.08355434862118123	0.9965032216839492
0.04645653736347812	0.9989203122052308
0.009294518993455571	0.9999568050254373
-0.027880345237641355	0.9996112676182827
-0.06501667632443263	0.9978841775475368
-0.10206314851780816	0.994777921806989
-0.1389685602617299	0.9902967935214079
-0.1756819049583859	0.9844469860130574
-0.2121524414638954	0.9772365842419677
-0.248329764217133	0.9686755536317943
-0.28416387290474604	0.9587757262967056
-0.3196052415660853	0.9475507846883375
-0.35460488704253545	0.9350162426854148
-0.3891144366766457	0.9211894241521755
-0.4230861951674913	0.9060894389952326
-0.45647321048987016	0.889737156751965
-0.48922933878622205	0.8721551777469397
-0.5213093081415917	0.8533678018562307
-0.5526687811534834	0.8334009949228061
-0.5832644162101416	0.8122823528693965
-0.6130539273925529	0.7900410635584497
-0.6419961429173907	0.7667078664518796
-0.6700510620401223	0.7423150101263641
-0.6971799103396332	0.716896207702915
-0.7233451933079662	0.6904865902523097
-0.7485107481711012	0.6631226582407952
-0.7726417938691617	0.6348422310831596
-0.7957049791269684	0.6056843948728998
-0.8176684285484982	0.575689448361727
-0.8385017866715505	0.5448988472630655
-0.858176259921724	0.5133551469565311
-0.8766646564077262	0.4811019436725687
-0.8939414235030133	0.4481838142385402
-0.9099826831618166	0.4146462544695429
-0.9247662649207505	0.3805356162890989
-0.9382717365403852	0.34589904366663105
-0.9504804322444398	0.3107844074602567
-0.9613754785175638	0.2752402392549556
-0.970941817426052	0.23931566428755768
-0.9791662274292636	0.20306033355124678
-0.9860373416529802	0.16652435517342187
-0.9915456635994478	0.12975822516176197
-0.9956835802723916	0.09281275761419906
-0.9984453726988598	0.055739014489268296
-0.9998272238333605	0.01858823503388815
-0.9998272238333606	-0.018588235033887908
-0.9984453726988599	-0.05573901448926805
-0.9956835802723916	-0.09281275761419883
-0.991545663599448	-0.12975822516176175
-0.9860373416529803	-0.16652435517342165
-0.9791662274292636	-0.20306033355124653
-0.9709418174260521	-0.23931566428755743
-0.9613754785175639	-0.2752402392549554
-0.9504804322444399	-0.31078440746025643
-0.9382717365403853	-0.34589904366663077
-0.9247662649207506	-0.38053561628909865
-0.9099826831618169	-0.4146462544695423
-0.8939414235030134	-0.44818381423854
-0.8766646564077263	-0.4811019436725685
-0.8581762599217241	-0.5133551469565308
-0.8385017866715507	-0.5448988472630653
-0.8176684285484983	-0.5756894483617268
-0.7957049791269686	-0.6056843948728996
-0.7726417938691619	-0.6348422310831594
-0.7485107481711013	-0.663122658240795
-0.7233451933079663	-0.6904865902523095
-0.6971799103396333	-0.7168962077029148
-0.6700510620401225	-0.742315010126364
-0.6419961429173909	-0.7667078664518794
-0.6130539273925528	-0.7900410635584498
-0.5832644162101414	-0.8122823528693967
-0.552668781153484	-0.8334009949228057
-0.5213093081415919	-0.8533678018562305
-0.48922933878622227	-0.8721551777469395
-0.45647321048987	-0.8897371567519651
-0.42308619516749113	-0.9060894389952328
-0.38911443667664614	-0.9211894241521753
-0.3546048870425359	-0.9350162426854147
-0.31960524156608555	-0.9475507846883375
-0.28416387290474604	-0.9587757262967056
-0.2483297642171328	-0.9686755536317944
-0.21215244146389609	-0.9772365842419676
-0.17568190495838637	-0.9844469860130572
-0.13896856026173016	-0.9902967935214079
-0.10206314851780819	-0.994777921806989
-0.06501667632443243	-0.9978841775475368
-0.027880345237642042	-0.9996112676182827
0.009294518993455105	-0.9999568050254373
0.04645653736347787	-0.9989203122052308
0.0835543486211812	-0.9965032216839492
0.1205366802553232	-0.992708874098054
0.15735241935788555	-0.987542513577122
0.19395068326671233	-0.9810112804959866
0.23028088988991957	-0.9731242016060986
0.26629282761489836	-0.9638921775597424
0.3019367247052781	-0.9533279678443558
0.33716331808994093	-0.9414461731477702
0.3719239214490197	-0.9282632151787463
0.40617049250276493	-0.9137973139706974
0.43985569941029923	-0.8980684626999639
0.47293298618647683	-0.8810984000534456
0.5053566370464411	-0.8629105801837822
0.5370818395889531	-0.8435301402936033
0.5680647467311556	-0.8229838658936566
0.5982625373091874	-0.8013001537828214
0.6276334752608821	-0.7785089728011796
0.6561369673087581	-0.754641822410384
0.6837336190635818	-0.7297316891585679
0.7103852894709514	-0.7038130010899718
0.7360551435256671	-0.6769215801622884
0.7607077031810202	-0.6490945927374968
0.7843088963826435	-0.6203704982146071
0.8068261041591543	-0.5907889958753137
0.8282282057045086	-0.560390970016015
0.8484856213897496	-0.5292184334420433
0.8675703536447179	-0.4973144694021874
0.88545602565321	-0.4647231720437684
0.9021179178081103	-0.43148958547056426
0.9175330018761128	-0.39765964148780447
0.9316799728248072	-0.3632800961202891
0.9445392782681521	-0.3283984649913552
0.9560931454896299	-0.29306295765201296
0.9663256060057389	-0.2573224109510117
0.9752225176358753	-0.22122622153792001
0.9827715840480958	-0.1848242775925188
0.9889623717537563	-0.1481668898748473
0.9937863245275302	-0.11130472219120927
0.9972367752328822	-0.07428872137223748
0.9993089550366498	-0.03717004685978881
1.	0