241
0.9996601626909962	0.026068354927208846
0.9986408817427781	0.05211899185524045
0.9969428499347348	0.07813420482739192
0.9945672213759867	0.104096311963724
0.9915156107209672	0.12998766747898613
0.9877900920719823	0.15579067367600882
0.9833931975694968	0.18148779290641162
0.9783279156711021	0.20706155949049773
0.9725976891203375	0.2324945915882331
0.9662064126067451	0.2577696030132419
0.9591584301187477	0.2828694149817887
0.9514585319911507	0.30777696778876185
0.9431119516492725	0.33247533240272154
0.934124362051919	0.35694772197213354
0.924501871835616	0.38117750323496546
0.9142510211627262	0.4051482078238931
0.9033787772762645	0.4288435434594316
0.8918925297644413	0.45224740502338434
0.8798000855381469	0.4753438855050829
0.8671096635247914	0.49811728681297857
0.8538298890821089	0.5205521304442366
0.8399697881357212	0.5426331680050821
0.8255387810444444	0.5643453915747455
0.810546676197511	0.585674043905966
0.7950036633480556	0.6066046284551178
0.7789203066873996	0.6271229192351427
0.7623075376648376	0.6472149704845928
0.7451766475578089	0.6668671261462099
0.7275392797975032	0.6860660291486019
0.7094074220551158	0.7047986304847044
0.6907933980941313	0.7230521980808599
0.671709859394175	0.7408143254504853
0.6521697765521232	0.7580729401264457
0.6321864304663172	0.7748163118664038
0.6117734033098745	0.7910330606255681
0.5909445692992299	0.8067121642914203
0.5697140852641833	0.8218429661751658
0.5480963810258613	0.836415182254814
0.5261061495891343	0.8504189081649676
0.5037583371561537	0.8638446259285676
0.48106813296779855	0.8766832104260218
0.45805095897993287	0.8889259355973161
0.4347224593814945	0.9005644803728964
0.41109848996153675	0.911590934329288
0.3871951073324507	0.9219978030656103
0.3630285580166943	0.9317780132973301
0.3386152674044421	0.9409249176637944
0.31397182858966527	0.9494322992462716
0.2891149910922266	0.9572943757934347
0.26406164947365707	0.9645058036514096
0.23882883185435114	0.9710616813957217
0.21343368833998538	0.9769575531626694
0.18789347936502723	0.9821894116778617
0.16222556396125554	0.9867537009798608
0.13644738795926745	0.9906473188370789
0.11057647213098998	0.9938676188562863
0.08463040028125628	0.9964124122812975
0.05862680729653937	0.9982799694806134
0.03258336715896841	0.9994690211230081
0.006517780933770272	0.9999787590402605
-0.01955223526169428	0.9998088367764466
-0.04560896229912614	0.9989593698234163
-0.07163469008252964	0.997430935542296
-0.0976117295853152	0.9952245727710722
-0.1235224248730818	0.9923417811185186
-0.14934916510390742	0.9887845199449503
-0.1750743964979913	0.9845552070304967
-0.20068063426851254	0.9796567169317972
-0.2261504745055958	0.9740923790282388
-0.25146660600530724	0.9678659752590602
-0.2766118220356406	0.9609817375528648
-0.3015690320314953	0.953444344951286
-0.3263212732107011	0.9452589204287611
-0.3508517221031897	0.9364310274105756
-0.3751437059854805	0.9269666659915443
-0.39918071421270773	0.9168722688578996
-0.4229464094404866	0.9061546969151572
-0.446424638728991	0.8948212346249332
-0.46959944452169855	0.8828795850538804
-0.4924550754913339	0.8703378646381098
-0.5149759972456491	0.8572045976666535
-0.537146902885753	0.843488710487724
-0.5589527234098245	0.8291995254416998
-0.5803786379551277	0.8143467545249694
-0.6014100838713795	0.7989404927889312
-0.6220327666186097	0.7829912114786464
-0.6422326694828007	0.7665097509157961
-0.6619960631026885	0.7495073131307934
-0.6813095148012649	0.7319954542490444
-0.7001598977156239	0.7139860766365456
-0.7185343997189585	0.6954914208101463
-0.7364205321286392	0.67652405711798
-0.7538061381944522	0.6570968771957195
-0.7706794013612364	0.6372230852044568
-0.7870288533002938	0.6169161888561725
-0.8028433817041237	0.5961899902328843
-0.8181122378391738	0.5750585764057251
-0.8328250438514835	0.553536309860315
-0.8469717998202461	0.5316378187349476
-0.860542890554503	0.5093779868782129
-0.8735290921283428	0.4867719437328257
-0.8859215781501721	0.4638350540525246
-0.8977119257617876	0.44058290745904194
-0.90889212136318	0.41703130784623177
-0.919454566059175	0.39319626263856366
-0.9293920808242082	0.36909397191128507
-0.9386979113817282	0.3447408173796384
-0.9473657327949052	0.32015335126462807
-0.9553896537655315	0.2953482850428927
-0.9627642206381863	0.270342478088342
-0.9694844211069477	0.24515292621326504
-0.9755456876221288	0.21979675011671104
-0.9809439004947266	0.19429118374798174
-0.9856753906964687	0.16865356259315673
-0.9897369423535598	0.1429013118926002
-0.9931257949324289	0.11705193479747025
-0.9958396451159938	0.09112300047327025
-0.9978766483691677	0.06513213215853145
-0.9992354201925427	0.03909699518674821
-0.9999150370633988	0.013035284979695734
-0.9999150370633988	-0.013035284979695489
-0.9992354201925427	-0.03909699518674796
-0.9978766483691678	-0.0651321321585312
-0.9958396451159938	-0.09112300047327002
-0.9931257949324289	-0.11705193479747002
-0.9897369423535599	-0.14290131189259994
-0.9856753906964688	-0.16865356259315606
-0.9809439004947266	-0.1942911837479815
-0.9755456876221289	-0.2197967501167108
-0.9694844211069478	-0.2451529262132648
-0.9627642206381863	-0.2703424780883418
-0.9553896537655316	-0.29534828504289246
-0.9473657327949052	-0.32015335126462785
-0.9386979113817282	-0.3447408173796382
-0.9293920808242082	-0.36909397191128485
-0.919454566059175	-0.39319626263856344
-0.9088921213631801	-0.41703130784623155
-0.8977119257617877	-0.4405829074590417
-0.8859215781501723	-0.4638350540525244
-0.8735290921283432	-0.48677194373282506
-0.8605428905545031	-0.5093779868782127
-0.8469717998202462	-0.5316378187349474
-0.8328250438514836	-0.5535363098603148
-0.8181122378391739	-0.5750585764057249
-0.8028433817041238	-0.5961899902328841
-0.7870288533002939	-0.6169161888561723
-0.7706794013612365	-0.6372230852044566
-0.7538061381944523	-0.6570968771957193
-0.7364205321286393	-0.6765240571179798
-0.7185343997189587	-0.695491420810146
-0.7001598977156241	-0.7139860766365453
-0.6813095148012651	-0.7319954542490443
-0.661996063102689	-0.749507313130793
-0.6422326694828004	-0.7665097509157962
-0.6220327666186098	-0.7829912114786461
-0.6014100838713796	-0.7989404927889311
-0.5803786379551283	-0.814346754524969
-0.5589527234098243	-0.8291995254417
-0.5371469028857532	-0.8434887104877239
-0.5149759972456494	-0.8572045976666534
-0.4924550754913345	-0.8703378646381095
-0.4695994445216984	-0.8828795850538805
-0.44642463872899124	-0.8948212346249331
-0.42294640944048684	-0.906154696915157
-0.39918071421270834	-0.9168722688578993
-0.3751437059854805	-0.9269666659915443
-0.35085172210318993	-0.9364310274105755
-0.32632127321070153	-0.945258920428761
-0.3015690320314951	-0.9534443449512862
-0.2766118220356406	-0.9609817375528648
-0.2514666060053077	-0.96786597525906
-0.22615047450559647	-0.9740923790282385
-0.20068063426851257	-0.9796567169317972
-0.17507439649799156	-0.9845552070304966
-0.1493491651039079	-0.9887845199449502
-0.12352242487308249	-0.9923417811185186
-0.09761172958531522	-0.9952245727710722
-0.07163469008252989	-0.997430935542296
-0.045608962299126615	-0.9989593698234163
-0.01955223526169408	-0.9998088367764467
0.006517780933770249	-0.9999787590402605
0.03258336715896816	-0.9994690211230081
0.05862680729653891	-0.9982799694806135
0.08463040028125626	-0.9964124122812975
0.11057647213098974	-0.9938676188562864
0.13644738795926697	-0.990647318837079
0.16222556396125487	-0.9867537009798609
0.1878934793650272	-0.9821894116778617
0.21343368833998516	-0.9769575531626694
0.2388288318543507	-0.9710616813957218
0.26406164947365646	-0.9645058036514098
0.2891149910922266	-0.9572943757934347
0.31397182858966505	-0.9494322992462717
0.33861526740444164	-0.9409249176637945
0.36302855801669454	-0.9317780132973301
0.3871951073324507	-0.9219978030656103
0.41109848996153636	-0.9115909343292882
0.4347224593814939	-0.9005644803728967
0.45805095897993287	-0.8889259355973161
0.4810681329677983	-0.8766832104260219
0.5037583371561534	-0.8638446259285678
0.5261061495891336	-0.8504189081649679
0.5480963810258613	-0.8364151822548141
0.5697140852641831	-0.8218429661751661
0.5909445692992296	-0.8067121642914207
0.6117734033098746	-0.791033060625568
0.6321864304663171	-0.7748163118664039
0.6521697765521229	-0.7580729401264459
0.6717098593941746	-0.7408143254504858
0.6907933980941313	-0.7230521980808599
0.7094074220551156	-0.7047986304847045
0.727539279797503	-0.6860660291486022
0.7451766475578084	-0.6668671261462104
0.7623075376648376	-0.6472149704845928
0.7789203066873994	-0.6271229192351429
0.7950036633480553	-0.6066046284551181
0.8105466761975105	-0.5856740439059666
0.8255387810444444	-0.5643453915747455
0.839969788135721	-0.5426331680050823
0.8538298890821087	-0.5205521304442371
0.8671096635247914	-0.49811728681297845
0.8798000855381468	-0.475343885505083
0.8918925297644412	-0.4522474050233847
0.9033787772762641	-0.42884354345943215
0.9142510211627262	-0.4051482078238931
0.9245018718356159	-0.3811775032349657
0.9341243620519187	-0.356947721972134
0.9431119516492723	-0.3324753324027222
0.9514585319911506	-0.30777696778876185
0.9591584301187476	-0.282869414981789
0.9662064126067449	-0.2577696030132424
0.9725976891203375	-0.23249459158823296
0.9783279156711021	-0.20706155949049784
0.9833931975694967	-0.18148779290641195
0.9877900920719822	-0.1557906736760094
0.9915156107209672	-0.12998766747898607
0.9945672213759867	-0.10409631196372417
0.9969428499347348	-0.07813420482739233
0.9986408817427781	-0.05211899185524111
0.9996601626909962	-0.02606835492720885
1.	0