105
0.9982101297677352	0.05980415394503417
0.9928469263418374	0.11939422454024434
0.9839295885986297	0.17855689479863665
0.9714900382928674	0.2370803777154975
0.9555728057861407	0.2947551744109042
0.9362348706397372	0.3513748240813427
0.9135454576426009	0.4067366430758002
0.8875857890045541	0.4606424504506323
0.8584487936018661	0.5128992774059061
0.8262387743159949	0.5633200580636221
0.7910710346563412	0.6117242991150064
0.753071466003611	0.6579387259397126
0.7123760969513449	0.7017979028839914
0.6691306063588582	0.7431448254773942
0.6234898018587336	0.7818314824680298
0.5756170656856735	0.8177193856644314
0.5256837698105047	0.8506800656873396
0.4738686624729987	0.880595531856738
0.4203572283095654	0.9073586945678649
0.365341024366395	0.9308737486442042
0.30901699437494745	0.9510565162951535
0.2515867637445084	0.9678347484506665
0.19325591779555323	0.9811483833941727
0.13423326581765554	0.9909497617679347
0.07473009358642417	0.9972037971811801
0.014959407015263606	0.9998881018102734
-0.04486483035051486	0.9989930665413147
-0.10452846326765355	0.9945218953682733
-0.1638179114151377	0.9864905939235215
-0.22252093395631434	0.9749279121818236
-0.2804273893060028	0.9598752415428891
-0.33732998738283	0.9413864666609032
-0.39302503165392355	0.9195277725514507
-0.4473131483156327	0.8943774076663368
-0.5000000000000002	0.8660254037844385
-0.5508969814521024	0.8345732537213026
-0.5998218946879137	0.8001335480112063
-0.6465996012157998	0.7628295718622664
-0.6910626489868646	0.7227948638273916
-0.7330518718298263	0.6801727377709194
-0.7724169592245996	0.6351157698421785
-0.8090169943749473	0.5877852522924732
-0.8427209586540392	0.5383506160906824
-0.8734082006171299	0.4869888244043671
-0.900968867902419	0.43388373911755823
-0.9253043004739967	0.3792254626529284
-0.9463273837991643	0.32320965745445984
-0.9639628606958532	0.26603684556667523
-0.9781476007338057	0.20791169081775931
-0.9888308262251285	0.14904226617617428
-0.9959742939952391	0.08963930890343362
-0.9995524322835033	0.029915466169398428
-0.9995524322835033	-0.02991546616939863
-0.9959742939952391	-0.08963930890343337
-0.9888308262251285	-0.14904226617617447
-0.9781476007338056	-0.2079116908177595
-0.9639628606958534	-0.266036845566675
-0.9463273837991641	-0.32320965745446
-0.9253043004739967	-0.37922546265292856
-0.9009688679024191	-0.433883739117558
-0.8734082006171298	-0.48698882440436725
-0.8427209586540391	-0.5383506160906825
-0.8090169943749476	-0.587785252292473
-0.7724169592245995	-0.6351157698421788
-0.7330518718298262	-0.6801727377709195
-0.6910626489868648	-0.7227948638273914
-0.6465996012157993	-0.7628295718622669
-0.5998218946879136	-0.8001335480112064
-0.5508969814521026	-0.8345732537213025
-0.4999999999999996	-0.8660254037844388
-0.4473131483156325	-0.8943774076663369
-0.3930250316539238	-0.9195277725514506
-0.3373299873828296	-0.9413864666609033
-0.28042738930600264	-0.9598752415428891
-0.2225209339563146	-0.9749279121818236
-0.1638179114151373	-0.9864905939235216
-0.10452846326765336	-0.9945218953682734
-0.044864830350515104	-0.9989930665413146
0.014959407015264027	-0.9998881018102734
0.07473009358642436	-0.9972037971811801
0.1342332658176553	-0.9909497617679348
0.19325591779555365	-0.9811483833941725
0.2515867637445086	-0.9678347484506664
0.30901699437494723	-0.9510565162951536
0.3653410243663954	-0.9308737486442041
0.42035722830956557	-0.9073586945678648
0.47386866247299847	-0.8805955318567381
0.525683769810505	-0.8506800656873393
0.5756170656856736	-0.8177193856644313
0.6234898018587334	-0.7818314824680299
0.6691306063588585	-0.743144825477394
0.7123760969513449	-0.7017979028839914
0.7530714660036107	-0.6579387259397128
0.7910710346563414	-0.611724299115006
0.8262387743159949	-0.563320058063622
0.858448793601866	-0.5128992774059064
0.8875857890045542	-0.46064245045063196
0.913545457642601	-0.40673664307580015
0.9362348706397371	-0.3513748240813429
0.9555728057861408	-0.2947551744109039
0.9714900382928674	-0.23708037771549745
0.9839295885986297	-0.17855689479863687
0.9928469263418374	-0.11939422454024398
0.9982101297677352	-0.05980415394503412
1.	0