185
0.9994233071892052	0.033956634800748765
0.9976938939060171	0.06787410450716079
0.9948137548308502	0.10171328919735598
0.9907862118747021	0.13543515924226637
0.9856159103477085	0.16900082032184907
0.9793088136013101	0.20237155828523573
0.971872196150208	0.23550888380307755
0.9633146352820439	0.2683745767605843
0.9536460011644787	0.30093073034005524
0.9428774454610842	0.33313979474205757
0.9310213884691738	0.36496462049482514
0.9180915047944109	0.39636850130192514
0.9041027075787147	0.4273152163787725
0.889071131299657	0.4577690722291623
0.8730141131611882	0.48769494381363454
0.8559501730971545	0.5170583150621904
0.8378989924106736	0.54582531868463
0.8188813910740019	0.5739627752325995
0.7989193037150784	0.6014382313682881
0.7780357543184395	0.6282199972956423
0.7562548296696873	0.6542771833109208
0.7336016515741365	0.6795797354304344
0.7101023478816858	0.704098470054379
0.6857840223513315	0.7278051076267797
0.6606747233900815	0.7506723052527243
0.6348034117023257	0.772673688235265
0.6081999268869764	0.7937838804956148
0.580894953020904	0.8139785338415515
0.5529199832683634	0.8332343560502727
0.5243072835572317	0.8515291377333113
0.49508985536395034	0.8688417779525238
0.4653013976500975	0.8851523085576097
0.4349762679944895	0.9004419172170885
0.40414944296564403	0.9146929691161727
0.3728564777803086	0.9278890272965093
0.34113346529458494	0.9400148716143315
0.30901699437494745	0.9510565162951535
0.27654410769717114	0.9610012260647618
0.24375225902184167	0.9698375308378971
0.21067926999572642	0.9775552389476861
0.1773632865288309	0.9841454489005635
0.14384273479745543	0.9896005596431263
0.11015627692399446	0.9939142793290799
0.07634276638460154	0.9970816325761628
0.04244120319614824	0.9990989662046815
0.008490688934165555	0.9999639534510347
-0.025469618366351185	0.99967559665137
-0.0594005493752568	0.9982342283922735
-0.09326296864459849	0.995641511127171
-0.12701781974687876	0.9919004352588768
-0.16062617032217733	0.9870153156905068
-0.19404925698217532	0.9809917868487308
-0.22724853001928993	0.9738367961851061
-0.26018569786935297	0.9655585961629868
-0.2928227712765503	0.956166734739251
-0.3251221071096835	0.9456720443518247
-0.3570464517792153	0.934086629425704
-0.38855898420502544	0.9214238524118847
-0.41962335828531405	0.9076983183753041
-0.4502037448176734	0.8929258581495685
-0.48026487282397423	0.8771235100778977
-0.5097720702314055	0.860309500361345
-0.5386913038627439	0.8425032220369587
-0.5669892186897317	0.8237252126101322
-0.5946331763042866	0.8039971303669405
-0.6215912925631721	0.7833417293937844
-0.64783247436271	0.7617828333331546
-0.6733264555011192	0.7393453079057845
-0.6980438315871177	0.7160550322308863
-0.7219560939545244	0.6919388689775462
-0.7450356625437451	0.6670246333817086
-0.7672559177122165	0.6413410611644825
-0.7885912309371191	0.6149177753887745
-0.8090169943749473	0.5877852522924732
-0.8285096492438421	0.5599747861375954
-0.8470467129959508	0.531518453115934
-0.8646068052484754	0.5024490743528391
-0.881169672443498	0.47280017805180485
-0.8967162112081436	0.44260596082352066
-0.9112284903881356	0.4119012482439928
-0.9246897717293314	0.38072145468722524
-0.9370845291833837	0.3491025424787912
-0.9483984668152619	0.31708098041740174
-0.9586185352919778	0.2846937017123194
-0.9677329469334989	0.251978061385125
-0.9757311893084885	0.218971793184973
-0.9826040373591933	0.18571296606702783
-0.9883435640414923	0.1522399402842782
-0.9929431494678354	0.11859132314337305
-0.9963974885425265	0.08480592447550905
-0.9987025970805449	0.050922711873729425
-0.9998558164028465	0.01698076574826228
-0.9998558164028465	-0.01698076574826248
-0.9987025970805449	-0.05092271187372962
-0.9963974885425265	-0.08480592447550926
-0.9929431494678354	-0.11859132314337324
-0.9883435640414923	-0.1522399402842784
-0.9826040373591933	-0.18571296606702803
-0.9757311893084885	-0.2189717931849732
-0.9677329469334989	-0.2519780613851252
-0.9586185352919777	-0.2846937017123196
-0.9483984668152617	-0.3170809804174019
-0.9370845291833836	-0.34910254247879136
-0.9246897717293314	-0.3807214546872254
-0.9112284903881357	-0.4119012482439926
-0.8967162112081437	-0.44260596082352044
-0.8811696724434982	-0.47280017805180463
-0.8646068052484756	-0.502449074352839
-0.8470467129959509	-0.5315184531159338
-0.8285096492438422	-0.5599747861375953
-0.8090169943749476	-0.587785252292473
-0.788591230937119	-0.6149177753887747
-0.7672559177122164	-0.6413410611644828
-0.745035662543745	-0.6670246333817088
-0.7219560939545243	-0.6919388689775464
-0.6980438315871176	-0.7160550322308864
-0.6733264555011191	-0.7393453079057846
-0.6478324743627099	-0.7617828333331547
-0.6215912925631722	-0.7833417293937843
-0.5946331763042865	-0.8039971303669406
-0.566989218689732	-0.8237252126101321
-0.5386913038627437	-0.8425032220369588
-0.5097720702314057	-0.8603095003613449
-0.48026487282397406	-0.8771235100778978
-0.4502037448176736	-0.8929258581495684
-0.4196233582853139	-0.9076983183753042
-0.38855898420502566	-0.9214238524118846
-0.3570464517792151	-0.9340866294257041
-0.32512210710968287	-0.945672044351825
-0.2928227712765503	-0.956166734739251
-0.2601856978693526	-0.9655585961629869
-0.22724853001928996	-0.9738367961851061
-0.1940492569821749	-0.9809917868487309
-0.16062617032217733	-0.9870153156905068
-0.12701781974687834	-0.991900435258877
-0.09326296864459852	-0.995641511127171
-0.059400549375256385	-0.9982342283922735
-0.02546961836635121	-0.99967559665137
0.008490688934165977	-0.9999639534510347
0.04244120319614822	-0.9990989662046815
0.07634276638460195	-0.9970816325761628
0.11015627692399443	-0.9939142793290799
0.14384273479745585	-0.9896005596431263
0.17736328652883088	-0.9841454489005635
0.21067926999572661	-0.9775552389476861
0.24375225902184142	-0.9698375308378971
0.27654410769717136	-0.9610012260647617
0.30901699437494723	-0.9510565162951536
0.3411334652945851	-0.9400148716143315
0.3728564777803084	-0.9278890272965095
0.4041494429656442	-0.9146929691161726
0.4349762679944893	-0.9004419172170885
0.46530139765009765	-0.8851523085576096
0.4950898553639501	-0.8688417779525239
0.5243072835572318	-0.8515291377333112
0.5529199832683632	-0.8332343560502729
0.5808949530209041	-0.8139785338415514
0.6081999268869762	-0.793783880495615
0.6348034117023257	-0.772673688235265
0.6606747233900812	-0.7506723052527245
0.6857840223513316	-0.7278051076267796
0.7101023478816862	-0.7040984700543786
0.7336016515741366	-0.6795797354304344
0.7562548296696876	-0.6542771833109204
0.7780357543184395	-0.6282199972956423
0.7989193037150786	-0.6014382313682878
0.8188813910740019	-0.5739627752325995
0.8378989924106738	-0.5458253186846297
0.8559501730971545	-0.5170583150621904
0.8730141131611884	-0.4876949438136342
0.889071131299657	-0.4577690722291623
0.9041027075787148	-0.4273152163787722
0.9180915047944108	-0.3963685013019252
0.9310213884691739	-0.3649646204948248
0.9428774454610841	-0.3331397947420577
0.9536460011644788	-0.30093073034005496
0.9633146352820439	-0.2683745767605844
0.9718721961502081	-0.23550888380307725
0.9793088136013101	-0.2023715582852359
0.9856159103477085	-0.16900082032184882
0.9907862118747021	-0.13543515924226657
0.9948137548308503	-0.10171328919735574
0.9976938939060171	-0.067874104507161
0.9994233071892052	-0.03395663480074855
1.	0