246
0.9996738360808564	0.025538626732559945
0.99869555708923	0.05106059390795061
0.9970658011837404	0.07654925283649565
0.9947856314995347	0.10198797655641535
0.9918565354547737	0.12736017068005673
0.9882804237803485	0.1526492842188745
0.9840596292734571	0.17783882038010168
0.9791969052758561	0.2029123473280668
0.9736954238777791	0.22785350890313757
0.9675587738486936	0.2526460352912995
0.9607909582962477	0.2772737536374079
0.9533963920549305	0.30172059859519235
0.9453798988061534	0.3259706228071284
0.9367467079316278	0.3500080073073436
0.9275024511020946	0.3738170718407688
0.917653158603628	0.3973822850918053
0.907205255403912	0.42068827481583415
0.8961655569610556	0.44371983786695973
0.8845412647776794	0.46646195011544433
0.872339961703175	0.48889977624836695
0.8595696069872011	0.5110186794471104
0.846238531087644	0.5328042309353657
0.8323554302364272	0.5542422193914247
0.8179293607667176	0.5753186602186207
0.8029697332052275	0.5960198046678699
0.7874863061334656	0.6163321488063638
0.771489179821943	0.6362424423265598
0.754988789641485	0.6557376971897265
0.7379958992559492	0.6748051960984021
0.7205215936007869	0.6934325007922417
0.702577271652032	0.7116074601618415
0.6841746389904304	0.729318218175245
0.6653257001655652	0.7465532216119627
0.6460427508649543	0.76330122759946
0.6263383698932306	0.7795513109471952
0.606225410966638	0.7952928712734265
0.5857169943281948	0.8105156399201348
0.5648264981889934	0.8252096866515558
0.5435675500012211	0.83936542613195
0.5219540175685935	0.8529736241783824
0.4999999999999999	0.8660254037844387
0.4777198185122628	0.8785122509109424
0.4551280070880088	0.8904260200399006
0.43223930299474694	0.9017589394880515
0.4090686371713398	0.9125036164765501
0.38563112448813575	0.9226530419534832
0.3619420538871179	0.9322005951660697
0.3380168784085027	0.9411400479795616
0.31387120511029065	0.9494655689400294
0.28952078488734845	0.9571717270783826
0.26498150219666167	0.964253495453141
0.24026936469546065	0.9707062544296496
0.21540049279898119	0.9765257946935944
0.19039110916466842	0.9817083199968549
0.16525752810968491	0.9862504496339034
0.14001614496862896	0.9901492206471325
0.1146834253984003	0.993402089759675
0.08927589463719415	0.9960069350344548
0.06381012672462838	0.9979620572583844
0.03830273369003527	0.99926618105081
0.012770354715973662	0.9999184556954773
-0.01277035471597376	0.9999184556954773
-0.038302733690035375	0.99926618105081
-0.06381012672462848	0.9979620572583844
-0.08927589463719447	0.9960069350344547
-0.11468342539840062	0.993402089759675
-0.14001614496862905	0.9901492206471325
-0.16525752810968503	0.9862504496339034
-0.1903911091646685	0.9817083199968549
-0.2154004927989813	0.9765257946935944
-0.24026936469546073	0.9707062544296496
-0.2649815021966618	0.964253495453141
-0.2895207848873488	0.9571717270783825
-0.313871205110291	0.9494655689400293
-0.3380168784085028	0.9411400479795615
-0.36194205388711803	0.9322005951660697
-0.38563112448813586	0.9226530419534831
-0.4090686371713399	0.91250361647655
-0.43223930299474705	0.9017589394880514
-0.4551280070880089	0.8904260200399006
-0.4777198185122631	0.8785122509109423
-0.5000000000000002	0.8660254037844385
-0.5219540175685937	0.8529736241783823
-0.5435675500012215	0.8393654261319498
-0.5648264981889934	0.8252096866515559
-0.5857169943281948	0.8105156399201346
-0.6062254109666381	0.7952928712734264
-0.6263383698932307	0.7795513109471952
-0.6460427508649546	0.7633012275994597
-0.6653257001655656	0.7465532216119625
-0.6841746389904306	0.7293182181752448
-0.7025772716520319	0.7116074601618416
-0.7205215936007869	0.6934325007922417
-0.7379958992559492	0.6748051960984021
-0.7549887896414851	0.6557376971897265
-0.771489179821943	0.6362424423265597
-0.7874863061334657	0.6163321488063636
-0.8029697332052277	0.5960198046678696
-0.8179293607667179	0.5753186602186203
-0.8323554302364274	0.5542422193914244
-0.846238531087644	0.5328042309353658
-0.8595696069872012	0.5110186794471103
-0.872339961703175	0.4888997762483669
-0.8845412647776795	0.4664619501154442
-0.8961655569610557	0.4437198378669595
-0.9072052554039121	0.42068827481583393
-0.9176531586036281	0.39738228509180495
-0.9275024511020946	0.37381707184076884
-0.9367467079316278	0.3500080073073436
-0.9453798988061534	0.3259706228071284
-0.9533963920549305	0.30172059859519224
-0.9607909582962477	0.27727375363740775
-0.9675587738486937	0.25264603529129925
-0.9736954238777791	0.22785350890313733
-0.9791969052758562	0.20291234732806648
-0.9840596292734572	0.17783882038010132
-0.9882804237803485	0.15264928421887453
-0.9918565354547737	0.1273601706800567
-0.9947856314995347	0.10198797655641526
-0.9970658011837404	0.0765492528364955
-0.99869555708923	0.051060593907950404
-0.9996738360808565	0.025538626732559678
-1.	0
-0.9996738360808564	-0.025538626732559876
-0.99869555708923	-0.051060593907950605
-0.9970658011837404	-0.07654925283649569
-0.9947856314995347	-0.10198797655641546
-0.9918565354547737	-0.1273601706800569
-0.9882804237803485	-0.15264928421887472
-0.9840596292734571	-0.17783882038010196
-0.9791969052758561	-0.2029123473280671
-0.973695423877779	-0.22785350890313796
-0.9675587738486936	-0.2526460352912994
-0.9607909582962477	-0.27727375363740797
-0.9533963920549305	-0.3017205985951924
-0.9453798988061534	-0.3259706228071286
-0.9367467079316277	-0.3500080073073438
-0.9275024511020945	-0.37381707184076907
-0.9176531586036278	-0.39738228509180556
-0.9072052554039121	-0.4206882748158341
-0.8961655569610556	-0.4437198378669597
-0.8845412647776794	-0.4664619501154444
-0.8723399617031748	-0.48889977624836706
-0.8595696069872011	-0.5110186794471105
-0.8462385310876439	-0.5328042309353659
-0.8323554302364271	-0.5542422193914249
-0.8179293607667175	-0.5753186602186209
-0.8029697332052274	-0.5960198046678702
-0.7874863061334656	-0.6163321488063637
-0.7714891798219429	-0.6362424423265599
-0.754988789641485	-0.6557376971897266
-0.7379958992559491	-0.6748051960984022
-0.7205215936007868	-0.693432500792242
-0.7025772716520318	-0.7116074601618417
-0.6841746389904302	-0.7293182181752452
-0.6653257001655654	-0.7465532216119626
-0.6460427508649543	-0.76330122759946
-0.6263383698932306	-0.7795513109471953
-0.606225410966638	-0.7952928712734265
-0.5857169943281947	-0.8105156399201348
-0.5648264981889932	-0.825209686651556
-0.5435675500012209	-0.8393654261319501
-0.5219540175685932	-0.8529736241783826
-0.4999999999999996	-0.8660254037844388
-0.4777198185122625	-0.8785122509109426
-0.4551280070880083	-0.8904260200399008
-0.43223930299474644	-0.9017589394880517
-0.4090686371713393	-0.9125036164765503
-0.38563112448813586	-0.9226530419534831
-0.36194205388711803	-0.9322005951660697
-0.3380168784085028	-0.9411400479795615
-0.31387120511029076	-0.9494655689400294
-0.28952078488734856	-0.9571717270783825
-0.26498150219666156	-0.964253495453141
-0.24026936469546056	-0.9707062544296496
-0.2154004927989811	-0.9765257946935944
-0.1903911091646681	-0.981708319996855
-0.1652575281096846	-0.9862504496339035
-0.14001614496862863	-0.9901492206471325
-0.11468342539839999	-0.9934020897596751
-0.08927589463719383	-0.9960069350344548
-0.06381012672462784	-0.9979620572583844
-0.03830273369003473	-0.99926618105081
-0.012770354715974005	-0.9999184556954773
0.012770354715973637	-0.9999184556954773
0.03830273369003525	-0.99926618105081
0.06381012672462835	-0.9979620572583844
0.08927589463719435	-0.9960069350344547
0.11468342539840051	-0.993402089759675
0.14001614496862916	-0.9901492206471325
0.1652575281096851	-0.9862504496339034
0.19039110916466861	-0.9817083199968549
0.2154004927989816	-0.9765257946935942
0.24026936469546106	-0.9707062544296495
0.26498150219666206	-0.9642534954531409
0.28952078488734906	-0.9571717270783824
0.31387120511029126	-0.9494655689400293
0.3380168784085033	-0.9411400479795614
0.36194205388711853	-0.9322005951660695
0.38563112448813636	-0.9226530419534829
0.4090686371713398	-0.9125036164765501
0.43223930299474694	-0.9017589394880515
0.45512800708800877	-0.8904260200399006
0.477719818512263	-0.8785122509109423
0.5000000000000001	-0.8660254037844386
0.5219540175685936	-0.8529736241783824
0.5435675500012214	-0.8393654261319499
0.5648264981889937	-0.8252096866515557
0.5857169943281951	-0.8105156399201344
0.6062254109666383	-0.7952928712734262
0.6263383698932309	-0.779551310947195
0.6460427508649548	-0.7633012275994596
0.6653257001655658	-0.7465532216119622
0.6841746389904309	-0.7293182181752446
0.7025772716520324	-0.7116074601618411
0.7205215936007869	-0.6934325007922418
0.7379958992559491	-0.6748051960984022
0.754988789641485	-0.6557376971897265
0.7714891798219429	-0.6362424423265598
0.7874863061334657	-0.6163321488063637
0.8029697332052276	-0.5960198046678697
0.8179293607667177	-0.5753186602186204
0.8323554302364273	-0.5542422193914245
0.8462385310876442	-0.5328042309353654
0.8595696069872013	-0.5110186794471101
0.8723399617031752	-0.4888997762483666
0.8845412647776796	-0.46646195011544395
0.8961655569610558	-0.44371983786695923
0.9072052554039123	-0.42068827481583365
0.9176531586036283	-0.3973822850918047
0.927502451102095	-0.3738170718407682
0.9367467079316281	-0.3500080073073429
0.9453798988061534	-0.3259706228071285
0.9533963920549305	-0.30172059859519235
0.9607909582962477	-0.2772737536374079
0.9675587738486937	-0.25264603529129936
0.9736954238777791	-0.22785350890313744
0.9791969052758562	-0.2029123473280666
0.9840596292734572	-0.17783882038010143
0.9882804237803485	-0.1526492842188742
0.9918565354547738	-0.12736017068005637
0.9947856314995348	-0.10198797655641494
0.9970658011837406	-0.07654925283649518
0.99869555708923	-0.051060593907950085
0.9996738360808565	-0.025538626732559355
1.	0