102
0.9981033287370441	0.061560906133942835
0.9924205096719357	0.12288829066471411
0.9829730996839018	0.18374951781657034
0.9697969360350095	0.24391372010837714
0.9529420004271566	0.30315267411304353
0.9324722294043558	0.3612416661871529
0.9084652718195237	0.4179603448867834
0.8810121942857845	0.47309355683601007
0.8502171357296142	0.5264321628773557
0.8161969123562217	0.5777738314082511
0.7790805745256705	0.6269238058941065
0.7390089172206591	0.6736956436465572
0.6961339459629267	0.7179119230644418
0.6506183002042422	0.7594049166547071
0.6026346363792565	0.7980172272802395
0.5523649729605059	0.8336023852211194
0.5000000000000001	0.8660254037844386
0.4457383557765383	0.8951632913550623
0.3897858732926794	0.9209055179449536
0.3323547994796596	0.9431544344712774
0.273662990072083	0.961825643172819
0.21393308320649754	0.9768483177596007
0.15339165487868545	0.9881654720812594
0.09226835946330202	0.9957341762950345
0.030795058556170325	0.9995257197133659
-0.030795058556170204	0.9995257197133659
-0.09226835946330189	0.9957341762950346
-0.1533916548786853	0.9881654720812594
-0.21393308320649743	0.9768483177596007
-0.27366299007208267	0.9618256431728192
-0.3323547994796595	0.9431544344712776
-0.3897858732926793	0.9209055179449537
-0.4457383557765382	0.8951632913550623
-0.4999999999999998	0.8660254037844387
-0.5523649729605058	0.8336023852211195
-0.6026346363792563	0.7980172272802396
-0.6506183002042418	0.7594049166547073
-0.6961339459629265	0.717911923064442
-0.739008917220659	0.6736956436465574
-0.7790805745256705	0.6269238058941065
-0.8161969123562216	0.5777738314082512
-0.850217135729614	0.5264321628773561
-0.8810121942857845	0.4730935568360101
-0.9084652718195236	0.41796034488678363
-0.9324722294043558	0.3612416661871529
-0.9529420004271565	0.30315267411304364
-0.9697969360350094	0.24391372010837745
-0.9829730996839018	0.18374951781657037
-0.9924205096719357	0.12288829066471434
-0.9981033287370441	0.061560906133942786
-1.	0
-0.9981033287370441	-0.061560906133942536
-0.9924205096719357	-0.12288829066471409
-0.9829730996839018	-0.18374951781657012
-0.9697969360350096	-0.24391372010837678
-0.9529420004271566	-0.30315267411304336
-0.9324722294043559	-0.3612416661871527
-0.9084652718195237	-0.4179603448867834
-0.8810121942857846	-0.4730935568360099
-0.8502171357296143	-0.5264321628773555
-0.8161969123562217	-0.577773831408251
-0.7790805745256706	-0.6269238058941062
-0.7390089172206591	-0.6736956436465572
-0.6961339459629268	-0.7179119230644417
-0.650618300204242	-0.7594049166547072
-0.6026346363792565	-0.7980172272802395
-0.552364972960506	-0.8336023852211193
-0.5000000000000004	-0.8660254037844384
-0.44573835577653886	-0.895163291355062
-0.3897858732926793	-0.9209055179449537
-0.33235479947965973	-0.9431544344712774
-0.2736629900720831	-0.961825643172819
-0.21393308320649787	-0.9768483177596006
-0.153391654878686	-0.9881654720812593
-0.09226835946330192	-0.9957341762950346
-0.03079505855617045	-0.9995257197133659
0.030795058556170082	-0.9995257197133659
0.09226835946330154	-0.9957341762950346
0.15339165487868475	-0.9881654720812595
0.21393308320649754	-0.9768483177596007
0.2736629900720828	-0.961825643172819
0.3323547994796594	-0.9431544344712776
0.38978587329267894	-0.9209055179449538
0.4457383557765377	-0.8951632913550626
0.5000000000000001	-0.8660254037844386
0.5523649729605058	-0.8336023852211195
0.6026346363792562	-0.7980172272802397
0.6506183002042418	-0.7594049166547074
0.6961339459629262	-0.7179119230644424
0.7390089172206592	-0.6736956436465571
0.7790805745256704	-0.6269238058941066
0.8161969123562215	-0.5777738314082513
0.8502171357296139	-0.5264321628773562
0.8810121942857843	-0.4730935568360106
0.9084652718195237	-0.41796034488678335
0.9324722294043558	-0.36124166618715303
0.9529420004271565	-0.30315267411304375
0.9697969360350094	-0.24391372010837756
0.9829730996839017	-0.18374951781657092
0.9924205096719357	-0.12288829066471402
0.9981033287370441	-0.061560906133942904
1.	0