326
0.9998142704113349	0.019272381322766954
0.9992571506362997	0.03853760374262256
0.9983288476221479	0.05778851101589565
0.9970297061955532	0.07701795221640763
0.9953602089345214	0.09621878439174965
0.9933209759891314	0.11538387521659779
0.9909127648511756	0.1345061056420808
0.9881364700727823	0.1535783725402161
0.9849931229341257	0.1725935913424319
0.981483891060348	0.19154469867119517
0.9776100779878342	0.21042465496376805
0.9733731226800012	0.22922644708711815
0.9687745989927822	0.24794309094301087
0.9638162150900028	0.2665676340623172
0.9584998128088685	0.28509315818757186
0.9528273669757972	0.3035127818428237
0.9468009846728512	0.32181966288982305
0.9404229044550432	0.3400070010695966
0.9336954955188038	0.3580680405284663
0.9266212568219221	0.375996072327573
0.9192028161552845	0.39378443693497356
0.9114429291667583	0.4114265266993848
0.9033444783375804	0.42891578830465643
0.8949104719116332	0.44624572520406053
0.8861440427780056	0.4634099000334931
0.8770484473072517	0.4804019370026925
0.8676270641417821	0.4972155242635851
0.857883392940837	0.513844416254879
0.8478210530805049	0.5302824360220351
0.8374437823092723	0.5465234775117536
0.8267554353596026	0.562561507840124
0.815759982516061	0.5783905695335946
0.804461508140515	0.5940047827419306
0.7928642091549613	0.609398347422339
0.7809723934825403	0.6245655454939474
0.7687904784473187	0.639500742961838
0.7563229891334338	0.6541983920098459
0.7435745567042092	0.6686530330613469
0.7305499166818679	0.6828592968072676
0.7172539071884769	0.696811906200564
0.703691467148785	0.7105056784164293
0.6898676344556116	0.7239355267775015
0.6757875440984766	0.7370964626433568
0.6614564262561609	0.7499835972635855
0.646879604353908	0.7625921435937636
0.6320624930859903	0.7749174180736438
0.6170105964043695	0.7869548423669075
0.6017295054742042	0.7986999450618296
0.5862248965969603	0.8101483633322252
0.5705025291018959	0.821295844558062
0.5545682432067065	0.8321382479051346
0.5384279578481221	0.8426715458632152
0.5220876684832637	0.85289182574211
0.5055534448625764	0.8627952911250628
0.48883142877516383	0.8723782632789701
0.47192783176736536	0.8816371825208787
0.4548489328354193	0.8905686095402646
0.43760107609307264	0.8991692266765944
0.42019066841500163	0.9074358391517023
0.40262417705691955	0.9153653762565188
0.3849081272532544	0.9229548924917146
0.3670490997932921	0.9302015686618325
0.34905372857668077	0.937102712922504
0.3309286981492082	0.9436557617803593
0.31268074121976625	0.9498582810452607
0.2943166361594238	0.9557079667345049
0.27584320448353894	0.9612026459286577
0.25726730831784445	0.9663402775787063
0.2385958478494485	0.9711189532642244
0.21983575876369577	0.9755368979022732
0.2009940096678449	0.9795924704067719
0.1820775995025145	0.9832841642980944
0.16309355494186262	0.9866106082626649
0.1440489277834642	0.9895705666623449
0.12495079232885602	0.9921629399934222
0.10580624275572259	0.994386765295032
0.08662239048269872	0.9962412165068573
0.067406361527768	0.9977256047759764
0.04816529386123712	0.9988393787127441
0.028906334754272678	0.9995821245956101
0.00963663812398078	0.9999535665247999
-0.00963663812398088	0.9999535665247999
-0.02890633475427278	0.9995821245956101
-0.04816529386123722	0.9988393787127441
-0.0674063615277681	0.9977256047759764
-0.08662239048269904	0.9962412165068573
-0.10580624275572269	0.994386765295032
-0.12495079232885611	0.9921629399934222
-0.1440489277834643	0.9895705666623449
-0.16309355494186273	0.9866106082626649
-0.1820775995025146	0.9832841642980944
-0.20099400966784498	0.9795924704067719
-0.21983575876369585	0.9755368979022732
-0.2385958478494486	0.9711189532642244
-0.2572673083178448	0.9663402775787062
-0.2758432044835392	0.9612026459286577
-0.2943166361594239	0.9557079667345048
-0.31268074121976636	0.9498582810452607
-0.33092869814920833	0.9436557617803593
-0.3490537285766808	0.9371027129225039
-0.3670490997932922	0.9302015686618325
-0.3849081272532545	0.9229548924917146
-0.4026241770569196	0.9153653762565188
-0.4201906684150017	0.9074358391517022
-0.4376010760930729	0.8991692266765943
-0.4548489328354194	0.8905686095402645
-0.47192783176736564	0.8816371825208786
-0.48883142877516395	0.87237826327897
-0.5055534448625766	0.8627952911250627
-0.5220876684832638	0.8528918257421099
-0.538427957848122	0.8426715458632154
-0.5545682432067066	0.8321382479051345
-0.5705025291018959	0.821295844558062
-0.5862248965969605	0.8101483633322251
-0.6017295054742043	0.7986999450618295
-0.6170105964043697	0.7869548423669074
-0.6320624930859904	0.7749174180736438
-0.6468796043539083	0.7625921435937634
-0.661456426256161	0.7499835972635854
-0.6757875440984766	0.7370964626433568
-0.6898676344556118	0.7239355267775014
-0.7036914671487849	0.7105056784164293
-0.7172539071884771	0.6968119062005639
-0.7305499166818678	0.6828592968072676
-0.7435745567042095	0.6686530330613467
-0.7563229891334338	0.6541983920098458
-0.768790478447319	0.6395007429618377
-0.7809723934825404	0.6245655454939474
-0.7928642091549613	0.609398347422339
-0.8044615081405151	0.5940047827419304
-0.815759982516061	0.5783905695335946
-0.8267554353596027	0.5625615078401239
-0.8374437823092723	0.5465234775117536
-0.847821053080505	0.5302824360220347
-0.8578833929408372	0.5138444162548789
-0.8676270641417824	0.49721552426358484
-0.8770484473072517	0.48040193700269246
-0.8861440427780056	0.46340990003349314
-0.8949104719116333	0.4462457252040603
-0.9033444783375804	0.42891578830465643
-0.9114429291667584	0.41142652669938456
-0.9192028161552845	0.39378443693497356
-0.9266212568219222	0.37599607232757276
-0.9336954955188038	0.3580680405284662
-0.9404229044550433	0.34000700106959625
-0.9468009846728512	0.3218196628898229
-0.9528273669757972	0.3035127818428238
-0.9584998128088686	0.2850931581875717
-0.9638162150900028	0.2665676340623172
-0.9687745989927822	0.24794309094301065
-0.9733731226800012	0.22922644708711812
-0.9776100779878342	0.2104246549637678
-0.9814838910603481	0.1915446986711951
-0.9849931229341258	0.1725935913424316
-0.9881364700727823	0.15357837254021597
-0.9909127648511756	0.13450610564208088
-0.9933209759891314	0.11538387521659761
-0.9953602089345214	0.09621878439174966
-0.9970297061955532	0.0770179522164074
-0.9983288476221479	0.05778851101589562
-0.9992571506362997	0.03853760374262228
-0.9998142704113349	0.019272381322766877
-1.	0
-0.9998142704113349	-0.019272381322767075
-0.9992571506362997	-0.03853760374262248
-0.9983288476221478	-0.05778851101589581
-0.9970297061955532	-0.0770179522164076
-0.9953602089345214	-0.09621878439174987
-0.9933209759891314	-0.1153838752165978
-0.9909127648511756	-0.13450610564208107
-0.9881364700727823	-0.15357837254021617
-0.9849931229341257	-0.1725935913424322
-0.981483891060348	-0.1915446986711953
-0.9776100779878342	-0.210424654963768
-0.9733731226800011	-0.2292264470871183
-0.9687745989927822	-0.24794309094301084
-0.9638162150900027	-0.2665676340623174
-0.9584998128088685	-0.2850931581875719
-0.9528273669757971	-0.303512781842824
-0.9468009846728512	-0.3218196628898231
-0.9404229044550432	-0.34000700106959686
-0.9336954955188038	-0.35806804052846636
-0.9266212568219221	-0.3759960723275729
-0.9192028161552844	-0.3937844369349737
-0.9114429291667583	-0.4114265266993848
-0.9033444783375802	-0.42891578830465665
-0.8949104719116332	-0.4462457252040605
-0.8861440427780055	-0.4634099000334933
-0.8770484473072516	-0.4804019370026926
-0.867627064141782	-0.4972155242635854
-0.857883392940837	-0.5138444162548791
-0.8478210530805047	-0.5302824360220353
-0.8374437823092722	-0.5465234775117538
-0.8267554353596026	-0.562561507840124
-0.8157599825160609	-0.5783905695335947
-0.804461508140515	-0.5940047827419306
-0.7928642091549611	-0.6093983474223391
-0.7809723934825403	-0.6245655454939475
-0.7687904784473185	-0.6395007429618382
-0.7563229891334337	-0.6541983920098459
-0.743574556704209	-0.6686530330613472
-0.7305499166818676	-0.6828592968072678
-0.717253907188477	-0.696811906200564
-0.7036914671487848	-0.7105056784164294
-0.6898676344556116	-0.7239355267775015
-0.6757875440984764	-0.7370964626433569
-0.6614564262561607	-0.7499835972635855
-0.6468796043539081	-0.7625921435937635
-0.6320624930859898	-0.7749174180736442
-0.6170105964043692	-0.7869548423669077
-0.6017295054742041	-0.7986999450618296
-0.5862248965969603	-0.8101483633322252
-0.5705025291018961	-0.8212958445580619
-0.5545682432067062	-0.8321382479051348
-0.5384279578481218	-0.8426715458632154
-0.5220876684832637	-0.85289182574211
-0.5055534448625765	-0.8627952911250628
-0.4888314287751634	-0.8723782632789703
-0.471927831767365	-0.881637182520879
-0.45484893283541916	-0.8905686095402646
-0.43760107609307275	-0.8991692266765944
-0.4201906684150019	-0.9074358391517021
-0.40262417705691905	-0.915365376256519
-0.38490812725325413	-0.9229548924917147
-0.367049099793292	-0.9302015686618326
-0.3490537285766809	-0.9371027129225039
-0.3309286981492077	-0.9436557617803595
-0.31268074121976597	-0.9498582810452608
-0.29431663615942366	-0.9557079667345049
-0.27584320448353905	-0.9612026459286577
-0.2572673083178448	-0.9663402775787062
-0.23859584784944798	-0.9711189532642245
-0.21983575876369546	-0.9755368979022733
-0.20099400966784478	-0.9795924704067719
-0.18207759950251462	-0.9832841642980944
-0.1630935549418621	-0.986610608262665
-0.14404892778346387	-0.9895705666623449
-0.12495079232885592	-0.9921629399934222
-0.10580624275572272	-0.994386765295032
-0.08662239048269907	-0.9962412165068573
-0.06740636152776745	-0.9977256047759764
-0.0481652938612368	-0.9988393787127441
-0.028906334754272577	-0.9995821245956101
-0.009636638123980903	-0.9999535665247999
0.009636638123981424	-0.9999535665247999
0.028906334754273098	-0.9995821245956101
0.04816529386123732	-0.9988393787127441
0.06740636152776798	-0.9977256047759764
0.08662239048269871	-0.9962412165068573
0.10580624275572323	-0.994386765295032
0.12495079232885643	-0.9921629399934222
0.1440489277834644	-0.9895705666623449
0.16309355494186262	-0.9866106082626649
0.18207759950251512	-0.9832841642980943
0.2009940096678453	-0.9795924704067718
0.21983575876369596	-0.9755368979022732
0.23859584784944848	-0.9711189532642244
0.25726730831784445	-0.9663402775787063
0.27584320448353955	-0.9612026459286576
0.29431663615942416	-0.9557079667345046
0.31268074121976647	-0.9498582810452607
0.3309286981492082	-0.9436557617803593
0.3490537285766813	-0.9371027129225038
0.3670490997932925	-0.9302015686618323
0.38490812725325463	-0.9229548924917146
0.4026241770569195	-0.9153653762565188
0.4201906684150016	-0.9074358391517023
0.4376010760930732	-0.8991692266765942
0.45484893283541966	-0.8905686095402644
0.4719278317673655	-0.8816371825208786
0.48883142877516383	-0.8723782632789701
0.5055534448625769	-0.8627952911250625
0.5220876684832642	-0.8528918257421098
0.5384279578481223	-0.8426715458632151
0.5545682432067065	-0.8321382479051346
0.5705025291018958	-0.8212958445580621
0.5862248965969608	-0.8101483633322248
0.6017295054742046	-0.7986999450618293
0.6170105964043696	-0.7869548423669074
0.6320624930859903	-0.7749174180736439
0.6468796043539086	-0.7625921435937631
0.6614564262561612	-0.7499835972635852
0.6757875440984769	-0.7370964626433566
0.6898676344556117	-0.7239355267775015
0.7036914671487849	-0.7105056784164294
0.7172539071884774	-0.6968119062005637
0.730549916681868	-0.6828592968072674
0.7435745567042094	-0.6686530330613468
0.7563229891334337	-0.6541983920098459
0.7687904784473192	-0.6395007429618375
0.7809723934825407	-0.624565545493947
0.7928642091549615	-0.6093983474223388
0.8044615081405151	-0.5940047827419305
0.8157599825160609	-0.5783905695335947
0.8267554353596029	-0.5625615078401236
0.8374437823092724	-0.5465234775117533
0.847821053080505	-0.5302824360220348
0.857883392940837	-0.513844416254879
0.8676270641417825	-0.49721552426358456
0.8770484473072518	-0.4804019370026921
0.8861440427780058	-0.46340990003349286
0.8949104719116333	-0.4462457252040604
0.9033444783375802	-0.42891578830465654
0.9114429291667585	-0.4114265266993843
0.9192028161552847	-0.3937844369349732
0.9266212568219221	-0.37599607232757287
0.9336954955188038	-0.3580680405284663
0.9404229044550434	-0.34000700106959597
0.9468009846728513	-0.3218196628898226
0.9528273669757973	-0.3035127818428235
0.9584998128088686	-0.28509315818757186
0.9638162150900028	-0.26656763406231737
0.9687745989927823	-0.24794309094301034
0.9733731226800013	-0.22922644708711779
0.9776100779878342	-0.21042465496376792
0.981483891060348	-0.19154469867119522
0.9849931229341258	-0.17259359134243127
0.9881364700727824	-0.15357837254021567
0.9909127648511757	-0.13450610564208054
0.9933209759891314	-0.11538387521659774
0.9953602089345214	-0.09621878439174979
0.9970297061955532	-0.07701795221640709
0.9983288476221479	-0.05778851101589529
0.9992571506362997	-0.038537603742622405
0.9998142704113349	-0.019272381322767
1.	0