154
0.9991677993445829	0.04078858606158558
0.9966725824941932	0.08150928354706317
0.9925185024910277	0.12209431687415986
0.9867124733912889	0.16247613626020582
0.9792641587574211	0.202587530152081
0.9701859555740645	0.24236173709321235
0.9594929736144974	0.2817325568414297
0.9472030102919101	0.32063446055273553
0.9333365210373668	0.3590026998475987
0.9179165852537593	0.39677341457824256
0.9009688679024191	0.4338837391175582
0.8825215767863213	0.4702719069927368
0.8626054156009807	0.5058773536894683
0.8412535328311811	0.5406408174555977
0.8185014665785935	0.5745044379364633
0.7943870854121126	0.6074118524777475
0.7689505253393619	0.6393082899355516
0.7422341230042699	0.6701406618375595
0.7142823452219036	0.6998576507435619
0.6851417149678442	0.7284097956582691
0.654860733945285	0.7557495743542583
0.6234898018587335	0.7818314824680298
0.5910811325286764	0.8066121092375301
0.5576886669868294	0.8300502097550806
0.523367983696612	0.8521067736154565
0.4881762060482812	0.8727450898448562
0.4521719072826856	0.8919308080026939
0.41541501300188627	0.9096319953545184
0.37796670142890654	0.9258191900208981
0.33988930158261665	0.9404654500138115
0.30124618953723414	0.9535463980789277
0.2621016829391021	0.96504026226914
0.22252093395631423	0.9749279121818236
0.18256982083936146	0.983192890799503
0.1423148382732849	0.9898214418809328
0.10182298670383533	0.994802532857004
0.06116166082184261	0.9981278731933669
0.02039853739140521	0.9997919281892065
-0.020398537391405534	0.9997919281892065
-0.06116166082184293	0.9981278731933668
-0.10182298670383565	0.994802532857004
-0.14231483827328523	0.9898214418809327
-0.1825698208393618	0.983192890799503
-0.22252093395631456	0.9749279121818236
-0.26210168293910235	0.9650402622691399
-0.3012461895372345	0.9535463980789276
-0.339889301582617	0.9404654500138114
-0.37796670142890665	0.9258191900208981
-0.41541501300188655	0.9096319953545183
-0.45217190728268586	0.8919308080026938
-0.4881762060482815	0.872745089844856
-0.5233679836966122	0.8521067736154564
-0.5576886669868296	0.8300502097550805
-0.5910811325286768	0.8066121092375299
-0.6234898018587338	0.7818314824680296
-0.6548607339452853	0.755749574354258
-0.6851417149678445	0.7284097956582688
-0.7142823452219036	0.6998576507435618
-0.7422341230042699	0.6701406618375595
-0.7689505253393621	0.6393082899355514
-0.7943870854121127	0.6074118524777474
-0.8185014665785936	0.5745044379364632
-0.8412535328311813	0.5406408174555974
-0.8626054156009808	0.5058773536894681
-0.8825215767863214	0.4702719069927365
-0.9009688679024193	0.4338837391175578
-0.9179165852537595	0.39677341457824217
-0.9333365210373669	0.3590026998475983
-0.9472030102919102	0.3206344605527351
-0.9594929736144975	0.2817325568414292
-0.9701859555740645	0.24236173709321224
-0.9792641587574211	0.20258753015208084
-0.986712473391289	0.16247613626020563
-0.9925185024910278	0.12209431687415966
-0.9966725824941933	0.08150928354706292
-0.9991677993445829	0.04078858606158529
-1.	0
-0.9991677993445829	-0.04078858606158593
-0.9966725824941932	-0.08150928354706356
-0.9925185024910277	-0.1220943168741603
-0.9867124733912889	-0.16247613626020627
-0.979264158757421	-0.20258753015208147
-0.9701859555740644	-0.24236173709321288
-0.9594929736144974	-0.28173255684142984
-0.94720301029191	-0.3206344605527357
-0.9333365210373666	-0.3590026998475989
-0.9179165852537593	-0.3967734145782428
-0.900968867902419	-0.4338837391175584
-0.882521576786321	-0.4702719069927371
-0.8626054156009805	-0.5058773536894686
-0.841253532831181	-0.5406408174555979
-0.8185014665785932	-0.5745044379364637
-0.7943870854121123	-0.6074118524777479
-0.7689505253393617	-0.6393082899355519
-0.7422341230042695	-0.6701406618375599
-0.7142823452219035	-0.6998576507435619
-0.685141714967844	-0.7284097956582692
-0.6548607339452849	-0.7557495743542585
-0.6234898018587329	-0.7818314824680302
-0.5910811325286762	-0.8066121092375302
-0.5576886669868287	-0.830050209755081
-0.5233679836966116	-0.8521067736154567
-0.48817620604828127	-0.8727450898448561
-0.4521719072826853	-0.8919308080026941
-0.4154150130018864	-0.9096319953545184
-0.37796670142890604	-0.9258191900208983
-0.3398893015826166	-0.9404654500138115
-0.30124618953723364	-0.9535463980789278
-0.26210168293910197	-0.96504026226914
-0.2225209339563137	-0.9749279121818237
-0.18256982083936138	-0.983192890799503
-0.14231483827328437	-0.9898214418809328
-0.101822986703835	-0.994802532857004
-0.06116166082184184	-0.9981278731933669
-0.020398537391404892	-0.9997919281892065
0.020398537391405413	-0.9997919281892065
0.061161660821843246	-0.9981278731933668
0.10182298670383552	-0.994802532857004
0.14231483827328575	-0.9898214418809327
0.18256982083936188	-0.9831928907995029
0.2225209339563151	-0.9749279121818234
0.26210168293910246	-0.9650402622691399
0.301246189537235	-0.9535463980789274
0.3398893015826171	-0.9404654500138114
0.37796670142890737	-0.9258191900208977
0.4154150130018868	-0.9096319953545182
0.4521719072826865	-0.8919308080026934
0.48817620604828177	-0.8727450898448559
0.5233679836966121	-0.8521067736154565
0.55768866698683	-0.8300502097550803
0.5910811325286767	-0.8066121092375299
0.623489801858734	-0.7818314824680294
0.6548607339452853	-0.7557495743542582
0.6851417149678447	-0.7284097956582686
0.7142823452219038	-0.6998576507435615
0.7422341230042705	-0.6701406618375589
0.7689505253393623	-0.6393082899355511
0.7943870854121131	-0.6074118524777468
0.8185014665785938	-0.5745044379364629
0.8412535328311816	-0.5406408174555968
0.862605415600981	-0.5058773536894677
0.8825215767863214	-0.47027190699273663
0.9009688679024194	-0.4338837391175575
0.9179165852537595	-0.3967734145782423
0.933336521037367	-0.35900269984759803
0.9472030102919102	-0.3206344605527352
0.9594929736144976	-0.2817325568414289
0.9701859555740646	-0.24236173709321193
0.9792641587574213	-0.2025875301520801
0.986712473391289	-0.16247613626020532
0.9925185024910279	-0.1220943168741589
0.9966725824941933	-0.0815092835470626
0.9991677993445829	-0.040788586061584524
1.	0