421
0.9998886327519336	0.01492387662334652
0.9995545558130623	0.02984442918455299
0.9989978435938447	0.04475833436186266
0.9982186200932964	0.05966227031412051
0.9972170588713712	0.0745529174206618
0.9959933830103034	0.08942695902070616
0.9945478650649191	0.10428108215209236
0.9928808270019296	0.11911197828918924
0.990992640128218	0.13391634407981848
0.9888837250081359	0.14869088208102513
0.9865545513698304	0.16343230149353197
0.9840056380006179	0.1781373188947138
0.9812375526314335	0.19280265896992915
0.9782509118103772	0.20742505524204582
0.9750463807653872	0.22200125079899777
0.9716246732560714	0.23652799901921218
0.9679865514147277	0.25100206429474375
0.9641328255765913	0.2654202227519563
0.960064354099345	0.27977926296959077
0.9557820431719334	0.29407598669405927
0.951286846612723	0.30830720955180674
0.9465797656570545	0.3224697617585806
0.941661848734233	0.33656048882545103
0.936534191234006	0.35057625226142475
0.9311979352625835	0.3645139302724949
0.9256542693882504	0.3783704184569724
0.9199044283766319	0.3921426304969433
0.9139496929156685	0.4058274988456983
0.9077913893303629	0.41942197541098103
0.9014308892873609	0.4329230322339036
0.8948696094894352	0.44632766216337727
0.8881090113599351	0.4596328795259088
0.8811506007172788	0.47283572079061315
0.8739959274395547	0.48593324522929354
0.8666465851193101	0.4989225355714436
0.8591042107086038	0.5118006986540238
0.8513704841543996	0.524564866065869
0.8434471280243852	0.537212194786582
0.8353359071232954	0.5497398678197727
0.827038628099831	0.5621450948205006
0.8185571390442542	0.57442511271678
0.8098933290767566	0.5865771863250124
0.8010491279266858	0.5985986089592058
0.7920265055027286	0.6104867030338469
0.7828274714541443	0.6222388206602918
0.7734540747231469	0.6338523442365427
0.763908403088534	0.6453246870302776
0.7541925827006678	0.6566532937550047
0.7443087776079065	0.6678356411392132
0.7342591892745974	0.6788692384883932
0.7240460560907345	0.6897516282397983
0.7136716528733913	0.7004803865098307
0.7031382903600408	0.7110531236339229
0.6924483146938756	0.7214674846987988
0.6816041069012388	0.7317211500669941
0.6706080823612894	0.7418118358935196
0.6594626902680127	0.7517372946345519
0.6481704130847008	0.7614953155480395
0.6367337659910223	0.7710837251861111
0.6251552963228049	0.7805003878791772
0.6134375830046563	0.7897432062116174
0.6015832359755483	0.7988101214889479
0.5895948956074933	0.8076991141963628
0.5774752321174428	0.8164082044485501
0.5652269449725373	0.8249354524306809
0.5528527622888426	0.8332789588304725
0.5403554402237041	0.841436865261231
0.5277377623618545	0.8494073546757779
0.5150025390954152	0.8571886517711695
0.5021526069979232	0.8647790233841182
0.48919082819252985	0.8721767788770272
0.4761200897145062	0.8793802705145543
0.4629433028682013	0.8863878938306191
0.44966340257859383	0.8931980879857735
0.4362833467375838	0.8998093361148534
0.42280611554516706	0.9062201656648382
0.4092347108456425	0.9124291487228383
0.39557215545899765	0.9184349023341407
0.3818214925076225	0.924236088810241
0.36798578473850097	0.9298314160267923
0.3540681138410315	0.9352196377114065
0.34007157976062913	0.9403995537212414
0.32599930000825966	0.9453700103103148
0.31185440896606326	0.9501299003864826
0.297640057189219	0.9546781637580272
0.2833594107042077	0.959013787369798
0.26901565030362856	0.9631358055288547
0.25461197083772735	0.9670433001195594
0.24015158050279228	0.9707354008080734
0.2256377001265784	0.97421128523621
0.21107356245091827	0.9774701792046028
0.19646241141167867	0.9805113568451456
0.18180750141622404	0.9833341407826689
0.1671120966185485	0.9859379022858148
0.15237947019223494	0.9883220614070769
0.13761290360140713	0.9904860871119744
0.1228156858698343	0.9924294973973325
0.10799111284835203	0.9941518593986406
0.09314248648076268	0.995652789486466
0.07827311406837824	0.9969319533519019
0.06338630753337125	0.9979890660810292
0.04848538268109411	0.998823892218377
0.03357365846153569	0.999436245819366
0.018654456230076503	0.9998259904917256
0.0037310990077082744	0.9999930394258726
-0.011193089259117677	0.9999373554142467
-0.02611478443884711	0.9996589508595982
-0.04103066295522294	0.9991578877722254
-0.05593740252755944	0.9984342777561624
-0.07083168291072899	0.9974882819843218
-0.08571018663469517	0.996320111162595
-0.10056959974342805	0.9949300254829214
-0.11540661253303558	0.9933183345653345
-0.13021792028895016	0.9914853973889987
-0.14500022402200172	0.9894316222122523
-0.1597502312032166	0.9871574664816748
-0.17446465649717735	0.9846634367301966
-0.18914022249378018	0.981950088464278
-0.20377366043822767	0.9790180260401776
-0.21836171095909207	0.9758679025293423
-0.2329011247942913	0.972500419572945
-0.2473886635148107	0.9689163272256051
-0.2618211002460132	0.9651164237883257
-0.2761952203863754	0.9611015556306843
-0.2905078223234908	0.9568726170023172
-0.3047557181471781	0.9524305498337386
-0.31893573435954037	0.9477763435265415
-0.33304471258181123	0.9429110347330223
-0.34707951025783557	0.9378357071252837
-0.36103700135402456	0.9325514911538634
-0.3749140770556316	0.9270595637959429
-0.38870764645919287	0.9213611482931952
-0.4024146372609768	0.9154575138793261
-0.41603199644129396	0.9093499754973721
-0.4295566909445089	0.9030398935068171
-0.44298570835460555	0.8965286733805943
-0.45631605756615784	0.8898177653920374
-0.46954476945055085	0.8829086642918559
-0.48266889751730846	0.8758029089752021
-0.49568551857037857	0.8685020821389059
-0.5085917333592296	0.8610078099289543
-0.5213846672246135	0.8533217615782918
-0.5340614707388518	0.845445649035025
-0.5466193203405011	0.8373812265811126
-0.5590554189632579	0.8291302904416267
-0.5713669966589616	0.8206946783846707
-0.5835513112145576	0.8120762693120459
-0.5956056487628829	0.8032769828407542
-0.6075273243871369	0.7942987788754347
-0.6193136827189064	0.7851436571718233
-0.6309620985296075	0.77581365689134
-0.6424699773152137	0.7663108561468961
-0.6538347558741421	0.7566373715400271
-0.6650539028781668	0.7467953576894529
-0.6761249194362328	0.7367870067511695
-0.6870453396510452	0.7266145479301801
-0.6978127311683101	0.7162802469839747
-0.7084246957185032	0.7057864057178674
-0.7188788696510473	0.6951353614723053
-0.7291729244607793	0.6843294866022614
-0.739304567306588	0.6733711879488301
-0.7492715415221087	0.662262906303141
-0.759071627118362	0.651007115862709
-0.7687026412782202	0.6396063236803463
-0.7781624388425973	0.6280630691057555
-0.7874489127882494	0.6163799232199277
-0.7965599946970813	0.6045594882624752
-0.8054936552168548	0.5926043970520222
-0.8142479045131953	0.5805173123997857
-0.822820792712797	0.5683009265164755
-0.831210410337726	0.5559579604126458
-0.8394148887307282	0.5434911632926326
-0.8474324004714429	0.5309033119422104
-0.8552611597834316	0.5181972101101079
-0.8628994229319341	0.5053756878835142
-0.8703454886122566	0.49244160105772183
-0.8775976983287114	0.4793978305000431
-0.8846544367640218	0.46624728150814077
-0.8915141321391078	0.4529928831629184
-0.8981752565631765	0.43963758767611305
-0.9046363263740358	0.42618436973273555
-0.9108959024685566	0.412636225828506
-0.9169525906232117	0.3989961736024304
-0.9228050418046166	0.3852672511646685
-0.9284519524700064	0.371452516419842
-0.9338920648575794	0.35755504638593305
-0.9391241672666437	0.343577936508928
-0.9441470943275058	0.32952429997335225
-0.9489597272610376	0.3153972670088584
-0.9535609941278675	0.30119998419301575
-0.9579498700671386	0.28693561375045856
-0.9621253775247797	0.2726073328485502
-0.9660865864712411	0.25821833288971763
-0.9698326146086443	0.24377181880061666
-0.9733626275672995	0.22927100831828376
-0.976675839091549	0.2147191312734352
-0.9797715112148933	0.2001194288710724
-0.9826489544243618	0.1854751529685536
-0.9853075278140914	0.17078956535129275
-0.9877466392280773	0.1560659370062491
-0.9899657453920678	0.14130754739336285
-0.9919643520345698	0.1265176837151082
-0.9937420139969395	0.11169964018431933
-0.9952983353325358	0.09685671729045581
-0.9966329693949098	0.08199222106446953
-0.9977456189150163	0.06710946234243764
-0.9986360360674251	0.05221175602812517
-0.9993040225255203	0.037302420354641555
-0.9997494295056748	0.022384776145355726
-0.9999721578003894	0.0074621460742341095
-0.9999721578003894	-0.00746214607423342
-0.9997494295056748	-0.02238477614535548
-0.9993040225255203	-0.03730242035464131
-0.9986360360674251	-0.052211756028124924
-0.9977456189150163	-0.06710946234243739
-0.9966329693949098	-0.08199222106446928
-0.9952983353325358	-0.09685671729045557
-0.9937420139969396	-0.11169964018431909
-0.9919643520345698	-0.12651768371510794
-0.9899657453920679	-0.1413075473933626
-0.9877466392280774	-0.15606593700624885
-0.9853075278140915	-0.17078956535129253
-0.9826489544243621	-0.1854751529685529
-0.9797715112148934	-0.20011942887107215
-0.9766758390915491	-0.21471913127343498
-0.9733626275672996	-0.2292710083182835
-0.9698326146086444	-0.24377181880061644
-0.9660865864712412	-0.2582183328897174
-0.9621253775247797	-0.27260733284854993
-0.9579498700671386	-0.28693561375045834
-0.9535609941278677	-0.30119998419301547
-0.9489597272610377	-0.3153972670088582
-0.9441470943275059	-0.329524299973352
-0.9391241672666438	-0.34357793650892776
-0.9338920648575795	-0.35755504638593283
-0.9284519524700067	-0.37145251641984134
-0.9228050418046168	-0.38526725116466826
-0.9169525906232118	-0.39899617360243017
-0.9108959024685567	-0.4126362258285058
-0.9046363263740359	-0.4261843697327353
-0.8981752565631766	-0.43963758767611283
-0.8915141321391079	-0.4529928831629182
-0.8846544367640219	-0.46624728150814054
-0.8775976983287115	-0.47939783050004287
-0.8703454886122567	-0.4924416010577216
-0.8628994229319342	-0.505375687883514
-0.8552611597834318	-0.5181972101101078
-0.8474324004714431	-0.5309033119422102
-0.8394148887307287	-0.543491163292632
-0.8312104103377262	-0.5559579604126457
-0.8228207927127971	-0.5683009265164753
-0.8142479045131954	-0.5805173123997855
-0.8054936552168549	-0.592604397052022
-0.7965599946970814	-0.604559488262475
-0.7874489127882496	-0.6163799232199275
-0.7781624388425975	-0.6280630691057553
-0.7687026412782203	-0.6396063236803462
-0.7590716271183621	-0.6510071158627088
-0.749271541522109	-0.6622629063031408
-0.7393045673065882	-0.6733711879488299
-0.7291729244607797	-0.6843294866022609
-0.7188788696510479	-0.6951353614723048
-0.7084246957185033	-0.7057864057178673
-0.6978127311683102	-0.7162802469839745
-0.6870453396510454	-0.7266145479301799
-0.6761249194362329	-0.7367870067511693
-0.665053902878167	-0.7467953576894527
-0.6538347558741423	-0.756637371540027
-0.6424699773152139	-0.7663108561468959
-0.6309620985296074	-0.7758136568913402
-0.6193136827189066	-0.7851436571718232
-0.6075273243871366	-0.7942987788754348
-0.5956056487628831	-0.803276982840754
-0.5835513112145578	-0.8120762693120458
-0.5713669966589622	-0.8206946783846704
-0.5590554189632582	-0.8291302904416264
-0.5466193203405016	-0.8373812265811122
-0.534061470738852	-0.8454456490350248
-0.5213846672246141	-0.8533217615782914
-0.5085917333592298	-0.8610078099289542
-0.4956855185703792	-0.8685020821389056
-0.4826688975173087	-0.8758029089752019
-0.4695447694505506	-0.882908664291856
-0.45631605756615806	-0.8898177653920373
-0.4429857083546054	-0.8965286733805944
-0.4295566909445091	-0.903039893506817
-0.416031996441294	-0.9093499754973721
-0.40241463726097726	-0.9154575138793258
-0.38870764645919287	-0.9213611482931952
-0.3749140770556323	-0.9270595637959427
-0.3610370013540248	-0.9325514911538633
-0.3470795102578362	-0.9378357071252835
-0.33304471258181145	-0.9429110347330222
-0.318935734359541	-0.9477763435265413
-0.3047557181471784	-0.9524305498337385
-0.2905078223234906	-0.9568726170023172
-0.27619522038637584	-0.9611015556306842
-0.2618211002460132	-0.9651164237883257
-0.24738866351481115	-0.968916327225605
-0.23290112479429131	-0.972500419572945
-0.21836171095909251	-0.9758679025293422
-0.20377366043822767	-0.9790180260401776
-0.18914022249378087	-0.9819500884642778
-0.17446465649717757	-0.9846634367301966
-0.1597502312032173	-0.9871574664816747
-0.14500022402200197	-0.9894316222122523
-0.13021792028895085	-0.9914853973889985
-0.11540661253303582	-0.9933183345653345
-0.10056959974342786	-0.9949300254829214
-0.08571018663469564	-0.996320111162595
-0.070831682910729	-0.9974882819843218
-0.0559374025275599	-0.9984342777561624
-0.04103066295522296	-0.9991578877722254
-0.026114784438847575	-0.9996589508595982
-0.011193089259117701	-0.9999373554142467
0.0037310990077075857	-0.9999930394258726
0.018654456230076256	-0.9998259904917256
0.033573658461535004	-0.999436245819366
0.04848538268109387	-0.998823892218377
0.06338630753337057	-0.9979890660810292
0.07827311406837799	-0.9969319533519019
0.09314248648076265	-0.995652789486466
0.10799111284835157	-0.9941518593986407
0.12281568586983427	-0.9924294973973325
0.13761290360140668	-0.9904860871119745
0.1523794701922349	-0.9883220614070769
0.16711209661854803	-0.9859379022858149
0.181807501416224	-0.9833341407826689
0.196462411411678	-0.9805113568451457
0.21107356245091802	-0.9774701792046029
0.22563770012657774	-0.9742112852362103
0.24015158050279206	-0.9707354008080734
0.2546119708377276	-0.9670433001195594
0.26901565030362834	-0.9631358055288548
0.28335941070420767	-0.959013787369798
0.29764005718921854	-0.9546781637580273
0.3118544089660632	-0.9501299003864826
0.3259993000082592	-0.945370010310315
0.3400715797606291	-0.9403995537212414
0.35406811384103104	-0.9352196377114066
0.36798578473850074	-0.9298314160267923
0.3818214925076219	-0.9242360888102412
0.39557215545899743	-0.9184349023341408
0.40923471084564184	-0.9124291487228386
0.42280611554516684	-0.9062201656648383
0.43628334673758395	-0.8998093361148534
0.4496634025785936	-0.8931980879857736
0.4629433028682013	-0.8863878938306191
0.4761200897145058	-0.8793802705145545
0.4891908281925298	-0.8721767788770272
0.5021526069979229	-0.8647790233841185
0.5150025390954152	-0.8571886517711695
0.5277377623618541	-0.8494073546757782
0.540355440223704	-0.8414368652612311
0.5528527622888422	-0.8332789588304729
0.5652269449725371	-0.8249354524306811
0.5774752321174422	-0.8164082044485506
0.5895948956074931	-0.8076991141963629
0.6015832359755484	-0.7988101214889478
0.6134375830046561	-0.7897432062116176
0.625155296322805	-0.7805003878791771
0.6367337659910219	-0.7710837251861113
0.6481704130847008	-0.7614953155480395
0.6594626902680124	-0.7517372946345522
0.6706080823612894	-0.7418118358935196
0.6816041069012385	-0.7317211500669945
0.6924483146938755	-0.7214674846987988
0.7031382903600405	-0.7110531236339233
0.7136716528733911	-0.7004803865098308
0.724046056090734	-0.6897516282397989
0.7342591892745973	-0.6788692384883934
0.7443087776079066	-0.6678356411392131
0.7541925827006675	-0.6566532937550049
0.7639084030885341	-0.6453246870302776
0.7734540747231466	-0.6338523442365431
0.7828274714541443	-0.6222388206602918
0.7920265055027282	-0.6104867030338472
0.8010491279266857	-0.5985986089592059
0.8098933290767563	-0.5865771863250129
0.8185571390442542	-0.5744251127167801
0.8270386280998305	-0.5621450948205011
0.8353359071232953	-0.5497398678197729
0.8434471280243848	-0.5372121947865826
0.8513704841543995	-0.5245648660658693
0.8591042107086039	-0.5118006986540238
0.8666465851193099	-0.4989225355714439
0.8739959274395547	-0.4859332452292935
0.8811506007172786	-0.4728357207906135
0.8881090113599351	-0.45963287952590887
0.894869609489435	-0.4463276621633777
0.9014308892873609	-0.4329230322339037
0.9077913893303626	-0.4194219754109816
0.9139496929156684	-0.40582749884569846
0.9199044283766316	-0.3921426304969439
0.9256542693882504	-0.3783704184569726
0.9311979352625833	-0.36451393027249557
0.9365341912340059	-0.350576252261425
0.941661848734233	-0.3365604888254509
0.9465797656570544	-0.32246976175858094
0.951286846612723	-0.30830720955180674
0.9557820431719333	-0.2940759866940597
0.960064354099345	-0.2797792629695908
0.9641328255765912	-0.2654202227519568
0.9679865514147277	-0.25100206429474387
0.9716246732560713	-0.23652799901921273
0.9750463807653872	-0.22200125079899793
0.978250911810377	-0.20742505524204644
0.9812375526314334	-0.1928026589699294
0.9840056380006178	-0.1781373188947145
0.9865545513698303	-0.16343230149353227
0.9888837250081359	-0.14869088208102504
0.9909926401282179	-0.13391634407981884
0.9928808270019296	-0.1191119782891892
0.9945478650649191	-0.10428108215209281
0.9959933830103034	-0.0894269590207062
0.9972170588713712	-0.0745529174206623
0.9982186200932964	-0.059662270314120615
0.9989978435938446	-0.04475833436186325
0.9995545558130623	-0.029844429184553163
0.9998886327519336	-0.014923876623347173
1.	0