149
0.9991110182465031	0.04215653233409721
0.9964456535631284	0.08423811189212299
0.9920086448710159	0.12616991916130652
0.9858078810097003	0.16787740091854086
0.9778543867110426	0.20928640278329308
0.9681623029976587	0.25032330106138656
0.956748862040698	0.29091513364524274
0.9436343565216709	0.3309897297378454
0.9288421035528028	0.3704758381697844
0.9123984032200584	0.4093032540812346
0.8943324918225493	0.44740294374363454
0.8746764898914609	0.4847071672991366
0.8534653450809199	0.5211495991996026
0.8307367700323411	0.5566654461310071
0.8065311753227269	0.5911915622135864
0.7808915976161361	0.6246665612729071
0.7538636231460657	0.6570309259822452
0.7254953066647915	0.6882271136822207
0.6958370860037719	0.7181996586895453
0.6649416923970246	0.7468952709129846
0.6328640567269168	0.7742629306011943
0.5996612118590604	0.800253979053977
0.5653921912399589	0.8248222051356751
0.5301179239376935	0.8479239274368838
0.4939011263122635	0.8695180719384028
0.45680619050818716	0.8895662450393438
0.41889906996761855	0.9080328018195511
0.3802471621675337	0.92488490941497
0.3409191887894769	0.9400926053932799
0.30098507353491855	0.9536288510260057
0.26051581780346544	0.9654695793623906
0.21958337445496295	0.9755937380195567
0.17826051987993694	0.9839833266128724
0.13662072460582686	0.9906234287599798
0.09473802266906836	0.9955022386015789
0.0526868799852795	0.9986110817918139
0.010542061951579447	0.9999444309209432
-0.03162149948355876	0.9994999153428735
-0.073728839046579	0.9972783253900807
-0.11570509142436139	0.9932836109684284
-0.15747562437201768	0.9875228745343791
-0.19896617140629966	0.9800063584670862
-0.24010296384869495	0.9707474268578168
-0.28081286198344624	0.9597625417490859
-0.32102348509729617	0.9470712338657458
-0.36066334016975543	0.9326960678900685
-0.39966194898508234	0.9166626023425661
-0.4379499734399795	0.8989993441398727
-0.4754593388242119	0.8797376979104871
-0.512123354854955	0.8589119101584899
-0.5478768342496868	0.8365590083745087
-0.5826562086267957	0.8127187352021904
-0.6163996415278423	0.7874334777772326
-0.6490471383605284	0.7607481923646017
-0.680540653066891	0.7327103244279347
-0.7108241913270748	0.7033697242732376
-0.7398439101151905	0.6727785584168583
-0.7675482134302499	0.6409912168353257
-0.793887844031972	0.6080642162619565
-0.8188159710183593	0.5740560997021644
-0.8422882730893321	0.5390273323461351
-0.8642630173483832	0.503040194063922
-0.8847011335021446	0.4661586686741119
-0.903566283325943	0.4284483301829307
-0.9208249252718379	0.3899762261960518
-0.9364463741042692	0.3508107587104008
-0.9504028554572863	0.3110215624979023
-0.9626695552163577	0.27067938129739433
-0.9732246636369604	0.22985594203484344
-0.9820494141215101	0.18862382729548938
-0.9891281165856873	0.147056346274654
-0.9944481853548335	0.10522740443667086
-0.9980001615408226	0.06321137211366364
-0.9997777298596181	0.02108295227781088
-0.9997777298596181	-0.021082952277811078
-0.9980001615408226	-0.0632113721136634
-0.9944481853548335	-0.10522740443667106
-0.9891281165856873	-0.1470563462746542
-0.9820494141215103	-0.18862382729548915
-0.9732246636369604	-0.22985594203484364
-0.9626695552163577	-0.27067938129739405
-0.9504028554572864	-0.3110215624979021
-0.9364463741042691	-0.350810758710401
-0.920824925271838	-0.3899762261960516
-0.903566283325943	-0.4284483301829309
-0.8847011335021445	-0.46615866867411204
-0.8642630173483833	-0.5030401940639219
-0.842288273089332	-0.5390273323461352
-0.8188159710183592	-0.5740560997021645
-0.7938878440319721	-0.6080642162619563
-0.7675482134302498	-0.6409912168353258
-0.7398439101151906	-0.6727785584168582
-0.7108241913270749	-0.7033697242732374
-0.6805406530668909	-0.7327103244279349
-0.6490471383605283	-0.7607481923646019
-0.6163996415278425	-0.7874334777772325
-0.5826562086267955	-0.8127187352021905
-0.5478768342496866	-0.8365590083745088
-0.5121233548549552	-0.8589119101584898
-0.4754593388242117	-0.8797376979104871
-0.4379499734399793	-0.8989993441398728
-0.39966194898508256	-0.916662602342566
-0.36066334016975543	-0.9326960678900685
-0.321023485097296	-0.9470712338657458
-0.28081286198344646	-0.9597625417490859
-0.24010296384869498	-0.9707474268578168
-0.19896617140629946	-0.9800063584670862
-0.15747562437201812	-0.9875228745343791
-0.11570509142436142	-0.9932836109684283
-0.0737288390465788	-0.9972783253900807
-0.031621499483559225	-0.9994999153428735
0.010542061951579425	-0.9999444309209432
0.0526868799852797	-0.9986110817918139
0.0947380226690679	-0.995502238601579
0.1366207246058266	-0.9906234287599799
0.17826051987993713	-0.9839833266128724
0.21958337445496337	-0.9755937380195566
0.2605158178034652	-0.9654695793623908
0.30098507353491877	-0.9536288510260056
0.3409191887894773	-0.9400926053932797
0.38024716216753346	-0.9248849094149701
0.41889906996761855	-0.9080328018195511
0.45680619050818755	-0.8895662450393436
0.49390112631226335	-0.8695180719384029
0.5301179239376935	-0.8479239274368838
0.5653921912399592	-0.824822205135675
0.5996612118590602	-0.8002539790539772
0.6328640567269168	-0.7742629306011943
0.6649416923970248	-0.7468952709129845
0.6958370860037716	-0.7181996586895456
0.7254953066647915	-0.6882271136822207
0.7538636231460659	-0.657030925982245
0.7808915976161359	-0.6246665612729073
0.8065311753227269	-0.5911915622135864
0.8307367700323413	-0.5566654461310069
0.8534653450809196	-0.5211495991996029
0.8746764898914607	-0.48470716729913677
0.8943324918225494	-0.4474029437436344
0.9123984032200583	-0.40930325408123497
0.9288421035528028	-0.3704758381697845
0.943634356521671	-0.33098972973784524
0.9567488620406981	-0.2909151336452423
0.9681623029976587	-0.2503233010613868
0.9778543867110426	-0.20928640278329297
0.9858078810097004	-0.16787740091854048
0.9920086448710159	-0.1261699191613067
0.9964456535631284	-0.08423811189212292
0.9991110182465031	-0.04215653233409685
1.	0