240
0.9996573249755573	0.02617694830787315
0.9986295347545738	0.05233595624294383
0.996917333733128	0.07845909572784494
0.9945218953682733	0.10452846326765346
0.9914448613738104	0.13052619222005157
0.9876883405951378	0.15643446504023087
0.9832549075639546	0.18223552549214744
0.9781476007338057	0.20791169081775931
0.9723699203976766	0.2334453638559054
0.9659258262890683	0.25881904510252074
0.958819734868193	0.2840153447039226
0.9510565162951535	0.3090169943749474
0.9426414910921784	0.3338068592337709
0.9335804264972017	0.3583679495453002
0.9238795325112867	0.3826834323650898
0.9135454576426009	0.40673664307580015
0.9025852843498606	0.4305110968082951
0.8910065241883679	0.45399049973954675
0.8788171126619654	0.4771587602596084
0.8660254037844387	0.49999999999999994
0.8526401643540922	0.5224985647159488
0.838670567945424	0.544639035015027
0.8241261886220157	0.5664062369248328
0.8090169943749475	0.5877852522924731
0.7933533402912353	0.6087614290087205
0.7771459614569709	0.6293203910498374
0.7604059656000309	0.6494480483301837
0.7431448254773944	0.6691306063588581
0.7253743710122876	0.6883545756937539
0.7071067811865476	0.7071067811865475
0.688354575693754	0.7253743710122875
0.6691306063588582	0.7431448254773941
0.6494480483301837	0.7604059656000309
0.6293203910498375	0.7771459614569708
0.6087614290087207	0.7933533402912352
0.5877852522924731	0.8090169943749475
0.5664062369248329	0.8241261886220156
0.5446390350150272	0.8386705679454239
0.5224985647159489	0.8526401643540922
0.5000000000000001	0.8660254037844386
0.47715876025960857	0.8788171126619653
0.4539904997395468	0.8910065241883678
0.43051109680829525	0.9025852843498605
0.4067366430758004	0.9135454576426009
0.38268343236508984	0.9238795325112867
0.3583679495453004	0.9335804264972017
0.3338068592337711	0.9426414910921783
0.30901699437494745	0.9510565162951535
0.28401534470392276	0.958819734868193
0.25881904510252096	0.9659258262890682
0.23344536385590547	0.9723699203976766
0.20791169081775945	0.9781476007338056
0.18223552549214767	0.9832549075639545
0.15643446504023092	0.9876883405951378
0.1305261922200517	0.9914448613738104
0.10452846326765368	0.9945218953682733
0.078459095727845	0.996917333733128
0.052335956242943966	0.9986295347545738
0.02617694830787336	0.9996573249755573
0	1.
-0.026176948307873017	0.9996573249755573
-0.05233595624294362	0.9986295347545738
-0.07845909572784487	0.996917333733128
-0.10452846326765333	0.9945218953682734
-0.13052619222005138	0.9914448613738105
-0.1564344650402308	0.9876883405951378
-0.1822355254921473	0.9832549075639546
-0.20791169081775912	0.9781476007338057
-0.23344536385590534	0.9723699203976767
-0.25881904510252063	0.9659258262890683
-0.2840153447039224	0.9588197348681932
-0.30901699437494734	0.9510565162951536
-0.3338068592337708	0.9426414910921784
-0.35836794954530005	0.9335804264972019
-0.3826834323650897	0.9238795325112867
-0.40673664307580004	0.913545457642601
-0.4305110968082949	0.9025852843498607
-0.4539904997395467	0.8910065241883679
-0.4771587602596081	0.8788171126619656
-0.4999999999999998	0.8660254037844387
-0.5224985647159488	0.8526401643540923
-0.5446390350150268	0.8386705679454243
-0.5664062369248326	0.8241261886220158
-0.587785252292473	0.8090169943749475
-0.6087614290087203	0.7933533402912354
-0.6293203910498373	0.777145961456971
-0.6494480483301835	0.760405965600031
-0.6691306063588579	0.7431448254773945
-0.6883545756937538	0.7253743710122879
-0.7071067811865475	0.7071067811865476
-0.7253743710122874	0.6883545756937542
-0.743144825477394	0.6691306063588583
-0.7604059656000309	0.6494480483301838
-0.7771459614569707	0.6293203910498377
-0.793353340291235	0.6087614290087209
-0.8090169943749473	0.5877852522924732
-0.8241261886220155	0.5664062369248332
-0.8386705679454239	0.5446390350150273
-0.8526401643540922	0.5224985647159489
-0.8660254037844385	0.5000000000000003
-0.8788171126619653	0.4771587602596086
-0.8910065241883678	0.45399049973954686
-0.9025852843498604	0.4305110968082955
-0.9135454576426008	0.40673664307580043
-0.9238795325112867	0.3826834323650899
-0.9335804264972016	0.35836794954530066
-0.9426414910921783	0.3338068592337712
-0.9510565162951535	0.3090169943749475
-0.9588197348681929	0.28401534470392303
-0.9659258262890682	0.258819045102521
-0.9723699203976766	0.23344536385590553
-0.9781476007338056	0.20791169081775973
-0.9832549075639545	0.18223552549214772
-0.9876883405951377	0.15643446504023098
-0.9914448613738104	0.130526192220052
-0.9945218953682733	0.10452846326765373
-0.996917333733128	0.07845909572784507
-0.9986295347545738	0.05233595624294425
-0.9996573249755573	0.026176948307873423
-1.	0
-0.9996573249755573	-0.026176948307872733
-0.9986295347545738	-0.052335956242943564
-0.996917333733128	-0.07845909572784482
-0.9945218953682734	-0.10452846326765305
-0.9914448613738105	-0.13052619222005132
-0.9876883405951378	-0.15643446504023073
-0.9832549075639546	-0.18223552549214703
-0.9781476007338057	-0.20791169081775907
-0.9723699203976767	-0.23344536385590528
-0.9659258262890684	-0.25881904510252035
-0.9588197348681932	-0.28401534470392237
-0.9510565162951536	-0.3090169943749473
-0.9426414910921785	-0.3338068592337705
-0.9335804264972019	-0.3583679495453
-0.9238795325112868	-0.38268343236508967
-0.9135454576426011	-0.4067366430757998
-0.9025852843498607	-0.43051109680829486
-0.8910065241883679	-0.4539904997395467
-0.8788171126619656	-0.477158760259608
-0.8660254037844388	-0.4999999999999997
-0.8526401643540923	-0.5224985647159487
-0.8386705679454243	-0.5446390350150268
-0.8241261886220158	-0.5664062369248326
-0.8090169943749476	-0.587785252292473
-0.7933533402912354	-0.6087614290087203
-0.777145961456971	-0.6293203910498372
-0.760405965600031	-0.6494480483301835
-0.7431448254773946	-0.6691306063588579
-0.7253743710122879	-0.6883545756937538
-0.7071067811865477	-0.7071067811865475
-0.6883545756937544	-0.7253743710122873
-0.6691306063588585	-0.743144825477394
-0.6494480483301841	-0.7604059656000306
-0.6293203910498378	-0.7771459614569706
-0.6087614290087209	-0.7933533402912349
-0.5877852522924732	-0.8090169943749473
-0.5664062369248328	-0.8241261886220157
-0.5446390350150278	-0.8386705679454236
-0.5224985647159494	-0.852640164354092
-0.5000000000000004	-0.8660254037844384
-0.4771587602596087	-0.8788171126619653
-0.4539904997395469	-0.8910065241883678
-0.43051109680829514	-0.9025852843498606
-0.4067366430758009	-0.9135454576426005
-0.38268343236509034	-0.9238795325112865
-0.3583679495453007	-0.9335804264972016
-0.33380685923377124	-0.9426414910921783
-0.30901699437494756	-0.9510565162951535
-0.28401534470392265	-0.958819734868193
-0.2588190451025215	-0.9659258262890681
-0.233445363855906	-0.9723699203976764
-0.2079116908177598	-0.9781476007338056
-0.18223552549214778	-0.9832549075639545
-0.15643446504023104	-0.9876883405951377
-0.13052619222005163	-0.9914448613738104
-0.10452846326765423	-0.9945218953682733
-0.07845909572784557	-0.996917333733128
-0.052335956242944306	-0.9986295347545738
-0.026176948307873482	-0.9996573249755573
0	-1.
0.026176948307873114	-0.9996573249755573
0.05233595624294306	-0.9986295347545739
0.07845909572784432	-0.9969173337331281
0.10452846326765299	-0.9945218953682734
0.13052619222005127	-0.9914448613738105
0.15643446504023067	-0.9876883405951378
0.18223552549214742	-0.9832549075639546
0.20791169081775857	-0.9781476007338058
0.23344536385590478	-0.9723699203976768
0.2588190451025203	-0.9659258262890684
0.2840153447039223	-0.9588197348681932
0.30901699437494723	-0.9510565162951536
0.3338068592337709	-0.9426414910921784
0.35836794954529955	-0.9335804264972021
0.38268343236508917	-0.923879532511287
0.40673664307579976	-0.9135454576426011
0.4305110968082948	-0.9025852843498607
0.45399049973954664	-0.8910065241883679
0.47715876025960835	-0.8788171126619654
0.49999999999999933	-0.866025403784439
0.5224985647159484	-0.8526401643540925
0.5446390350150266	-0.8386705679454243
0.5664062369248325	-0.8241261886220158
0.5877852522924729	-0.8090169943749476
0.6087614290087205	-0.7933533402912352
0.6293203910498368	-0.7771459614569713
0.6494480483301831	-0.7604059656000314
0.6691306063588578	-0.7431448254773946
0.6883545756937537	-0.7253743710122879
0.7071067811865474	-0.7071067811865477
0.7253743710122876	-0.688354575693754
0.7431448254773937	-0.6691306063588588
0.7604059656000305	-0.6494480483301842
0.7771459614569706	-0.6293203910498378
0.7933533402912349	-0.6087614290087209
0.8090169943749473	-0.5877852522924734
0.8241261886220156	-0.5664062369248329
0.8386705679454236	-0.5446390350150278
0.8526401643540918	-0.5224985647159495
0.8660254037844384	-0.5000000000000004
0.8788171126619652	-0.47715876025960874
0.8910065241883678	-0.45399049973954697
0.9025852843498605	-0.4305110968082952
0.9135454576426005	-0.40673664307580093
0.9238795325112865	-0.3826834323650904
0.9335804264972015	-0.35836794954530077
0.9426414910921783	-0.3338068592337713
0.9510565162951535	-0.3090169943749476
0.958819734868193	-0.2840153447039227
0.9659258262890681	-0.25881904510252157
0.9723699203976764	-0.23344536385590609
0.9781476007338056	-0.20791169081775987
0.9832549075639545	-0.18223552549214783
0.9876883405951377	-0.1564344650402311
0.9914448613738104	-0.13052619222005168
0.9945218953682733	-0.1045284632676543
0.996917333733128	-0.07845909572784562
0.9986295347545738	-0.05233595624294437
0.9996573249755573	-0.026176948307873545
1.	0