247
0.999676471595962	0.025435253831007212
0.9987060957251045	0.05085404960785793
0.9970895002757411	0.07623993992569164
0.994827731276963	0.10157649867134914
0.9919222522217995	0.12684733165200082
0.9883749431202539	0.15203608720312078
0.9841880992828305	0.17712646676894278
0.9793644298353388	0.20210223544855144
0.9739070559659347	0.22694723250078574
0.9678195089055346	0.2516453818011564
0.9611057276429085	0.2761807022440118
0.9537700563759302	0.30053731808322093
0.9458172417006346	0.32469946920468346
0.9372524295399012	0.34865152132401844
0.9280811618137482	0.37237797610283463
0.9183093728533965	0.39586348117703596
0.9079433855614201	0.41909284009067305
0.8969899073204686	0.44205102212891345
0.8854560256532099	0.4647231720437685
0.8733492036363004	0.487094619666282
0.8606772750713503	0.5091508893989631
0.847448439416009	0.5308777095823208
0.8336712564784502	0.5522610217294374
0.8193546408786898	0.5732869896226089
0.8045078562803201	0.5939420082661638
0.7891405093963936	0.6142127126896678
0.7732625437733337	0.634085986595819
0.756884233356895	0.6535489708474379
0.7400161758443374	0.6725890717880589
0.7226692858271134	0.6911939693907418
0.7048547877285075	0.7093516252298295
0.686584208540797	0.7270502902704925
0.6678693703666326	0.7442785124710223
0.6487223827694671	0.7610251441929531
0.6291556349379794	0.7772793494142167
0.6091817876695657	0.793030610740665
0.5888137651780844	0.808268736211421
0.5680647467311559	0.8229838658936564
0.546948158122427	0.8371664782625285
0.5254776629843203	0.850807396362148
0.5036671539468877	0.8638977937435899
0.4815307436484897	0.876429200176108
0.4590827556041158	0.8883935071278558
0.4363377149372581	0.899782973012566
0.41331033898133007	0.9105902281987974
0.3900155277567158	0.9208082797785055
0.36646835432961117	0.9304305160918501
0.3426840550588934	0.9394507110053157
0.3186780197373304	0.9478630279403737
0.2944657816335122	0.9556620236500792
0.2700630074409429	0.9628426517411623
0.24548548714079924	0.9694002659393304
0.22074912378491723	0.9753306230956718
0.19586992320561364	0.980629885932214
0.1708639836590023	0.985294625524861
0.14574748540850943	0.9893218235221016
0.12053668025532323	0.992708874098054
0.09524788102255473	0.9954535856385838
0.06989745099991578	0.9975541821594025
0.04450179335574039	0.9990093044552303
0.01907734052320236	0.999818010979279
-0.006359456432401188	0.9999797784524868
-0.03179213845842427	0.9994945022021083
-0.05720424916481476	0.9983624962294456
-0.08257934547233227	0.9965844930066698
-0.10790100825215523	0.9941616430028712
-0.1331528529499906	0.9910955139396395
-0.15831854018780994	0.9873880897766596
-0.18338178633635588	0.9830417694279766
-0.20832637405157595	0.9780593652097621
-0.23313616276816418	0.9724441010205862
-0.25779509914342436	0.9661996102553716
-0.2822872274446953	0.9593299334543809
-0.3065966998736154	0.9518395156887574
-0.3307077868205483	0.9437332036843118
-0.35460488704253545	0.9350162426854148
-0.37827253775818476	0.9256942730610267
-0.40169542465296926	0.9157733266550575
-0.42485839178845924	0.9052598228834218
-0.4477464514090743	0.8941605645803116
-0.47034479364001325	0.8824827335963766
-0.4926387960700843	0.8702338861516585
-0.5146140332132355	0.8574219479462879
-0.536256285842665	0.8440552090321047
-0.5575515501914665	0.8301423184485252
-0.5784860470138633	0.8156922786261216
-0.5990462305011628	0.800714439561538
-0.6192187970466642	0.7852184927675112
-0.6389906938538477	0.7692144650019125
-0.658349127382276	0.7527127117798633
-0.6772815716257409	0.7357239106731318
-0.6957757762173009	0.7182590544011348
-0.7138197743559652	0.7003294437180254
-0.7314018905498931	0.6819466801004622
-0.7485107481711009	0.6631226582407955
-0.7651352768167867	0.6438695583505243
-0.7812647194725091	0.6241998382790095
-0.7968886394725873	0.6041262254525364
-0.8119969272532164	0.5836617086389468
-0.8265798068939294	0.5628195295431693
-0.8406278424431733	0.5416131742390831
-0.8541319440239065	0.5200563644432614
-0.8670833737152637	0.49816304863624356
-0.879473751206489	0.4759473930370737
-0.891295059219472	0.4534237724369532
-0.9025396486963826	0.4306067608979338
-0.9132002437490454	0.40751112232267234
-0.923269946366854	0.3841518009013448
-0.932742240880174	0.3605439114419095
-0.9416109981763524	0.3367027295899653
-0.9498704796656016	0.3126436819445422
-0.9575153409941927	0.2883823360762149
-0.9645406355025562	0.263934390454001
-0.9709418174260519	0.2393156642875581
-0.9767147448363365	0.2145420872912587
-0.9818556823214265	0.18962968937675864
-0.9863613034027223	0.16459459028073403
-0.9902286926874287	0.13945298913449578
-0.9934553477549795	0.11422115398223195
-0.996039180776246	0.0889154112546572
-0.9979785198644807	0.06355213520488723
-0.9992721101571236	0.03814773731336517
-0.9999191146277688	0.012718655668701808
-0.9999191146277688	-0.012718655668701563
-0.9992721101571236	-0.03814773731336448
-0.9979785198644807	-0.06355213520488653
-0.996039180776246	-0.0889154112546565
-0.9934553477549796	-0.11422115398223127
-0.9902286926874287	-0.13945298913449555
-0.9863613034027224	-0.16459459028073378
-0.9818556823214266	-0.18962968937675842
-0.9767147448363367	-0.21454208729125804
-0.9709418174260521	-0.23931566428755743
-0.9645406355025563	-0.26393439045400036
-0.9575153409941928	-0.2883823360762146
-0.9498704796656017	-0.31264368194454195
-0.9416109981763525	-0.33670272958996506
-0.9327422408801742	-0.36054391144190884
-0.9232699463668543	-0.3841518009013442
-0.9132002437490457	-0.40751112232267167
-0.9025396486963827	-0.4306067608979336
-0.8912950592194722	-0.453423772436953
-0.8794737512064891	-0.4759473930370735
-0.867083373715264	-0.49816304863624294
-0.8541319440239068	-0.5200563644432609
-0.8406278424431737	-0.5416131742390825
-0.8265798068939295	-0.5628195295431692
-0.8119969272532165	-0.5836617086389467
-0.7968886394725875	-0.6041262254525361
-0.7812647194725095	-0.6241998382790089
-0.7651352768167872	-0.6438695583505237
-0.7485107481711013	-0.663122658240795
-0.7314018905498934	-0.681946680100462
-0.7138197743559653	-0.7003294437180253
-0.6957757762173011	-0.7182590544011347
-0.6772815716257414	-0.7357239106731313
-0.6583491273822766	-0.7527127117798629
-0.6389906938538481	-0.769214465001912
-0.6192187970466644	-0.7852184927675111
-0.5990462305011629	-0.8007144395615378
-0.5784860470138635	-0.8156922786261215
-0.5575515501914667	-0.830142318448525
-0.5362562858426653	-0.8440552090321045
-0.5146140332132357	-0.8574219479462878
-0.49263879607008493	-0.8702338861516582
-0.47034479364001386	-0.8824827335963763
-0.44774645140907493	-0.8941605645803112
-0.42485839178845985	-0.9052598228834214
-0.40169542465296987	-0.9157733266550573
-0.3782725377581852	-0.9256942730610266
-0.3546048870425359	-0.9350162426854147
-0.33070778682054874	-0.9437332036843117
-0.3065966998736156	-0.9518395156887574
-0.2822872274446956	-0.9593299334543808
-0.2577950991434246	-0.9661996102553716
-0.2331361627681642	-0.9724441010205862
-0.20832637405157683	-0.9780593652097619
-0.18338178633635677	-0.9830417694279764
-0.1583185401878106	-0.9873880897766595
-0.1331528529499913	-0.9910955139396395
-0.10790100825215593	-0.9941616430028711
-0.08257934547233274	-0.9965844930066698
-0.05720424916481522	-0.9983624962294456
-0.03179213845842473	-0.9994945022021083
-0.006359456432401433	-0.9999797784524868
0.01907734052320212	-0.999818010979279
0.04450179335574015	-0.9990093044552303
0.06989745099991576	-0.9975541821594025
0.09524788102255383	-0.9954535856385839
0.12053668025532233	-0.9927088740980541
0.14574748540850874	-0.9893218235221017
0.17086398365900163	-0.9852946255248611
0.19586992320561297	-0.9806298859322141
0.2207491237849168	-0.9753306230956719
0.2454854871407988	-0.9694002659393305
0.27006300744094247	-0.9628426517411625
0.294465781633512	-0.9556620236500794
0.3186780197373302	-0.9478630279403738
0.3426840550588931	-0.9394507110053159
0.3664683543296111	-0.9304305160918501
0.3900155277567158	-0.9208082797785055
0.41331033898132924	-0.9105902281987979
0.4363377149372575	-0.8997829730125663
0.4590827556041152	-0.8883935071278561
0.4815307436484891	-0.8764292001761084
0.5036671539468872	-0.8638977937435901
0.5254776629843199	-0.8508073963621482
0.5469481581224266	-0.8371664782625288
0.5680647467311556	-0.8229838658936566
0.5888137651780843	-0.8082687362114211
0.6091817876695655	-0.7930306107406652
0.6291556349379793	-0.7772793494142168
0.6487223827694671	-0.7610251441929531
0.667869370366632	-0.7442785124710228
0.6865842085407964	-0.7270502902704931
0.7048547877285071	-0.7093516252298301
0.722669285827113	-0.6911939693907424
0.7400161758443371	-0.6725890717880593
0.7568842333568947	-0.6535489708474383
0.7732625437733334	-0.6340859865958194
0.7891405093963934	-0.614212712689668
0.80450785628032	-0.5939420082661641
0.8193546408786896	-0.5732869896226092
0.8336712564784501	-0.5522610217294375
0.847448439416009	-0.5308777095823208
0.8606772750713498	-0.5091508893989639
0.8733492036363	-0.48709461966628265
0.8854560256532096	-0.4647231720437692
0.8969899073204683	-0.4420510221289141
0.9079433855614198	-0.41909284009067355
0.9183093728533963	-0.39586348117703646
0.928081161813748	-0.3723779761028351
0.9372524295399011	-0.3486515213240188
0.9458172417006346	-0.32469946920468373
0.95377005637593	-0.30053731808322115
0.9611057276429084	-0.2761807022440119
0.9678195089055346	-0.25164538180115653
0.9739070559659345	-0.22694723250078663
0.9793644298353387	-0.20210223544855224
0.9841880992828304	-0.1771264667689435
0.9883749431202538	-0.15203608720312148
0.9919222522217994	-0.12684733165200143
0.994827731276963	-0.10157649867134967
0.997089500275741	-0.07623993992569211
0.9987060957251045	-0.05085404960785832
0.999676471595962	-0.025435253831007528
1.	0