157
0.9991992951284931	0.04000960653046352
0.996798462770555	0.07995514128721501
0.9928013476425149	0.1197726351017051
0.987214350763483	0.1593983238513969
0.9800464192046954	0.19876875057225302
0.9713090317615876	0.23782086707933603
0.9610161805715396	0.2764921349327863
0.9491843487067304	0.3147206255874884
0.9358324837779861	0.35244511956604735
0.9209819675918909	0.38960520449625563
0.9046565819097542	0.4261413718560547
0.8868824703632656	0.4619951122710622
0.8676880965878291	0.49710900921205414
0.8471041986406198	0.531426830942354
0.8251637397763596	0.5648936205678838
0.8019018556596399	0.5974557840456699
0.777355798098326	0.6290611760098652
0.7515648753881492	0.6596591832778468
0.7245703893640187	0.6892008059026586
0.6964155692588616	0.7176387356420051
0.6671455024759069	0.7449274317181303
0.6368070623852794	0.7710231937472639
0.6054488332605282	0.795884231721841
0.5731210324752972	0.8194707329334278
0.5398754300847343	0.8417449257291802
0.5057652659204198	0.8626711399997377
0.47084516433158224	0.8822158643016829
0.43517104670913337	0.9003477995230939
0.398800041932607	0.9170379090062476
0.36179039488341547	0.9322594650472058
0.32420137317092884	0.9459880916978206
0.2860931722207478	0.9582018038016155
0.24752681887716277	0.9688810422010291
0.20856407367417065	0.9780087050596407
0.16926733193155408	0.9855701752492174
0.12969952383440836	0.9915533437577263
0.08992401365613	0.9959486290808237
0.050004498286251566	0.9987489925657699
0.010004905225623235	0.9999499496831961
-0.030010709787711334	0.9995495772086734
-0.0699782653579971	0.9975485163025836
-0.10983375705233937	0.9939499714833577
-0.14951335989802622	0.9887597054957303
-0.18895353059246164	0.9819860300822225
-0.22809110926202947	0.9736397926726377
-0.26686342060693025	0.9637343590128811
-0.3052083742700171	0.952285591760924
-0.3430645642688986	0.9393118250841894
-0.38037136733207727	0.9248338352990368
-0.41706903998164646	0.9088748075993678
-0.45309881420707987	0.8914602989276292
-0.4884029915768941	0.8726181970476781
-0.52292503563748	0.8523786758850437
-0.5566096624511306	0.8307741472061094
-0.589402929128276	0.8078392087135957
-0.6212523202121545	0.7836105886414595
-0.6521068317775753	0.7581270869379441
-0.6819170531091018	0.7314295131309636
-0.7106352458278521	0.7035606209753273
-0.7382154203402046	0.6745650399864604
-0.7646134094859813	0.6444892039702628
-0.7897869392681683	0.6133812766635599
-0.8136956965509062	0.5812910746042258
-0.836301393617339	0.5482699873544935
-0.8575678294839372	0.5143708952052097
-0.8774609478731045	0.47964808449282165
-0.8959488917512338	0.44415716066470884
-0.9130020543448703	0.40795495923207825
-0.9285931265532872	0.37109945475302264
-0.9426971406815462	0.3336496679914984
-0.9552915104240065	0.29566557140089933
-0.9663560670342555	0.2572079930835851
-0.9758730916235353	0.21833851938016577
-0.9838273435359443	0.17911939624453588
-0.9902060847549715	0.13961342956259679
-0.9949991003022806	0.09988388457430103
-0.9981987145960756	0.059994384560077926
-0.9997998037428526	0.0200088089538942
-0.9997998037428526	-0.020008808953894397
-0.9981987145960756	-0.05999438456007812
-0.9949991003022806	-0.09988388457430122
-0.9902060847549715	-0.13961342956259698
-0.9838273435359444	-0.17911939624453563
-0.9758730916235354	-0.21833851938016555
-0.9663560670342556	-0.25720799308358483
-0.9552915104240066	-0.2956655714008991
-0.9426971406815463	-0.3336496679914982
-0.9285931265532873	-0.3710994547530224
-0.9130020543448704	-0.40795495923207803
-0.8959488917512338	-0.4441571606647086
-0.8774609478731046	-0.4796480844928214
-0.8575678294839373	-0.5143708952052095
-0.8363013936173392	-0.5482699873544933
-0.8136956965509063	-0.5812910746042256
-0.7897869392681685	-0.6133812766635597
-0.7646134094859816	-0.6444892039702625
-0.7382154203402045	-0.6745650399864607
-0.7106352458278519	-0.7035606209753276
-0.6819170531091017	-0.7314295131309637
-0.6521068317775756	-0.758127086937944
-0.6212523202121544	-0.7836105886414596
-0.5894029291282762	-0.8078392087135956
-0.5566096624511304	-0.8307741472061095
-0.5229250356374806	-0.8523786758850432
-0.4884029915768943	-0.872618197047678
-0.4530988142070805	-0.8914602989276289
-0.4170690399816467	-0.9088748075993677
-0.3803713673320769	-0.924833835299037
-0.3430645642688988	-0.9393118250841893
-0.3052083742700169	-0.9522855917609241
-0.26686342060693047	-0.963734359012881
-0.22809110926202927	-0.9736397926726378
-0.1889535305924619	-0.9819860300822225
-0.14951335989802603	-0.9887597054957303
-0.10983375705233962	-0.9939499714833577
-0.06997826535799691	-0.9975485163025836
-0.03001070978771158	-0.9995495772086734
0.010004905225623435	-0.9999499496831961
0.050004498286251316	-0.9987489925657699
0.08992401365612997	-0.9959486290808237
0.12969952383440791	-0.9915533437577263
0.16926733193155405	-0.9855701752492174
0.2085640736741702	-0.9780087050596408
0.24752681887716277	-0.9688810422010291
0.28609317222074737	-0.9582018038016156
0.3242013731709288	-0.9459880916978206
0.361790394883415	-0.9322594650472059
0.398800041932607	-0.9170379090062476
0.43517104670913376	-0.9003477995230937
0.47084516433158224	-0.8822158643016829
0.5057652659204199	-0.8626711399997377
0.539875430084734	-0.8417449257291805
0.5731210324752974	-0.8194707329334276
0.605448833260528	-0.7958842317218412
0.6368070623852796	-0.7710231937472638
0.6671455024759068	-0.7449274317181305
0.6964155692588618	-0.717638735642005
0.7245703893640186	-0.6892008059026589
0.7515648753881492	-0.6596591832778467
0.7773557980983258	-0.6290611760098656
0.8019018556596399	-0.5974557840456698
0.8251637397763594	-0.5648936205678841
0.8471041986406199	-0.531426830942354
0.8676880965878289	-0.49710900921205453
0.8868824703632655	-0.4619951122710622
0.904656581909754	-0.4261413718560551
0.9209819675918909	-0.38960520449625563
0.9358324837779859	-0.35244511956604785
0.9491843487067304	-0.3147206255874885
0.9610161805715397	-0.2764921349327859
0.9713090317615876	-0.23782086707933617
0.9800464192046954	-0.1987687505722527
0.987214350763483	-0.15939832385139707
0.9928013476425149	-0.11977263510170486
0.996798462770555	-0.07995514128721522
0.9991992951284931	-0.0400096065304633
1.	0