129
0.998814055240823	0.04868760677402503
0.9952590338932358	0.09725973192386901
0.9893433680751103	0.14560116773500484
0.9810810890921943	0.19359725366252997
0.9704917941574053	0.2411341482933108
0.957600599908406	0.28809909936523753
0.9424380828337144	0.3343807112031327
0.9250402067486521	0.3798692089369854
0.9054482374931466	0.42445669887581505
0.8837086450537192	0.4680374244195861
0.8598729933418101	0.510508016902179
0.833997817889878	0.5517677407704458
0.8061444917553628	0.5917187325178135
0.7763790799505744	0.6302662328057086
0.7447721827437819	0.6673188112222393
0.7113987682031779	0.7027885831450317
0.6763379943809029	0.7365914181938436
0.6396730215588913	0.768647139778532
0.6014908150018704	0.7988797152690671
0.5618819386853604	0.8272174363365299
0.5209403404879303	0.8535930890373464
0.4787631293572091	0.877944113237336
0.43545034497819124	0.9002127509974374
0.3911047204901562	0.9203461835691593
0.3458314388150116	0.9382966566748168
0.2997378831750245	0.9540215937754005
0.2529333823916809	0.9674836970574252
0.2055289515698007	0.9786510358992211
0.15763702878197383	0.9874971226068414
0.10937120837787452	0.9940009752399459
0.060845971551014046	0.9981471673786452
0.012176414801997652	0.9999258647132645
-0.036522023057658726	0.9993328483702394
-0.08513383471363556	0.9963695249188181
-0.13354371831939785	0.9910429230348348
-0.18163685097943635	0.9833656768294662
-0.22929916109648993	0.9733559958825168
-0.27641759893677137	0.9610376220513067
-0.3228804047714462	0.9464397731576094
-0.3685773739583617	0.9295970736862063
-0.4134001183352828	0.9105494726594344
-0.4572423233046385	0.889342148882519
-0.4999999999999998	0.8660254037844387
-0.5415717319361846	0.8406545421084939
-0.5818589155579527	0.8132897407355655
-0.6207659941167485	0.7839959059512014
-0.6582006843207479	0.7528425194950795
-0.6940741952206336	0.7199034737579961
-0.7283014388119159	0.6852568965172793
-0.7608012318542777	0.6489849656263337
-0.791496488429254	0.6111737140978494
-0.8203144027795107	0.5719128260430033
-0.8471866219960603	0.5312954239506533
-0.8720494081438075	0.4894178478110858
-0.8948437894408918	0.4463794266081994
-0.915515700133237	0.4022822427221326
-0.9340161087325479	0.3572308898011329
-0.9503011343135823	0.31133222467698196
-0.9643321505948586	0.26469511391239353
-0.9760758775559271	0.21743017558155725
-0.9855044603739027	0.16964951689628474
-0.9925955354920264	0.1214664683000926
-0.9973322836635516	0.07299531466090756
-0.9997034698451394	0.024351024199989794
-0.9997034698451394	-0.024351024199989104
-0.9973322836635516	-0.0729953146609073
-0.9925955354920265	-0.12146646830009192
-0.9855044603739027	-0.16964951689628452
-0.9760758775559273	-0.21743017558155656
-0.9643321505948587	-0.2646951139123933
-0.9503011343135825	-0.31133222467698135
-0.934016108732548	-0.35723088980113266
-0.9155157001332374	-0.402282242722132
-0.8948437894408919	-0.4463794266081992
-0.8720494081438078	-0.4894178478110852
-0.8471866219960604	-0.5312954239506532
-0.8203144027795112	-0.5719128260430028
-0.7914964884292541	-0.6111737140978493
-0.7608012318542782	-0.6489849656263332
-0.728301438811916	-0.6852568965172791
-0.6940741952206341	-0.7199034737579957
-0.6582006843207484	-0.7528425194950791
-0.6207659941167487	-0.7839959059512012
-0.5818589155579529	-0.8132897407355654
-0.5415717319361851	-0.8406545421084934
-0.5000000000000004	-0.8660254037844384
-0.4572423233046387	-0.8893421488825188
-0.413400118335283	-0.9105494726594344
-0.3685773739583623	-0.929597073686206
-0.32288040477144664	-0.9464397731576092
-0.27641759893677165	-0.9610376220513066
-0.22929916109648996	-0.9733559958825168
-0.18163685097943705	-0.983365676829466
-0.13354371831939832	-0.9910429230348347
-0.08513383471363581	-0.9963695249188181
-0.036522023057659635	-0.9993328483702394
0.012176414801996964	-0.9999258647132645
0.06084597155101358	-0.9981471673786453
0.10937120837787428	-0.9940009752399459
0.15763702878197292	-0.9874971226068415
0.20552895156980003	-0.9786510358992212
0.25293338239168045	-0.9674836970574253
0.29973788317502426	-0.9540215937754006
0.34583143881501077	-0.938296656674817
0.39110472049015554	-0.9203461835691596
0.435450344978191	-0.9002127509974375
0.4787631293572091	-0.877944113237336
0.5209403404879297	-0.8535930890373468
0.5618819386853601	-0.8272174363365301
0.6014908150018702	-0.7988797152690672
0.6396730215588913	-0.768647139778532
0.6763379943809024	-0.7365914181938441
0.7113987682031776	-0.702788583145032
0.7447721827437818	-0.6673188112222396
0.7763790799505738	-0.6302662328057093
0.8061444917553624	-0.591718732517814
0.8339978178898777	-0.5517677407704462
0.85987299334181	-0.5105080169021791
0.8837086450537188	-0.4680374244195868
0.9054482374931464	-0.4244566988758156
0.925040206748652	-0.3798692089369857
0.9424380828337144	-0.3343807112031328
0.9576005999084057	-0.2880990993652383
0.9704917941574052	-0.2411341482933113
0.9810810890921942	-0.19359725366253025
0.9893433680751101	-0.14560116773500492
0.9952590338932358	-0.09725973192386973
0.998814055240823	-0.04868760677402551
1.	0