94
0.9977668786231532	0.06679263374512155
0.9910774881547801	0.13328695537377883
0.9799617050365869	0.1991859851038361
0.9644691750543766	0.264195401871286
0.9446690916079188	0.32802485783956914
0.9206498866764288	0.3903892751634948
0.8925188358598812	0.4510101192161018
0.8604015792601394	0.5096166425919174
0.8244415603417603	0.5659470943305952
0.784799385278661	0.619749888960245
0.7416521056479576	0.6707847301392235
0.6951924276746423	0.7188236838779293
0.6456278515588024	0.7636521965473321
0.5931797447293553	0.8050700531275629
0.5380823531633727	0.842892271416797
0.48058175518668383	0.8769499282066715
0.420934762428335	0.9070909137343407
0.3594077728375128	0.9331806110416025
0.29627558088563394	0.9551024972069124
0.2318201502675282	0.9727586637650372
0.16632935458313017	0.9860702539900286
0.10009569162409844	0.994977815088504
0.033414977007674644	0.9994415637302546
-0.03341497700767452	0.9994415637302546
-0.10009569162409833	0.994977815088504
-0.16632935458313003	0.9860702539900286
-0.2318201502675283	0.9727586637650372
-0.2962755808856338	0.9551024972069124
-0.3594077728375127	0.9331806110416027
-0.4209347624283349	0.9070909137343408
-0.4805817551866837	0.8769499282066716
-0.5380823531633726	0.8428922714167971
-0.5931797447293552	0.805070053127563
-0.6456278515588024	0.7636521965473321
-0.6951924276746423	0.7188236838779293
-0.7416521056479576	0.6707847301392235
-0.784799385278661	0.6197498889602449
-0.8244415603417604	0.5659470943305951
-0.8604015792601394	0.5096166425919173
-0.8925188358598813	0.45101011921610173
-0.9206498866764287	0.3903892751634951
-0.9446690916079187	0.32802485783956936
-0.9644691750543765	0.2641954018712862
-0.9799617050365867	0.19918598510383628
-0.99107748815478	0.13328695537377902
-0.9977668786231532	0.0667926337451217
-1.	0
-0.9977668786231532	-0.06679263374512145
-0.9910774881547801	-0.13328695537377877
-0.9799617050365869	-0.19918598510383606
-0.9644691750543766	-0.264195401871286
-0.9446690916079188	-0.3280248578395691
-0.9206498866764288	-0.39038927516349486
-0.8925188358598812	-0.4510101192161019
-0.8604015792601394	-0.5096166425919175
-0.8244415603417605	-0.5659470943305949
-0.7847993852786611	-0.6197498889602446
-0.7416521056479577	-0.6707847301392232
-0.6951924276746424	-0.7188236838779292
-0.6456278515588025	-0.7636521965473319
-0.593179744729355	-0.8050700531275631
-0.5380823531633728	-0.842892271416797
-0.4805817551866835	-0.8769499282066716
-0.4209347624283351	-0.9070909137343407
-0.35940777283751335	-0.9331806110416024
-0.29627558088563405	-0.9551024972069124
-0.23182015026752875	-0.9727586637650371
-0.16632935458313006	-0.9860702539900286
-0.10009569162409879	-0.994977815088504
-0.03341497700767455	-0.9994415637302546
0.03341497700767418	-0.9994415637302546
0.10009569162409843	-0.994977815088504
0.1663293545831297	-0.9860702539900286
0.2318201502675284	-0.9727586637650372
0.2962755808856337	-0.9551024972069125
0.359407772837513	-0.9331806110416025
0.4209347624283348	-0.9070909137343408
0.480581755186684	-0.8769499282066714
0.5380823531633725	-0.8428922714167971
0.5931797447293554	-0.8050700531275627
0.6456278515588023	-0.7636521965473321
0.6951924276746418	-0.7188236838779297
0.7416521056479575	-0.6707847301392235
0.7847993852786607	-0.6197498889602453
0.8244415603417603	-0.5659470943305952
0.8604015792601392	-0.5096166425919179
0.8925188358598812	-0.45101011921610185
0.9206498866764287	-0.3903892751634952
0.9446690916079188	-0.32802485783956903
0.9644691750543765	-0.2641954018712863
0.9799617050365869	-0.19918598510383598
0.99107748815478	-0.13328695537377913
0.9977668786231532	-0.06679263374512139
1.	0