84
0.9972037971811801	0.07473009358642424
0.9888308262251285	0.14904226617617441
0.9749279121818236	0.22252093395631437
0.9555728057861408	0.29475517441090415
0.9308737486442042	0.36534102436639493
0.9009688679024191	0.43388373911755806
0.8660254037844387	0.49999999999999994
0.8262387743159949	0.563320058063622
0.7818314824680299	0.6234898018587334
0.7330518718298265	0.6801727377709192
0.6801727377709195	0.7330518718298262
0.6234898018587336	0.7818314824680297
0.5633200580636222	0.8262387743159948
0.5000000000000001	0.8660254037844386
0.43388373911755834	0.900968867902419
0.3653410243663952	0.9308737486442041
0.2947551744109043	0.9555728057861407
0.22252093395631467	0.9749279121818235
0.14904226617617464	0.9888308262251285
0.0747300935864246	0.9972037971811801
0	1.
-0.07473009358642405	0.9972037971811801
-0.14904226617617408	0.9888308262251286
-0.22252093395631412	0.9749279121818236
-0.294755174410904	0.9555728057861408
-0.36534102436639465	0.9308737486442044
-0.4338837391175577	0.9009688679024194
-0.4999999999999998	0.8660254037844387
-0.5633200580636217	0.8262387743159951
-0.6234898018587332	0.7818314824680301
-0.6801727377709192	0.7330518718298265
-0.7330518718298261	0.6801727377709197
-0.7818314824680295	0.6234898018587339
-0.8262387743159947	0.5633200580636223
-0.8660254037844385	0.5000000000000003
-0.9009688679024189	0.4338837391175586
-0.9308737486442041	0.36534102436639526
-0.9555728057861406	0.2947551744109046
-0.9749279121818235	0.22252093395631495
-0.9888308262251284	0.14904226617617514
-0.9972037971811801	0.07473009358642467
-1.	0
-0.9972037971811802	-0.07473009358642353
-0.9888308262251286	-0.14904226617617403
-0.9749279121818237	-0.22252093395631384
-0.9555728057861409	-0.29475517441090354
-0.9308737486442045	-0.3653410243663946
-0.9009688679024194	-0.4338837391175576
-0.866025403784439	-0.4999999999999994
-0.8262387743159951	-0.5633200580636216
-0.7818314824680301	-0.623489801858733
-0.7330518718298268	-0.6801727377709188
-0.6801727377709197	-0.733051871829826
-0.6234898018587344	-0.7818314824680291
-0.5633200580636226	-0.8262387743159945
-0.5000000000000004	-0.8660254037844384
-0.43388373911755906	-0.9009688679024187
-0.3653410243663957	-0.930873748644204
-0.29475517441090465	-0.9555728057861406
-0.22252093395631545	-0.9749279121818234
-0.14904226617617522	-0.9888308262251284
-0.07473009358642473	-0.9972037971811801
0	-1.
0.07473009358642348	-0.9972037971811802
0.14904226617617397	-0.9888308262251286
0.22252093395631334	-0.9749279121818238
0.2947551744109035	-0.955572805786141
0.36534102436639454	-0.9308737486442045
0.4338837391175571	-0.9009688679024196
0.49999999999999933	-0.866025403784439
0.5633200580636216	-0.8262387743159951
0.6234898018587327	-0.7818314824680305
0.6801727377709188	-0.7330518718298269
0.733051871829826	-0.6801727377709198
0.7818314824680291	-0.6234898018587344
0.8262387743159945	-0.5633200580636227
0.8660254037844384	-0.5000000000000004
0.9009688679024186	-0.4338837391175591
0.9308737486442039	-0.36534102436639576
0.9555728057861403	-0.2947551744109056
0.9749279121818234	-0.2225209339563155
0.9888308262251284	-0.14904226617617528
0.99720379718118	-0.07473009358642568
1.	0