221
0.9995958747931082	0.028426872789683005
0.9983838258067984	0.05683076954767117
0.9963648326801653	0.08518873281265679
0.993540527265239	0.11347784224909688
0.9899131923080398	0.14167523317258385
0.9854857596035476	0.16975811503023616
0.980261807626078	0.1977037898211722
0.9742455586369781	0.22548967044217863
0.9674418752719832	0.25309329894374627
0.959856256610988	0.28049236468171673
0.9514948337334141	0.30766472234987
0.9423643647627622	0.3345884098788774
0.9324722294043558	0.3612416661871529
0.9218264229806915	0.3876029487692569
0.9104355499692164	0.4136509511076342
0.8983088170477553	0.43936461989361686
0.8854560256532099	0.46472317204376856
0.8718875640595429	0.48970611149782106
0.8576143989814521	0.514293245784623
0.8426480667105176	0.5384647023427134
0.8270006637909905	0.5622009445823274
0.8106848372427548	0.5854827876758532
0.7937137743393695	0.6082914140639768
0.7761011919494487	0.630608388664982
0.7578613254499966	0.6524156737749134
0.7390089172206591	0.6736956436465572
0.7195592047281881	0.6944310987354595
0.6995279082107536	0.7146052796014646
0.6789312179720547	0.7342018804545398
0.6577857812954991	0.7532050623339369
0.6361086889890306	0.7715994659100386
0.6139174615714752	0.7893702238985433
0.5912300351115756	0.8065029730769535
0.5680647467311558	0.8229838658936565
0.5444403197841345	0.8387995816602136
0.5203758487233673	0.8539373373178123
0.4958907836675464	0.8683848977691786
0.47100491468063477	0.8821305857675994
0.44573835577653814	0.8951632913550623
0.42011152866194607	0.9074724808418836
0.3941451462304777	0.9190482053205672
0.3678601958214777	0.9298811087070131
0.34127792225699033	0.9399624353025773
0.31441981067062363	0.9492840368708668
0.28730756914218064	0.9578383792235573
0.25996311115209514	0.9656185483099025
0.23240853786985263	0.9726182558050189
0.20466612029071	0.9788318441924275
0.17675828123515466	0.9842542913367429
0.14870757722565153	0.988881214542817
0.120536680255323	0.992708874098054
0.09226835946330202	0.9957341762950345
0.06392546273156545	0.997954675932006
0.035530898218124995	0.9993685782892182
0.0071076158414976436	0.9999747405795056
-0.021321411268574838	0.9997726728719466
-0.049733205339166815	0.9987625384878491
-0.07810480252596463	0.9969451538687473
-0.10641327147380256	0.9943219879165113
-0.1346357318509395	0.9908951608061076
-0.16274937284209784	0.9866674422719662
-0.19073147158531353	0.9816422493693416
-0.21855941153769903	0.9758236437124768
-0.24621070075527268	0.9692163281918014
-0.2736629900720829	0.961825643172819
-0.3008940911639303	0.9536575621797545
-0.32788199448208916	0.9447186870674504
-0.3546048870425357	0.9350162426854148
-0.38104117005630034	0.9245580710383343
-0.40716947638669865	0.9133526249477699
-0.43296868781932707	0.9014089612201612
-0.45841795213087033	0.8887367333266579
-0.4834966999429176	0.8753461836006988
-0.5081846613471733	0.8612481349596403
-0.5324618822886168	0.8464539821571302
-0.556308740693376	0.830975682573293
-0.5797059623282786	0.8148257465501716
-0.6026346363792566	0.7980172272802393
-0.6250762307360204	0.7805637102561517
-0.6470126069706458	0.7624793022902646
-0.6684260349979638	0.7437786201128
-0.6892992074059107	0.7244767785578661
-0.7096152534442514	0.7045893783468858
-0.7293577526603681	0.6841324934793094
-0.7485107481711012	0.6631226582407952
-0.7670587595599033	0.6415768538393685
-0.7849867953888946	0.6195124946803524
-0.8022803653156984	0.5969474142911665
-0.8189254918052652	0.5738998509073726
-0.8349087214272222	0.5503884327316129
-0.8502171357296142	0.5264321628773557
-0.8648383616802469	0.5020504040096239
-0.8787605816671953	0.4772628626951113
-0.8919725430503945	0.45208957347434153
-0.9044635672565897	0.4265508826687438
-0.9162235584102972	0.40066743193572973
-0.9272430114938015	0.3744601415850635
-0.9375130200295879	0.3479501936700157
-0.9470252832790077	0.32115901486695836
-0.9557721129513538	0.2941082591572441
-0.9637464394179239	0.2668197903253692
-0.970941817426052	0.23931566428755768
-0.9773524313084857	0.21161811126506086
-0.9829730996839018	0.18374951781657037
-0.9877992796447602	0.15573240874427166
-0.9918270704291104	0.12758942888816585
-0.9950532165733845	0.0993433248233672
-0.9974751105436265	0.07101692647517299
-0.9990907948430326	0.04263312866676957
-0.9998989635940994	0.014214872614480782
-0.9998989635940994	-0.014214872614480982
-0.9990907948430325	-0.04263312866677021
-0.9974751105436265	-0.07101692647517319
-0.9950532165733845	-0.0993433248233674
-0.9918270704291104	-0.1275894288881665
-0.9877992796447601	-0.15573240874427186
-0.9829730996839018	-0.18374951781657056
-0.9773524313084856	-0.2116181112650615
-0.970941817426052	-0.23931566428755788
-0.9637464394179238	-0.26681979032536934
-0.9557721129513537	-0.29410825915724426
-0.9470252832790077	-0.3211590148669586
-0.9375130200295877	-0.3479501936700163
-0.9272430114938015	-0.3744601415850637
-0.9162235584102972	-0.4006674319357299
-0.9044635672565894	-0.4265508826687444
-0.8919725430503944	-0.4520895734743417
-0.8787605816671952	-0.4772628626951115
-0.8648383616802465	-0.5020504040096244
-0.8502171357296141	-0.5264321628773558
-0.8349087214272221	-0.5503884327316131
-0.8189254918052649	-0.5738998509073732
-0.8022803653156982	-0.5969474142911667
-0.7849867953888945	-0.6195124946803526
-0.767058759559903	-0.6415768538393689
-0.748510748171101	-0.6631226582407953
-0.729357752660368	-0.6841324934793095
-0.7096152534442511	-0.704589378346886
-0.6892992074059106	-0.7244767785578662
-0.6684260349979634	-0.7437786201128004
-0.6470126069706452	-0.7624793022902651
-0.6250762307360203	-0.7805637102561518
-0.6026346363792565	-0.7980172272802395
-0.5797059623282781	-0.8148257465501719
-0.5563087406933758	-0.8309756825732931
-0.5324618822886166	-0.8464539821571303
-0.5081846613471728	-0.8612481349596406
-0.48349669994291744	-0.8753461836006989
-0.45841795213087017	-0.888736733326658
-0.43296868781932646	-0.9014089612201615
-0.40716947638669826	-0.9133526249477701
-0.3810411700563004	-0.9245580710383343
-0.35460488704253507	-0.935016242685415
-0.32788199448208877	-0.9447186870674505
-0.3008940911639301	-0.9536575621797546
-0.2736629900720823	-0.9618256431728193
-0.24621070075527227	-0.9692163281918015
-0.21855941153769884	-0.9758236437124768
-0.1907314715853129	-0.9816422493693417
-0.16274937284209742	-0.9866674422719663
-0.1346357318509393	-0.9908951608061076
-0.1064132714738017	-0.9943219879165114
-0.0781048025259642	-0.9969451538687473
-0.04973320533916662	-0.9987625384878491
-0.02132141126857486	-0.9997726728719466
0.007107615841498065	-0.9999747405795056
0.0355308982181252	-0.9993685782892182
0.06392546273156542	-0.997954675932006
0.09226835946330243	-0.9957341762950345
0.1205366802553232	-0.992708874098054
0.1487075772256515	-0.988881214542817
0.17675828123515527	-0.9842542913367428
0.20466612029071019	-0.9788318441924274
0.23240853786985263	-0.9726182558050189
0.25996311115209575	-0.9656185483099023
0.28730756914218086	-0.9578383792235572
0.31441981067062363	-0.9492840368708668
0.3412779222569909	-0.9399624353025771
0.36786019582147794	-0.9298811087070131
0.3941451462304777	-0.9190482053205672
0.4201115286619467	-0.9074724808418834
0.44573835577653853	-0.8951632913550622
0.4710049146806347	-0.8821305857675994
0.49589078366754696	-0.8683848977691783
0.5203758487233676	-0.8539373373178121
0.5444403197841347	-0.8387995816602135
0.5680647467311563	-0.822983865893656
0.5912300351115759	-0.8065029730769532
0.6139174615714752	-0.7893702238985432
0.6361086889890311	-0.7715994659100381
0.6577857812954995	-0.7532050623339366
0.6789312179720548	-0.7342018804545397
0.6995279082107542	-0.7146052796014641
0.7195592047281884	-0.6944310987354592
0.7390089172206592	-0.6736956436465571
0.7578613254499972	-0.6524156737749128
0.7761011919494489	-0.6306083886649817
0.7937137743393696	-0.6082914140639766
0.8106848372427552	-0.5854827876758526
0.8270006637909907	-0.5622009445823271
0.8426480667105177	-0.5384647023427133
0.8576143989814521	-0.5142932457846231
0.8718875640595433	-0.4897061114978206
0.88545602565321	-0.4647231720437684
0.8983088170477553	-0.4393646198936169
0.9104355499692166	-0.4136509511076338
0.9218264229806916	-0.38760294876925666
0.9324722294043558	-0.36124166618715303
0.9423643647627624	-0.3345884098788769
0.9514948337334143	-0.30766472234986975
0.959856256610988	-0.28049236468171673
0.9674418752719833	-0.2530932989437457
0.9742455586369783	-0.22548967044217835
0.980261807626078	-0.1977037898211722
0.9854857596035477	-0.16975811503023558
0.9899131923080398	-0.14167523317258354
0.993540527265239	-0.11347784224909685
0.9963648326801653	-0.08518873281265617
0.9983838258067984	-0.05683076954767084
0.9995958747931082	-0.02842687278968296
1.	0