132
0.998867339183008	0.04758191582374229
0.9954719225730846	0.09505604330418266
0.9898214418809327	0.14231483827328514
0.9819286972627067	0.1892512443604102
0.9718115683235417	0.2357589355094272
0.9594929736144974	0.28173255684142967
0.9450008187146685	0.3270679633174216
0.9283679330160726	0.3716624556603275
0.9096319953545184	0.4154150130018864
0.8888354486549235	0.45822652172741035
0.8660254037844387	0.49999999999999994
0.8412535328311812	0.5406408174555976
0.8145759520503357	0.5800569095711982
0.7860530947427875	0.6181589862206052
0.7557495743542584	0.654860733945285
0.7237340381050702	0.6900790114821119
0.690079011482112	0.7237340381050702
0.6548607339452851	0.7557495743542583
0.6181589862206053	0.7860530947427875
0.5800569095711983	0.8145759520503356
0.5406408174555977	0.8412535328311811
0.5000000000000001	0.8660254037844386
0.45822652172741046	0.8888354486549235
0.41541501300188644	0.9096319953545183
0.3716624556603275	0.9283679330160726
0.3270679633174218	0.9450008187146685
0.2817325568414298	0.9594929736144974
0.23575893550942728	0.9718115683235417
0.18925124436041021	0.9819286972627067
0.14231483827328534	0.9898214418809327
0.09505604330418281	0.9954719225730846
0.0475819158237424	0.998867339183008
0	1.
-0.04758191582374228	0.998867339183008
-0.09505604330418248	0.9954719225730846
-0.142314838273285	0.9898214418809328
-0.1892512443604101	0.9819286972627067
-0.23575893550942717	0.9718115683235417
-0.28173255684142945	0.9594929736144975
-0.32706796331742144	0.9450008187146686
-0.3716624556603274	0.9283679330160727
-0.4154150130018863	0.9096319953545184
-0.45822652172741035	0.8888354486549235
-0.4999999999999998	0.8660254037844387
-0.5406408174555977	0.8412535328311811
-0.580056909571198	0.8145759520503358
-0.618158986220605	0.7860530947427876
-0.654860733945285	0.7557495743542583
-0.6900790114821118	0.7237340381050703
-0.7237340381050702	0.6900790114821119
-0.7557495743542582	0.6548607339452852
-0.7860530947427873	0.6181589862206055
-0.8145759520503357	0.5800569095711983
-0.8412535328311811	0.5406408174555978
-0.8660254037844385	0.5000000000000003
-0.8888354486549234	0.4582265217274105
-0.9096319953545182	0.4154150130018867
-0.9283679330160726	0.3716624556603276
-0.9450008187146685	0.32706796331742183
-0.9594929736144973	0.28173255684143006
-0.9718115683235417	0.23575893550942736
-0.9819286972627066	0.1892512443604105
-0.9898214418809327	0.14231483827328517
-0.9954719225730846	0.09505604330418288
-0.998867339183008	0.04758191582374269
-1.	0
-0.998867339183008	-0.047581915823742
-0.9954719225730846	-0.09505604330418263
-0.9898214418809328	-0.14231483827328492
-0.9819286972627068	-0.18925124436040983
-0.9718115683235418	-0.23575893550942711
-0.9594929736144975	-0.2817325568414294
-0.9450008187146685	-0.3270679633174216
-0.9283679330160727	-0.37166245566032735
-0.9096319953545186	-0.4154150130018861
-0.8888354486549235	-0.4582265217274103
-0.8660254037844388	-0.4999999999999997
-0.8412535328311814	-0.5406408174555972
-0.8145759520503358	-0.580056909571198
-0.7860530947427877	-0.618158986220605
-0.7557495743542584	-0.654860733945285
-0.7237340381050703	-0.6900790114821118
-0.6900790114821124	-0.7237340381050699
-0.6548607339452852	-0.7557495743542582
-0.6181589862206055	-0.7860530947427873
-0.5800569095711983	-0.8145759520503356
-0.5406408174555982	-0.8412535328311808
-0.5000000000000004	-0.8660254037844384
-0.4582265217274106	-0.8888354486549234
-0.4154150130018864	-0.9096319953545184
-0.371662455660328	-0.9283679330160725
-0.3270679633174219	-0.9450008187146683
-0.2817325568414297	-0.9594929736144974
-0.23575893550942784	-0.9718115683235415
-0.18925124436041058	-0.9819286972627066
-0.14231483827328523	-0.9898214418809327
-0.09505604330418338	-0.9954719225730846
-0.04758191582374275	-0.998867339183008
0	-1.
0.04758191582374238	-0.998867339183008
0.09505604330418213	-0.9954719225730847
0.14231483827328487	-0.9898214418809328
0.18925124436041021	-0.9819286972627067
0.23575893550942661	-0.9718115683235419
0.28173255684142934	-0.9594929736144975
0.32706796331742155	-0.9450008187146686
0.37166245566032685	-0.9283679330160729
0.41541501300188605	-0.9096319953545186
0.45822652172741024	-0.8888354486549236
0.49999999999999933	-0.866025403784439
0.5406408174555971	-0.8412535328311814
0.5800569095711979	-0.8145759520503358
0.6181589862206052	-0.7860530947427875
0.6548607339452845	-0.7557495743542587
0.6900790114821117	-0.7237340381050704
0.7237340381050701	-0.690079011482112
0.7557495743542578	-0.6548607339452855
0.7860530947427872	-0.6181589862206055
0.8145759520503356	-0.5800569095711983
0.8412535328311808	-0.5406408174555982
0.8660254037844384	-0.5000000000000004
0.8888354486549234	-0.45822652172741063
0.9096319953545183	-0.41541501300188644
0.9283679330160723	-0.3716624556603281
0.9450008187146683	-0.32706796331742194
0.9594929736144974	-0.2817325568414298
0.9718115683235415	-0.2357589355094279
0.9819286972627066	-0.18925124436041063
0.9898214418809327	-0.1423148382732853
0.9954719225730845	-0.09505604330418344
0.998867339183008	-0.04758191582374281
1.	0